Processor system=6*3*1*1
Statistics has been accumulated on DVM-system version 5.0, platform DVM
Analyzer is executing on DVM-system version 5.0, platform DVM
-------------------------------------------------------------------------
INTERVAL ( NLINE=7 SOURCE=rem41.f ) LEVEL=0  EXE_COUNT=2
--- The main characteristics --- 
Parallelization efficiency      0.0470 
Execution time                  0.4450 
Processors                          18
Threads amount                      18
Total time                      8.0106
Productive time                 0.3762 ( CPU= 0.0207 Sys= 0.3555 I/O= 0.0000 )
Lost  time                      7.6344 
   Insufficient parallelism     6.2784 ( User= 0.2337 Sys= 6.0447 )
   Communication                1.3466 ( Real_sync= 0.0000 Starts= 0.0000 )
   Idle time                    0.0093
Load imbalance                  0.0370
Synchronization                 3.8804
Time variation                  3.1983
Overlap                         0.0002
                  Nop   Communic    Synchro  Variation    Overlap 
I/O                17     0.0000     0.0107     0.0138     0.0000 
Reduction           8     0.0090     0.0001     0.0001     0.0000 
Remote access    4155     1.3376     3.8696     3.1844     0.0002 
--- The comparative characteristics --- 
                              Tmin N proc      Tmax N proc      Tmid
Lost time                   0.4221     3     0.4320    17     0.4241 
User insufficient par.      0.0099    17     0.0149     3     0.0130 
Sys.insufficient par.       0.2062    17     0.3688     3     0.3358 
Idle time                   0.0000    10     0.0006     5     0.0005 
Communication               0.0378     3     0.2153    17     0.0748 
Synchronization             0.0869    15     0.3290    17     0.2156 
Variation                   0.0593    15     0.2369    18     0.1777 
Overlap                     0.0000     1     0.0001    15     0.0000 
Load imbalance              0.0000     3     0.0099    17     0.0021 
Execution time              0.4444     5     0.4450    10     0.4445 
User CPU time               0.0009    17     0.0013     3     0.0011 
Sys. CPU time               0.0121    17     0.0217     3     0.0198 
I/O time                    0.0000    17     0.0000     1     0.0000 
Processors                      18     1         18    18         18 
                      Communic          Synchro        Variation          Overlap  
I/O             Tmin    0.0000     1     0.0001    15     0.0003    15     0.0000     1 
I/O             Tmax    0.0000    18     0.0008    17     0.0010    17     0.0000    18 
I/O             Tmid    0.0000           0.0006           0.0008           0.0000       
Reduction       Tmin    0.0001    15     0.0000    14     0.0000    14     0.0000     1 
Reduction       Tmax    0.0012    17     0.0000    18     0.0000    18     0.0000    14 
Reduction       Tmid    0.0005           0.0000           0.0000           0.0000       
Remote access   Tmin    0.0374     3     0.0868    15     0.0590    15     0.0000     1 
Remote access   Tmax    0.2141    17     0.3282    17     0.2359    18     0.0001    15 
Remote access   Tmid    0.0743           0.2150           0.1769           0.0000       
--- The execution characteristics --- 
                                1          2          3          4          5          6          7          8          9         10         11         12         13         14         15         16         17         18 
Lost time                  0.4229     0.4227     0.4221     0.4235     0.4234     0.4228     0.4235     0.4234     0.4229     0.4236     0.4234     0.4229     0.4236     0.4236     0.4229     0.4236     0.4320     0.4318 
User insufficient par.     0.0139     0.0137     0.0149     0.0131     0.0131     0.0140     0.0131     0.0128     0.0140     0.0134     0.0131     0.0139     0.0125     0.0120     0.0134     0.0125     0.0099     0.0103 
Sys.insufficient par.      0.3557     0.3595     0.3688     0.3457     0.3482     0.3566     0.3469     0.3481     0.3562     0.3451     0.3477     0.3561     0.3462     0.3468     0.3563     0.3450     0.2062     0.2095 
Idle time                  0.0006     0.0005     0.0005     0.0005     0.0006     0.0006     0.0006     0.0006     0.0005     0.0000     0.0006     0.0006     0.0005     0.0005     0.0006     0.0005     0.0005     0.0006 
Communication              0.0527     0.0489     0.0378     0.0642     0.0615     0.0516     0.0629     0.0619     0.0521     0.0651     0.0620     0.0523     0.0644     0.0642     0.0526     0.0656     0.2153     0.2115 
Synchronization            0.2366     0.2300     0.2005     0.2475     0.2421     0.2234     0.2425     0.2399     0.2227     0.2415     0.2356     0.2191     0.1230     0.1206     0.0869     0.1178     0.3290     0.3217 
Variation                  0.2115     0.2104     0.1975     0.2078     0.2054     0.2017     0.2038     0.2028     0.2004     0.2009     0.1991     0.1969     0.0789     0.0763     0.0593     0.0731     0.2358     0.2369 
Overlap                    0.0000     0.0000     0.0001     0.0000     0.0000     0.0000     0.0000     0.0000     0.0000     0.0000     0.0000     0.0000     0.0000     0.0000     0.0001     0.0000     0.0000     0.0000 
Load imbalance             0.0009     0.0006     0.0000     0.0015     0.0013     0.0007     0.0014     0.0013     0.0008     0.0015     0.0013     0.0008     0.0015     0.0015     0.0008     0.0016     0.0099     0.0097 
Execution time             0.4445     0.4445     0.4445     0.4445     0.4444     0.4445     0.4445     0.4445     0.4445     0.4450     0.4444     0.4445     0.4445     0.4445     0.4445     0.4445     0.4445     0.4444 
User CPU time              0.0012     0.0012     0.0013     0.0012     0.0012     0.0012     0.0012     0.0012     0.0012     0.0012     0.0012     0.0012     0.0011     0.0011     0.0012     0.0011     0.0009     0.0009 
Sys. CPU time              0.0209     0.0211     0.0217     0.0203     0.0205     0.0210     0.0204     0.0205     0.0210     0.0203     0.0205     0.0209     0.0204     0.0204     0.0210     0.0203     0.0121     0.0123 
I/O time                   0.0000     0.0000     0.0000     0.0000     0.0000     0.0000     0.0000     0.0000     0.0000     0.0000     0.0000     0.0000     0.0000     0.0000     0.0000     0.0000     0.0000     0.0000 
Processors                     18         18         18         18         18         18         18         18         18         18         18         18         18         18         18         18         18         18 
           Communication          
Reduction                  0.0005     0.0005     0.0005     0.0005     0.0004     0.0004     0.0005     0.0005     0.0005     0.0005     0.0004     0.0004     0.0004     0.0004     0.0001     0.0001     0.0012     0.0012 
Remote access              0.0522     0.0484     0.0374     0.0637     0.0610     0.0512     0.0624     0.0615     0.0516     0.0646     0.0616     0.0519     0.0640     0.0638     0.0525     0.0655     0.2141     0.2102 
           Synchronization        
I/O                        0.0007     0.0007     0.0007     0.0007     0.0007     0.0007     0.0007     0.0007     0.0007     0.0007     0.0007     0.0006     0.0003     0.0003     0.0001     0.0002     0.0008     0.0008 
Reduction                  0.0000     0.0000     0.0000     0.0000     0.0000     0.0000     0.0000     0.0000     0.0000     0.0000     0.0000     0.0000     0.0000     0.0000     0.0000     0.0000     0.0000     0.0000 
Remote access              0.2359     0.2293     0.1999     0.2467     0.2414     0.2228     0.2418     0.2391     0.2220     0.2408     0.2349     0.2185     0.1226     0.1203     0.0868     0.1176     0.3282     0.3209 
           Variation              
I/O                        0.0006     0.0009     0.0009     0.0009     0.0009     0.0008     0.0009     0.0009     0.0009     0.0009     0.0008     0.0008     0.0005     0.0005     0.0003     0.0004     0.0010     0.0010 
Reduction                  0.0000     0.0000     0.0000     0.0000     0.0000     0.0000     0.0000     0.0000     0.0000     0.0000     0.0000     0.0000     0.0000     0.0000     0.0000     0.0000     0.0000     0.0000 
Remote access              0.2109     0.2095     0.1966     0.2070     0.2045     0.2008     0.2029     0.2019     0.1995     0.2000     0.1982     0.1961     0.0783     0.0758     0.0590     0.0727     0.2348     0.2359 
           Overlap                
Reduction                  0.0000     0.0000     0.0000     0.0000     0.0000     0.0000     0.0000     0.0000     0.0000     0.0000     0.0000     0.0000     0.0000     0.0000     0.0000     0.0000     0.0000     0.0000 
Remote access              0.0000     0.0000     0.0001     0.0000     0.0000     0.0000     0.0000     0.0000     0.0000     0.0000     0.0000     0.0000     0.0000     0.0000     0.0001     0.0000     0.0000     0.0000 


-------------------------------------------------------------------------
Name (number) and performance time of processors
omp.keldysh.ru(1) 0.935422
omp.keldysh.ru(2) 0.935364
omp.keldysh.ru(3) 0.959577
omp.keldysh.ru(4) 0.959567
omp.keldysh.ru(5) 0.959614
omp.keldysh.ru(6) 0.959620
omp.keldysh.ru(7) 0.955106
omp.keldysh.ru(8) 0.955104
omp.keldysh.ru(9) 0.956128
omp.keldysh.ru(10) 0.956140
omp.keldysh.ru(11) 0.958342
omp.keldysh.ru(12) 0.958342
omp.keldysh.ru(13) 0.958106
omp.keldysh.ru(14) 0.957797
omp.keldysh.ru(15) 0.957956
omp.keldysh.ru(16) 0.957950
omp.keldysh.ru(17) 0.958529
omp.keldysh.ru(18) 0.958530
min - omp.keldysh.ru(2) 0.935364; max - omp.keldysh.ru(6) 0.959620; mid - 0.955400
