Processor system=6*3*1
Statistics has been accumulated on DVM-system version 5.0, platform DVM
Analyzer is executing on DVM-system version 5.0, platform DVM
-------------------------------------------------------------------------
INTERVAL ( NLINE=5 SOURCE=distr3.f ) LEVEL=0  EXE_COUNT=2
--- The main characteristics --- 
Parallelization efficiency      0.0679 
Execution time                  0.0049 
Processors                          18
Threads amount                      18
Total time                      0.0882
Productive time                 0.0060 ( CPU= 0.0056 Sys= 0.0004 I/O= 0.0000 )
Lost  time                      0.0822 
   Insufficient parallelism     0.0725 ( User= 0.0662 Sys= 0.0062 )
   Communication                0.0073 ( Real_sync= 0.0000 Starts= 0.0000 )
   Idle time                    0.0025
Load imbalance                  0.0006
Synchronization                 0.0018
Time variation                  0.0041
Overlap                         0.0000
                  Nop   Communic    Synchro  Variation    Overlap 
I/O                 5     0.0000     0.0005     0.0029     0.0000 
Reduction           3     0.0044     0.0002     0.0002     0.0000 
Redistribution      3     0.0029     0.0011     0.0010     0.0000 
--- The comparative characteristics --- 
                              Tmin N proc      Tmax N proc      Tmid
Lost time                   0.0045     2     0.0047     7     0.0046 
User insufficient par.      0.0022     7     0.0038    16     0.0037 
Sys.insufficient par.       0.0003    17     0.0004     1     0.0003 
Idle time                   0.0000    16     0.0017     7     0.0001 
Communication               0.0004     2     0.0005    17     0.0004 
Synchronization             0.0000     1     0.0002    17     0.0001 
Variation                   0.0000     1     0.0003    17     0.0002 
Overlap                     0.0000     1     0.0000     9     0.0000 
Load imbalance              0.0000     2     0.0001     7     0.0000 
Execution time              0.0032     7     0.0049    18     0.0048 
User CPU time               0.0002     7     0.0003     2     0.0003 
Sys. CPU time               0.0000     1     0.0000    12     0.0000 
I/O time                    0.0000     3     0.0000     1     0.0000 
Processors                      18     1         18    18         18 
                      Communic          Synchro        Variation          Overlap  
I/O             Tmin    0.0000     1     0.0000     1     0.0000     1     0.0000     1 
I/O             Tmax    0.0000    18     0.0000    18     0.0002    17     0.0000    18 
I/O             Tmid    0.0000           0.0000           0.0002           0.0000       
Reduction       Tmin    0.0002     1     0.0000     9     0.0000     9     0.0000     1 
Reduction       Tmax    0.0003    17     0.0000    18     0.0000    18     0.0000     9 
Reduction       Tmid    0.0002           0.0000           0.0000           0.0000       
Redistribution  Tmin    0.0001     3     0.0000     1     0.0000     1     0.0000     1 
Redistribution  Tmax    0.0002    18     0.0001    17     0.0001     7     0.0000    18 
Redistribution  Tmid    0.0002           0.0001           0.0001           0.0000       
--- The execution characteristics --- 
                                1          2          3          4          5          6          7          8          9         10         11         12         13         14         15         16         17         18 
Lost time                  0.0046     0.0045     0.0046     0.0045     0.0046     0.0045     0.0047     0.0045     0.0046     0.0045     0.0046     0.0046     0.0046     0.0046     0.0045     0.0045     0.0046     0.0046 
User insufficient par.     0.0038     0.0038     0.0038     0.0038     0.0038     0.0038     0.0022     0.0036     0.0038     0.0038     0.0037     0.0037     0.0037     0.0037     0.0038     0.0038     0.0038     0.0038 
Sys.insufficient par.      0.0004     0.0003     0.0004     0.0003     0.0004     0.0003     0.0003     0.0003     0.0004     0.0003     0.0003     0.0004     0.0003     0.0003     0.0003     0.0003     0.0003     0.0003 
Idle time                  0.0000     0.0000     0.0000     0.0000     0.0000     0.0000     0.0017     0.0002     0.0000     0.0000     0.0001     0.0001     0.0001     0.0001     0.0000     0.0000     0.0000     0.0000 
Communication              0.0004     0.0004     0.0004     0.0004     0.0004     0.0004     0.0004     0.0004     0.0004     0.0004     0.0004     0.0004     0.0004     0.0004     0.0004     0.0004     0.0005     0.0005 
Synchronization            0.0000     0.0001     0.0001     0.0001     0.0001     0.0001     0.0001     0.0001     0.0001     0.0001     0.0001     0.0001     0.0001     0.0001     0.0001     0.0001     0.0002     0.0002 
Variation                  0.0000     0.0002     0.0003     0.0003     0.0003     0.0002     0.0003     0.0002     0.0002     0.0002     0.0002     0.0002     0.0002     0.0002     0.0002     0.0002     0.0003     0.0003 
Overlap                    0.0000     0.0000     0.0000     0.0000     0.0000     0.0000     0.0000     0.0000     0.0000     0.0000     0.0000     0.0000     0.0000     0.0000     0.0000     0.0000     0.0000     0.0000 
Load imbalance             0.0001     0.0000     0.0000     0.0000     0.0000     0.0000     0.0001     0.0000     0.0000     0.0000     0.0000     0.0000     0.0000     0.0000     0.0000     0.0000     0.0001     0.0001 
Execution time             0.0049     0.0049     0.0049     0.0049     0.0049     0.0049     0.0032     0.0047     0.0049     0.0049     0.0048     0.0048     0.0048     0.0048     0.0049     0.0049     0.0049     0.0049 
User CPU time              0.0003     0.0003     0.0003     0.0003     0.0003     0.0003     0.0002     0.0003     0.0003     0.0003     0.0003     0.0003     0.0003     0.0003     0.0003     0.0003     0.0003     0.0003 
Sys. CPU time              0.0000     0.0000     0.0000     0.0000     0.0000     0.0000     0.0000     0.0000     0.0000     0.0000     0.0000     0.0000     0.0000     0.0000     0.0000     0.0000     0.0000     0.0000 
I/O time                   0.0000     0.0000     0.0000     0.0000     0.0000     0.0000     0.0000     0.0000     0.0000     0.0000     0.0000     0.0000     0.0000     0.0000     0.0000     0.0000     0.0000     0.0000 
Processors                     18         18         18         18         18         18         18         18         18         18         18         18         18         18         18         18         18         18 
           Communication          
Reduction                  0.0002     0.0002     0.0003     0.0003     0.0003     0.0003     0.0002     0.0002     0.0003     0.0003     0.0002     0.0002     0.0002     0.0002     0.0002     0.0002     0.0003     0.0003 
Redistribution             0.0002     0.0001     0.0001     0.0001     0.0001     0.0002     0.0002     0.0002     0.0001     0.0001     0.0002     0.0001     0.0002     0.0002     0.0002     0.0002     0.0002     0.0002 
           Synchronization        
I/O                        0.0000     0.0000     0.0000     0.0000     0.0000     0.0000     0.0000     0.0000     0.0000     0.0000     0.0000     0.0000     0.0000     0.0000     0.0000     0.0000     0.0000     0.0000 
Reduction                  0.0000     0.0000     0.0000     0.0000     0.0000     0.0000     0.0000     0.0000     0.0000     0.0000     0.0000     0.0000     0.0000     0.0000     0.0000     0.0000     0.0000     0.0000 
Redistribution             0.0000     0.0000     0.0000     0.0001     0.0001     0.0001     0.0001     0.0000     0.0001     0.0000     0.0001     0.0001     0.0001     0.0000     0.0000     0.0000     0.0001     0.0001 
           Variation              
I/O                        0.0000     0.0002     0.0002     0.0002     0.0002     0.0002     0.0002     0.0002     0.0002     0.0002     0.0002     0.0002     0.0002     0.0002     0.0002     0.0002     0.0002     0.0002 
Reduction                  0.0000     0.0000     0.0000     0.0000     0.0000     0.0000     0.0000     0.0000     0.0000     0.0000     0.0000     0.0000     0.0000     0.0000     0.0000     0.0000     0.0000     0.0000 
Redistribution             0.0000     0.0001     0.0001     0.0001     0.0001     0.0000     0.0001     0.0000     0.0001     0.0001     0.0000     0.0001     0.0001     0.0001     0.0000     0.0000     0.0001     0.0001 
           Overlap                
Reduction                  0.0000     0.0000     0.0000     0.0000     0.0000     0.0000     0.0000     0.0000     0.0000     0.0000     0.0000     0.0000     0.0000     0.0000     0.0000     0.0000     0.0000     0.0000 


-------------------------------------------------------------------------
Name (number) and performance time of processors
omp.keldysh.ru(1) 0.933842
omp.keldysh.ru(2) 0.933745
omp.keldysh.ru(3) 0.955044
omp.keldysh.ru(4) 0.955064
omp.keldysh.ru(5) 0.957080
omp.keldysh.ru(6) 0.957066
omp.keldysh.ru(7) 0.956928
omp.keldysh.ru(8) 0.956935
omp.keldysh.ru(9) 0.955943
omp.keldysh.ru(10) 0.955966
omp.keldysh.ru(11) 0.954644
omp.keldysh.ru(12) 0.954651
omp.keldysh.ru(13) 0.955183
omp.keldysh.ru(14) 0.955195
omp.keldysh.ru(15) 0.954187
omp.keldysh.ru(16) 0.954503
omp.keldysh.ru(17) 0.953543
omp.keldysh.ru(18) 0.953539
min - omp.keldysh.ru(2) 0.933745; max - omp.keldysh.ru(5) 0.957080; mid - 0.952948
