Processor system=1*3*1*6
Statistics has been accumulated on DVM-system version 5.0, platform DVM
Analyzer is executing on DVM-system version 5.0, platform DVM
-------------------------------------------------------------------------
INTERVAL ( NLINE=5 SOURCE=parallel4.f ) LEVEL=0  EXE_COUNT=2
--- The main characteristics --- 
Parallelization efficiency      0.0546 
Execution time                  0.0092 
Processors                          18
Threads amount                      18
Total time                      0.1651
Productive time                 0.0090 ( CPU= 0.0087 Sys= 0.0003 I/O= 0.0000 )
Lost  time                      0.1561 
   Insufficient parallelism     0.1156 ( User= 0.1105 Sys= 0.0052 )
   Communication                0.0031 ( Real_sync= 0.0000 Starts= 0.0000 )
   Idle time                    0.0373
Load imbalance                  0.0023
Synchronization                 0.0007
Time variation                  0.0029
Overlap                         0.0000
                  Nop   Communic    Synchro  Variation    Overlap 
I/O                 8     0.0000     0.0007     0.0028     0.0000 
Reduction           5     0.0031     0.0000     0.0001     0.0000 
--- The comparative characteristics --- 
                              Tmin N proc      Tmax N proc      Tmid
Lost time                   0.0085     8     0.0088    14     0.0087 
User insufficient par.      0.0052    17     0.0081     8     0.0061 
Sys.insufficient par.       0.0002    18     0.0004     1     0.0003 
Idle time                   0.0000     8     0.0031    14     0.0021 
Communication               0.0001     1     0.0003    17     0.0002 
Synchronization             0.0000     1     0.0001    18     0.0000 
Variation                   0.0000     1     0.0002    18     0.0002 
Overlap                     0.0000     1     0.0000    17     0.0000 
Load imbalance              0.0000     8     0.0002    14     0.0001 
Execution time              0.0061    14     0.0092     8     0.0071 
User CPU time               0.0004    14     0.0006     8     0.0005 
Sys. CPU time               0.0000    18     0.0000     2     0.0000 
I/O time                    0.0000     2     0.0000     1     0.0000 
Processors                      18     1         18    18         18 
                      Communic          Synchro        Variation          Overlap  
I/O             Tmin    0.0000     1     0.0000     1     0.0000     1     0.0000     1 
I/O             Tmax    0.0000    18     0.0001    18     0.0002    18     0.0000    18 
I/O             Tmid    0.0000           0.0000           0.0002           0.0000       
Reduction       Tmin    0.0001     1     0.0000    13     0.0000    13     0.0000     1 
Reduction       Tmax    0.0003    17     0.0000    11     0.0000     4     0.0000    17 
Reduction       Tmid    0.0002           0.0000           0.0000           0.0000       
--- The execution characteristics --- 
                                1          2          3          4          5          6          7          8          9         10         11         12         13         14         15         16         17         18 
Lost time                  0.0087     0.0086     0.0086     0.0087     0.0086     0.0086     0.0087     0.0085     0.0087     0.0087     0.0087     0.0087     0.0086     0.0088     0.0087     0.0087     0.0087     0.0086 
User insufficient par.     0.0052     0.0066     0.0066     0.0052     0.0070     0.0070     0.0052     0.0081     0.0052     0.0063     0.0063     0.0052     0.0077     0.0052     0.0053     0.0059     0.0052     0.0073 
Sys.insufficient par.      0.0004     0.0003     0.0003     0.0003     0.0003     0.0003     0.0003     0.0003     0.0003     0.0003     0.0003     0.0003     0.0003     0.0003     0.0003     0.0003     0.0003     0.0002 
Idle time                  0.0031     0.0015     0.0016     0.0030     0.0012     0.0012     0.0030     0.0000     0.0031     0.0019     0.0019     0.0031     0.0004     0.0031     0.0030     0.0023     0.0031     0.0008 
Communication              0.0001     0.0001     0.0001     0.0002     0.0002     0.0002     0.0001     0.0002     0.0001     0.0002     0.0002     0.0001     0.0002     0.0002     0.0002     0.0002     0.0003     0.0003 
Synchronization            0.0000     0.0000     0.0000     0.0000     0.0000     0.0000     0.0001     0.0001     0.0000     0.0001     0.0000     0.0000     0.0000     0.0000     0.0000     0.0000     0.0000     0.0001 
Variation                  0.0000     0.0002     0.0002     0.0002     0.0002     0.0002     0.0002     0.0002     0.0002     0.0002     0.0002     0.0002     0.0002     0.0002     0.0002     0.0002     0.0002     0.0002 
Overlap                    0.0000     0.0000     0.0000     0.0000     0.0000     0.0000     0.0000     0.0000     0.0000     0.0000     0.0000     0.0000     0.0000     0.0000     0.0000     0.0000     0.0000     0.0000 
Load imbalance             0.0002     0.0001     0.0001     0.0002     0.0001     0.0001     0.0002     0.0000     0.0002     0.0001     0.0001     0.0002     0.0001     0.0002     0.0002     0.0001     0.0002     0.0001 
Execution time             0.0061     0.0076     0.0076     0.0061     0.0080     0.0080     0.0061     0.0092     0.0061     0.0072     0.0072     0.0061     0.0088     0.0061     0.0061     0.0068     0.0061     0.0084 
User CPU time              0.0004     0.0005     0.0005     0.0004     0.0005     0.0005     0.0005     0.0006     0.0005     0.0005     0.0005     0.0004     0.0005     0.0004     0.0004     0.0005     0.0004     0.0006 
Sys. CPU time              0.0000     0.0000     0.0000     0.0000     0.0000     0.0000     0.0000     0.0000     0.0000     0.0000     0.0000     0.0000     0.0000     0.0000     0.0000     0.0000     0.0000     0.0000 
I/O time                   0.0000     0.0000     0.0000     0.0000     0.0000     0.0000     0.0000     0.0000     0.0000     0.0000     0.0000     0.0000     0.0000     0.0000     0.0000     0.0000     0.0000     0.0000 
Processors                     18         18         18         18         18         18         18         18         18         18         18         18         18         18         18         18         18         18 
           Communication          
Reduction                  0.0001     0.0001     0.0001     0.0002     0.0002     0.0002     0.0001     0.0002     0.0001     0.0002     0.0002     0.0001     0.0002     0.0002     0.0002     0.0002     0.0003     0.0003 
           Synchronization        
I/O                        0.0000     0.0000     0.0000     0.0000     0.0000     0.0000     0.0001     0.0000     0.0000     0.0001     0.0000     0.0000     0.0000     0.0000     0.0000     0.0000     0.0000     0.0001 
Reduction                  0.0000     0.0000     0.0000     0.0000     0.0000     0.0000     0.0000     0.0000     0.0000     0.0000     0.0000     0.0000     0.0000     0.0000     0.0000     0.0000     0.0000     0.0000 
           Variation              
I/O                        0.0000     0.0002     0.0002     0.0002     0.0002     0.0001     0.0002     0.0002     0.0002     0.0002     0.0002     0.0002     0.0002     0.0002     0.0002     0.0002     0.0002     0.0002 
Reduction                  0.0000     0.0000     0.0000     0.0000     0.0000     0.0000     0.0000     0.0000     0.0000     0.0000     0.0000     0.0000     0.0000     0.0000     0.0000     0.0000     0.0000     0.0000 
           Overlap                
Reduction                  0.0000     0.0000     0.0000     0.0000     0.0000     0.0000     0.0000     0.0000     0.0000     0.0000     0.0000     0.0000     0.0000     0.0000     0.0000     0.0000     0.0000     0.0000 


-------------------------------------------------------------------------
Name (number) and performance time of processors
omp.keldysh.ru(1) 0.933920
omp.keldysh.ru(2) 0.933809
omp.keldysh.ru(3) 0.958885
omp.keldysh.ru(4) 0.959224
omp.keldysh.ru(5) 0.934036
omp.keldysh.ru(6) 0.934011
omp.keldysh.ru(7) 0.957574
omp.keldysh.ru(8) 0.957557
omp.keldysh.ru(9) 0.955689
omp.keldysh.ru(10) 0.955673
omp.keldysh.ru(11) 0.956842
omp.keldysh.ru(12) 0.956822
omp.keldysh.ru(13) 0.958657
omp.keldysh.ru(14) 0.958650
omp.keldysh.ru(15) 0.957370
omp.keldysh.ru(16) 0.957378
omp.keldysh.ru(17) 0.955485
omp.keldysh.ru(18) 0.955516
min - omp.keldysh.ru(2) 0.933809; max - omp.keldysh.ru(4) 0.959224; mid - 0.952061
