Processor system=4*1*4
Statistics has been accumulated on DVM-system version 5.0, platform DVM
Analyzer is executing on DVM-system version 5.0, platform DVM
-------------------------------------------------------------------------
INTERVAL ( NLINE=6 SOURCE=paralplus34.f ) LEVEL=0  EXE_COUNT=1
--- The main characteristics --- 
Parallelization efficiency      0.0605 
Execution time                  0.0089 
Processors                          16
Threads amount                      16
Total time                      0.1424
Productive time                 0.0086 ( CPU= 0.0083 Sys= 0.0003 I/O= 0.0000 )
Lost  time                      0.1338 
   Insufficient parallelism     0.1022 ( User= 0.0979 Sys= 0.0043 )
   Communication                0.0067 ( Real_sync= 0.0000 Starts= 0.0000 )
   Idle time                    0.0250
Load imbalance                  0.0015
Synchronization                 0.0004
Time variation                  0.0027
Overlap                         0.0000
                  Nop   Communic    Synchro  Variation    Overlap 
I/O                 7     0.0000     0.0004     0.0027     0.0000 
Reduction           5     0.0067     0.0000     0.0000     0.0000 
--- The comparative characteristics --- 
                              Tmin N proc      Tmax N proc      Tmid
Lost time                   0.0083    11     0.0084    13     0.0084 
User insufficient par.      0.0054    13     0.0076    10     0.0061 
Sys.insufficient par.       0.0002    14     0.0004     1     0.0003 
Idle time                   0.0000    11     0.0023     5     0.0016 
Communication               0.0003     1     0.0006    15     0.0004 
Synchronization             0.0000    11     0.0001    13     0.0000 
Variation                   0.0000     1     0.0002    13     0.0002 
Overlap                     0.0000     1     0.0000    16     0.0000 
Load imbalance              0.0000    11     0.0002    13     0.0001 
Execution time              0.0066     5     0.0089    11     0.0073 
User CPU time               0.0004    13     0.0006    11     0.0005 
Sys. CPU time               0.0000    14     0.0000     2     0.0000 
I/O time                    0.0000    13     0.0000     1     0.0000 
Processors                      16     1         16    16         16 
                      Communic          Synchro        Variation          Overlap  
I/O             Tmin    0.0000     1     0.0000    11     0.0000     1     0.0000     1 
I/O             Tmax    0.0000    16     0.0000    15     0.0002    13     0.0000    16 
I/O             Tmid    0.0000           0.0000           0.0002           0.0000       
Reduction       Tmin    0.0003     1     0.0000     3     0.0000    11     0.0000     1 
Reduction       Tmax    0.0006    15     0.0000    14     0.0000    13     0.0000    16 
Reduction       Tmid    0.0004           0.0000           0.0000           0.0000       
--- The execution characteristics --- 
                                1          2          3          4          5          6          7          8          9         10         11         12         13         14         15         16 
Lost time                  0.0084     0.0084     0.0084     0.0084     0.0084     0.0084     0.0084     0.0083     0.0084     0.0083     0.0083     0.0083     0.0084     0.0084     0.0084     0.0084 
User insufficient par.     0.0061     0.0055     0.0062     0.0055     0.0055     0.0055     0.0055     0.0069     0.0054     0.0076     0.0076     0.0072     0.0054     0.0064     0.0064     0.0054 
Sys.insufficient par.      0.0004     0.0003     0.0003     0.0003     0.0003     0.0003     0.0003     0.0003     0.0003     0.0003     0.0003     0.0003     0.0002     0.0002     0.0002     0.0002 
Idle time                  0.0016     0.0023     0.0016     0.0023     0.0023     0.0023     0.0023     0.0008     0.0023     0.0000     0.0000     0.0004     0.0023     0.0012     0.0012     0.0023 
Communication              0.0003     0.0003     0.0004     0.0004     0.0004     0.0003     0.0004     0.0004     0.0004     0.0004     0.0004     0.0004     0.0006     0.0006     0.0006     0.0005 
Synchronization            0.0000     0.0000     0.0000     0.0000     0.0000     0.0000     0.0000     0.0000     0.0000     0.0000     0.0000     0.0000     0.0001     0.0000     0.0000     0.0000 
Variation                  0.0000     0.0002     0.0002     0.0002     0.0002     0.0002     0.0002     0.0002     0.0002     0.0002     0.0002     0.0002     0.0002     0.0002     0.0002     0.0002 
Overlap                    0.0000     0.0000     0.0000     0.0000     0.0000     0.0000     0.0000     0.0000     0.0000     0.0000     0.0000     0.0000     0.0000     0.0000     0.0000     0.0000 
Load imbalance             0.0001     0.0001     0.0001     0.0001     0.0001     0.0001     0.0001     0.0000     0.0002     0.0000     0.0000     0.0000     0.0002     0.0001     0.0001     0.0002 
Execution time             0.0073     0.0066     0.0073     0.0066     0.0066     0.0066     0.0066     0.0081     0.0066     0.0089     0.0089     0.0085     0.0066     0.0077     0.0077     0.0066 
User CPU time              0.0005     0.0005     0.0005     0.0005     0.0005     0.0005     0.0005     0.0006     0.0005     0.0006     0.0006     0.0006     0.0004     0.0005     0.0005     0.0005 
Sys. CPU time              0.0000     0.0000     0.0000     0.0000     0.0000     0.0000     0.0000     0.0000     0.0000     0.0000     0.0000     0.0000     0.0000     0.0000     0.0000     0.0000 
I/O time                   0.0000     0.0000     0.0000     0.0000     0.0000     0.0000     0.0000     0.0000     0.0000     0.0000     0.0000     0.0000     0.0000     0.0000     0.0000     0.0000 
Processors                     16         16         16         16         16         16         16         16         16         16         16         16         16         16         16         16 
           Communication          
Reduction                  0.0003     0.0003     0.0004     0.0004     0.0004     0.0003     0.0004     0.0004     0.0004     0.0004     0.0004     0.0004     0.0006     0.0006     0.0006     0.0005 
           Synchronization        
I/O                        0.0000     0.0000     0.0000     0.0000     0.0000     0.0000     0.0000     0.0000     0.0000     0.0000     0.0000     0.0000     0.0000     0.0000     0.0000     0.0000 
Reduction                  0.0000     0.0000     0.0000     0.0000     0.0000     0.0000     0.0000     0.0000     0.0000     0.0000     0.0000     0.0000     0.0000     0.0000     0.0000     0.0000 
           Variation              
I/O                        0.0000     0.0002     0.0002     0.0002     0.0002     0.0002     0.0002     0.0002     0.0002     0.0002     0.0002     0.0002     0.0002     0.0002     0.0002     0.0002 
Reduction                  0.0000     0.0000     0.0000     0.0000     0.0000     0.0000     0.0000     0.0000     0.0000     0.0000     0.0000     0.0000     0.0000     0.0000     0.0000     0.0000 
           Overlap                
Reduction                  0.0000     0.0000     0.0000     0.0000     0.0000     0.0000     0.0000     0.0000     0.0000     0.0000     0.0000     0.0000     0.0000     0.0000     0.0000     0.0000 


-------------------------------------------------------------------------
Name (number) and performance time of processors
omp.keldysh.ru(1) 0.933973
omp.keldysh.ru(2) 0.933921
omp.keldysh.ru(3) 0.933960
omp.keldysh.ru(4) 0.933964
omp.keldysh.ru(5) 0.956896
omp.keldysh.ru(6) 0.956903
omp.keldysh.ru(7) 0.956892
omp.keldysh.ru(8) 0.956869
omp.keldysh.ru(9) 0.955190
omp.keldysh.ru(10) 0.955186
omp.keldysh.ru(11) 0.953806
omp.keldysh.ru(12) 0.953809
omp.keldysh.ru(13) 0.958775
omp.keldysh.ru(14) 0.959001
omp.keldysh.ru(15) 0.957937
omp.keldysh.ru(16) 0.957948
min - omp.keldysh.ru(2) 0.933921; max - omp.keldysh.ru(14) 0.959001; mid - 0.950939
