Processor system=2*3*3
Statistics has been accumulated on DVM-system version 5.0, platform DVM
Analyzer is executing on DVM-system version 5.0, platform DVM
-------------------------------------------------------------------------
INTERVAL ( NLINE=5 SOURCE=inoutlocal33.f ) LEVEL=0  EXE_COUNT=2
--- The main characteristics --- 
Parallelization efficiency      0.0412 
Execution time                  0.0123 
Processors                          18
Threads amount                      18
Total time                      0.2206
Productive time                 0.0091 ( CPU= 0.0082 Sys= 0.0008 I/O= 0.0000 )
Lost  time                      0.2115 
   Insufficient parallelism     0.1543 ( User= 0.1396 Sys= 0.0148 )
   Communication                0.0055 ( Real_sync= 0.0000 Starts= 0.0000 )
   Idle time                    0.0517
Load imbalance                  0.0029
Synchronization                 0.0428
Time variation                  0.0473
Overlap                         0.0000
                  Nop   Communic    Synchro  Variation    Overlap 
I/O                19     0.0000     0.0229     0.0273     0.0000 
Reduction          17     0.0055     0.0200     0.0200     0.0000 
--- The comparative characteristics --- 
                              Tmin N proc      Tmax N proc      Tmid
Lost time                   0.0116     8     0.0119    17     0.0117 
User insufficient par.      0.0051    18     0.0105     8     0.0078 
Sys.insufficient par.       0.0006    17     0.0011     1     0.0008 
Idle time                   0.0000     8     0.0058    17     0.0029 
Communication               0.0002     1     0.0003     5     0.0003 
Synchronization             0.0001     1     0.0149    17     0.0024 
Variation                   0.0000     1     0.0152    17     0.0026 
Overlap                     0.0000     3     0.0000     2     0.0000 
Load imbalance              0.0000     8     0.0003    18     0.0002 
Execution time              0.0064    17     0.0123     8     0.0094 
User CPU time               0.0003    18     0.0006     8     0.0005 
Sys. CPU time               0.0000    17     0.0000    14     0.0000 
I/O time                    0.0000    17     0.0000     1     0.0000 
Processors                      18     1         18    18         18 
                      Communic          Synchro        Variation          Overlap  
I/O             Tmin    0.0000     1     0.0000     1     0.0000     1     0.0000     1 
I/O             Tmax    0.0000    18     0.0080    17     0.0082    17     0.0000    18 
I/O             Tmid    0.0000           0.0013           0.0015           0.0000       
Reduction       Tmin    0.0002     1     0.0000     1     0.0000     2     0.0000     3 
Reduction       Tmax    0.0003     5     0.0069    17     0.0070    17     0.0000     2 
Reduction       Tmid    0.0003           0.0011           0.0011           0.0000       
--- The execution characteristics --- 
                                1          2          3          4          5          6          7          8          9         10         11         12         13         14         15         16         17         18 
Lost time                  0.0117     0.0117     0.0118     0.0117     0.0116     0.0118     0.0118     0.0116     0.0117     0.0118     0.0116     0.0117     0.0117     0.0118     0.0118     0.0118     0.0119     0.0119 
User insufficient par.     0.0092     0.0093     0.0071     0.0082     0.0097     0.0075     0.0065     0.0105     0.0079     0.0065     0.0101     0.0086     0.0090     0.0064     0.0065     0.0065     0.0052     0.0051 
Sys.insufficient par.      0.0011     0.0009     0.0008     0.0008     0.0008     0.0008     0.0008     0.0008     0.0008     0.0008     0.0008     0.0008     0.0008     0.0009     0.0008     0.0008     0.0006     0.0007 
Idle time                  0.0012     0.0012     0.0035     0.0024     0.0008     0.0031     0.0042     0.0000     0.0028     0.0043     0.0004     0.0020     0.0016     0.0042     0.0042     0.0042     0.0058     0.0058 
Communication              0.0002     0.0003     0.0003     0.0003     0.0003     0.0003     0.0003     0.0003     0.0003     0.0003     0.0003     0.0003     0.0003     0.0003     0.0003     0.0003     0.0003     0.0003 
Synchronization            0.0001     0.0001     0.0009     0.0009     0.0008     0.0009     0.0012     0.0012     0.0015     0.0014     0.0006     0.0006     0.0014     0.0014     0.0004     0.0004     0.0149     0.0142 
Variation                  0.0000     0.0003     0.0011     0.0011     0.0011     0.0011     0.0015     0.0015     0.0017     0.0017     0.0009     0.0008     0.0017     0.0016     0.0006     0.0006     0.0152     0.0145 
Overlap                    0.0000     0.0000     0.0000     0.0000     0.0000     0.0000     0.0000     0.0000     0.0000     0.0000     0.0000     0.0000     0.0000     0.0000     0.0000     0.0000     0.0000     0.0000 
Load imbalance             0.0001     0.0001     0.0002     0.0001     0.0000     0.0002     0.0002     0.0000     0.0002     0.0002     0.0000     0.0001     0.0001     0.0002     0.0002     0.0002     0.0003     0.0003 
Execution time             0.0111     0.0111     0.0087     0.0099     0.0115     0.0091     0.0080     0.0123     0.0095     0.0080     0.0119     0.0103     0.0107     0.0080     0.0080     0.0080     0.0064     0.0064 
User CPU time              0.0005     0.0005     0.0004     0.0005     0.0006     0.0004     0.0004     0.0006     0.0005     0.0004     0.0006     0.0005     0.0005     0.0004     0.0004     0.0004     0.0003     0.0003 
Sys. CPU time              0.0000     0.0000     0.0000     0.0000     0.0000     0.0000     0.0000     0.0000     0.0000     0.0000     0.0000     0.0000     0.0000     0.0000     0.0000     0.0000     0.0000     0.0000 
I/O time                   0.0000     0.0000     0.0000     0.0000     0.0000     0.0000     0.0000     0.0000     0.0000     0.0000     0.0000     0.0000     0.0000     0.0000     0.0000     0.0000     0.0000     0.0000 
Processors                     18         18         18         18         18         18         18         18         18         18         18         18         18         18         18         18         18         18 
           Communication          
Reduction                  0.0002     0.0003     0.0003     0.0003     0.0003     0.0003     0.0003     0.0003     0.0003     0.0003     0.0003     0.0003     0.0003     0.0003     0.0003     0.0003     0.0003     0.0003 
           Synchronization        
I/O                        0.0000     0.0001     0.0005     0.0005     0.0004     0.0005     0.0006     0.0006     0.0008     0.0008     0.0003     0.0003     0.0008     0.0007     0.0002     0.0002     0.0080     0.0076 
Reduction                  0.0000     0.0000     0.0004     0.0004     0.0004     0.0004     0.0006     0.0006     0.0007     0.0007     0.0003     0.0003     0.0006     0.0006     0.0002     0.0002     0.0069     0.0066 
           Variation              
I/O                        0.0000     0.0003     0.0007     0.0007     0.0007     0.0007     0.0009     0.0009     0.0010     0.0010     0.0006     0.0006     0.0010     0.0010     0.0005     0.0005     0.0082     0.0079 
Reduction                  0.0000     0.0000     0.0004     0.0004     0.0004     0.0004     0.0006     0.0006     0.0007     0.0007     0.0003     0.0003     0.0006     0.0006     0.0002     0.0002     0.0070     0.0066 
           Overlap                
Reduction                  0.0000     0.0000     0.0000     0.0000     0.0000     0.0000     0.0000     0.0000     0.0000     0.0000     0.0000     0.0000     0.0000     0.0000     0.0000     0.0000     0.0000     0.0000 


-------------------------------------------------------------------------
Name (number) and performance time of processors
omp.keldysh.ru(1) 0.935429
omp.keldysh.ru(2) 0.935384
omp.keldysh.ru(3) 0.956289
omp.keldysh.ru(4) 0.956328
omp.keldysh.ru(5) 0.955762
omp.keldysh.ru(6) 0.955769
omp.keldysh.ru(7) 0.952790
omp.keldysh.ru(8) 0.952786
omp.keldysh.ru(9) 0.957685
omp.keldysh.ru(10) 0.958033
omp.keldysh.ru(11) 0.957358
omp.keldysh.ru(12) 0.957346
omp.keldysh.ru(13) 0.957725
omp.keldysh.ru(14) 0.957702
omp.keldysh.ru(15) 0.956436
omp.keldysh.ru(16) 0.956433
omp.keldysh.ru(17) 0.956514
omp.keldysh.ru(18) 0.956496
min - omp.keldysh.ru(2) 0.935384; max - omp.keldysh.ru(10) 0.958033; mid - 0.954015
