Processor system=6*1*1*3
Statistics has been accumulated on DVM-system version 5.0, platform DVM
Analyzer is executing on DVM-system version 5.0, platform DVM
-------------------------------------------------------------------------
INTERVAL ( NLINE=8 SOURCE=red42.f ) LEVEL=0  EXE_COUNT=2
--- The main characteristics --- 
Parallelization efficiency      0.0510 
Execution time                  0.0084 
Processors                          18
Threads amount                      18
Total time                      0.1510
Productive time                 0.0077 ( CPU= 0.0068 Sys= 0.0009 I/O= 0.0000 )
Lost  time                      0.1433 
   Insufficient parallelism     0.1310 ( User= 0.1155 Sys= 0.0156 )
   Communication                0.0050 ( Real_sync= 0.0000 Starts= 0.0000 )
   Idle time                    0.0073
Load imbalance                  0.0004
Synchronization                 0.0934
Time variation                  0.0959
Overlap                         0.0000
                  Nop   Communic    Synchro  Variation    Overlap 
I/O                17     0.0000     0.0357     0.0382     0.0000 
Reduction          15     0.0050     0.0293     0.0294     0.0000 
Remote access      37     0.0000     0.0284     0.0284     0.0000 
--- The comparative characteristics --- 
                              Tmin N proc      Tmax N proc      Tmid
Lost time                   0.0079    15     0.0081    17     0.0080 
User insufficient par.      0.0044    17     0.0068    12     0.0064 
Sys.insufficient par.       0.0007    17     0.0010     1     0.0009 
Idle time                   0.0000    12     0.0027    17     0.0004 
Communication               0.0002     1     0.0003     2     0.0003 
Synchronization             0.0002    16     0.0259    17     0.0052 
Variation                   0.0004    16     0.0261    17     0.0053 
Overlap                     0.0000     1     0.0000    13     0.0000 
Load imbalance              0.0000    15     0.0002    17     0.0000 
Execution time              0.0057    17     0.0084    12     0.0080 
User CPU time               0.0003    17     0.0004    12     0.0004 
Sys. CPU time               0.0000    17     0.0001    16     0.0000 
I/O time                    0.0000    18     0.0000     1     0.0000 
Processors                      18     1         18    18         18 
                      Communic          Synchro        Variation          Overlap  
I/O             Tmin    0.0000     1     0.0001    16     0.0003    16     0.0000     1 
I/O             Tmax    0.0000    18     0.0096    17     0.0098    17     0.0000    18 
I/O             Tmid    0.0000           0.0020           0.0021           0.0000       
Reduction       Tmin    0.0002     1     0.0001    16     0.0001    16     0.0000     1 
Reduction       Tmax    0.0003     2     0.0081    17     0.0081    17     0.0000    13 
Reduction       Tmid    0.0003           0.0016           0.0016           0.0000       
Remote access   Tmin    0.0000     1     0.0000    16     0.0000    16     0.0000     1 
Remote access   Tmax    0.0000    18     0.0082    17     0.0082    17     0.0000    16 
Remote access   Tmid    0.0000           0.0016           0.0016           0.0000       
--- The execution characteristics --- 
                                1          2          3          4          5          6          7          8          9         10         11         12         13         14         15         16         17         18 
Lost time                  0.0079     0.0081     0.0079     0.0079     0.0079     0.0079     0.0079     0.0079     0.0079     0.0079     0.0079     0.0079     0.0079     0.0079     0.0079     0.0079     0.0081     0.0081 
User insufficient par.     0.0066     0.0045     0.0068     0.0068     0.0068     0.0068     0.0068     0.0068     0.0068     0.0068     0.0068     0.0068     0.0068     0.0068     0.0068     0.0067     0.0044     0.0050 
Sys.insufficient par.      0.0010     0.0009     0.0009     0.0009     0.0009     0.0009     0.0009     0.0009     0.0009     0.0008     0.0009     0.0009     0.0009     0.0009     0.0009     0.0009     0.0007     0.0007 
Idle time                  0.0001     0.0024     0.0000     0.0000     0.0000     0.0000     0.0000     0.0000     0.0000     0.0000     0.0000     0.0000     0.0000     0.0000     0.0000     0.0000     0.0027     0.0020 
Communication              0.0002     0.0003     0.0003     0.0003     0.0003     0.0003     0.0003     0.0003     0.0003     0.0003     0.0003     0.0003     0.0003     0.0003     0.0002     0.0003     0.0003     0.0003 
Synchronization            0.0104     0.0077     0.0016     0.0016     0.0013     0.0013     0.0021     0.0024     0.0020     0.0020     0.0034     0.0027     0.0011     0.0014     0.0005     0.0002     0.0259     0.0255 
Variation                  0.0103     0.0078     0.0018     0.0018     0.0015     0.0014     0.0023     0.0026     0.0022     0.0022     0.0036     0.0029     0.0013     0.0016     0.0007     0.0004     0.0261     0.0257 
Overlap                    0.0000     0.0000     0.0000     0.0000     0.0000     0.0000     0.0000     0.0000     0.0000     0.0000     0.0000     0.0000     0.0000     0.0000     0.0000     0.0000     0.0000     0.0000 
Load imbalance             0.0000     0.0001     0.0000     0.0000     0.0000     0.0000     0.0000     0.0000     0.0000     0.0000     0.0000     0.0000     0.0000     0.0000     0.0000     0.0000     0.0002     0.0001 
Execution time             0.0083     0.0060     0.0084     0.0084     0.0084     0.0084     0.0084     0.0084     0.0084     0.0084     0.0084     0.0084     0.0084     0.0084     0.0084     0.0084     0.0057     0.0064 
User CPU time              0.0004     0.0003     0.0004     0.0004     0.0004     0.0004     0.0004     0.0004     0.0004     0.0004     0.0004     0.0004     0.0004     0.0004     0.0004     0.0004     0.0003     0.0003 
Sys. CPU time              0.0000     0.0001     0.0000     0.0001     0.0001     0.0001     0.0001     0.0001     0.0000     0.0000     0.0001     0.0000     0.0001     0.0001     0.0001     0.0001     0.0000     0.0000 
I/O time                   0.0000     0.0000     0.0000     0.0000     0.0000     0.0000     0.0000     0.0000     0.0000     0.0000     0.0000     0.0000     0.0000     0.0000     0.0000     0.0000     0.0000     0.0000 
Processors                     18         18         18         18         18         18         18         18         18         18         18         18         18         18         18         18         18         18 
           Communication          
Reduction                  0.0002     0.0003     0.0003     0.0003     0.0003     0.0003     0.0003     0.0003     0.0003     0.0003     0.0003     0.0003     0.0003     0.0003     0.0002     0.0003     0.0003     0.0003 
           Synchronization        
I/O                        0.0039     0.0029     0.0007     0.0007     0.0005     0.0005     0.0008     0.0009     0.0008     0.0008     0.0014     0.0012     0.0005     0.0006     0.0002     0.0001     0.0096     0.0095 
Reduction                  0.0032     0.0024     0.0005     0.0005     0.0004     0.0004     0.0007     0.0008     0.0007     0.0007     0.0010     0.0008     0.0003     0.0005     0.0002     0.0001     0.0081     0.0080 
Remote access              0.0033     0.0024     0.0004     0.0004     0.0003     0.0003     0.0006     0.0007     0.0006     0.0006     0.0010     0.0007     0.0003     0.0004     0.0001     0.0000     0.0082     0.0080 
           Variation              
I/O                        0.0037     0.0031     0.0008     0.0008     0.0007     0.0007     0.0010     0.0011     0.0010     0.0010     0.0016     0.0013     0.0006     0.0008     0.0004     0.0003     0.0098     0.0096 
Reduction                  0.0032     0.0024     0.0005     0.0005     0.0004     0.0004     0.0007     0.0008     0.0007     0.0007     0.0010     0.0008     0.0003     0.0005     0.0002     0.0001     0.0081     0.0080 
Remote access              0.0033     0.0023     0.0004     0.0004     0.0003     0.0003     0.0006     0.0007     0.0006     0.0006     0.0010     0.0007     0.0003     0.0004     0.0001     0.0000     0.0082     0.0080 
           Overlap                
Reduction                  0.0000     0.0000     0.0000     0.0000     0.0000     0.0000     0.0000     0.0000     0.0000     0.0000     0.0000     0.0000     0.0000     0.0000     0.0000     0.0000     0.0000     0.0000 
Remote access              0.0000     0.0000     0.0000     0.0000     0.0000     0.0000     0.0000     0.0000     0.0000     0.0000     0.0000     0.0000     0.0000     0.0000     0.0000     0.0000     0.0000     0.0000 


-------------------------------------------------------------------------
Name (number) and performance time of processors
omp.keldysh.ru(1) 0.935424
omp.keldysh.ru(2) 0.935364
omp.keldysh.ru(3) 0.958909
omp.keldysh.ru(4) 0.958906
omp.keldysh.ru(5) 0.959865
omp.keldysh.ru(6) 0.959853
omp.keldysh.ru(7) 0.958250
omp.keldysh.ru(8) 0.958232
omp.keldysh.ru(9) 0.958850
omp.keldysh.ru(10) 0.958849
omp.keldysh.ru(11) 0.958926
omp.keldysh.ru(12) 0.958929
omp.keldysh.ru(13) 0.955342
omp.keldysh.ru(14) 0.955671
omp.keldysh.ru(15) 0.935453
omp.keldysh.ru(16) 0.935463
omp.keldysh.ru(17) 0.957626
omp.keldysh.ru(18) 0.957571
min - omp.keldysh.ru(2) 0.935364; max - omp.keldysh.ru(5) 0.959865; mid - 0.953193
