Processor system=3*1*2*3
Statistics has been accumulated on DVM-system version 5.0, platform DVM
Analyzer is executing on DVM-system version 5.0, platform DVM
-------------------------------------------------------------------------
INTERVAL ( NLINE=7 SOURCE=rem41.f ) LEVEL=0  EXE_COUNT=2
--- The main characteristics --- 
Parallelization efficiency      0.0455 
Execution time                  0.3368 
Processors                          18
Threads amount                      18
Total time                      6.0632
Productive time                 0.2756 ( CPU= 0.0170 Sys= 0.2586 I/O= 0.0000 )
Lost  time                      5.7876 
   Insufficient parallelism     4.5708 ( User= 0.1746 Sys= 4.3961 )
   Communication                1.2163 ( Real_sync= 0.0000 Starts= 0.0000 )
   Idle time                    0.0006
Load imbalance                  0.0358
Synchronization                 1.7075
Time variation                  0.9981
Overlap                         0.0004
                  Nop   Communic    Synchro  Variation    Overlap 
I/O                17     0.0000     0.0047     0.0083     0.0000 
Reduction           8     0.0041     0.0001     0.0001     0.0000 
Remote access    4155     1.2122     1.7027     0.9897     0.0004 
--- The comparative characteristics --- 
                              Tmin N proc      Tmax N proc      Tmid
Lost time                   0.3195     6     0.3275    17     0.3215 
User insufficient par.      0.0071    17     0.0124     6     0.0097 
Sys.insufficient par.       0.1472    17     0.2753     6     0.2442 
Idle time                   0.0000     2     0.0001    14     0.0000 
Communication               0.0318     6     0.1731    17     0.0676 
Synchronization             0.0354     6     0.1969    17     0.0949 
Variation                   0.0308     8     0.1152    18     0.0554 
Overlap                     0.0000     3     0.0001     6     0.0000 
Load imbalance              0.0000     6     0.0079    17     0.0020 
Execution time              0.3367    14     0.3368     2     0.3368 
User CPU time               0.0007    17     0.0011     6     0.0009 
Sys. CPU time               0.0087    17     0.0162     6     0.0144 
I/O time                    0.0000    17     0.0000     1     0.0000 
Processors                      18     1         18    18         18 
                      Communic          Synchro        Variation          Overlap  
I/O             Tmin    0.0000     1     0.0002     6     0.0002     1     0.0000     1 
I/O             Tmax    0.0000    18     0.0005    18     0.0007    17     0.0000    18 
I/O             Tmid    0.0000           0.0003           0.0005           0.0000       
Reduction       Tmin    0.0001    16     0.0000    14     0.0000    14     0.0000     1 
Reduction       Tmax    0.0007    18     0.0000    18     0.0000    18     0.0000    14 
Reduction       Tmid    0.0002           0.0000           0.0000           0.0000       
Remote access   Tmin    0.0316     6     0.0352     6     0.0304     8     0.0000     3 
Remote access   Tmax    0.1725    17     0.1965    17     0.1145    18     0.0001     6 
Remote access   Tmid    0.0673           0.0946           0.0550           0.0000       
--- The execution characteristics --- 
                                1          2          3          4          5          6          7          8          9         10         11         12         13         14         15         16         17         18 
Lost time                  0.3210     0.3211     0.3200     0.3208     0.3206     0.3195     0.3214     0.3214     0.3206     0.3211     0.3211     0.3201     0.3214     0.3215     0.3206     0.3210     0.3275     0.3269 
User insufficient par.     0.0097     0.0096     0.0112     0.0106     0.0110     0.0124     0.0087     0.0087     0.0101     0.0097     0.0097     0.0111     0.0085     0.0084     0.0103     0.0098     0.0071     0.0080 
Sys.insufficient par.      0.2539     0.2523     0.2688     0.2565     0.2579     0.2753     0.2477     0.2469     0.2592     0.2516     0.2511     0.2663     0.2471     0.2468     0.2593     0.2525     0.1472     0.1559 
Idle time                  0.0000     0.0000     0.0000     0.0000     0.0000     0.0000     0.0001     0.0001     0.0000     0.0000     0.0000     0.0000     0.0001     0.0001     0.0000     0.0000     0.0001     0.0001 
Communication              0.0574     0.0592     0.0400     0.0536     0.0517     0.0318     0.0650     0.0657     0.0514     0.0598     0.0603     0.0427     0.0658     0.0661     0.0510     0.0587     0.1731     0.1630 
Synchronization            0.1004     0.1002     0.0729     0.0881     0.0808     0.0354     0.0822     0.0817     0.0792     0.0928     0.0949     0.0705     0.0962     0.0954     0.0717     0.0849     0.1969     0.1834 
Variation                  0.0593     0.0588     0.0593     0.0569     0.0518     0.0346     0.0311     0.0308     0.0501     0.0518     0.0542     0.0545     0.0445     0.0440     0.0435     0.0452     0.1125     0.1152 
Overlap                    0.0000     0.0000     0.0000     0.0000     0.0001     0.0001     0.0000     0.0000     0.0000     0.0000     0.0000     0.0000     0.0000     0.0000     0.0001     0.0000     0.0000     0.0000 
Load imbalance             0.0014     0.0015     0.0005     0.0012     0.0011     0.0000     0.0018     0.0019     0.0011     0.0016     0.0016     0.0006     0.0019     0.0019     0.0011     0.0015     0.0079     0.0073 
Execution time             0.3368     0.3368     0.3368     0.3368     0.3368     0.3368     0.3368     0.3368     0.3368     0.3368     0.3368     0.3368     0.3367     0.3367     0.3368     0.3368     0.3368     0.3368 
User CPU time              0.0010     0.0009     0.0010     0.0010     0.0010     0.0011     0.0009     0.0009     0.0010     0.0009     0.0010     0.0010     0.0009     0.0009     0.0010     0.0010     0.0007     0.0008 
Sys. CPU time              0.0149     0.0148     0.0158     0.0151     0.0152     0.0162     0.0146     0.0145     0.0152     0.0148     0.0148     0.0157     0.0145     0.0145     0.0153     0.0149     0.0087     0.0092 
I/O time                   0.0000     0.0000     0.0000     0.0000     0.0000     0.0000     0.0000     0.0000     0.0000     0.0000     0.0000     0.0000     0.0000     0.0000     0.0000     0.0000     0.0000     0.0000 
Processors                     18         18         18         18         18         18         18         18         18         18         18         18         18         18         18         18         18         18 
           Communication          
Reduction                  0.0003     0.0002     0.0002     0.0002     0.0002     0.0002     0.0002     0.0002     0.0002     0.0002     0.0001     0.0001     0.0001     0.0001     0.0001     0.0001     0.0007     0.0007 
Remote access              0.0572     0.0589     0.0397     0.0534     0.0515     0.0316     0.0648     0.0655     0.0512     0.0597     0.0602     0.0426     0.0657     0.0660     0.0509     0.0586     0.1725     0.1623 
           Synchronization        
I/O                        0.0002     0.0003     0.0003     0.0003     0.0003     0.0002     0.0002     0.0002     0.0003     0.0003     0.0003     0.0003     0.0002     0.0002     0.0002     0.0002     0.0005     0.0005 
Reduction                  0.0000     0.0000     0.0000     0.0000     0.0000     0.0000     0.0000     0.0000     0.0000     0.0000     0.0000     0.0000     0.0000     0.0000     0.0000     0.0000     0.0000     0.0000 
Remote access              0.1001     0.0999     0.0726     0.0879     0.0806     0.0352     0.0820     0.0815     0.0789     0.0925     0.0947     0.0702     0.0960     0.0951     0.0715     0.0847     0.1965     0.1829 
           Variation              
I/O                        0.0002     0.0005     0.0005     0.0005     0.0005     0.0004     0.0004     0.0004     0.0005     0.0005     0.0005     0.0005     0.0004     0.0005     0.0004     0.0004     0.0007     0.0007 
Reduction                  0.0000     0.0000     0.0000     0.0000     0.0000     0.0000     0.0000     0.0000     0.0000     0.0000     0.0000     0.0000     0.0000     0.0000     0.0000     0.0000     0.0000     0.0000 
Remote access              0.0592     0.0583     0.0588     0.0564     0.0513     0.0342     0.0307     0.0304     0.0497     0.0513     0.0537     0.0540     0.0440     0.0436     0.0431     0.0448     0.1118     0.1145 
           Overlap                
Reduction                  0.0000     0.0000     0.0000     0.0000     0.0000     0.0000     0.0000     0.0000     0.0000     0.0000     0.0000     0.0000     0.0000     0.0000     0.0000     0.0000     0.0000     0.0000 
Remote access              0.0000     0.0000     0.0000     0.0000     0.0001     0.0001     0.0000     0.0000     0.0000     0.0000     0.0000     0.0000     0.0000     0.0000     0.0001     0.0000     0.0000     0.0000 


-------------------------------------------------------------------------
Name (number) and performance time of processors
omp.keldysh.ru(1) 0.935415
omp.keldysh.ru(2) 0.935335
omp.keldysh.ru(3) 0.958275
omp.keldysh.ru(4) 0.958270
omp.keldysh.ru(5) 0.958331
omp.keldysh.ru(6) 0.958281
omp.keldysh.ru(7) 0.956815
omp.keldysh.ru(8) 0.956808
omp.keldysh.ru(9) 0.956179
omp.keldysh.ru(10) 0.956164
omp.keldysh.ru(11) 0.960279
omp.keldysh.ru(12) 0.960271
omp.keldysh.ru(13) 0.959646
omp.keldysh.ru(14) 0.959647
omp.keldysh.ru(15) 0.959634
omp.keldysh.ru(16) 0.959621
omp.keldysh.ru(17) 0.956991
omp.keldysh.ru(18) 0.956635
min - omp.keldysh.ru(2) 0.935335; max - omp.keldysh.ru(11) 0.960279; mid - 0.955700
