Processor system=3*3*2
Statistics has been accumulated on DVM-system version 5.0, platform DVM
Analyzer is executing on DVM-system version 5.0, platform DVM
-------------------------------------------------------------------------
INTERVAL ( NLINE=8 SOURCE=sha32.f ) LEVEL=0  EXE_COUNT=2
--- The main characteristics --- 
Parallelization efficiency      0.0467 
Execution time                  0.0055 
Processors                          18
Threads amount                      18
Total time                      0.0989
Productive time                 0.0046 ( CPU= 0.0040 Sys= 0.0006 I/O= 0.0000 )
Lost  time                      0.0943 
   Insufficient parallelism     0.0728 ( User= 0.0628 Sys= 0.0100 )
   Communication                0.0194 ( Real_sync= 0.0000 Starts= 0.0000 )
   Idle time                    0.0021
Load imbalance                  0.0004
Synchronization                 0.0087
Time variation                  0.0095
Overlap                         0.0000
                  Nop   Communic    Synchro  Variation    Overlap 
I/O                 6     0.0000     0.0019     0.0042     0.0000 
Reduction           5     0.0105     0.0014     0.0014     0.0000 
Shadow              5     0.0089     0.0055     0.0039     0.0000 
--- The comparative characteristics --- 
                              Tmin N proc      Tmax N proc      Tmid
Lost time                   0.0052     9     0.0053     7     0.0052 
User insufficient par.      0.0021     7     0.0036     9     0.0035 
Sys.insufficient par.       0.0004    17     0.0007     1     0.0006 
Idle time                   0.0000     4     0.0016     7     0.0001 
Communication               0.0009     9     0.0012    17     0.0011 
Synchronization             0.0000    10     0.0010    17     0.0005 
Variation                   0.0002    10     0.0008    17     0.0005 
Overlap                     0.0000     1     0.0000    10     0.0000 
Load imbalance              0.0000     9     0.0001     7     0.0000 
Execution time              0.0039     7     0.0055    14     0.0054 
User CPU time               0.0001     7     0.0002    10     0.0002 
Sys. CPU time               0.0000    17     0.0000     9     0.0000 
I/O time                    0.0000     4     0.0000     1     0.0000 
Processors                      18     1         18    18         18 
                      Communic          Synchro        Variation          Overlap  
I/O             Tmin    0.0000     1     0.0000    12     0.0001     1     0.0000     1 
I/O             Tmax    0.0000    18     0.0002    17     0.0003    17     0.0000    18 
I/O             Tmid    0.0000           0.0001           0.0002           0.0000       
Reduction       Tmin    0.0004     9     0.0000    10     0.0000     4     0.0000     1 
Reduction       Tmax    0.0006     4     0.0002    17     0.0002    17     0.0000    10 
Reduction       Tmid    0.0006           0.0001           0.0001           0.0000       
Shadow          Tmin    0.0004     1     0.0000    10     0.0000    10     0.0000     1 
Shadow          Tmax    0.0006    17     0.0007    17     0.0003     1     0.0000    10 
Shadow          Tmid    0.0005           0.0003           0.0002           0.0000       
--- The execution characteristics --- 
                                1          2          3          4          5          6          7          8          9         10         11         12         13         14         15         16         17         18 
Lost time                  0.0052     0.0052     0.0052     0.0052     0.0052     0.0052     0.0053     0.0052     0.0052     0.0052     0.0052     0.0052     0.0052     0.0052     0.0052     0.0052     0.0052     0.0052 
User insufficient par.     0.0036     0.0036     0.0036     0.0036     0.0036     0.0036     0.0021     0.0035     0.0036     0.0036     0.0036     0.0036     0.0036     0.0036     0.0036     0.0035     0.0035     0.0035 
Sys.insufficient par.      0.0007     0.0006     0.0006     0.0005     0.0005     0.0005     0.0006     0.0006     0.0006     0.0006     0.0006     0.0006     0.0005     0.0005     0.0006     0.0006     0.0004     0.0005 
Idle time                  0.0000     0.0000     0.0000     0.0000     0.0000     0.0000     0.0016     0.0001     0.0000     0.0000     0.0000     0.0000     0.0000     0.0000     0.0000     0.0000     0.0001     0.0001 
Communication              0.0010     0.0011     0.0011     0.0011     0.0011     0.0011     0.0011     0.0011     0.0009     0.0010     0.0010     0.0011     0.0011     0.0011     0.0010     0.0011     0.0012     0.0012 
Synchronization            0.0007     0.0004     0.0006     0.0002     0.0009     0.0004     0.0007     0.0002     0.0004     0.0000     0.0006     0.0002     0.0007     0.0004     0.0006     0.0002     0.0010     0.0005 
Variation                  0.0006     0.0004     0.0008     0.0004     0.0008     0.0003     0.0008     0.0004     0.0006     0.0002     0.0008     0.0003     0.0008     0.0004     0.0008     0.0003     0.0008     0.0003 
Overlap                    0.0000     0.0000     0.0000     0.0000     0.0000     0.0000     0.0000     0.0000     0.0000     0.0000     0.0000     0.0000     0.0000     0.0000     0.0000     0.0000     0.0000     0.0000 
Load imbalance             0.0000     0.0000     0.0000     0.0000     0.0000     0.0000     0.0001     0.0000     0.0000     0.0000     0.0000     0.0000     0.0000     0.0000     0.0000     0.0000     0.0000     0.0000 
Execution time             0.0055     0.0055     0.0055     0.0055     0.0055     0.0055     0.0039     0.0054     0.0055     0.0055     0.0055     0.0055     0.0055     0.0055     0.0055     0.0055     0.0054     0.0054 
User CPU time              0.0002     0.0002     0.0002     0.0002     0.0002     0.0002     0.0001     0.0002     0.0002     0.0002     0.0002     0.0002     0.0002     0.0002     0.0002     0.0002     0.0002     0.0002 
Sys. CPU time              0.0000     0.0000     0.0000     0.0000     0.0000     0.0000     0.0000     0.0000     0.0000     0.0000     0.0000     0.0000     0.0000     0.0000     0.0000     0.0000     0.0000     0.0000 
I/O time                   0.0000     0.0000     0.0000     0.0000     0.0000     0.0000     0.0000     0.0000     0.0000     0.0000     0.0000     0.0000     0.0000     0.0000     0.0000     0.0000     0.0000     0.0000 
Processors                     18         18         18         18         18         18         18         18         18         18         18         18         18         18         18         18         18         18 
           Communication          
Reduction                  0.0006     0.0006     0.0006     0.0006     0.0006     0.0006     0.0006     0.0006     0.0004     0.0004     0.0005     0.0006     0.0006     0.0006     0.0006     0.0006     0.0006     0.0006 
Shadow                     0.0004     0.0004     0.0005     0.0005     0.0005     0.0005     0.0005     0.0005     0.0006     0.0006     0.0005     0.0005     0.0005     0.0005     0.0005     0.0005     0.0006     0.0006 
           Synchronization        
I/O                        0.0002     0.0000     0.0002     0.0000     0.0002     0.0000     0.0002     0.0000     0.0002     0.0000     0.0002     0.0000     0.0002     0.0000     0.0002     0.0000     0.0002     0.0000 
Reduction                  0.0001     0.0000     0.0002     0.0000     0.0002     0.0000     0.0002     0.0000     0.0001     0.0000     0.0002     0.0000     0.0002     0.0000     0.0002     0.0000     0.0002     0.0000 
Shadow                     0.0003     0.0004     0.0003     0.0002     0.0005     0.0004     0.0003     0.0002     0.0001     0.0000     0.0003     0.0002     0.0004     0.0003     0.0003     0.0002     0.0007     0.0005 
           Variation              
I/O                        0.0001     0.0002     0.0003     0.0002     0.0003     0.0001     0.0003     0.0002     0.0003     0.0002     0.0003     0.0001     0.0003     0.0002     0.0003     0.0002     0.0003     0.0002 
Reduction                  0.0001     0.0000     0.0002     0.0000     0.0002     0.0000     0.0001     0.0000     0.0001     0.0000     0.0002     0.0000     0.0002     0.0000     0.0002     0.0000     0.0002     0.0000 
Shadow                     0.0003     0.0002     0.0003     0.0002     0.0003     0.0002     0.0003     0.0002     0.0001     0.0000     0.0003     0.0001     0.0003     0.0002     0.0003     0.0002     0.0003     0.0002 
           Overlap                
Reduction                  0.0000     0.0000     0.0000     0.0000     0.0000     0.0000     0.0000     0.0000     0.0000     0.0000     0.0000     0.0000     0.0000     0.0000     0.0000     0.0000     0.0000     0.0000 
Shadow                     0.0000     0.0000     0.0000     0.0000     0.0000     0.0000     0.0000     0.0000     0.0000     0.0000     0.0000     0.0000     0.0000     0.0000     0.0000     0.0000     0.0000     0.0000 


-------------------------------------------------------------------------
Name (number) and performance time of processors
omp.keldysh.ru(1) 0.934030
omp.keldysh.ru(2) 0.933964
omp.keldysh.ru(3) 0.958249
omp.keldysh.ru(4) 0.958312
omp.keldysh.ru(5) 0.954973
omp.keldysh.ru(6) 0.954954
omp.keldysh.ru(7) 0.956657
omp.keldysh.ru(8) 0.956677
omp.keldysh.ru(9) 0.959077
omp.keldysh.ru(10) 0.959082
omp.keldysh.ru(11) 0.952068
omp.keldysh.ru(12) 0.952060
omp.keldysh.ru(13) 0.958444
omp.keldysh.ru(14) 0.958138
omp.keldysh.ru(15) 0.934031
omp.keldysh.ru(16) 0.934009
omp.keldysh.ru(17) 0.954768
omp.keldysh.ru(18) 0.954757
min - omp.keldysh.ru(2) 0.933964; max - omp.keldysh.ru(10) 0.959082; mid - 0.951347
