Processor system=6*1*3*1
Statistics has been accumulated on DVM-system version 5.0, platform DVM
Analyzer is executing on DVM-system version 5.0, platform DVM
-------------------------------------------------------------------------
INTERVAL ( NLINE=5 SOURCE=parallel4.f ) LEVEL=0  EXE_COUNT=2
--- The main characteristics --- 
Parallelization efficiency      0.0715 
Execution time                  0.0054 
Processors                          18
Threads amount                      18
Total time                      0.0964
Productive time                 0.0069 ( CPU= 0.0066 Sys= 0.0003 I/O= 0.0000 )
Lost  time                      0.0895 
   Insufficient parallelism     0.0776 ( User= 0.0722 Sys= 0.0053 )
   Communication                0.0114 ( Real_sync= 0.0000 Starts= 0.0000 )
   Idle time                    0.0006
Load imbalance                  0.0004
Synchronization                 0.0037
Time variation                  0.0060
Overlap                         0.0000
                  Nop   Communic    Synchro  Variation    Overlap 
I/O                 8     0.0000     0.0026     0.0049     0.0000 
Reduction           5     0.0114     0.0011     0.0011     0.0000 
--- The comparative characteristics --- 
                              Tmin N proc      Tmax N proc      Tmid
Lost time                   0.0049     2     0.0050    17     0.0050 
User insufficient par.      0.0039    10     0.0041    15     0.0040 
Sys.insufficient par.       0.0002    17     0.0004     1     0.0003 
Idle time                   0.0000    16     0.0001    10     0.0000 
Communication               0.0006     1     0.0008    17     0.0006 
Synchronization             0.0001    16     0.0003    18     0.0002 
Variation                   0.0000     1     0.0004    18     0.0003 
Overlap                     0.0000     1     0.0000    16     0.0000 
Load imbalance              0.0000     2     0.0000     1     0.0000 
Execution time              0.0052    10     0.0054    16     0.0053 
User CPU time               0.0003     1     0.0004     2     0.0004 
Sys. CPU time               0.0000    17     0.0000     5     0.0000 
I/O time                    0.0000    18     0.0000     1     0.0000 
Processors                      18     1         18    18         18 
                      Communic          Synchro        Variation          Overlap  
I/O             Tmin    0.0000     1     0.0000    16     0.0000     1     0.0000     1 
I/O             Tmax    0.0000    18     0.0002    18     0.0004    18     0.0000    18 
I/O             Tmid    0.0000           0.0001           0.0003           0.0000       
Reduction       Tmin    0.0006     1     0.0000    16     0.0000    13     0.0000     1 
Reduction       Tmax    0.0008    17     0.0001     3     0.0001     3     0.0000    16 
Reduction       Tmid    0.0006           0.0001           0.0001           0.0000       
--- The execution characteristics --- 
                                1          2          3          4          5          6          7          8          9         10         11         12         13         14         15         16         17         18 
Lost time                  0.0050     0.0049     0.0050     0.0050     0.0050     0.0050     0.0050     0.0050     0.0050     0.0050     0.0050     0.0050     0.0050     0.0050     0.0050     0.0050     0.0050     0.0050 
User insufficient par.     0.0040     0.0041     0.0041     0.0040     0.0040     0.0040     0.0041     0.0041     0.0040     0.0039     0.0040     0.0040     0.0040     0.0040     0.0041     0.0040     0.0039     0.0040 
Sys.insufficient par.      0.0004     0.0003     0.0003     0.0003     0.0003     0.0003     0.0003     0.0003     0.0003     0.0003     0.0003     0.0003     0.0003     0.0003     0.0003     0.0003     0.0002     0.0003 
Idle time                  0.0000     0.0000     0.0000     0.0000     0.0001     0.0001     0.0000     0.0000     0.0001     0.0001     0.0000     0.0001     0.0000     0.0000     0.0000     0.0000     0.0000     0.0000 
Communication              0.0006     0.0006     0.0006     0.0006     0.0006     0.0006     0.0006     0.0006     0.0006     0.0007     0.0007     0.0006     0.0007     0.0007     0.0006     0.0006     0.0008     0.0007 
Synchronization            0.0001     0.0003     0.0003     0.0001     0.0003     0.0003     0.0001     0.0003     0.0003     0.0001     0.0003     0.0003     0.0001     0.0003     0.0003     0.0001     0.0003     0.0003 
Variation                  0.0000     0.0004     0.0004     0.0002     0.0004     0.0004     0.0002     0.0004     0.0004     0.0002     0.0004     0.0004     0.0002     0.0004     0.0004     0.0002     0.0004     0.0004 
Overlap                    0.0000     0.0000     0.0000     0.0000     0.0000     0.0000     0.0000     0.0000     0.0000     0.0000     0.0000     0.0000     0.0000     0.0000     0.0000     0.0000     0.0000     0.0000 
Load imbalance             0.0000     0.0000     0.0000     0.0000     0.0000     0.0000     0.0000     0.0000     0.0000     0.0000     0.0000     0.0000     0.0000     0.0000     0.0000     0.0000     0.0000     0.0000 
Execution time             0.0054     0.0053     0.0054     0.0053     0.0053     0.0052     0.0053     0.0054     0.0052     0.0052     0.0053     0.0053     0.0053     0.0054     0.0054     0.0054     0.0053     0.0054 
User CPU time              0.0003     0.0004     0.0004     0.0004     0.0004     0.0004     0.0004     0.0004     0.0004     0.0004     0.0004     0.0004     0.0004     0.0004     0.0004     0.0004     0.0003     0.0004 
Sys. CPU time              0.0000     0.0000     0.0000     0.0000     0.0000     0.0000     0.0000     0.0000     0.0000     0.0000     0.0000     0.0000     0.0000     0.0000     0.0000     0.0000     0.0000     0.0000 
I/O time                   0.0000     0.0000     0.0000     0.0000     0.0000     0.0000     0.0000     0.0000     0.0000     0.0000     0.0000     0.0000     0.0000     0.0000     0.0000     0.0000     0.0000     0.0000 
Processors                     18         18         18         18         18         18         18         18         18         18         18         18         18         18         18         18         18         18 
           Communication          
Reduction                  0.0006     0.0006     0.0006     0.0006     0.0006     0.0006     0.0006     0.0006     0.0006     0.0007     0.0007     0.0006     0.0007     0.0007     0.0006     0.0006     0.0008     0.0007 
           Synchronization        
I/O                        0.0000     0.0002     0.0002     0.0001     0.0002     0.0002     0.0001     0.0002     0.0002     0.0001     0.0002     0.0002     0.0000     0.0002     0.0002     0.0000     0.0002     0.0002 
Reduction                  0.0000     0.0001     0.0001     0.0000     0.0001     0.0001     0.0000     0.0001     0.0001     0.0000     0.0001     0.0001     0.0000     0.0001     0.0001     0.0000     0.0001     0.0001 
           Variation              
I/O                        0.0000     0.0003     0.0003     0.0002     0.0003     0.0003     0.0002     0.0003     0.0003     0.0002     0.0003     0.0003     0.0002     0.0003     0.0003     0.0002     0.0003     0.0004 
Reduction                  0.0000     0.0001     0.0001     0.0000     0.0001     0.0001     0.0000     0.0001     0.0001     0.0000     0.0001     0.0001     0.0000     0.0001     0.0001     0.0000     0.0001     0.0001 
           Overlap                
Reduction                  0.0000     0.0000     0.0000     0.0000     0.0000     0.0000     0.0000     0.0000     0.0000     0.0000     0.0000     0.0000     0.0000     0.0000     0.0000     0.0000     0.0000     0.0000 


-------------------------------------------------------------------------
Name (number) and performance time of processors
omp.keldysh.ru(1) 0.933894
omp.keldysh.ru(2) 0.933826
omp.keldysh.ru(3) 0.933560
omp.keldysh.ru(4) 0.933823
omp.keldysh.ru(5) 0.957371
omp.keldysh.ru(6) 0.957380
omp.keldysh.ru(7) 0.954847
omp.keldysh.ru(8) 0.954838
omp.keldysh.ru(9) 0.954486
omp.keldysh.ru(10) 0.954460
omp.keldysh.ru(11) 0.957565
omp.keldysh.ru(12) 0.957569
omp.keldysh.ru(13) 0.954707
omp.keldysh.ru(14) 0.954698
omp.keldysh.ru(15) 0.956153
omp.keldysh.ru(16) 0.956138
omp.keldysh.ru(17) 0.956251
omp.keldysh.ru(18) 0.956207
min - omp.keldysh.ru(3) 0.933560; max - omp.keldysh.ru(12) 0.957569; mid - 0.950987
