Processor system=1*2*2*4
Statistics has been accumulated on DVM-system version 5.0, platform DVM
Analyzer is executing on DVM-system version 5.0, platform DVM
-------------------------------------------------------------------------
INTERVAL ( NLINE=8 SOURCE=red43.f ) LEVEL=0  EXE_COUNT=1
--- The main characteristics --- 
Parallelization efficiency      0.0554 
Execution time                  0.0100 
Processors                          16
Threads amount                      16
Total time                      0.1592
Productive time                 0.0088 ( CPU= 0.0079 Sys= 0.0009 I/O= 0.0000 )
Lost  time                      0.1504 
   Insufficient parallelism     0.1081 ( User= 0.0938 Sys= 0.0143 )
   Communication                0.0188 ( Real_sync= 0.0000 Starts= 0.0000 )
   Idle time                    0.0235
Load imbalance                  0.0020
Synchronization                 0.0156
Time variation                  0.0104
Overlap                         0.0000
                  Nop   Communic    Synchro  Variation    Overlap 
I/O                16     0.0000     0.0027     0.0046     0.0000 
Reduction          14     0.0091     0.0027     0.0022     0.0000 
Remote access      36     0.0097     0.0101     0.0036     0.0000 
--- The comparative characteristics --- 
                              Tmin N proc      Tmax N proc      Tmid
Lost time                   0.0093     6     0.0096    14     0.0094 
User insufficient par.      0.0040    14     0.0075     5     0.0059 
Sys.insufficient par.       0.0007    14     0.0012     1     0.0009 
Idle time                   0.0000     6     0.0029     4     0.0015 
Communication               0.0009     5     0.0020    15     0.0012 
Synchronization             0.0002     4     0.0018    14     0.0010 
Variation                   0.0003     4     0.0010     5     0.0007 
Overlap                     0.0000     1     0.0000    10     0.0000 
Load imbalance              0.0000     6     0.0003    14     0.0001 
Execution time              0.0071     4     0.0100     6     0.0085 
User CPU time               0.0003    14     0.0006     6     0.0005 
Sys. CPU time               0.0000    14     0.0001     3     0.0001 
I/O time                    0.0000    14     0.0000     1     0.0000 
Processors                      16     1         16    16         16 
                      Communic          Synchro        Variation          Overlap  
I/O             Tmin    0.0000     1     0.0001    12     0.0001     1     0.0000     1 
I/O             Tmax    0.0000    16     0.0003    13     0.0004    13     0.0000    16 
I/O             Tmid    0.0000           0.0002           0.0003           0.0000       
Reduction       Tmin    0.0004     4     0.0001     4     0.0000    12     0.0000     1 
Reduction       Tmax    0.0009    15     0.0003    13     0.0002     1     0.0000    10 
Reduction       Tmid    0.0006           0.0002           0.0001           0.0000       
Remote access   Tmin    0.0003     8     0.0001     4     0.0001     4     0.0000     1 
Remote access   Tmax    0.0012    14     0.0012    14     0.0004     5     0.0000     3 
Remote access   Tmid    0.0006           0.0006           0.0002           0.0000       
--- The execution characteristics --- 
                                1          2          3          4          5          6          7          8          9         10         11         12         13         14         15         16 
Lost time                  0.0093     0.0095     0.0093     0.0095     0.0093     0.0093     0.0094     0.0094     0.0095     0.0093     0.0094     0.0094     0.0094     0.0096     0.0095     0.0094 
User insufficient par.     0.0065     0.0047     0.0066     0.0047     0.0075     0.0075     0.0062     0.0058     0.0048     0.0069     0.0053     0.0056     0.0057     0.0040     0.0056     0.0065 
Sys.insufficient par.      0.0012     0.0010     0.0010     0.0010     0.0009     0.0009     0.0009     0.0009     0.0009     0.0009     0.0009     0.0009     0.0007     0.0007     0.0007     0.0008 
Idle time                  0.0008     0.0029     0.0008     0.0029     0.0000     0.0000     0.0014     0.0017     0.0029     0.0005     0.0023     0.0020     0.0011     0.0029     0.0011     0.0003 
Communication              0.0009     0.0009     0.0009     0.0009     0.0009     0.0009     0.0009     0.0010     0.0009     0.0009     0.0010     0.0010     0.0019     0.0020     0.0020     0.0018 
Synchronization            0.0008     0.0007     0.0003     0.0002     0.0011     0.0011     0.0008     0.0007     0.0011     0.0010     0.0008     0.0007     0.0018     0.0018     0.0015     0.0012 
Variation                  0.0006     0.0008     0.0005     0.0003     0.0010     0.0009     0.0007     0.0006     0.0009     0.0008     0.0006     0.0004     0.0008     0.0007     0.0005     0.0004 
Overlap                    0.0000     0.0000     0.0000     0.0000     0.0000     0.0000     0.0000     0.0000     0.0000     0.0000     0.0000     0.0000     0.0000     0.0000     0.0000     0.0000 
Load imbalance             0.0001     0.0002     0.0001     0.0002     0.0000     0.0000     0.0001     0.0001     0.0002     0.0000     0.0002     0.0001     0.0002     0.0003     0.0002     0.0001 
Execution time             0.0091     0.0071     0.0091     0.0071     0.0099     0.0100     0.0086     0.0083     0.0071     0.0094     0.0077     0.0080     0.0089     0.0071     0.0089     0.0097 
User CPU time              0.0005     0.0004     0.0005     0.0004     0.0006     0.0006     0.0005     0.0005     0.0004     0.0006     0.0005     0.0005     0.0005     0.0003     0.0004     0.0005 
Sys. CPU time              0.0001     0.0001     0.0001     0.0001     0.0001     0.0001     0.0001     0.0001     0.0001     0.0001     0.0001     0.0001     0.0000     0.0000     0.0000     0.0001 
I/O time                   0.0000     0.0000     0.0000     0.0000     0.0000     0.0000     0.0000     0.0000     0.0000     0.0000     0.0000     0.0000     0.0000     0.0000     0.0000     0.0000 
Processors                     16         16         16         16         16         16         16         16         16         16         16         16         16         16         16         16 
           Communication          
Reduction                  0.0004     0.0005     0.0004     0.0004     0.0005     0.0005     0.0005     0.0006     0.0004     0.0004     0.0005     0.0005     0.0008     0.0008     0.0009     0.0009 
Remote access              0.0005     0.0004     0.0005     0.0005     0.0004     0.0004     0.0003     0.0003     0.0005     0.0005     0.0005     0.0005     0.0011     0.0012     0.0011     0.0009 
           Synchronization        
I/O                        0.0003     0.0002     0.0001     0.0001     0.0002     0.0002     0.0001     0.0001     0.0003     0.0002     0.0001     0.0001     0.0003     0.0002     0.0001     0.0001 
Reduction                  0.0002     0.0002     0.0001     0.0001     0.0002     0.0002     0.0001     0.0001     0.0002     0.0002     0.0001     0.0001     0.0003     0.0003     0.0002     0.0001 
Remote access              0.0003     0.0003     0.0001     0.0001     0.0007     0.0007     0.0006     0.0005     0.0006     0.0006     0.0006     0.0006     0.0012     0.0012     0.0012     0.0009 
           Variation              
I/O                        0.0001     0.0004     0.0003     0.0002     0.0004     0.0003     0.0002     0.0002     0.0004     0.0004     0.0002     0.0002     0.0004     0.0004     0.0003     0.0002 
Reduction                  0.0002     0.0002     0.0001     0.0001     0.0002     0.0002     0.0001     0.0001     0.0002     0.0002     0.0001     0.0000     0.0002     0.0002     0.0001     0.0001 
Remote access              0.0003     0.0003     0.0001     0.0001     0.0004     0.0004     0.0003     0.0003     0.0003     0.0002     0.0002     0.0002     0.0002     0.0002     0.0001     0.0001 
           Overlap                
Reduction                  0.0000     0.0000     0.0000     0.0000     0.0000     0.0000     0.0000     0.0000     0.0000     0.0000     0.0000     0.0000     0.0000     0.0000     0.0000     0.0000 
Remote access              0.0000     0.0000     0.0000     0.0000     0.0000     0.0000     0.0000     0.0000     0.0000     0.0000     0.0000     0.0000     0.0000     0.0000     0.0000     0.0000 


-------------------------------------------------------------------------
Name (number) and performance time of processors
omp.keldysh.ru(1) 0.933741
omp.keldysh.ru(2) 0.933683
omp.keldysh.ru(3) 0.957276
omp.keldysh.ru(4) 0.957029
omp.keldysh.ru(5) 0.950233
omp.keldysh.ru(6) 0.950240
omp.keldysh.ru(7) 0.955408
omp.keldysh.ru(8) 0.955412
omp.keldysh.ru(9) 0.956476
omp.keldysh.ru(10) 0.956481
omp.keldysh.ru(11) 0.933976
omp.keldysh.ru(12) 0.933953
omp.keldysh.ru(13) 0.958181
omp.keldysh.ru(14) 0.957923
omp.keldysh.ru(15) 0.958476
omp.keldysh.ru(16) 0.958470
min - omp.keldysh.ru(2) 0.933683; max - omp.keldysh.ru(15) 0.958476; mid - 0.950435
