Processor system=2*4*1*2
Statistics has been accumulated on DVM-system version 5.0, platform DVM
Analyzer is executing on DVM-system version 5.0, platform DVM
-------------------------------------------------------------------------
INTERVAL ( NLINE=8 SOURCE=red43.f ) LEVEL=0  EXE_COUNT=1
--- The main characteristics --- 
Parallelization efficiency      0.0619 
Execution time                  0.0109 
Processors                          16
Threads amount                      16
Total time                      0.1744
Productive time                 0.0108 ( CPU= 0.0099 Sys= 0.0009 I/O= 0.0000 )
Lost  time                      0.1636 
   Insufficient parallelism     0.1158 ( User= 0.1015 Sys= 0.0143 )
   Communication                0.0182 ( Real_sync= 0.0000 Starts= 0.0000 )
   Idle time                    0.0296
Load imbalance                  0.0016
Synchronization                 0.0091
Time variation                  0.0070
Overlap                         0.0000
                  Nop   Communic    Synchro  Variation    Overlap 
I/O                16     0.0000     0.0010     0.0039     0.0000 
Reduction          14     0.0123     0.0015     0.0007     0.0000 
Remote access      36     0.0059     0.0065     0.0024     0.0000 
--- The comparative characteristics --- 
                              Tmin N proc      Tmax N proc      Tmid
Lost time                   0.0101    10     0.0104     8     0.0102 
User insufficient par.      0.0039     8     0.0076    15     0.0063 
Sys.insufficient par.       0.0007    15     0.0011     1     0.0009 
Idle time                   0.0000    15     0.0046     8     0.0019 
Communication               0.0008     1     0.0020    15     0.0011 
Synchronization             0.0002     1     0.0011    14     0.0006 
Variation                   0.0001     1     0.0006     4     0.0004 
Overlap                     0.0000     4     0.0000     3     0.0000 
Load imbalance              0.0000    10     0.0002     8     0.0001 
Execution time              0.0063     8     0.0109    15     0.0090 
User CPU time               0.0005     8     0.0007    10     0.0006 
Sys. CPU time               0.0000    15     0.0001     2     0.0001 
I/O time                    0.0000    13     0.0000     1     0.0000 
Processors                      16     1         16    16         16 
                      Communic          Synchro        Variation          Overlap  
I/O             Tmin    0.0000     1     0.0000    11     0.0000     1     0.0000     1 
I/O             Tmax    0.0000    16     0.0001    16     0.0003    16     0.0000    16 
I/O             Tmid    0.0000           0.0001           0.0002           0.0000       
Reduction       Tmin    0.0005     1     0.0000    11     0.0000    11     0.0000     1 
Reduction       Tmax    0.0011    15     0.0002    13     0.0001     2     0.0000     3 
Reduction       Tmid    0.0008           0.0001           0.0000           0.0000       
Remote access   Tmin    0.0002     3     0.0000     2     0.0000     2     0.0000     3 
Remote access   Tmax    0.0009    15     0.0009    14     0.0002     3     0.0000     2 
Remote access   Tmid    0.0004           0.0004           0.0001           0.0000       
--- The execution characteristics --- 
                                1          2          3          4          5          6          7          8          9         10         11         12         13         14         15         16 
Lost time                  0.0103     0.0102     0.0102     0.0102     0.0103     0.0102     0.0102     0.0104     0.0101     0.0101     0.0103     0.0103     0.0103     0.0102     0.0102     0.0102 
User insufficient par.     0.0049     0.0071     0.0071     0.0064     0.0046     0.0068     0.0068     0.0039     0.0075     0.0075     0.0053     0.0057     0.0054     0.0076     0.0076     0.0073 
Sys.insufficient par.      0.0011     0.0010     0.0009     0.0009     0.0010     0.0009     0.0009     0.0009     0.0009     0.0009     0.0009     0.0009     0.0007     0.0007     0.0007     0.0008 
Idle time                  0.0035     0.0012     0.0012     0.0020     0.0039     0.0016     0.0016     0.0046     0.0008     0.0008     0.0031     0.0027     0.0023     0.0000     0.0000     0.0004 
Communication              0.0008     0.0009     0.0009     0.0009     0.0009     0.0009     0.0009     0.0009     0.0009     0.0009     0.0009     0.0009     0.0018     0.0019     0.0020     0.0018 
Synchronization            0.0002     0.0002     0.0005     0.0005     0.0005     0.0005     0.0004     0.0004     0.0005     0.0004     0.0004     0.0004     0.0010     0.0011     0.0011     0.0010 
Variation                  0.0001     0.0004     0.0005     0.0006     0.0005     0.0005     0.0005     0.0005     0.0004     0.0005     0.0004     0.0004     0.0004     0.0004     0.0004     0.0004 
Overlap                    0.0000     0.0000     0.0000     0.0000     0.0000     0.0000     0.0000     0.0000     0.0000     0.0000     0.0000     0.0000     0.0000     0.0000     0.0000     0.0000 
Load imbalance             0.0002     0.0000     0.0000     0.0001     0.0002     0.0000     0.0000     0.0002     0.0000     0.0000     0.0001     0.0001     0.0002     0.0001     0.0001     0.0001 
Execution time             0.0074     0.0097     0.0097     0.0089     0.0070     0.0093     0.0093     0.0063     0.0101     0.0101     0.0078     0.0082     0.0086     0.0109     0.0109     0.0105 
User CPU time              0.0005     0.0007     0.0007     0.0006     0.0005     0.0007     0.0007     0.0005     0.0007     0.0007     0.0006     0.0006     0.0005     0.0007     0.0007     0.0006 
Sys. CPU time              0.0001     0.0001     0.0001     0.0001     0.0001     0.0001     0.0001     0.0001     0.0001     0.0001     0.0001     0.0001     0.0000     0.0000     0.0000     0.0001 
I/O time                   0.0000     0.0000     0.0000     0.0000     0.0000     0.0000     0.0000     0.0000     0.0000     0.0000     0.0000     0.0000     0.0000     0.0000     0.0000     0.0000 
Processors                     16         16         16         16         16         16         16         16         16         16         16         16         16         16         16         16 
           Communication          
Reduction                  0.0005     0.0006     0.0008     0.0007     0.0007     0.0007     0.0007     0.0007     0.0007     0.0006     0.0007     0.0007     0.0011     0.0011     0.0011     0.0010 
Remote access              0.0003     0.0003     0.0002     0.0002     0.0002     0.0002     0.0002     0.0002     0.0003     0.0003     0.0002     0.0002     0.0007     0.0009     0.0009     0.0007 
           Synchronization        
I/O                        0.0000     0.0001     0.0001     0.0001     0.0001     0.0001     0.0001     0.0001     0.0000     0.0001     0.0000     0.0000     0.0001     0.0001     0.0001     0.0001 
Reduction                  0.0001     0.0001     0.0001     0.0001     0.0001     0.0001     0.0000     0.0001     0.0001     0.0001     0.0000     0.0001     0.0002     0.0002     0.0002     0.0002 
Remote access              0.0001     0.0000     0.0003     0.0003     0.0003     0.0003     0.0003     0.0003     0.0003     0.0003     0.0003     0.0003     0.0008     0.0009     0.0009     0.0007 
           Variation              
I/O                        0.0000     0.0003     0.0003     0.0003     0.0003     0.0003     0.0003     0.0003     0.0002     0.0003     0.0002     0.0002     0.0003     0.0003     0.0003     0.0003 
Reduction                  0.0001     0.0001     0.0000     0.0001     0.0000     0.0001     0.0000     0.0000     0.0000     0.0000     0.0000     0.0000     0.0000     0.0000     0.0000     0.0000 
Remote access              0.0000     0.0000     0.0002     0.0002     0.0002     0.0002     0.0002     0.0002     0.0002     0.0002     0.0001     0.0001     0.0001     0.0001     0.0001     0.0001 
           Overlap                
Reduction                  0.0000     0.0000     0.0000     0.0000     0.0000     0.0000     0.0000     0.0000     0.0000     0.0000     0.0000     0.0000     0.0000     0.0000     0.0000     0.0000 
Remote access              0.0000     0.0000     0.0000     0.0000     0.0000     0.0000     0.0000     0.0000     0.0000     0.0000     0.0000     0.0000     0.0000     0.0000     0.0000     0.0000 


-------------------------------------------------------------------------
Name (number) and performance time of processors
omp.keldysh.ru(1) 0.933499
omp.keldysh.ru(2) 0.933428
omp.keldysh.ru(3) 0.959012
omp.keldysh.ru(4) 0.959329
omp.keldysh.ru(5) 0.933825
omp.keldysh.ru(6) 0.933831
omp.keldysh.ru(7) 0.958017
omp.keldysh.ru(8) 0.958012
omp.keldysh.ru(9) 0.958544
omp.keldysh.ru(10) 0.958557
omp.keldysh.ru(11) 0.958738
omp.keldysh.ru(12) 0.958736
omp.keldysh.ru(13) 0.956440
omp.keldysh.ru(14) 0.956449
omp.keldysh.ru(15) 0.956986
omp.keldysh.ru(16) 0.956986
min - omp.keldysh.ru(2) 0.933428; max - omp.keldysh.ru(4) 0.959329; mid - 0.951899
