Processor system=3*3*2
Statistics has been accumulated on DVM-system version 5.0, platform DVM
Analyzer is executing on DVM-system version 5.0, platform DVM
-------------------------------------------------------------------------
INTERVAL ( NLINE=12 SOURCE=distrgen3.f ) LEVEL=0  EXE_COUNT=2
--- The main characteristics --- 
Parallelization efficiency      0.0596 
Execution time                  0.0133 
Processors                          18
Threads amount                      18
Total time                      0.2391
Productive time                 0.0142 ( CPU= 0.0123 Sys= 0.0019 I/O= 0.0000 )
Lost  time                      0.2248 
   Insufficient parallelism     0.1636 ( User= 0.1310 Sys= 0.0326 )
   Communication                0.0336 ( Real_sync= 0.0000 Starts= 0.0000 )
   Idle time                    0.0277
Load imbalance                  0.0015
Synchronization                 0.0148
Time variation                  0.0189
Overlap                         0.0000
                  Nop   Communic    Synchro  Variation    Overlap 
I/O                10     0.0000     0.0013     0.0040     0.0000 
Reduction           9     0.0139     0.0010     0.0010     0.0000 
Redistribution     20     0.0196     0.0125     0.0139     0.0000 
--- The comparative characteristics --- 
                              Tmin N proc      Tmax N proc      Tmid
Lost time                   0.0124     8     0.0126    17     0.0125 
User insufficient par.      0.0062    17     0.0088     5     0.0073 
Sys.insufficient par.       0.0013    17     0.0020    14     0.0018 
Idle time                   0.0000     5     0.0023    17     0.0015 
Communication               0.0016     7     0.0029    17     0.0019 
Synchronization             0.0004    16     0.0016    17     0.0008 
Variation                   0.0006    14     0.0017     5     0.0010 
Overlap                     0.0000     1     0.0000    10     0.0000 
Load imbalance              0.0000     8     0.0002    17     0.0001 
Execution time              0.0110    17     0.0133     5     0.0117 
User CPU time               0.0006    17     0.0008     6     0.0007 
Sys. CPU time               0.0001    17     0.0001    14     0.0001 
I/O time                    0.0000    10     0.0000     1     0.0000 
Processors                      18     1         18    18         18 
                      Communic          Synchro        Variation          Overlap  
I/O             Tmin    0.0000     1     0.0000    18     0.0001     1     0.0000     1 
I/O             Tmax    0.0000    18     0.0001    17     0.0003    17     0.0000    18 
I/O             Tmid    0.0000           0.0001           0.0002           0.0000       
Reduction       Tmin    0.0006     9     0.0000    10     0.0000    10     0.0000     1 
Reduction       Tmax    0.0011    17     0.0001    17     0.0001    17     0.0000    10 
Reduction       Tmid    0.0008           0.0001           0.0001           0.0000       
Redistribution  Tmin    0.0008     2     0.0003    16     0.0003    13     0.0000     1 
Redistribution  Tmax    0.0018    17     0.0014    17     0.0013     5     0.0000    18 
Redistribution  Tmid    0.0011           0.0007           0.0008           0.0000       
--- The execution characteristics --- 
                                1          2          3          4          5          6          7          8          9         10         11         12         13         14         15         16         17         18 
Lost time                  0.0125     0.0125     0.0125     0.0125     0.0124     0.0124     0.0125     0.0124     0.0125     0.0125     0.0125     0.0125     0.0125     0.0124     0.0124     0.0125     0.0126     0.0126 
User insufficient par.     0.0073     0.0073     0.0067     0.0066     0.0088     0.0087     0.0067     0.0084     0.0067     0.0077     0.0077     0.0066     0.0066     0.0080     0.0081     0.0067     0.0062     0.0063 
Sys.insufficient par.      0.0019     0.0018     0.0018     0.0018     0.0018     0.0018     0.0020     0.0019     0.0019     0.0019     0.0019     0.0018     0.0019     0.0020     0.0019     0.0019     0.0013     0.0015 
Idle time                  0.0016     0.0016     0.0023     0.0022     0.0000     0.0000     0.0022     0.0004     0.0023     0.0012     0.0012     0.0023     0.0023     0.0008     0.0008     0.0022     0.0023     0.0022 
Communication              0.0018     0.0018     0.0018     0.0019     0.0019     0.0019     0.0016     0.0017     0.0017     0.0017     0.0018     0.0018     0.0017     0.0016     0.0017     0.0017     0.0029     0.0026 
Synchronization            0.0009     0.0008     0.0011     0.0008     0.0013     0.0010     0.0008     0.0006     0.0009     0.0006     0.0010     0.0007     0.0006     0.0004     0.0006     0.0004     0.0016     0.0011 
Variation                  0.0012     0.0013     0.0015     0.0012     0.0017     0.0014     0.0009     0.0008     0.0010     0.0007     0.0010     0.0008     0.0007     0.0006     0.0008     0.0006     0.0016     0.0012 
Overlap                    0.0000     0.0000     0.0000     0.0000     0.0000     0.0000     0.0000     0.0000     0.0000     0.0000     0.0000     0.0000     0.0000     0.0000     0.0000     0.0000     0.0000     0.0000 
Load imbalance             0.0001     0.0001     0.0001     0.0001     0.0000     0.0000     0.0001     0.0000     0.0001     0.0001     0.0001     0.0001     0.0001     0.0000     0.0000     0.0001     0.0002     0.0002 
Execution time             0.0117     0.0117     0.0110     0.0110     0.0133     0.0133     0.0111     0.0129     0.0110     0.0121     0.0121     0.0110     0.0110     0.0125     0.0125     0.0110     0.0110     0.0110 
User CPU time              0.0007     0.0007     0.0007     0.0007     0.0008     0.0008     0.0007     0.0008     0.0006     0.0007     0.0007     0.0007     0.0007     0.0007     0.0007     0.0007     0.0006     0.0006 
Sys. CPU time              0.0001     0.0001     0.0001     0.0001     0.0001     0.0001     0.0001     0.0001     0.0001     0.0001     0.0001     0.0001     0.0001     0.0001     0.0001     0.0001     0.0001     0.0001 
I/O time                   0.0000     0.0000     0.0000     0.0000     0.0000     0.0000     0.0000     0.0000     0.0000     0.0000     0.0000     0.0000     0.0000     0.0000     0.0000     0.0000     0.0000     0.0000 
Processors                     18         18         18         18         18         18         18         18         18         18         18         18         18         18         18         18         18         18 
           Communication          
Reduction                  0.0009     0.0010     0.0008     0.0009     0.0009     0.0010     0.0006     0.0007     0.0006     0.0006     0.0006     0.0007     0.0006     0.0006     0.0006     0.0007     0.0011     0.0011 
Redistribution             0.0009     0.0008     0.0010     0.0010     0.0010     0.0010     0.0010     0.0010     0.0012     0.0011     0.0012     0.0011     0.0011     0.0010     0.0011     0.0010     0.0018     0.0015 
           Synchronization        
I/O                        0.0001     0.0000     0.0001     0.0000     0.0001     0.0000     0.0001     0.0000     0.0001     0.0000     0.0001     0.0000     0.0001     0.0000     0.0001     0.0000     0.0001     0.0000 
Reduction                  0.0001     0.0000     0.0001     0.0000     0.0001     0.0000     0.0001     0.0000     0.0001     0.0000     0.0001     0.0000     0.0001     0.0000     0.0001     0.0000     0.0001     0.0000 
Redistribution             0.0007     0.0007     0.0008     0.0007     0.0011     0.0010     0.0005     0.0005     0.0007     0.0005     0.0007     0.0006     0.0004     0.0004     0.0004     0.0003     0.0014     0.0010 
           Variation              
I/O                        0.0001     0.0002     0.0003     0.0002     0.0003     0.0002     0.0003     0.0002     0.0003     0.0002     0.0003     0.0002     0.0003     0.0002     0.0003     0.0002     0.0003     0.0002 
Reduction                  0.0001     0.0000     0.0001     0.0000     0.0001     0.0000     0.0001     0.0000     0.0001     0.0000     0.0001     0.0000     0.0001     0.0000     0.0001     0.0000     0.0001     0.0000 
Redistribution             0.0010     0.0011     0.0011     0.0010     0.0013     0.0012     0.0005     0.0006     0.0006     0.0005     0.0007     0.0006     0.0003     0.0004     0.0004     0.0004     0.0012     0.0010 
           Overlap                
Reduction                  0.0000     0.0000     0.0000     0.0000     0.0000     0.0000     0.0000     0.0000     0.0000     0.0000     0.0000     0.0000     0.0000     0.0000     0.0000     0.0000     0.0000     0.0000 


-------------------------------------------------------------------------
Name (number) and performance time of processors
omp.keldysh.ru(1) 0.933886
omp.keldysh.ru(2) 0.933811
omp.keldysh.ru(3) 0.954433
omp.keldysh.ru(4) 0.954451
omp.keldysh.ru(5) 0.951160
omp.keldysh.ru(6) 0.951139
omp.keldysh.ru(7) 0.933763
omp.keldysh.ru(8) 0.933768
omp.keldysh.ru(9) 0.952107
omp.keldysh.ru(10) 0.952116
omp.keldysh.ru(11) 0.955696
omp.keldysh.ru(12) 0.955594
omp.keldysh.ru(13) 0.952869
omp.keldysh.ru(14) 0.953161
omp.keldysh.ru(15) 0.953812
omp.keldysh.ru(16) 0.953786
omp.keldysh.ru(17) 0.954238
omp.keldysh.ru(18) 0.954215
min - omp.keldysh.ru(7) 0.933763; max - omp.keldysh.ru(11) 0.955696; mid - 0.949111
