Processor system=4*1*4
Statistics has been accumulated on DVM-system version 5.0, platform DVM
Analyzer is executing on DVM-system version 5.0, platform DVM
-------------------------------------------------------------------------
INTERVAL ( NLINE=7 SOURCE=sh32.f ) LEVEL=0  EXE_COUNT=1
--- The main characteristics --- 
Parallelization efficiency      0.1042 
Execution time                  0.0749 
Processors                          16
Threads amount                      16
Total time                      1.1991
Productive time                 0.1250 ( CPU= 0.1209 Sys= 0.0041 I/O= 0.0000 )
Lost  time                      1.0742 
   Insufficient parallelism     0.8209 ( User= 0.7589 Sys= 0.0620 )
   Communication                0.2067 ( Real_sync= 0.0000 Starts= 0.0000 )
   Idle time                    0.0465
Load imbalance                  0.0291
Synchronization                 0.1081
Time variation                  0.0545
Overlap                         0.0000
                  Nop   Communic    Synchro  Variation    Overlap 
I/O                11     0.0000     0.0100     0.0131     0.0000 
Reduction           9     0.1100     0.0030     0.0030     0.0000 
Shadow              9     0.0967     0.0951     0.0385     0.0000 
--- The comparative characteristics --- 
                              Tmin N proc      Tmax N proc      Tmid
Lost time                   0.0653    11     0.0705    13     0.0671 
User insufficient par.      0.0294    13     0.0561    11     0.0474 
Sys.insufficient par.       0.0018    16     0.0058     5     0.0039 
Idle time                   0.0000     6     0.0072    16     0.0029 
Communication               0.0035     8     0.0330    13     0.0129 
Synchronization             0.0001     9     0.0192    16     0.0068 
Variation                   0.0003     9     0.0072     4     0.0034 
Overlap                     0.0000     3     0.0000     9     0.0000 
Load imbalance              0.0000    11     0.0052    13     0.0018 
Execution time              0.0677    16     0.0749     6     0.0720 
User CPU time               0.0043    13     0.0093    11     0.0076 
Sys. CPU time               0.0001    16     0.0004     5     0.0003 
I/O time                    0.0000     9     0.0000     1     0.0000 
Processors                      16     1         16    16         16 
                      Communic          Synchro        Variation          Overlap  
I/O             Tmin    0.0000     1     0.0000     9     0.0001     1     0.0000     1 
I/O             Tmax    0.0000    16     0.0019    16     0.0021    16     0.0000    16 
I/O             Tmid    0.0000           0.0006           0.0008           0.0000       
Reduction       Tmin    0.0003     9     0.0000     1     0.0000     1     0.0000     3 
Reduction       Tmax    0.0163    15     0.0004    16     0.0004     8     0.0000     2 
Reduction       Tmid    0.0069           0.0002           0.0002           0.0000       
Shadow          Tmin    0.0015     3     0.0001     9     0.0001     9     0.0000     2 
Shadow          Tmax    0.0167    13     0.0174    14     0.0057     3     0.0000     9 
Shadow          Tmid    0.0060           0.0059           0.0024           0.0000       
--- The execution characteristics --- 
                                1          2          3          4          5          6          7          8          9         10         11         12         13         14         15         16 
Lost time                  0.0669     0.0675     0.0672     0.0673     0.0655     0.0654     0.0654     0.0656     0.0655     0.0655     0.0653     0.0658     0.0705     0.0703     0.0701     0.0703 
User insufficient par.     0.0522     0.0460     0.0483     0.0479     0.0557     0.0560     0.0559     0.0537     0.0560     0.0561     0.0561     0.0511     0.0294     0.0321     0.0323     0.0303 
Sys.insufficient par.      0.0031     0.0029     0.0027     0.0022     0.0058     0.0057     0.0057     0.0050     0.0051     0.0050     0.0054     0.0048     0.0024     0.0020     0.0023     0.0018 
Idle time                  0.0000     0.0065     0.0042     0.0054     0.0000     0.0000     0.0000     0.0035     0.0000     0.0000     0.0001     0.0061     0.0057     0.0038     0.0038     0.0072 
Communication              0.0116     0.0121     0.0120     0.0119     0.0040     0.0037     0.0038     0.0035     0.0043     0.0043     0.0037     0.0037     0.0330     0.0323     0.0317     0.0311 
Synchronization            0.0035     0.0044     0.0052     0.0060     0.0017     0.0026     0.0019     0.0039     0.0001     0.0006     0.0017     0.0029     0.0177     0.0186     0.0182     0.0192 
Variation                  0.0045     0.0055     0.0065     0.0072     0.0010     0.0020     0.0014     0.0033     0.0003     0.0008     0.0014     0.0027     0.0031     0.0042     0.0046     0.0061 
Overlap                    0.0000     0.0000     0.0000     0.0000     0.0000     0.0000     0.0000     0.0000     0.0000     0.0000     0.0000     0.0000     0.0000     0.0000     0.0000     0.0000 
Load imbalance             0.0016     0.0021     0.0019     0.0020     0.0002     0.0001     0.0001     0.0003     0.0002     0.0002     0.0000     0.0004     0.0052     0.0049     0.0048     0.0050 
Execution time             0.0749     0.0684     0.0707     0.0696     0.0749     0.0749     0.0749     0.0715     0.0749     0.0749     0.0749     0.0688     0.0692     0.0711     0.0711     0.0677 
User CPU time              0.0078     0.0073     0.0076     0.0075     0.0091     0.0091     0.0091     0.0090     0.0091     0.0091     0.0093     0.0089     0.0043     0.0046     0.0046     0.0045 
Sys. CPU time              0.0002     0.0002     0.0002     0.0001     0.0004     0.0004     0.0004     0.0003     0.0003     0.0003     0.0004     0.0003     0.0002     0.0001     0.0002     0.0001 
I/O time                   0.0000     0.0000     0.0000     0.0000     0.0000     0.0000     0.0000     0.0000     0.0000     0.0000     0.0000     0.0000     0.0000     0.0000     0.0000     0.0000 
Processors                     16         16         16         16         16         16         16         16         16         16         16         16         16         16         16         16 
           Communication          
Reduction                  0.0098     0.0104     0.0105     0.0103     0.0009     0.0009     0.0007     0.0006     0.0003     0.0003     0.0004     0.0004     0.0162     0.0160     0.0163     0.0161 
Shadow                     0.0018     0.0018     0.0015     0.0016     0.0030     0.0028     0.0032     0.0028     0.0040     0.0040     0.0034     0.0034     0.0167     0.0163     0.0154     0.0149 
           Synchronization        
I/O                        0.0001     0.0005     0.0004     0.0015     0.0000     0.0003     0.0002     0.0014     0.0000     0.0002     0.0002     0.0012     0.0003     0.0010     0.0008     0.0019 
Reduction                  0.0000     0.0001     0.0002     0.0004     0.0000     0.0001     0.0002     0.0004     0.0000     0.0001     0.0002     0.0004     0.0000     0.0001     0.0002     0.0004 
Shadow                     0.0034     0.0038     0.0046     0.0041     0.0016     0.0022     0.0015     0.0021     0.0001     0.0003     0.0013     0.0013     0.0174     0.0174     0.0172     0.0168 
           Variation              
I/O                        0.0001     0.0007     0.0006     0.0017     0.0002     0.0005     0.0004     0.0016     0.0002     0.0004     0.0004     0.0014     0.0006     0.0012     0.0010     0.0021 
Reduction                  0.0000     0.0001     0.0002     0.0004     0.0000     0.0001     0.0002     0.0004     0.0000     0.0001     0.0002     0.0004     0.0000     0.0001     0.0002     0.0004 
Shadow                     0.0044     0.0047     0.0057     0.0051     0.0008     0.0013     0.0008     0.0013     0.0001     0.0003     0.0008     0.0008     0.0025     0.0028     0.0034     0.0035 
           Overlap                
Reduction                  0.0000     0.0000     0.0000     0.0000     0.0000     0.0000     0.0000     0.0000     0.0000     0.0000     0.0000     0.0000     0.0000     0.0000     0.0000     0.0000 
Shadow                     0.0000     0.0000     0.0000     0.0000     0.0000     0.0000     0.0000     0.0000     0.0000     0.0000     0.0000     0.0000     0.0000     0.0000     0.0000     0.0000 


-------------------------------------------------------------------------
Name (number) and performance time of processors
omp.keldysh.ru(1) 0.933943
omp.keldysh.ru(2) 0.933844
omp.keldysh.ru(3) 0.956482
omp.keldysh.ru(4) 0.956503
omp.keldysh.ru(5) 0.959254
omp.keldysh.ru(6) 0.959284
omp.keldysh.ru(7) 0.959842
omp.keldysh.ru(8) 0.959831
omp.keldysh.ru(9) 0.957773
omp.keldysh.ru(10) 0.957805
omp.keldysh.ru(11) 0.958962
omp.keldysh.ru(12) 0.958954
omp.keldysh.ru(13) 0.959771
omp.keldysh.ru(14) 0.959753
omp.keldysh.ru(15) 0.958141
omp.keldysh.ru(16) 0.957862
min - omp.keldysh.ru(2) 0.933844; max - omp.keldysh.ru(7) 0.959842; mid - 0.955500
