Processor system=3*1*6*1
Statistics has been accumulated on DVM-system version 5.0, platform DVM
Analyzer is executing on DVM-system version 5.0, platform DVM
-------------------------------------------------------------------------
INTERVAL ( NLINE=7 SOURCE=acr42.f ) LEVEL=0  EXE_COUNT=2
--- The main characteristics --- 
Parallelization efficiency      0.0532 
Execution time                  0.8784 
Processors                          18
Threads amount                      18
Total time                     15.8114
Productive time                 0.8406 ( CPU= 0.8314 Sys= 0.0092 I/O= 0.0000 )
Lost  time                     14.9708 
   Insufficient parallelism    14.2896 ( User= 14.1330 Sys= 0.1567 )
   Communication                0.0050 ( Real_sync= 0.0000 Starts= 0.0000 )
   Idle time                    0.6762
Load imbalance                  0.0376
Synchronization                 3.9523
Time variation                  3.9543
Overlap                         0.0042
                  Nop   Communic    Synchro  Variation    Overlap 
I/O                12     0.0000     1.3123     1.3144     0.0000 
Reduction          10     0.0050     0.6489     0.6488     0.0000 
Shadow             28     0.0000     1.9911     1.9911     0.0042 
--- The comparative characteristics --- 
                              Tmin N proc      Tmax N proc      Tmid
Lost time                   0.8296     4     0.8470    18     0.8317 
User insufficient par.      0.5317    18     0.8194     1     0.7852 
Sys.insufficient par.       0.0020    17     0.0111     2     0.0087 
Idle time                   0.0000     4     0.3125    17     0.0376 
Communication               0.0002     4     0.0004    18     0.0003 
Synchronization             0.0014    15     1.8553    18     0.2196 
Variation                   0.0016    15     1.8554    18     0.2197 
Overlap                     0.0000    17     0.0005     4     0.0002 
Load imbalance              0.0000     4     0.0174    18     0.0021 
Execution time              0.5659    17     0.8784     4     0.8408 
User CPU time               0.0313    18     0.0482     1     0.0462 
Sys. CPU time               0.0001    17     0.0007     2     0.0005 
I/O time                    0.0000    16     0.0000     1     0.0000 
Processors                      18     1         18    18         18 
                      Communic          Synchro        Variation          Overlap  
I/O             Tmin    0.0000     1     0.0001    15     0.0003    15     0.0000     1 
I/O             Tmax    0.0000    18     0.6238    18     0.6239    18     0.0000    18 
I/O             Tmid    0.0000           0.0729           0.0730           0.0000       
Reduction       Tmin    0.0002     4     0.0001    16     0.0001    16     0.0000     1 
Reduction       Tmax    0.0004    18     0.3097    18     0.3097    18     0.0000    14 
Reduction       Tmid    0.0003           0.0360           0.0360           0.0000       
Shadow          Tmin    0.0000     1     0.0007    16     0.0007    16     0.0000    17 
Shadow          Tmax    0.0000    18     0.9218    18     0.9218    18     0.0005     4 
Shadow          Tmid    0.0000           0.1106           0.1106           0.0002       
--- The execution characteristics --- 
                                1          2          3          4          5          6          7          8          9         10         11         12         13         14         15         16         17         18 
Lost time                  0.8296     0.8296     0.8296     0.8296     0.8296     0.8298     0.8300     0.8299     0.8297     0.8299     0.8299     0.8297     0.8302     0.8302     0.8296     0.8297     0.8470     0.8470 
User insufficient par.     0.8194     0.8182     0.8183     0.8184     0.8192     0.8164     0.8147     0.8154     0.8175     0.8160     0.8160     0.8172     0.8135     0.8127     0.8183     0.8181     0.5321     0.5317 
Sys.insufficient par.      0.0100     0.0111     0.0111     0.0110     0.0102     0.0094     0.0083     0.0090     0.0104     0.0091     0.0094     0.0107     0.0054     0.0063     0.0111     0.0098     0.0020     0.0024 
Idle time                  0.0000     0.0000     0.0000     0.0000     0.0000     0.0037     0.0067     0.0053     0.0015     0.0045     0.0041     0.0016     0.0111     0.0111     0.0000     0.0015     0.3125     0.3125 
Communication              0.0002     0.0003     0.0002     0.0002     0.0003     0.0003     0.0003     0.0003     0.0003     0.0003     0.0003     0.0003     0.0002     0.0003     0.0003     0.0003     0.0004     0.0004 
Synchronization            0.0111     0.0129     0.0034     0.0015     0.0089     0.0097     0.0257     0.0156     0.0166     0.0155     0.0141     0.0149     0.0476     0.0464     0.0014     0.0015     1.8499     1.8553 
Variation                  0.0109     0.0130     0.0036     0.0017     0.0091     0.0098     0.0259     0.0157     0.0167     0.0156     0.0143     0.0151     0.0478     0.0465     0.0016     0.0016     1.8501     1.8554 
Overlap                    0.0002     0.0001     0.0003     0.0005     0.0002     0.0002     0.0002     0.0002     0.0002     0.0001     0.0002     0.0002     0.0003     0.0004     0.0004     0.0004     0.0000     0.0000 
Load imbalance             0.0000     0.0000     0.0000     0.0000     0.0000     0.0002     0.0004     0.0003     0.0001     0.0003     0.0002     0.0001     0.0006     0.0006     0.0000     0.0001     0.0174     0.0174 
Execution time             0.8784     0.8784     0.8784     0.8784     0.8784     0.8747     0.8717     0.8731     0.8769     0.8739     0.8743     0.8769     0.8674     0.8674     0.8784     0.8769     0.5659     0.5659 
User CPU time              0.0482     0.0481     0.0481     0.0481     0.0482     0.0480     0.0479     0.0480     0.0481     0.0480     0.0480     0.0481     0.0479     0.0478     0.0481     0.0481     0.0313     0.0313 
Sys. CPU time              0.0006     0.0007     0.0007     0.0006     0.0006     0.0006     0.0005     0.0005     0.0006     0.0005     0.0006     0.0006     0.0003     0.0004     0.0006     0.0006     0.0001     0.0001 
I/O time                   0.0000     0.0000     0.0000     0.0000     0.0000     0.0000     0.0000     0.0000     0.0000     0.0000     0.0000     0.0000     0.0000     0.0000     0.0000     0.0000     0.0000     0.0000 
Processors                     18         18         18         18         18         18         18         18         18         18         18         18         18         18         18         18         18         18 
           Communication          
Reduction                  0.0002     0.0003     0.0002     0.0002     0.0003     0.0003     0.0003     0.0003     0.0003     0.0003     0.0003     0.0003     0.0002     0.0003     0.0003     0.0003     0.0004     0.0004 
           Synchronization        
I/O                        0.0023     0.0020     0.0005     0.0004     0.0015     0.0025     0.0073     0.0042     0.0028     0.0037     0.0033     0.0023     0.0171     0.0158     0.0001     0.0007     0.6220     0.6238 
Reduction                  0.0014     0.0017     0.0004     0.0003     0.0010     0.0010     0.0027     0.0018     0.0021     0.0020     0.0016     0.0017     0.0059     0.0059     0.0001     0.0001     0.3096     0.3097 
Shadow                     0.0075     0.0092     0.0025     0.0008     0.0065     0.0063     0.0157     0.0096     0.0116     0.0098     0.0093     0.0110     0.0246     0.0246     0.0012     0.0007     0.9184     0.9218 
           Variation              
I/O                        0.0021     0.0021     0.0006     0.0005     0.0016     0.0026     0.0075     0.0044     0.0029     0.0039     0.0034     0.0024     0.0173     0.0160     0.0003     0.0008     0.6221     0.6239 
Reduction                  0.0013     0.0017     0.0004     0.0003     0.0010     0.0010     0.0027     0.0018     0.0021     0.0020     0.0016     0.0017     0.0059     0.0059     0.0001     0.0001     0.3096     0.3097 
Shadow                     0.0075     0.0092     0.0025     0.0008     0.0065     0.0063     0.0157     0.0096     0.0116     0.0097     0.0093     0.0110     0.0246     0.0246     0.0012     0.0007     0.9184     0.9218 
           Overlap                
Reduction                  0.0000     0.0000     0.0000     0.0000     0.0000     0.0000     0.0000     0.0000     0.0000     0.0000     0.0000     0.0000     0.0000     0.0000     0.0000     0.0000     0.0000     0.0000 
Shadow                     0.0002     0.0001     0.0003     0.0005     0.0002     0.0002     0.0002     0.0002     0.0002     0.0001     0.0002     0.0002     0.0003     0.0004     0.0004     0.0004     0.0000     0.0000 


-------------------------------------------------------------------------
Name (number) and performance time of processors
omp.keldysh.ru(1) 0.933912
omp.keldysh.ru(2) 0.933846
omp.keldysh.ru(3) 0.933952
omp.keldysh.ru(4) 0.933988
omp.keldysh.ru(5) 0.953632
omp.keldysh.ru(6) 0.953619
omp.keldysh.ru(7) 0.951908
omp.keldysh.ru(8) 0.951912
omp.keldysh.ru(9) 0.951784
omp.keldysh.ru(10) 0.952128
omp.keldysh.ru(11) 0.933969
omp.keldysh.ru(12) 0.933938
omp.keldysh.ru(13) 0.954079
omp.keldysh.ru(14) 0.953997
omp.keldysh.ru(15) 0.950920
omp.keldysh.ru(16) 0.950894
omp.keldysh.ru(17) 0.951466
omp.keldysh.ru(18) 0.951467
min - omp.keldysh.ru(2) 0.933846; max - omp.keldysh.ru(13) 0.954079; mid - 0.946190
