Processor system=1*3*6
Statistics has been accumulated on DVM-system version 5.0, platform DVM
Analyzer is executing on DVM-system version 5.0, platform DVM
-------------------------------------------------------------------------
INTERVAL ( NLINE=5 SOURCE=alignplus33.f ) LEVEL=0  EXE_COUNT=2
--- The main characteristics --- 
Parallelization efficiency      0.0537 
Execution time                  0.0050 
Processors                          18
Threads amount                      18
Total time                      0.0905
Productive time                 0.0049 ( CPU= 0.0046 Sys= 0.0002 I/O= 0.0000 )
Lost  time                      0.0856 
   Insufficient parallelism     0.0777 ( User= 0.0732 Sys= 0.0045 )
   Communication                0.0072 ( Real_sync= 0.0000 Starts= 0.0000 )
   Idle time                    0.0007
Load imbalance                  0.0001
Synchronization                 0.0106
Time variation                  0.0123
Overlap                         0.0000
                  Nop   Communic    Synchro  Variation    Overlap 
I/O                 6     0.0000     0.0068     0.0085     0.0000 
Reduction           5     0.0072     0.0038     0.0038     0.0000 
--- The comparative characteristics --- 
                              Tmin N proc      Tmax N proc      Tmid
Lost time                   0.0048    12     0.0048    13     0.0048 
User insufficient par.      0.0040     5     0.0041    12     0.0041 
Sys.insufficient par.       0.0002    18     0.0004     1     0.0003 
Idle time                   0.0000    12     0.0001    14     0.0000 
Communication               0.0003    17     0.0005    11     0.0004 
Synchronization             0.0000    17     0.0009    12     0.0006 
Variation                   0.0001    17     0.0010    18     0.0007 
Overlap                     0.0000     2     0.0000    17     0.0000 
Load imbalance              0.0000     2     0.0000    13     0.0000 
Execution time              0.0049    13     0.0050    12     0.0050 
User CPU time               0.0002    13     0.0003    12     0.0003 
Sys. CPU time               0.0000     1     0.0000    17     0.0000 
I/O time                    0.0000     2     0.0000     1     0.0000 
Processors                      18     1         18    18         18 
                      Communic          Synchro        Variation          Overlap  
I/O             Tmin    0.0000     1     0.0000    17     0.0001    17     0.0000     1 
I/O             Tmax    0.0000    18     0.0006    12     0.0007    18     0.0000    18 
I/O             Tmid    0.0000           0.0004           0.0005           0.0000       
Reduction       Tmin    0.0003    17     0.0000    17     0.0000    17     0.0000     2 
Reduction       Tmax    0.0005    11     0.0003    18     0.0003    18     0.0000    17 
Reduction       Tmid    0.0004           0.0002           0.0002           0.0000       
--- The execution characteristics --- 
                                1          2          3          4          5          6          7          8          9         10         11         12         13         14         15         16         17         18 
Lost time                  0.0048     0.0048     0.0048     0.0048     0.0048     0.0048     0.0048     0.0048     0.0048     0.0048     0.0048     0.0048     0.0048     0.0048     0.0048     0.0048     0.0048     0.0048 
User insufficient par.     0.0040     0.0041     0.0041     0.0041     0.0040     0.0041     0.0041     0.0041     0.0041     0.0041     0.0040     0.0041     0.0040     0.0040     0.0041     0.0041     0.0041     0.0041 
Sys.insufficient par.      0.0004     0.0002     0.0002     0.0002     0.0002     0.0002     0.0002     0.0003     0.0002     0.0002     0.0002     0.0002     0.0002     0.0002     0.0002     0.0002     0.0003     0.0002 
Idle time                  0.0000     0.0000     0.0000     0.0000     0.0000     0.0000     0.0000     0.0000     0.0000     0.0000     0.0000     0.0000     0.0001     0.0001     0.0000     0.0000     0.0000     0.0000 
Communication              0.0003     0.0004     0.0004     0.0004     0.0005     0.0003     0.0004     0.0004     0.0004     0.0004     0.0005     0.0004     0.0004     0.0004     0.0004     0.0004     0.0003     0.0005 
Synchronization            0.0006     0.0007     0.0007     0.0007     0.0001     0.0008     0.0005     0.0007     0.0007     0.0007     0.0001     0.0009     0.0006     0.0007     0.0007     0.0007     0.0000     0.0009 
Variation                  0.0005     0.0008     0.0008     0.0008     0.0002     0.0009     0.0006     0.0008     0.0008     0.0008     0.0002     0.0010     0.0007     0.0008     0.0008     0.0008     0.0001     0.0010 
Overlap                    0.0000     0.0000     0.0000     0.0000     0.0000     0.0000     0.0000     0.0000     0.0000     0.0000     0.0000     0.0000     0.0000     0.0000     0.0000     0.0000     0.0000     0.0000 
Load imbalance             0.0000     0.0000     0.0000     0.0000     0.0000     0.0000     0.0000     0.0000     0.0000     0.0000     0.0000     0.0000     0.0000     0.0000     0.0000     0.0000     0.0000     0.0000 
Execution time             0.0050     0.0050     0.0050     0.0050     0.0050     0.0050     0.0050     0.0050     0.0050     0.0050     0.0050     0.0050     0.0049     0.0049     0.0050     0.0050     0.0050     0.0050 
User CPU time              0.0003     0.0003     0.0003     0.0003     0.0003     0.0003     0.0003     0.0003     0.0003     0.0003     0.0003     0.0003     0.0002     0.0002     0.0003     0.0003     0.0003     0.0003 
Sys. CPU time              0.0000     0.0000     0.0000     0.0000     0.0000     0.0000     0.0000     0.0000     0.0000     0.0000     0.0000     0.0000     0.0000     0.0000     0.0000     0.0000     0.0000     0.0000 
I/O time                   0.0000     0.0000     0.0000     0.0000     0.0000     0.0000     0.0000     0.0000     0.0000     0.0000     0.0000     0.0000     0.0000     0.0000     0.0000     0.0000     0.0000     0.0000 
Processors                     18         18         18         18         18         18         18         18         18         18         18         18         18         18         18         18         18         18 
           Communication          
Reduction                  0.0003     0.0004     0.0004     0.0004     0.0005     0.0003     0.0004     0.0004     0.0004     0.0004     0.0005     0.0004     0.0004     0.0004     0.0004     0.0004     0.0003     0.0005 
           Synchronization        
I/O                        0.0004     0.0004     0.0004     0.0004     0.0001     0.0005     0.0003     0.0004     0.0004     0.0004     0.0001     0.0006     0.0004     0.0005     0.0004     0.0004     0.0000     0.0006 
Reduction                  0.0002     0.0003     0.0003     0.0003     0.0000     0.0003     0.0002     0.0003     0.0003     0.0003     0.0000     0.0003     0.0002     0.0003     0.0003     0.0003     0.0000     0.0003 
           Variation              
I/O                        0.0003     0.0005     0.0005     0.0005     0.0002     0.0006     0.0004     0.0005     0.0005     0.0005     0.0002     0.0006     0.0005     0.0006     0.0005     0.0005     0.0001     0.0007 
Reduction                  0.0002     0.0003     0.0003     0.0003     0.0000     0.0003     0.0002     0.0003     0.0003     0.0003     0.0000     0.0003     0.0002     0.0003     0.0003     0.0003     0.0000     0.0003 
           Overlap                
Reduction                  0.0000     0.0000     0.0000     0.0000     0.0000     0.0000     0.0000     0.0000     0.0000     0.0000     0.0000     0.0000     0.0000     0.0000     0.0000     0.0000     0.0000     0.0000 


-------------------------------------------------------------------------
Name (number) and performance time of processors
omp.keldysh.ru(1) 0.935451
omp.keldysh.ru(2) 0.935403
omp.keldysh.ru(3) 0.956297
omp.keldysh.ru(4) 0.956285
omp.keldysh.ru(5) 0.935379
omp.keldysh.ru(6) 0.935377
omp.keldysh.ru(7) 0.954899
omp.keldysh.ru(8) 0.954888
omp.keldysh.ru(9) 0.957153
omp.keldysh.ru(10) 0.957151
omp.keldysh.ru(11) 0.953924
omp.keldysh.ru(12) 0.954214
omp.keldysh.ru(13) 0.957451
omp.keldysh.ru(14) 0.957452
omp.keldysh.ru(15) 0.954512
omp.keldysh.ru(16) 0.954480
omp.keldysh.ru(17) 0.954594
omp.keldysh.ru(18) 0.954570
min - omp.keldysh.ru(6) 0.935377; max - omp.keldysh.ru(14) 0.957452; mid - 0.951082
