Processor system=1*4*4
Statistics has been accumulated on DVM-system version 5.0, platform DVM
Analyzer is executing on DVM-system version 5.0, platform DVM
-------------------------------------------------------------------------
INTERVAL ( NLINE=8 SOURCE=red32.f ) LEVEL=0  EXE_COUNT=1
--- The main characteristics --- 
Parallelization efficiency      0.0494 
Execution time                  0.0105 
Processors                          16
Threads amount                      16
Total time                      0.1674
Productive time                 0.0083 ( CPU= 0.0073 Sys= 0.0009 I/O= 0.0000 )
Lost  time                      0.1592 
   Insufficient parallelism     0.1095 ( User= 0.0957 Sys= 0.0138 )
   Communication                0.0172 ( Real_sync= 0.0000 Starts= 0.0000 )
   Idle time                    0.0324
Load imbalance                  0.0022
Synchronization                 0.0121
Time variation                  0.0091
Overlap                         0.0000
                  Nop   Communic    Synchro  Variation    Overlap 
I/O                16     0.0000     0.0017     0.0044     0.0000 
Reduction          14     0.0088     0.0019     0.0014     0.0000 
Remote access      36     0.0084     0.0085     0.0034     0.0000 
--- The comparative characteristics --- 
                              Tmin N proc      Tmax N proc      Tmid
Lost time                   0.0098    10     0.0101    14     0.0099 
User insufficient par.      0.0044    14     0.0080    11     0.0060 
Sys.insufficient par.       0.0006    14     0.0011     1     0.0009 
Idle time                   0.0000    11     0.0035    14     0.0020 
Communication               0.0008     1     0.0016    14     0.0011 
Synchronization             0.0003     1     0.0012    14     0.0008 
Variation                   0.0002     1     0.0007     6     0.0006 
Overlap                     0.0000     2     0.0000    12     0.0000 
Load imbalance              0.0000    10     0.0003    14     0.0001 
Execution time              0.0070    14     0.0105    11     0.0084 
User CPU time               0.0003    14     0.0006    10     0.0005 
Sys. CPU time               0.0000    14     0.0001     2     0.0001 
I/O time                    0.0000     8     0.0000     1     0.0000 
Processors                      16     1         16    16         16 
                      Communic          Synchro        Variation          Overlap  
I/O             Tmin    0.0000     1     0.0001    12     0.0000     1     0.0000     1 
I/O             Tmax    0.0000    16     0.0001    14     0.0003    14     0.0000    16 
I/O             Tmid    0.0000           0.0001           0.0003           0.0000       
Reduction       Tmin    0.0003     1     0.0001     1     0.0001    12     0.0000     1 
Reduction       Tmax    0.0008    14     0.0002    14     0.0001     6     0.0000    12 
Reduction       Tmid    0.0006           0.0001           0.0001           0.0000       
Remote access   Tmin    0.0003     5     0.0001     3     0.0001    16     0.0000     2 
Remote access   Tmax    0.0008    14     0.0009    14     0.0004     5     0.0000     1 
Remote access   Tmid    0.0005           0.0005           0.0002           0.0000       
--- The execution characteristics --- 
                                1          2          3          4          5          6          7          8          9         10         11         12         13         14         15         16 
Lost time                  0.0099     0.0100     0.0100     0.0100     0.0100     0.0099     0.0099     0.0100     0.0099     0.0098     0.0098     0.0098     0.0101     0.0101     0.0099     0.0100 
User insufficient par.     0.0064     0.0047     0.0047     0.0047     0.0048     0.0072     0.0072     0.0054     0.0061     0.0079     0.0080     0.0076     0.0045     0.0044     0.0066     0.0055 
Sys.insufficient par.      0.0011     0.0009     0.0009     0.0009     0.0009     0.0009     0.0009     0.0009     0.0009     0.0009     0.0009     0.0009     0.0007     0.0006     0.0007     0.0008 
Idle time                  0.0016     0.0034     0.0034     0.0034     0.0034     0.0008     0.0008     0.0027     0.0020     0.0000     0.0000     0.0004     0.0034     0.0035     0.0012     0.0023 
Communication              0.0008     0.0009     0.0010     0.0010     0.0009     0.0010     0.0009     0.0010     0.0010     0.0010     0.0010     0.0010     0.0014     0.0016     0.0015     0.0013 
Synchronization            0.0003     0.0004     0.0003     0.0004     0.0008     0.0009     0.0008     0.0008     0.0008     0.0008     0.0008     0.0008     0.0011     0.0012     0.0011     0.0009 
Variation                  0.0002     0.0006     0.0005     0.0005     0.0007     0.0007     0.0007     0.0006     0.0006     0.0006     0.0006     0.0005     0.0006     0.0006     0.0005     0.0005 
Overlap                    0.0000     0.0000     0.0000     0.0000     0.0000     0.0000     0.0000     0.0000     0.0000     0.0000     0.0000     0.0000     0.0000     0.0000     0.0000     0.0000 
Load imbalance             0.0001     0.0002     0.0002     0.0002     0.0002     0.0001     0.0000     0.0002     0.0001     0.0000     0.0000     0.0000     0.0003     0.0003     0.0001     0.0002 
Execution time             0.0089     0.0070     0.0070     0.0070     0.0070     0.0097     0.0097     0.0077     0.0085     0.0105     0.0105     0.0101     0.0070     0.0070     0.0093     0.0081 
User CPU time              0.0005     0.0004     0.0004     0.0004     0.0004     0.0005     0.0005     0.0004     0.0005     0.0006     0.0006     0.0006     0.0004     0.0003     0.0005     0.0004 
Sys. CPU time              0.0001     0.0001     0.0001     0.0001     0.0001     0.0001     0.0001     0.0001     0.0001     0.0001     0.0001     0.0001     0.0000     0.0000     0.0000     0.0001 
I/O time                   0.0000     0.0000     0.0000     0.0000     0.0000     0.0000     0.0000     0.0000     0.0000     0.0000     0.0000     0.0000     0.0000     0.0000     0.0000     0.0000 
Processors                     16         16         16         16         16         16         16         16         16         16         16         16         16         16         16         16 
           Communication          
Reduction                  0.0003     0.0005     0.0004     0.0005     0.0006     0.0006     0.0005     0.0006     0.0005     0.0005     0.0005     0.0005     0.0007     0.0008     0.0007     0.0007 
Remote access              0.0005     0.0004     0.0006     0.0005     0.0003     0.0004     0.0004     0.0004     0.0004     0.0005     0.0005     0.0005     0.0007     0.0008     0.0008     0.0007 
           Synchronization        
I/O                        0.0001     0.0001     0.0001     0.0001     0.0001     0.0001     0.0001     0.0001     0.0001     0.0001     0.0001     0.0001     0.0001     0.0001     0.0001     0.0001 
Reduction                  0.0001     0.0001     0.0001     0.0001     0.0001     0.0001     0.0001     0.0001     0.0001     0.0001     0.0001     0.0001     0.0002     0.0002     0.0001     0.0001 
Remote access              0.0001     0.0003     0.0001     0.0002     0.0006     0.0006     0.0006     0.0006     0.0006     0.0006     0.0006     0.0006     0.0008     0.0009     0.0008     0.0007 
           Variation              
I/O                        0.0000     0.0003     0.0003     0.0003     0.0003     0.0003     0.0003     0.0003     0.0003     0.0003     0.0003     0.0003     0.0003     0.0003     0.0003     0.0003 
Reduction                  0.0001     0.0001     0.0001     0.0001     0.0001     0.0001     0.0001     0.0001     0.0001     0.0001     0.0001     0.0001     0.0001     0.0001     0.0001     0.0001 
Remote access              0.0001     0.0002     0.0001     0.0002     0.0004     0.0003     0.0003     0.0003     0.0003     0.0002     0.0002     0.0002     0.0002     0.0001     0.0001     0.0001 
           Overlap                
Reduction                  0.0000     0.0000     0.0000     0.0000     0.0000     0.0000     0.0000     0.0000     0.0000     0.0000     0.0000     0.0000     0.0000     0.0000     0.0000     0.0000 
Remote access              0.0000     0.0000     0.0000     0.0000     0.0000     0.0000     0.0000     0.0000     0.0000     0.0000     0.0000     0.0000     0.0000     0.0000     0.0000     0.0000 


-------------------------------------------------------------------------
Name (number) and performance time of processors
omp.keldysh.ru(1) 0.933949
omp.keldysh.ru(2) 0.933872
omp.keldysh.ru(3) 0.956843
omp.keldysh.ru(4) 0.957087
omp.keldysh.ru(5) 0.956096
omp.keldysh.ru(6) 0.956054
omp.keldysh.ru(7) 0.958066
omp.keldysh.ru(8) 0.958062
omp.keldysh.ru(9) 0.954692
omp.keldysh.ru(10) 0.954994
omp.keldysh.ru(11) 0.953401
omp.keldysh.ru(12) 0.953405
omp.keldysh.ru(13) 0.953578
omp.keldysh.ru(14) 0.953590
omp.keldysh.ru(15) 0.955645
omp.keldysh.ru(16) 0.955616
min - omp.keldysh.ru(2) 0.933872; max - omp.keldysh.ru(7) 0.958066; mid - 0.952809
