Processor system=3*2*3
Statistics has been accumulated on DVM-system version 5.0, platform DVM
Analyzer is executing on DVM-system version 5.0, platform DVM
-------------------------------------------------------------------------
INTERVAL ( NLINE=5 SOURCE=realign33.f ) LEVEL=0  EXE_COUNT=2
--- The main characteristics --- 
Parallelization efficiency      0.0757 
Execution time                  0.0056 
Processors                          18
Threads amount                      18
Total time                      0.1008
Productive time                 0.0076 ( CPU= 0.0071 Sys= 0.0005 I/O= 0.0000 )
Lost  time                      0.0932 
   Insufficient parallelism     0.0812 ( User= 0.0725 Sys= 0.0087 )
   Communication                0.0080 ( Real_sync= 0.0000 Starts= 0.0000 )
   Idle time                    0.0039
Load imbalance                  0.0008
Synchronization                 0.0046
Time variation                  0.0085
Overlap                         0.0000
                  Nop   Communic    Synchro  Variation    Overlap 
I/O                 9     0.0000     0.0008     0.0033     0.0000 
Reduction           6     0.0067     0.0002     0.0001     0.0000 
Remote access      10     0.0000     0.0009     0.0010     0.0000 
Redistribution      6     0.0013     0.0027     0.0041     0.0000 
--- The comparative characteristics --- 
                              Tmin N proc      Tmax N proc      Tmid
Lost time                   0.0051     7     0.0053     6     0.0052 
User insufficient par.      0.0027    11     0.0043     7     0.0040 
Sys.insufficient par.       0.0004    17     0.0007     1     0.0005 
Idle time                   0.0000    18     0.0017    11     0.0002 
Communication               0.0002     1     0.0008    18     0.0004 
Synchronization             0.0001     1     0.0005    17     0.0003 
Variation                   0.0001     1     0.0008    17     0.0005 
Overlap                     0.0000    14     0.0000    11     0.0000 
Load imbalance              0.0000     7     0.0001     6     0.0000 
Execution time              0.0039    11     0.0056    18     0.0054 
User CPU time               0.0003     6     0.0004     7     0.0004 
Sys. CPU time               0.0000    17     0.0000     7     0.0000 
I/O time                    0.0000    13     0.0000     1     0.0000 
Processors                      18     1         18    18         18 
                      Communic          Synchro        Variation          Overlap  
I/O             Tmin    0.0000     1     0.0000    15     0.0000     1     0.0000     1 
I/O             Tmax    0.0000    18     0.0001    18     0.0002    18     0.0000    18 
I/O             Tmid    0.0000           0.0000           0.0002           0.0000       
Reduction       Tmin    0.0001     1     0.0000    11     0.0000    11     0.0000    14 
Reduction       Tmax    0.0007    17     0.0000     5     0.0000    18     0.0000    11 
Reduction       Tmid    0.0004           0.0000           0.0000           0.0000       
Remote access   Tmin    0.0000     1     0.0000     2     0.0000     2     0.0000     1 
Remote access   Tmax    0.0000    18     0.0001    17     0.0001    17     0.0000    18 
Remote access   Tmid    0.0000           0.0000           0.0001           0.0000       
Redistribution  Tmin    0.0000    16     0.0000     1     0.0000     1     0.0000     1 
Redistribution  Tmax    0.0001     8     0.0003    18     0.0004    17     0.0000    18 
Redistribution  Tmid    0.0001           0.0002           0.0002           0.0000       
--- The execution characteristics --- 
                                1          2          3          4          5          6          7          8          9         10         11         12         13         14         15         16         17         18 
Lost time                  0.0051     0.0051     0.0052     0.0051     0.0051     0.0053     0.0051     0.0051     0.0052     0.0051     0.0052     0.0052     0.0052     0.0052     0.0052     0.0052     0.0052     0.0052 
User insufficient par.     0.0043     0.0043     0.0042     0.0042     0.0042     0.0027     0.0043     0.0043     0.0043     0.0042     0.0027     0.0042     0.0042     0.0042     0.0041     0.0041     0.0041     0.0041 
Sys.insufficient par.      0.0007     0.0005     0.0005     0.0005     0.0005     0.0005     0.0005     0.0005     0.0005     0.0005     0.0005     0.0005     0.0005     0.0005     0.0005     0.0005     0.0004     0.0004 
Idle time                  0.0000     0.0000     0.0000     0.0000     0.0001     0.0017     0.0000     0.0000     0.0000     0.0000     0.0017     0.0001     0.0001     0.0001     0.0001     0.0001     0.0000     0.0000 
Communication              0.0002     0.0003     0.0004     0.0004     0.0004     0.0004     0.0003     0.0003     0.0004     0.0004     0.0004     0.0004     0.0005     0.0005     0.0005     0.0005     0.0008     0.0008 
Synchronization            0.0001     0.0002     0.0003     0.0002     0.0002     0.0003     0.0002     0.0002     0.0003     0.0002     0.0002     0.0003     0.0003     0.0003     0.0002     0.0002     0.0005     0.0005 
Variation                  0.0001     0.0003     0.0005     0.0005     0.0004     0.0005     0.0004     0.0003     0.0005     0.0005     0.0004     0.0005     0.0005     0.0005     0.0005     0.0005     0.0008     0.0008 
Overlap                    0.0000     0.0000     0.0000     0.0000     0.0000     0.0000     0.0000     0.0000     0.0000     0.0000     0.0000     0.0000     0.0000     0.0000     0.0000     0.0000     0.0000     0.0000 
Load imbalance             0.0000     0.0000     0.0000     0.0000     0.0000     0.0001     0.0000     0.0000     0.0001     0.0000     0.0001     0.0000     0.0001     0.0000     0.0001     0.0001     0.0001     0.0001 
Execution time             0.0056     0.0056     0.0056     0.0056     0.0055     0.0039     0.0056     0.0056     0.0056     0.0056     0.0039     0.0055     0.0055     0.0055     0.0055     0.0055     0.0056     0.0056 
User CPU time              0.0004     0.0004     0.0004     0.0004     0.0004     0.0003     0.0004     0.0004     0.0004     0.0004     0.0003     0.0004     0.0004     0.0004     0.0004     0.0004     0.0004     0.0004 
Sys. CPU time              0.0000     0.0000     0.0000     0.0000     0.0000     0.0000     0.0000     0.0000     0.0000     0.0000     0.0000     0.0000     0.0000     0.0000     0.0000     0.0000     0.0000     0.0000 
I/O time                   0.0000     0.0000     0.0000     0.0000     0.0000     0.0000     0.0000     0.0000     0.0000     0.0000     0.0000     0.0000     0.0000     0.0000     0.0000     0.0000     0.0000     0.0000 
Processors                     18         18         18         18         18         18         18         18         18         18         18         18         18         18         18         18         18         18 
           Communication          
Reduction                  0.0001     0.0002     0.0004     0.0004     0.0003     0.0004     0.0002     0.0002     0.0004     0.0004     0.0003     0.0004     0.0005     0.0004     0.0005     0.0005     0.0007     0.0007 
Redistribution             0.0001     0.0001     0.0001     0.0000     0.0001     0.0001     0.0001     0.0001     0.0001     0.0000     0.0001     0.0001     0.0000     0.0000     0.0001     0.0000     0.0000     0.0001 
           Synchronization        
I/O                        0.0000     0.0000     0.0000     0.0001     0.0001     0.0000     0.0001     0.0000     0.0001     0.0000     0.0000     0.0000     0.0000     0.0000     0.0000     0.0000     0.0001     0.0001 
Reduction                  0.0000     0.0000     0.0000     0.0000     0.0000     0.0000     0.0000     0.0000     0.0000     0.0000     0.0000     0.0000     0.0000     0.0000     0.0000     0.0000     0.0000     0.0000 
Remote access              0.0000     0.0000     0.0000     0.0000     0.0001     0.0001     0.0000     0.0000     0.0001     0.0001     0.0000     0.0000     0.0001     0.0001     0.0000     0.0000     0.0001     0.0001 
Redistribution             0.0000     0.0001     0.0002     0.0001     0.0001     0.0002     0.0001     0.0001     0.0002     0.0001     0.0001     0.0002     0.0002     0.0002     0.0002     0.0001     0.0003     0.0003 
           Variation              
I/O                        0.0000     0.0002     0.0002     0.0002     0.0002     0.0002     0.0002     0.0002     0.0002     0.0002     0.0002     0.0002     0.0002     0.0002     0.0002     0.0002     0.0002     0.0002 
Reduction                  0.0000     0.0000     0.0000     0.0000     0.0000     0.0000     0.0000     0.0000     0.0000     0.0000     0.0000     0.0000     0.0000     0.0000     0.0000     0.0000     0.0000     0.0000 
Remote access              0.0000     0.0000     0.0000     0.0000     0.0001     0.0001     0.0001     0.0000     0.0001     0.0001     0.0000     0.0000     0.0001     0.0001     0.0000     0.0000     0.0001     0.0001 
Redistribution             0.0000     0.0001     0.0003     0.0002     0.0001     0.0002     0.0001     0.0001     0.0002     0.0002     0.0001     0.0002     0.0003     0.0003     0.0003     0.0003     0.0004     0.0004 
           Overlap                
Reduction                  0.0000     0.0000     0.0000     0.0000     0.0000     0.0000     0.0000     0.0000     0.0000     0.0000     0.0000     0.0000     0.0000     0.0000     0.0000     0.0000     0.0000     0.0000 


-------------------------------------------------------------------------
Name (number) and performance time of processors
omp.keldysh.ru(1) 0.935472
omp.keldysh.ru(2) 0.935418
omp.keldysh.ru(3) 0.955376
omp.keldysh.ru(4) 0.955423
omp.keldysh.ru(5) 0.955658
omp.keldysh.ru(6) 0.955659
omp.keldysh.ru(7) 0.954430
omp.keldysh.ru(8) 0.954802
omp.keldysh.ru(9) 0.956243
omp.keldysh.ru(10) 0.956263
omp.keldysh.ru(11) 0.955996
omp.keldysh.ru(12) 0.955992
omp.keldysh.ru(13) 0.958446
omp.keldysh.ru(14) 0.958455
omp.keldysh.ru(15) 0.950870
omp.keldysh.ru(16) 0.950873
omp.keldysh.ru(17) 0.955877
omp.keldysh.ru(18) 0.955876
min - omp.keldysh.ru(2) 0.935418; max - omp.keldysh.ru(14) 0.958455; mid - 0.953174
