Processor system=1*2*4*2
Statistics has been accumulated on DVM-system version 5.0, platform DVM
Analyzer is executing on DVM-system version 5.0, platform DVM
-------------------------------------------------------------------------
INTERVAL ( NLINE=8 SOURCE=red41.f ) LEVEL=0  EXE_COUNT=1
--- The main characteristics --- 
Parallelization efficiency      0.0787 
Execution time                  0.0114 
Processors                          16
Threads amount                      16
Total time                      0.1828
Productive time                 0.0144 ( CPU= 0.0134 Sys= 0.0009 I/O= 0.0000 )
Lost  time                      0.1685 
   Insufficient parallelism     0.1322 ( User= 0.1178 Sys= 0.0144 )
   Communication                0.0126 ( Real_sync= 0.0000 Starts= 0.0000 )
   Idle time                    0.0237
Load imbalance                  0.0022
Synchronization                 0.0084
Time variation                  0.0069
Overlap                         0.0000
                  Nop   Communic    Synchro  Variation    Overlap 
I/O                16     0.0000     0.0009     0.0039     0.0000 
Reduction          14     0.0080     0.0015     0.0005     0.0000 
Remote access      36     0.0046     0.0060     0.0025     0.0000 
--- The comparative characteristics --- 
                              Tmin N proc      Tmax N proc      Tmid
Lost time                   0.0104     6     0.0107    15     0.0105 
User insufficient par.      0.0061    15     0.0089     5     0.0074 
Sys.insufficient par.       0.0007    15     0.0012     1     0.0009 
Idle time                   0.0000     5     0.0023    15     0.0015 
Communication               0.0005     7     0.0017    15     0.0008 
Synchronization             0.0002     1     0.0011    15     0.0005 
Variation                   0.0001     1     0.0006     3     0.0004 
Overlap                     0.0000     2     0.0000     7     0.0000 
Load imbalance              0.0000     6     0.0003    15     0.0001 
Execution time              0.0092    15     0.0114     5     0.0099 
User CPU time               0.0007    15     0.0010     6     0.0008 
Sys. CPU time               0.0000    15     0.0001     2     0.0001 
I/O time                    0.0000    16     0.0000     1     0.0000 
Processors                      16     1         16    16         16 
                      Communic          Synchro        Variation          Overlap  
I/O             Tmin    0.0000     1     0.0000     8     0.0000     1     0.0000     1 
I/O             Tmax    0.0000    16     0.0001    13     0.0003    15     0.0000    16 
I/O             Tmid    0.0000           0.0001           0.0002           0.0000       
Reduction       Tmin    0.0003     1     0.0000     8     0.0000     8     0.0000     1 
Reduction       Tmax    0.0009    15     0.0002    14     0.0001     1     0.0000     7 
Reduction       Tmid    0.0005           0.0001           0.0000           0.0000       
Remote access   Tmin    0.0001     4     0.0001     1     0.0001     1     0.0000     2 
Remote access   Tmax    0.0008    15     0.0008    15     0.0002     2     0.0000     1 
Remote access   Tmid    0.0003           0.0004           0.0002           0.0000       
--- The execution characteristics --- 
                                1          2          3          4          5          6          7          8          9         10         11         12         13         14         15         16 
Lost time                  0.0105     0.0105     0.0105     0.0105     0.0104     0.0104     0.0105     0.0105     0.0104     0.0104     0.0105     0.0105     0.0107     0.0107     0.0107     0.0106 
User insufficient par.     0.0072     0.0074     0.0068     0.0068     0.0089     0.0089     0.0069     0.0082     0.0085     0.0086     0.0069     0.0078     0.0062     0.0062     0.0061     0.0063 
Sys.insufficient par.      0.0012     0.0010     0.0009     0.0009     0.0009     0.0009     0.0009     0.0009     0.0009     0.0009     0.0009     0.0009     0.0007     0.0007     0.0007     0.0008 
Idle time                  0.0016     0.0016     0.0022     0.0022     0.0000     0.0000     0.0022     0.0008     0.0004     0.0004     0.0022     0.0012     0.0022     0.0022     0.0023     0.0022 
Communication              0.0006     0.0006     0.0006     0.0005     0.0005     0.0006     0.0005     0.0005     0.0006     0.0006     0.0005     0.0005     0.0015     0.0016     0.0017     0.0013 
Synchronization            0.0002     0.0004     0.0005     0.0004     0.0004     0.0004     0.0003     0.0003     0.0004     0.0003     0.0003     0.0004     0.0010     0.0011     0.0011     0.0008 
Variation                  0.0001     0.0005     0.0006     0.0005     0.0005     0.0005     0.0004     0.0004     0.0004     0.0004     0.0004     0.0004     0.0004     0.0004     0.0004     0.0004 
Overlap                    0.0000     0.0000     0.0000     0.0000     0.0000     0.0000     0.0000     0.0000     0.0000     0.0000     0.0000     0.0000     0.0000     0.0000     0.0000     0.0000 
Load imbalance             0.0002     0.0001     0.0001     0.0002     0.0000     0.0000     0.0002     0.0001     0.0000     0.0000     0.0001     0.0001     0.0003     0.0003     0.0003     0.0003 
Execution time             0.0099     0.0099     0.0092     0.0092     0.0114     0.0114     0.0092     0.0106     0.0110     0.0110     0.0092     0.0103     0.0092     0.0092     0.0092     0.0092 
User CPU time              0.0008     0.0009     0.0008     0.0008     0.0010     0.0010     0.0008     0.0009     0.0009     0.0009     0.0008     0.0009     0.0007     0.0007     0.0007     0.0007 
Sys. CPU time              0.0001     0.0001     0.0001     0.0001     0.0001     0.0001     0.0001     0.0001     0.0001     0.0001     0.0001     0.0001     0.0000     0.0000     0.0000     0.0001 
I/O time                   0.0000     0.0000     0.0000     0.0000     0.0000     0.0000     0.0000     0.0000     0.0000     0.0000     0.0000     0.0000     0.0000     0.0000     0.0000     0.0000 
Processors                     16         16         16         16         16         16         16         16         16         16         16         16         16         16         16         16 
           Communication          
Reduction                  0.0003     0.0004     0.0004     0.0004     0.0004     0.0004     0.0004     0.0004     0.0004     0.0004     0.0003     0.0003     0.0008     0.0009     0.0009     0.0007 
Remote access              0.0003     0.0001     0.0001     0.0001     0.0002     0.0002     0.0001     0.0001     0.0002     0.0002     0.0002     0.0002     0.0007     0.0007     0.0008     0.0005 
           Synchronization        
I/O                        0.0001     0.0001     0.0001     0.0001     0.0001     0.0001     0.0000     0.0000     0.0000     0.0000     0.0000     0.0000     0.0001     0.0001     0.0001     0.0001 
Reduction                  0.0001     0.0001     0.0001     0.0001     0.0001     0.0001     0.0000     0.0000     0.0001     0.0000     0.0001     0.0001     0.0002     0.0002     0.0002     0.0002 
Remote access              0.0001     0.0003     0.0003     0.0003     0.0003     0.0003     0.0002     0.0003     0.0003     0.0003     0.0003     0.0003     0.0007     0.0008     0.0008     0.0006 
           Variation              
I/O                        0.0000     0.0002     0.0003     0.0003     0.0003     0.0003     0.0002     0.0002     0.0002     0.0002     0.0003     0.0003     0.0003     0.0003     0.0003     0.0003 
Reduction                  0.0001     0.0000     0.0001     0.0000     0.0000     0.0000     0.0000     0.0000     0.0000     0.0000     0.0000     0.0000     0.0000     0.0000     0.0000     0.0000 
Remote access              0.0001     0.0002     0.0002     0.0002     0.0002     0.0002     0.0002     0.0002     0.0001     0.0001     0.0001     0.0001     0.0001     0.0001     0.0001     0.0001 
           Overlap                
Reduction                  0.0000     0.0000     0.0000     0.0000     0.0000     0.0000     0.0000     0.0000     0.0000     0.0000     0.0000     0.0000     0.0000     0.0000     0.0000     0.0000 
Remote access              0.0000     0.0000     0.0000     0.0000     0.0000     0.0000     0.0000     0.0000     0.0000     0.0000     0.0000     0.0000     0.0000     0.0000     0.0000     0.0000 


-------------------------------------------------------------------------
Name (number) and performance time of processors
omp.keldysh.ru(1) 0.933889
omp.keldysh.ru(2) 0.933838
omp.keldysh.ru(3) 0.958514
omp.keldysh.ru(4) 0.958518
omp.keldysh.ru(5) 0.955567
omp.keldysh.ru(6) 0.955556
omp.keldysh.ru(7) 0.933897
omp.keldysh.ru(8) 0.933857
omp.keldysh.ru(9) 0.954706
omp.keldysh.ru(10) 0.954995
omp.keldysh.ru(11) 0.959369
omp.keldysh.ru(12) 0.959366
omp.keldysh.ru(13) 0.952534
omp.keldysh.ru(14) 0.952533
omp.keldysh.ru(15) 0.955760
omp.keldysh.ru(16) 0.955747
min - omp.keldysh.ru(2) 0.933838; max - omp.keldysh.ru(11) 0.959369; mid - 0.950540
