Processor system=6*3*1*1
Statistics has been accumulated on DVM-system version 5.0, platform DVM
Analyzer is executing on DVM-system version 5.0, platform DVM
-------------------------------------------------------------------------
INTERVAL ( NLINE=7 SOURCE=acr42.f ) LEVEL=0  EXE_COUNT=2
--- The main characteristics --- 
Parallelization efficiency      0.0529 
Execution time                  0.8857 
Processors                          18
Threads amount                      18
Total time                     15.9419
Productive time                 0.8427 ( CPU= 0.8369 Sys= 0.0058 I/O= 0.0000 )
Lost  time                     15.0992 
   Insufficient parallelism    14.3262 ( User= 14.2274 Sys= 0.0988 )
   Communication                0.0046 ( Real_sync= 0.0000 Starts= 0.0000 )
   Idle time                    0.7684
Load imbalance                  0.0424
Synchronization                 4.3887
Time variation                  4.3908
Overlap                         0.0039
                  Nop   Communic    Synchro  Variation    Overlap 
I/O                12     0.0000     1.4190     1.4211     0.0000 
Reduction          10     0.0046     0.7098     0.7097     0.0000 
Shadow             28     0.0000     2.2600     2.2599     0.0039 
--- The comparative characteristics --- 
                              Tmin N proc      Tmax N proc      Tmid
Lost time                   0.8365     1     0.8546    17     0.8388 
User insufficient par.      0.5263    17     0.8288     1     0.7904 
Sys.insufficient par.       0.0025    18     0.0074     1     0.0055 
Idle time                   0.0000     1     0.3253    17     0.0427 
Communication               0.0002    16     0.0004    17     0.0003 
Synchronization             0.0002    15     1.9669    17     0.2438 
Variation                   0.0004    15     1.9670    17     0.2439 
Overlap                     0.0000    17     0.0006    15     0.0002 
Load imbalance              0.0000     1     0.0181    17     0.0024 
Execution time              0.5603    17     0.8857     1     0.8430 
User CPU time               0.0310    17     0.0488     1     0.0465 
Sys. CPU time               0.0001    18     0.0004     6     0.0003 
I/O time                    0.0000    11     0.0000     1     0.0000 
Processors                      18     1         18    18         18 
                      Communic          Synchro        Variation          Overlap  
I/O             Tmin    0.0000     1     0.0001    15     0.0002    15     0.0000     1 
I/O             Tmax    0.0000    18     0.6514    17     0.6515    17     0.0000    18 
I/O             Tmid    0.0000           0.0788           0.0790           0.0000       
Reduction       Tmin    0.0002    16     0.0000    15     0.0000    15     0.0000     2 
Reduction       Tmax    0.0004    17     0.3284    17     0.3284    17     0.0000     1 
Reduction       Tmid    0.0003           0.0394           0.0394           0.0000       
Shadow          Tmin    0.0000     1     0.0001    15     0.0001    15     0.0000    17 
Shadow          Tmax    0.0000    18     0.9872    17     0.9872    17     0.0006    15 
Shadow          Tmid    0.0000           0.1256           0.1256           0.0002       
--- The execution characteristics --- 
                                1          2          3          4          5          6          7          8          9         10         11         12         13         14         15         16         17         18 
Lost time                  0.8365     0.8367     0.8369     0.8369     0.8366     0.8365     0.8375     0.8373     0.8375     0.8373     0.8367     0.8367     0.8370     0.8370     0.8366     0.8366     0.8546     0.8545 
User insufficient par.     0.8288     0.8256     0.8233     0.8228     0.8263     0.8279     0.8152     0.8188     0.8149     0.8189     0.8260     0.8255     0.8225     0.8231     0.8268     0.8269     0.5263     0.5278 
Sys.insufficient par.      0.0074     0.0070     0.0056     0.0057     0.0071     0.0072     0.0042     0.0037     0.0039     0.0037     0.0069     0.0071     0.0052     0.0049     0.0069     0.0072     0.0025     0.0025 
Idle time                  0.0000     0.0038     0.0078     0.0082     0.0030     0.0011     0.0178     0.0145     0.0185     0.0145     0.0034     0.0039     0.0091     0.0087     0.0027     0.0023     0.3253     0.3239 
Communication              0.0002     0.0002     0.0002     0.0003     0.0002     0.0002     0.0003     0.0003     0.0003     0.0002     0.0003     0.0002     0.0002     0.0002     0.0002     0.0002     0.0004     0.0004 
Synchronization            0.0118     0.0125     0.0238     0.0258     0.0116     0.0115     0.0696     0.0586     0.0805     0.0623     0.0155     0.0158     0.0439     0.0423     0.0002     0.0022     1.9669     1.9337 
Variation                  0.0117     0.0127     0.0240     0.0260     0.0118     0.0116     0.0697     0.0588     0.0807     0.0624     0.0157     0.0159     0.0440     0.0424     0.0004     0.0023     1.9670     1.9338 
Overlap                    0.0003     0.0002     0.0002     0.0002     0.0002     0.0002     0.0002     0.0002     0.0002     0.0002     0.0002     0.0002     0.0002     0.0002     0.0006     0.0004     0.0000     0.0000 
Load imbalance             0.0000     0.0002     0.0004     0.0004     0.0002     0.0000     0.0010     0.0008     0.0010     0.0008     0.0002     0.0002     0.0005     0.0005     0.0001     0.0001     0.0181     0.0180 
Execution time             0.8857     0.8818     0.8778     0.8774     0.8826     0.8845     0.8678     0.8712     0.8672     0.8712     0.8822     0.8818     0.8766     0.8770     0.8830     0.8834     0.5603     0.5618 
User CPU time              0.0488     0.0486     0.0484     0.0484     0.0486     0.0487     0.0480     0.0482     0.0479     0.0482     0.0486     0.0486     0.0484     0.0484     0.0486     0.0486     0.0310     0.0310 
Sys. CPU time              0.0004     0.0004     0.0003     0.0003     0.0004     0.0004     0.0002     0.0002     0.0002     0.0002     0.0004     0.0004     0.0003     0.0003     0.0004     0.0004     0.0001     0.0001 
I/O time                   0.0000     0.0000     0.0000     0.0000     0.0000     0.0000     0.0000     0.0000     0.0000     0.0000     0.0000     0.0000     0.0000     0.0000     0.0000     0.0000     0.0000     0.0000 
Processors                     18         18         18         18         18         18         18         18         18         18         18         18         18         18         18         18         18         18 
           Communication          
Reduction                  0.0002     0.0002     0.0002     0.0003     0.0002     0.0002     0.0003     0.0003     0.0003     0.0002     0.0003     0.0002     0.0002     0.0002     0.0002     0.0002     0.0004     0.0004 
           Synchronization        
I/O                        0.0011     0.0015     0.0051     0.0053     0.0012     0.0010     0.0218     0.0184     0.0254     0.0198     0.0022     0.0020     0.0101     0.0099     0.0001     0.0002     0.6514     0.6426 
Reduction                  0.0010     0.0011     0.0025     0.0024     0.0011     0.0009     0.0088     0.0072     0.0111     0.0081     0.0018     0.0017     0.0055     0.0053     0.0000     0.0002     0.3284     0.3227 
Shadow                     0.0096     0.0099     0.0163     0.0182     0.0093     0.0096     0.0390     0.0330     0.0441     0.0345     0.0116     0.0120     0.0284     0.0271     0.0001     0.0018     0.9872     0.9683 
           Variation              
I/O                        0.0010     0.0016     0.0052     0.0054     0.0014     0.0011     0.0219     0.0185     0.0256     0.0199     0.0023     0.0022     0.0102     0.0100     0.0002     0.0003     0.6515     0.6428 
Reduction                  0.0010     0.0011     0.0025     0.0024     0.0011     0.0009     0.0088     0.0072     0.0110     0.0081     0.0018     0.0017     0.0055     0.0053     0.0000     0.0002     0.3284     0.3227 
Shadow                     0.0096     0.0099     0.0163     0.0182     0.0093     0.0096     0.0390     0.0330     0.0441     0.0345     0.0116     0.0120     0.0284     0.0271     0.0001     0.0018     0.9872     0.9683 
           Overlap                
Reduction                  0.0000     0.0000     0.0000     0.0000     0.0000     0.0000     0.0000     0.0000     0.0000     0.0000     0.0000     0.0000     0.0000     0.0000     0.0000     0.0000     0.0000     0.0000 
Shadow                     0.0003     0.0002     0.0002     0.0002     0.0002     0.0002     0.0002     0.0002     0.0002     0.0002     0.0002     0.0002     0.0002     0.0002     0.0006     0.0004     0.0000     0.0000 


-------------------------------------------------------------------------
Name (number) and performance time of processors
omp.keldysh.ru(1) 0.933809
omp.keldysh.ru(2) 0.933688
omp.keldysh.ru(3) 0.956094
omp.keldysh.ru(4) 0.956116
omp.keldysh.ru(5) 0.933970
omp.keldysh.ru(6) 0.933627
omp.keldysh.ru(7) 0.956075
omp.keldysh.ru(8) 0.956052
omp.keldysh.ru(9) 0.958289
omp.keldysh.ru(10) 0.958287
omp.keldysh.ru(11) 0.958309
omp.keldysh.ru(12) 0.958282
omp.keldysh.ru(13) 0.957005
omp.keldysh.ru(14) 0.956956
omp.keldysh.ru(15) 0.958113
omp.keldysh.ru(16) 0.958109
omp.keldysh.ru(17) 0.957702
omp.keldysh.ru(18) 0.957701
min - omp.keldysh.ru(6) 0.933627; max - omp.keldysh.ru(11) 0.958309; mid - 0.952121
