Processor system=3*1*6
Statistics has been accumulated on DVM-system version 5.0, platform DVM
Analyzer is executing on DVM-system version 5.0, platform DVM
-------------------------------------------------------------------------
INTERVAL ( NLINE=7 SOURCE=sc32.f ) LEVEL=0  EXE_COUNT=2
--- The main characteristics --- 
Parallelization efficiency      0.0938 
Execution time                  0.0843 
Processors                          18
Threads amount                      18
Total time                      1.5167
Productive time                 0.1422 ( CPU= 0.1392 Sys= 0.0030 I/O= 0.0000 )
Lost  time                      1.3745 
   Insufficient parallelism     1.1615 ( User= 1.1107 Sys= 0.0508 )
   Communication                0.1771 ( Real_sync= 0.0000 Starts= 0.0000 )
   Idle time                    0.0359
Load imbalance                  0.0290
Synchronization                 0.0251
Time variation                  0.0279
Overlap                         0.0000
                  Nop   Communic    Synchro  Variation    Overlap 
I/O                12     0.0000     0.0184     0.0212     0.0000 
Reduction          10     0.1771     0.0067     0.0067     0.0000 
--- The comparative characteristics --- 
                              Tmin N proc      Tmax N proc      Tmid
Lost time                   0.0748    11     0.0797    18     0.0764 
User insufficient par.      0.0378    18     0.0714     8     0.0617 
Sys.insufficient par.       0.0016    18     0.0032    10     0.0028 
Idle time                   0.0000     8     0.0045    18     0.0020 
Communication               0.0003     8     0.0362    17     0.0098 
Synchronization             0.0002     8     0.0035    18     0.0014 
Variation                   0.0004     8     0.0037    18     0.0015 
Overlap                     0.0000     3     0.0000     2     0.0000 
Load imbalance              0.0000    11     0.0049    18     0.0016 
Execution time              0.0797    18     0.0843     8     0.0823 
User CPU time               0.0045    18     0.0093    11     0.0077 
Sys. CPU time               0.0001    18     0.0002    10     0.0002 
I/O time                    0.0000     9     0.0000     1     0.0000 
Processors                      18     1         18    18         18 
                      Communic          Synchro        Variation          Overlap  
I/O             Tmin    0.0000     1     0.0002     8     0.0003     8     0.0000     1 
I/O             Tmax    0.0000    18     0.0030    18     0.0031    18     0.0000    18 
I/O             Tmid    0.0000           0.0010           0.0012           0.0000       
Reduction       Tmin    0.0003     8     0.0000     2     0.0000     2     0.0000     3 
Reduction       Tmax    0.0362    17     0.0005    10     0.0005    10     0.0000     2 
Reduction       Tmid    0.0098           0.0004           0.0004           0.0000       
--- The execution characteristics --- 
                                1          2          3          4          5          6          7          8          9         10         11         12         13         14         15         16         17         18 
Lost time                  0.0764     0.0764     0.0768     0.0767     0.0768     0.0768     0.0748     0.0748     0.0748     0.0749     0.0748     0.0749     0.0767     0.0767     0.0766     0.0765     0.0796     0.0797 
User insufficient par.     0.0640     0.0632     0.0588     0.0599     0.0608     0.0598     0.0714     0.0714     0.0698     0.0697     0.0713     0.0700     0.0610     0.0612     0.0604     0.0612     0.0391     0.0378 
Sys.insufficient par.      0.0030     0.0030     0.0028     0.0028     0.0029     0.0022     0.0031     0.0031     0.0032     0.0032     0.0031     0.0030     0.0028     0.0029     0.0028     0.0027     0.0028     0.0016 
Idle time                  0.0000     0.0000     0.0045     0.0034     0.0015     0.0045     0.0000     0.0000     0.0015     0.0015     0.0000     0.0015     0.0015     0.0015     0.0045     0.0038     0.0015     0.0045 
Communication              0.0095     0.0103     0.0106     0.0107     0.0116     0.0103     0.0004     0.0003     0.0004     0.0004     0.0004     0.0004     0.0114     0.0111     0.0089     0.0087     0.0362     0.0358 
Synchronization            0.0011     0.0004     0.0018     0.0020     0.0011     0.0025     0.0005     0.0002     0.0015     0.0015     0.0009     0.0017     0.0011     0.0004     0.0018     0.0020     0.0013     0.0035 
Variation                  0.0010     0.0005     0.0020     0.0021     0.0013     0.0027     0.0007     0.0004     0.0016     0.0016     0.0011     0.0018     0.0012     0.0006     0.0019     0.0021     0.0015     0.0037 
Overlap                    0.0000     0.0000     0.0000     0.0000     0.0000     0.0000     0.0000     0.0000     0.0000     0.0000     0.0000     0.0000     0.0000     0.0000     0.0000     0.0000     0.0000     0.0000 
Load imbalance             0.0017     0.0017     0.0020     0.0020     0.0020     0.0020     0.0001     0.0000     0.0001     0.0001     0.0000     0.0001     0.0020     0.0019     0.0018     0.0017     0.0048     0.0049 
Execution time             0.0843     0.0843     0.0797     0.0808     0.0828     0.0797     0.0843     0.0843     0.0828     0.0828     0.0842     0.0828     0.0827     0.0827     0.0797     0.0805     0.0828     0.0797 
User CPU time              0.0077     0.0076     0.0073     0.0074     0.0073     0.0074     0.0093     0.0093     0.0092     0.0092     0.0093     0.0092     0.0074     0.0074     0.0075     0.0076     0.0045     0.0045 
Sys. CPU time              0.0002     0.0002     0.0002     0.0002     0.0002     0.0001     0.0002     0.0002     0.0002     0.0002     0.0002     0.0002     0.0002     0.0002     0.0002     0.0002     0.0002     0.0001 
I/O time                   0.0000     0.0000     0.0000     0.0000     0.0000     0.0000     0.0000     0.0000     0.0000     0.0000     0.0000     0.0000     0.0000     0.0000     0.0000     0.0000     0.0000     0.0000 
Processors                     18         18         18         18         18         18         18         18         18         18         18         18         18         18         18         18         18         18 
           Communication          
Reduction                  0.0095     0.0103     0.0106     0.0107     0.0116     0.0103     0.0004     0.0003     0.0004     0.0004     0.0004     0.0004     0.0114     0.0111     0.0089     0.0087     0.0362     0.0358 
           Synchronization        
I/O                        0.0008     0.0003     0.0013     0.0014     0.0008     0.0020     0.0003     0.0002     0.0009     0.0009     0.0006     0.0011     0.0008     0.0004     0.0012     0.0014     0.0010     0.0030 
Reduction                  0.0003     0.0000     0.0005     0.0005     0.0003     0.0005     0.0003     0.0000     0.0005     0.0005     0.0003     0.0005     0.0003     0.0000     0.0005     0.0005     0.0003     0.0005 
           Variation              
I/O                        0.0007     0.0005     0.0015     0.0016     0.0010     0.0021     0.0004     0.0003     0.0011     0.0011     0.0007     0.0013     0.0010     0.0006     0.0014     0.0016     0.0011     0.0031 
Reduction                  0.0003     0.0000     0.0005     0.0005     0.0003     0.0005     0.0003     0.0000     0.0005     0.0005     0.0003     0.0005     0.0003     0.0000     0.0005     0.0005     0.0003     0.0005 
           Overlap                
Reduction                  0.0000     0.0000     0.0000     0.0000     0.0000     0.0000     0.0000     0.0000     0.0000     0.0000     0.0000     0.0000     0.0000     0.0000     0.0000     0.0000     0.0000     0.0000 


-------------------------------------------------------------------------
Name (number) and performance time of processors
omp.keldysh.ru(1) 0.935532
omp.keldysh.ru(2) 0.935448
omp.keldysh.ru(3) 0.956280
omp.keldysh.ru(4) 0.956574
omp.keldysh.ru(5) 0.955909
omp.keldysh.ru(6) 0.955875
omp.keldysh.ru(7) 0.958569
omp.keldysh.ru(8) 0.958541
omp.keldysh.ru(9) 0.935388
omp.keldysh.ru(10) 0.935357
omp.keldysh.ru(11) 0.957192
omp.keldysh.ru(12) 0.957181
omp.keldysh.ru(13) 0.958108
omp.keldysh.ru(14) 0.958092
omp.keldysh.ru(15) 0.956422
omp.keldysh.ru(16) 0.956416
omp.keldysh.ru(17) 0.955208
omp.keldysh.ru(18) 0.955198
min - omp.keldysh.ru(10) 0.935357; max - omp.keldysh.ru(7) 0.958569; mid - 0.952072
