Processor system=4*1*1*4
Statistics has been accumulated on DVM-system version 5.0, platform DVM
Analyzer is executing on DVM-system version 5.0, platform DVM
-------------------------------------------------------------------------
INTERVAL ( NLINE=7 SOURCE=acr43.f ) LEVEL=0  EXE_COUNT=1
--- The main characteristics --- 
Parallelization efficiency      0.0596 
Execution time                  2.0890 
Processors                          16
Threads amount                      16
Total time                     33.4233
Productive time                 1.9919 ( CPU= 1.9224 Sys= 0.0694 I/O= 0.0000 )
Lost  time                     31.4314 
   Insufficient parallelism    28.2335 ( User= 27.1917 Sys= 1.0418 )
   Communication                3.1442 ( Real_sync= 0.0000 Starts= 0.0000 )
   Idle time                    0.0537
Load imbalance                  0.1688
Synchronization                 2.9457
Time variation                  1.2982
Overlap                         0.0045
                  Nop   Communic    Synchro  Variation    Overlap 
I/O                11     0.0000     0.0342     0.0369     0.0000 
Reduction           9     0.0198     0.0013     0.0014     0.0000 
Shadow             27     3.1176     2.9102     1.2599     0.0045 
--- The comparative characteristics --- 
                              Tmin N proc      Tmax N proc      Tmid
Lost time                   1.9539     6     1.9919    13     1.9645 
User insufficient par.      1.3433    13     1.8217     5     1.6995 
Sys.insufficient par.       0.0261    15     0.0907     1     0.0651 
Idle time                   0.0000     5     0.0076    13     0.0034 
Communication               0.0469     4     0.6131    13     0.1965 
Synchronization             0.0189     9     0.5541    16     0.1841 
Variation                   0.0303    15     0.1586     4     0.0811 
Overlap                     0.0000    13     0.0005     7     0.0003 
Load imbalance              0.0000     6     0.0380    13     0.0106 
Execution time              2.0814    13     2.0890     5     2.0856 
User CPU time               0.0952    13     0.1294     8     0.1202 
Sys. CPU time               0.0017    15     0.0060     2     0.0043 
I/O time                    0.0000    11     0.0000     1     0.0000 
Processors                      16     1         16    16         16 
                      Communic          Synchro        Variation          Overlap  
I/O             Tmin    0.0000     1     0.0001    10     0.0003    10     0.0000     1 
I/O             Tmax    0.0000    16     0.0055    15     0.0057    15     0.0000    16 
I/O             Tmid    0.0000           0.0021           0.0023           0.0000       
Reduction       Tmin    0.0003     6     0.0001    15     0.0001     3     0.0000     1 
Reduction       Tmax    0.0029    13     0.0001    13     0.0001    13     0.0000    14 
Reduction       Tmid    0.0012           0.0001           0.0001           0.0000       
Shadow          Tmin    0.0454     4     0.0187     9     0.0245    15     0.0000    13 
Shadow          Tmax    0.6101    13     0.5488    16     0.1551     4     0.0005     7 
Shadow          Tmid    0.1948           0.1819           0.0787           0.0003       
--- The execution characteristics --- 
                                1          2          3          4          5          6          7          8          9         10         11         12         13         14         15         16 
Lost time                  1.9560     1.9558     1.9562     1.9559     1.9541     1.9539     1.9542     1.9539     1.9562     1.9559     1.9566     1.9561     1.9919     1.9916     1.9916     1.9914 
User insufficient par.     1.8151     1.8114     1.8120     1.8124     1.8217     1.8211     1.8213     1.8203     1.8194     1.8195     1.8181     1.8159     1.3433     1.3439     1.3480     1.3482 
Sys.insufficient par.      0.0907     0.0906     0.0901     0.0901     0.0844     0.0851     0.0844     0.0844     0.0595     0.0593     0.0539     0.0586     0.0280     0.0290     0.0261     0.0277 
Idle time                  0.0027     0.0046     0.0061     0.0065     0.0000     0.0000     0.0008     0.0012     0.0004     0.0004     0.0020     0.0016     0.0076     0.0069     0.0076     0.0057 
Communication              0.0475     0.0491     0.0481     0.0469     0.0480     0.0477     0.0477     0.0481     0.0769     0.0767     0.0826     0.0801     0.6131     0.6119     0.6100     0.6098 
Synchronization            0.1162     0.1215     0.1169     0.1201     0.0444     0.0469     0.0440     0.0470     0.0189     0.0211     0.0190     0.0278     0.5499     0.5515     0.5463     0.5541 
Variation                  0.1537     0.1579     0.1542     0.1586     0.0937     0.0960     0.0934     0.0958     0.0379     0.0414     0.0380     0.0421     0.0311     0.0351     0.0303     0.0392 
Overlap                    0.0004     0.0004     0.0004     0.0004     0.0004     0.0003     0.0005     0.0004     0.0003     0.0003     0.0003     0.0003     0.0000     0.0000     0.0000     0.0000 
Load imbalance             0.0021     0.0018     0.0023     0.0020     0.0002     0.0000     0.0003     0.0000     0.0023     0.0020     0.0026     0.0022     0.0380     0.0377     0.0377     0.0375 
Execution time             2.0863     2.0844     2.0829     2.0825     2.0890     2.0890     2.0882     2.0878     2.0886     2.0886     2.0870     2.0874     2.0814     2.0821     2.0814     2.0833 
User CPU time              0.1269     0.1272     0.1267     0.1270     0.1292     0.1294     0.1292     0.1294     0.1288     0.1291     0.1288     0.1289     0.0952     0.0954     0.0956     0.0957 
Sys. CPU time              0.0060     0.0060     0.0060     0.0060     0.0056     0.0057     0.0056     0.0056     0.0040     0.0040     0.0036     0.0039     0.0019     0.0019     0.0017     0.0018 
I/O time                   0.0000     0.0000     0.0000     0.0000     0.0000     0.0000     0.0000     0.0000     0.0000     0.0000     0.0000     0.0000     0.0000     0.0000     0.0000     0.0000 
Processors                     16         16         16         16         16         16         16         16         16         16         16         16         16         16         16         16 
           Communication          
Reduction                  0.0014     0.0015     0.0015     0.0014     0.0003     0.0003     0.0003     0.0003     0.0004     0.0004     0.0004     0.0004     0.0029     0.0026     0.0028     0.0027 
Shadow                     0.0460     0.0475     0.0466     0.0454     0.0476     0.0472     0.0473     0.0477     0.0764     0.0761     0.0767     0.0796     0.6101     0.6092     0.6071     0.6070 
           Synchronization        
I/O                        0.0026     0.0028     0.0031     0.0032     0.0004     0.0001     0.0006     0.0003     0.0002     0.0001     0.0002     0.0001     0.0055     0.0042     0.0055     0.0052 
Reduction                  0.0001     0.0001     0.0001     0.0001     0.0001     0.0001     0.0001     0.0001     0.0001     0.0001     0.0001     0.0001     0.0001     0.0001     0.0001     0.0001 
Shadow                     0.1135     0.1186     0.1137     0.1168     0.0440     0.0467     0.0433     0.0466     0.0187     0.0210     0.0187     0.0276     0.5443     0.5473     0.5407     0.5488 
           Variation              
I/O                        0.0026     0.0030     0.0033     0.0034     0.0006     0.0003     0.0008     0.0005     0.0004     0.0003     0.0004     0.0003     0.0057     0.0044     0.0057     0.0054 
Reduction                  0.0001     0.0001     0.0001     0.0001     0.0001     0.0001     0.0001     0.0001     0.0001     0.0001     0.0001     0.0001     0.0001     0.0001     0.0001     0.0001 
Shadow                     0.1510     0.1548     0.1508     0.1551     0.0930     0.0956     0.0925     0.0953     0.0374     0.0410     0.0375     0.0417     0.0253     0.0306     0.0245     0.0337 
           Overlap                
Reduction                  0.0000     0.0000     0.0000     0.0000     0.0000     0.0000     0.0000     0.0000     0.0000     0.0000     0.0000     0.0000     0.0000     0.0000     0.0000     0.0000 
Shadow                     0.0004     0.0004     0.0004     0.0004     0.0004     0.0003     0.0005     0.0004     0.0003     0.0003     0.0003     0.0003     0.0000     0.0000     0.0000     0.0000 


-------------------------------------------------------------------------
Name (number) and performance time of processors
omp.keldysh.ru(1) 0.935439
omp.keldysh.ru(2) 0.935373
omp.keldysh.ru(3) 0.959435
omp.keldysh.ru(4) 0.959631
omp.keldysh.ru(5) 0.960061
omp.keldysh.ru(6) 0.960024
omp.keldysh.ru(7) 0.935351
omp.keldysh.ru(8) 0.935336
omp.keldysh.ru(9) 0.959830
omp.keldysh.ru(10) 0.960097
omp.keldysh.ru(11) 0.960581
omp.keldysh.ru(12) 0.960578
omp.keldysh.ru(13) 0.959228
omp.keldysh.ru(14) 0.959223
omp.keldysh.ru(15) 0.958099
omp.keldysh.ru(16) 0.958072
min - omp.keldysh.ru(8) 0.935336; max - omp.keldysh.ru(11) 0.960581; mid - 0.953522
