Processor system=1*4*1*4
Statistics has been accumulated on DVM-system version 5.0, platform DVM
Analyzer is executing on DVM-system version 5.0, platform DVM
-------------------------------------------------------------------------
INTERVAL ( NLINE=5 SOURCE=prf43.f ) LEVEL=0  EXE_COUNT=1
--- The main characteristics --- 
Parallelization efficiency      0.0493 
Execution time                  0.0445 
Processors                          16
Threads amount                      16
Total time                      0.7113
Productive time                 0.0351 ( CPU= 0.0064 Sys= 0.0287 I/O= 0.0000 )
Lost  time                      0.6762 
   Insufficient parallelism     0.5018 ( User= 0.0716 Sys= 0.4302 )
   Communication                0.1670 ( Real_sync= 0.0000 Starts= 0.0000 )
   Idle time                    0.0074
Load imbalance                  0.0039
Synchronization                 0.1472
Time variation                  0.1362
Overlap                         0.1971
                  Nop   Communic    Synchro  Variation    Overlap 
I/O                11     0.0000     0.0196     0.0222     0.0000 
Reduction          21     0.0515     0.0170     0.0170     0.0000 
Remote access     180     0.1155     0.1106     0.0971     0.1971 
--- The comparative characteristics --- 
                              Tmin N proc      Tmax N proc      Tmid
Lost time                   0.0420    10     0.0429    16     0.0423 
User insufficient par.      0.0029    16     0.0051    11     0.0045 
Sys.insufficient par.       0.0185    14     0.0298     1     0.0269 
Idle time                   0.0000     5     0.0020     3     0.0005 
Communication               0.0073    12     0.0199    14     0.0104 
Synchronization             0.0030     1     0.0190    16     0.0092 
Variation                   0.0020     1     0.0201    16     0.0085 
Overlap                     0.0107    16     0.0148     1     0.0123 
Load imbalance              0.0000    10     0.0009    16     0.0002 
Execution time              0.0425     3     0.0445    10     0.0440 
User CPU time               0.0003    16     0.0005     6     0.0004 
Sys. CPU time               0.0012    14     0.0020     2     0.0018 
I/O time                    0.0000    10     0.0000     1     0.0000 
Processors                      16     1         16    16         16 
                      Communic          Synchro        Variation          Overlap  
I/O             Tmin    0.0000     1     0.0002    10     0.0002     1     0.0000     1 
I/O             Tmax    0.0000    16     0.0036    16     0.0037    16     0.0000    16 
I/O             Tmid    0.0000           0.0012           0.0014           0.0000       
Reduction       Tmin    0.0007     4     0.0002     9     0.0002     9     0.0000     6 
Reduction       Tmax    0.0067    13     0.0019    16     0.0019    16     0.0000     8 
Reduction       Tmid    0.0032           0.0011           0.0011           0.0000       
Remote access   Tmin    0.0045     6     0.0025     1     0.0014     2     0.0107    16 
Remote access   Tmax    0.0132    14     0.0139    14     0.0149    13     0.0148     1 
Remote access   Tmid    0.0072           0.0069           0.0061           0.0123       
--- The execution characteristics --- 
                                1          2          3          4          5          6          7          8          9         10         11         12         13         14         15         16 
Lost time                  0.0420     0.0420     0.0422     0.0421     0.0420     0.0420     0.0420     0.0421     0.0420     0.0420     0.0420     0.0422     0.0429     0.0429     0.0428     0.0429 
User insufficient par.     0.0048     0.0049     0.0032     0.0051     0.0050     0.0050     0.0050     0.0039     0.0049     0.0049     0.0051     0.0033     0.0045     0.0045     0.0047     0.0029 
Sys.insufficient par.      0.0298     0.0297     0.0294     0.0294     0.0295     0.0295     0.0295     0.0295     0.0294     0.0296     0.0295     0.0296     0.0186     0.0185     0.0200     0.0188 
Idle time                  0.0000     0.0000     0.0020     0.0001     0.0000     0.0000     0.0001     0.0013     0.0000     0.0000     0.0001     0.0020     0.0000     0.0000     0.0001     0.0020 
Communication              0.0075     0.0075     0.0075     0.0075     0.0076     0.0076     0.0075     0.0074     0.0077     0.0075     0.0073     0.0073     0.0198     0.0199     0.0180     0.0193 
Synchronization            0.0030     0.0031     0.0059     0.0057     0.0068     0.0071     0.0090     0.0088     0.0060     0.0058     0.0080     0.0081     0.0172     0.0173     0.0165     0.0190 
Variation                  0.0020     0.0022     0.0050     0.0048     0.0054     0.0055     0.0075     0.0073     0.0045     0.0041     0.0065     0.0065     0.0185     0.0184     0.0182     0.0201 
Overlap                    0.0148     0.0147     0.0141     0.0141     0.0121     0.0119     0.0117     0.0116     0.0123     0.0124     0.0118     0.0117     0.0111     0.0111     0.0112     0.0107 
Load imbalance             0.0000     0.0000     0.0002     0.0000     0.0000     0.0000     0.0000     0.0001     0.0000     0.0000     0.0000     0.0001     0.0008     0.0008     0.0007     0.0009 
Execution time             0.0444     0.0445     0.0425     0.0444     0.0445     0.0445     0.0444     0.0432     0.0445     0.0445     0.0444     0.0425     0.0445     0.0445     0.0444     0.0425 
User CPU time              0.0004     0.0004     0.0003     0.0004     0.0005     0.0005     0.0004     0.0004     0.0005     0.0005     0.0005     0.0003     0.0004     0.0004     0.0004     0.0003 
Sys. CPU time              0.0020     0.0020     0.0020     0.0020     0.0020     0.0020     0.0020     0.0020     0.0020     0.0020     0.0020     0.0020     0.0012     0.0012     0.0013     0.0013 
I/O time                   0.0000     0.0000     0.0000     0.0000     0.0000     0.0000     0.0000     0.0000     0.0000     0.0000     0.0000     0.0000     0.0000     0.0000     0.0000     0.0000 
Processors                     16         16         16         16         16         16         16         16         16         16         16         16         16         16         16         16 
           Communication          
Reduction                  0.0009     0.0009     0.0008     0.0007     0.0030     0.0030     0.0029     0.0029     0.0028     0.0028     0.0027     0.0026     0.0067     0.0066     0.0061     0.0061 
Remote access              0.0066     0.0066     0.0068     0.0068     0.0046     0.0045     0.0046     0.0046     0.0049     0.0047     0.0046     0.0047     0.0131     0.0132     0.0120     0.0132 
           Synchronization        
I/O                        0.0003     0.0003     0.0009     0.0008     0.0004     0.0004     0.0009     0.0008     0.0003     0.0002     0.0007     0.0007     0.0031     0.0031     0.0031     0.0036 
Reduction                  0.0002     0.0003     0.0018     0.0019     0.0002     0.0003     0.0018     0.0019     0.0002     0.0003     0.0018     0.0019     0.0003     0.0003     0.0018     0.0019 
Remote access              0.0025     0.0025     0.0032     0.0030     0.0061     0.0064     0.0064     0.0061     0.0054     0.0053     0.0055     0.0055     0.0138     0.0139     0.0116     0.0135 
           Variation              
I/O                        0.0002     0.0004     0.0010     0.0010     0.0006     0.0006     0.0010     0.0010     0.0005     0.0004     0.0009     0.0009     0.0033     0.0032     0.0033     0.0037 
Reduction                  0.0002     0.0003     0.0018     0.0019     0.0002     0.0003     0.0018     0.0019     0.0002     0.0003     0.0018     0.0019     0.0003     0.0003     0.0018     0.0019 
Remote access              0.0015     0.0014     0.0021     0.0019     0.0045     0.0046     0.0047     0.0044     0.0037     0.0035     0.0038     0.0037     0.0149     0.0148     0.0131     0.0144 
           Overlap                
Reduction                  0.0000     0.0000     0.0000     0.0000     0.0000     0.0000     0.0000     0.0000     0.0000     0.0000     0.0000     0.0000     0.0000     0.0000     0.0000     0.0000 
Remote access              0.0148     0.0147     0.0141     0.0141     0.0121     0.0119     0.0117     0.0116     0.0123     0.0124     0.0118     0.0117     0.0111     0.0111     0.0112     0.0107 


-------------------------------------------------------------------------
Name (number) and performance time of processors
omp.keldysh.ru(1) 0.933782
omp.keldysh.ru(2) 0.933721
omp.keldysh.ru(3) 0.959419
omp.keldysh.ru(4) 0.959446
omp.keldysh.ru(5) 0.959982
omp.keldysh.ru(6) 0.959981
omp.keldysh.ru(7) 0.956306
omp.keldysh.ru(8) 0.956295
omp.keldysh.ru(9) 0.959451
omp.keldysh.ru(10) 0.959461
omp.keldysh.ru(11) 0.958910
omp.keldysh.ru(12) 0.958681
omp.keldysh.ru(13) 0.957089
omp.keldysh.ru(14) 0.957083
omp.keldysh.ru(15) 0.958859
omp.keldysh.ru(16) 0.958853
min - omp.keldysh.ru(2) 0.933721; max - omp.keldysh.ru(5) 0.959982; mid - 0.955457
