Processor system=2*2*4*1
Statistics has been accumulated on DVM-system version 5.0, platform DVM
Analyzer is executing on DVM-system version 5.0, platform DVM
-------------------------------------------------------------------------
INTERVAL ( NLINE=5 SOURCE=distr4.f ) LEVEL=0  EXE_COUNT=1
--- The main characteristics --- 
Parallelization efficiency      0.0561 
Execution time                  0.0100 
Processors                          16
Threads amount                      16
Total time                      0.1598
Productive time                 0.0090 ( CPU= 0.0083 Sys= 0.0007 I/O= 0.0000 )
Lost  time                      0.1508 
   Insufficient parallelism     0.1162 ( User= 0.1056 Sys= 0.0106 )
   Communication                0.0110 ( Real_sync= 0.0000 Starts= 0.0000 )
   Idle time                    0.0237
Load imbalance                  0.0013
Synchronization                 0.0069
Time variation                  0.0092
Overlap                         0.0000
                  Nop   Communic    Synchro  Variation    Overlap 
I/O                 6     0.0000     0.0018     0.0039     0.0000 
Reduction           4     0.0067     0.0007     0.0008     0.0000 
Redistribution      4     0.0043     0.0044     0.0045     0.0000 
--- The comparative characteristics --- 
                              Tmin N proc      Tmax N proc      Tmid
Lost time                   0.0093    10     0.0095    13     0.0094 
User insufficient par.      0.0056    13     0.0077    10     0.0066 
Sys.insufficient par.       0.0005    14     0.0008     1     0.0007 
Idle time                   0.0000    16     0.0023     4     0.0015 
Communication               0.0004     1     0.0012    14     0.0007 
Synchronization             0.0001     6     0.0009    14     0.0004 
Variation                   0.0003     1     0.0011    14     0.0006 
Overlap                     0.0000     1     0.0000    15     0.0000 
Load imbalance              0.0000    10     0.0002    13     0.0001 
Execution time              0.0077     4     0.0100    16     0.0085 
User CPU time               0.0004    13     0.0006    10     0.0005 
Sys. CPU time               0.0000    14     0.0000     8     0.0000 
I/O time                    0.0000     5     0.0000     1     0.0000 
Processors                      16     1         16    16         16 
                      Communic          Synchro        Variation          Overlap  
I/O             Tmin    0.0000     1     0.0000     6     0.0001     1     0.0000     1 
I/O             Tmax    0.0000    16     0.0002    13     0.0003    13     0.0000    16 
I/O             Tmid    0.0000           0.0001           0.0002           0.0000       
Reduction       Tmin    0.0002     1     0.0000     5     0.0000     6     0.0000     1 
Reduction       Tmax    0.0008    14     0.0001    13     0.0001    13     0.0000    15 
Reduction       Tmid    0.0004           0.0000           0.0000           0.0000       
Redistribution  Tmin    0.0001     1     0.0000     1     0.0001     1     0.0000     1 
Redistribution  Tmax    0.0004    15     0.0007    14     0.0007    14     0.0000    16 
Redistribution  Tmid    0.0003           0.0003           0.0003           0.0000       
--- The execution characteristics --- 
                                1          2          3          4          5          6          7          8          9         10         11         12         13         14         15         16 
Lost time                  0.0094     0.0094     0.0095     0.0095     0.0094     0.0094     0.0094     0.0095     0.0094     0.0093     0.0095     0.0095     0.0095     0.0094     0.0094     0.0094 
User insufficient par.     0.0066     0.0066     0.0060     0.0059     0.0070     0.0060     0.0070     0.0059     0.0077     0.0077     0.0059     0.0059     0.0056     0.0070     0.0069     0.0077 
Sys.insufficient par.      0.0008     0.0007     0.0007     0.0007     0.0007     0.0007     0.0007     0.0007     0.0007     0.0007     0.0007     0.0007     0.0005     0.0005     0.0005     0.0005 
Idle time                  0.0016     0.0016     0.0023     0.0023     0.0012     0.0023     0.0012     0.0023     0.0004     0.0004     0.0023     0.0023     0.0023     0.0008     0.0008     0.0000 
Communication              0.0004     0.0005     0.0005     0.0005     0.0005     0.0005     0.0005     0.0006     0.0005     0.0005     0.0006     0.0006     0.0012     0.0012     0.0012     0.0012 
Synchronization            0.0002     0.0003     0.0003     0.0003     0.0002     0.0001     0.0003     0.0003     0.0003     0.0003     0.0003     0.0003     0.0009     0.0009     0.0009     0.0007 
Variation                  0.0003     0.0005     0.0005     0.0005     0.0003     0.0003     0.0005     0.0005     0.0005     0.0005     0.0005     0.0005     0.0010     0.0011     0.0010     0.0009 
Overlap                    0.0000     0.0000     0.0000     0.0000     0.0000     0.0000     0.0000     0.0000     0.0000     0.0000     0.0000     0.0000     0.0000     0.0000     0.0000     0.0000 
Load imbalance             0.0001     0.0001     0.0001     0.0001     0.0000     0.0001     0.0000     0.0001     0.0000     0.0000     0.0001     0.0001     0.0002     0.0001     0.0001     0.0000 
Execution time             0.0084     0.0084     0.0077     0.0077     0.0088     0.0077     0.0088     0.0077     0.0096     0.0096     0.0077     0.0077     0.0077     0.0092     0.0092     0.0100 
User CPU time              0.0005     0.0005     0.0005     0.0005     0.0006     0.0005     0.0006     0.0005     0.0006     0.0006     0.0005     0.0005     0.0004     0.0005     0.0005     0.0006 
Sys. CPU time              0.0000     0.0000     0.0000     0.0000     0.0000     0.0000     0.0000     0.0000     0.0000     0.0000     0.0000     0.0000     0.0000     0.0000     0.0000     0.0000 
I/O time                   0.0000     0.0000     0.0000     0.0000     0.0000     0.0000     0.0000     0.0000     0.0000     0.0000     0.0000     0.0000     0.0000     0.0000     0.0000     0.0000 
Processors                     16         16         16         16         16         16         16         16         16         16         16         16         16         16         16         16 
           Communication          
Reduction                  0.0002     0.0003     0.0003     0.0003     0.0003     0.0003     0.0003     0.0003     0.0003     0.0003     0.0003     0.0003     0.0008     0.0008     0.0008     0.0008 
Redistribution             0.0001     0.0002     0.0002     0.0002     0.0002     0.0002     0.0002     0.0003     0.0003     0.0002     0.0003     0.0003     0.0003     0.0004     0.0004     0.0004 
           Synchronization        
I/O                        0.0001     0.0001     0.0001     0.0001     0.0000     0.0000     0.0001     0.0001     0.0001     0.0001     0.0001     0.0001     0.0002     0.0002     0.0002     0.0001 
Reduction                  0.0001     0.0000     0.0001     0.0000     0.0000     0.0000     0.0000     0.0000     0.0000     0.0000     0.0000     0.0000     0.0001     0.0001     0.0001     0.0000 
Redistribution             0.0000     0.0002     0.0001     0.0002     0.0001     0.0001     0.0001     0.0002     0.0002     0.0001     0.0002     0.0002     0.0007     0.0007     0.0007     0.0006 
           Variation              
I/O                        0.0001     0.0003     0.0003     0.0003     0.0002     0.0002     0.0003     0.0002     0.0003     0.0002     0.0003     0.0002     0.0003     0.0003     0.0003     0.0002 
Reduction                  0.0001     0.0000     0.0001     0.0001     0.0000     0.0000     0.0000     0.0001     0.0001     0.0000     0.0000     0.0000     0.0001     0.0001     0.0001     0.0000 
Redistribution             0.0001     0.0002     0.0001     0.0002     0.0001     0.0001     0.0002     0.0002     0.0002     0.0002     0.0002     0.0002     0.0007     0.0007     0.0007     0.0006 
           Overlap                
Reduction                  0.0000     0.0000     0.0000     0.0000     0.0000     0.0000     0.0000     0.0000     0.0000     0.0000     0.0000     0.0000     0.0000     0.0000     0.0000     0.0000 


-------------------------------------------------------------------------
Name (number) and performance time of processors
omp.keldysh.ru(1) 0.933941
omp.keldysh.ru(2) 0.933878
omp.keldysh.ru(3) 0.955549
omp.keldysh.ru(4) 0.955650
omp.keldysh.ru(5) 0.953819
omp.keldysh.ru(6) 0.953557
omp.keldysh.ru(7) 0.933658
omp.keldysh.ru(8) 0.933652
omp.keldysh.ru(9) 0.957830
omp.keldysh.ru(10) 0.957822
omp.keldysh.ru(11) 0.951798
omp.keldysh.ru(12) 0.951801
omp.keldysh.ru(13) 0.954816
omp.keldysh.ru(14) 0.954798
omp.keldysh.ru(15) 0.955192
omp.keldysh.ru(16) 0.955177
min - omp.keldysh.ru(8) 0.933652; max - omp.keldysh.ru(9) 0.957830; mid - 0.949559
