Processor system=2*2*1*4
Statistics has been accumulated on DVM-system version 5.0, platform DVM
Analyzer is executing on DVM-system version 5.0, platform DVM
-------------------------------------------------------------------------
INTERVAL ( NLINE=8 SOURCE=red43.f ) LEVEL=0  EXE_COUNT=1
--- The main characteristics --- 
Parallelization efficiency      0.0624 
Execution time                  0.0079 
Processors                          16
Threads amount                      16
Total time                      0.1261
Productive time                 0.0079 ( CPU= 0.0069 Sys= 0.0010 I/O= 0.0000 )
Lost  time                      0.1183 
   Insufficient parallelism     0.0960 ( User= 0.0811 Sys= 0.0149 )
   Communication                0.0188 ( Real_sync= 0.0000 Starts= 0.0000 )
   Idle time                    0.0035
Load imbalance                  0.0006
Synchronization                 0.0144
Time variation                  0.0099
Overlap                         0.0000
                  Nop   Communic    Synchro  Variation    Overlap 
I/O                16     0.0000     0.0023     0.0044     0.0000 
Reduction          14     0.0091     0.0023     0.0020     0.0000 
Remote access      36     0.0096     0.0098     0.0034     0.0000 
--- The comparative characteristics --- 
                              Tmin N proc      Tmax N proc      Tmid
Lost time                   0.0074     4     0.0076    13     0.0074 
User insufficient par.      0.0032    13     0.0055     5     0.0051 
Sys.insufficient par.       0.0007    13     0.0012     1     0.0009 
Idle time                   0.0000    12     0.0016    14     0.0002 
Communication               0.0008     1     0.0021    13     0.0012 
Synchronization             0.0001     4     0.0018    13     0.0009 
Variation                   0.0003     4     0.0010     5     0.0006 
Overlap                     0.0000     1     0.0000     4     0.0000 
Load imbalance              0.0000     4     0.0002    13     0.0000 
Execution time              0.0063    14     0.0079    12     0.0077 
User CPU time               0.0003    13     0.0005     5     0.0004 
Sys. CPU time               0.0000    13     0.0001     2     0.0001 
I/O time                    0.0000     5     0.0000     1     0.0000 
Processors                      16     1         16    16         16 
                      Communic          Synchro        Variation          Overlap  
I/O             Tmin    0.0000     1     0.0000    12     0.0001     1     0.0000     1 
I/O             Tmax    0.0000    16     0.0003    13     0.0004    13     0.0000    16 
I/O             Tmid    0.0000           0.0001           0.0003           0.0000       
Reduction       Tmin    0.0004     4     0.0000    11     0.0000    12     0.0000     1 
Reduction       Tmax    0.0009    15     0.0003    13     0.0002     1     0.0000     4 
Reduction       Tmid    0.0006           0.0001           0.0001           0.0000       
Remote access   Tmin    0.0003     7     0.0001     4     0.0001     4     0.0000     1 
Remote access   Tmax    0.0012    13     0.0013    13     0.0004     5     0.0000     4 
Remote access   Tmid    0.0006           0.0006           0.0002           0.0000       
--- The execution characteristics --- 
                                1          2          3          4          5          6          7          8          9         10         11         12         13         14         15         16 
Lost time                  0.0074     0.0074     0.0074     0.0074     0.0074     0.0074     0.0074     0.0074     0.0074     0.0074     0.0074     0.0074     0.0076     0.0075     0.0074     0.0074 
User insufficient par.     0.0052     0.0053     0.0055     0.0054     0.0055     0.0055     0.0055     0.0055     0.0054     0.0054     0.0055     0.0054     0.0032     0.0033     0.0048     0.0048 
Sys.insufficient par.      0.0012     0.0010     0.0010     0.0010     0.0009     0.0010     0.0010     0.0009     0.0010     0.0010     0.0009     0.0009     0.0007     0.0008     0.0007     0.0008 
Idle time                  0.0001     0.0001     0.0000     0.0000     0.0000     0.0000     0.0000     0.0000     0.0000     0.0000     0.0000     0.0000     0.0016     0.0016     0.0000     0.0000 
Communication              0.0008     0.0009     0.0009     0.0009     0.0009     0.0009     0.0009     0.0009     0.0009     0.0010     0.0009     0.0010     0.0021     0.0019     0.0019     0.0018 
Synchronization            0.0007     0.0007     0.0002     0.0001     0.0011     0.0011     0.0006     0.0006     0.0011     0.0011     0.0006     0.0006     0.0018     0.0017     0.0013     0.0011 
Variation                  0.0006     0.0008     0.0003     0.0003     0.0010     0.0009     0.0006     0.0005     0.0008     0.0008     0.0004     0.0004     0.0008     0.0007     0.0004     0.0003 
Overlap                    0.0000     0.0000     0.0000     0.0000     0.0000     0.0000     0.0000     0.0000     0.0000     0.0000     0.0000     0.0000     0.0000     0.0000     0.0000     0.0000 
Load imbalance             0.0000     0.0000     0.0000     0.0000     0.0000     0.0000     0.0000     0.0000     0.0000     0.0000     0.0000     0.0000     0.0002     0.0002     0.0001     0.0001 
Execution time             0.0078     0.0078     0.0079     0.0079     0.0079     0.0079     0.0078     0.0079     0.0079     0.0079     0.0079     0.0079     0.0063     0.0063     0.0079     0.0079 
User CPU time              0.0004     0.0005     0.0005     0.0005     0.0005     0.0005     0.0005     0.0005     0.0005     0.0005     0.0005     0.0005     0.0003     0.0003     0.0004     0.0004 
Sys. CPU time              0.0001     0.0001     0.0001     0.0001     0.0001     0.0001     0.0001     0.0001     0.0001     0.0001     0.0001     0.0001     0.0000     0.0001     0.0000     0.0001 
I/O time                   0.0000     0.0000     0.0000     0.0000     0.0000     0.0000     0.0000     0.0000     0.0000     0.0000     0.0000     0.0000     0.0000     0.0000     0.0000     0.0000 
Processors                     16         16         16         16         16         16         16         16         16         16         16         16         16         16         16         16 
           Communication          
Reduction                  0.0004     0.0004     0.0004     0.0004     0.0005     0.0005     0.0006     0.0006     0.0004     0.0004     0.0005     0.0005     0.0008     0.0007     0.0009     0.0009 
Remote access              0.0004     0.0005     0.0005     0.0005     0.0004     0.0004     0.0003     0.0003     0.0005     0.0005     0.0004     0.0005     0.0012     0.0011     0.0011     0.0010 
           Synchronization        
I/O                        0.0002     0.0002     0.0001     0.0000     0.0002     0.0002     0.0001     0.0000     0.0002     0.0002     0.0000     0.0000     0.0003     0.0002     0.0001     0.0001 
Reduction                  0.0002     0.0002     0.0000     0.0000     0.0002     0.0002     0.0001     0.0001     0.0002     0.0002     0.0000     0.0000     0.0003     0.0003     0.0001     0.0001 
Remote access              0.0003     0.0003     0.0001     0.0001     0.0007     0.0006     0.0005     0.0005     0.0006     0.0007     0.0005     0.0005     0.0013     0.0011     0.0011     0.0010 
           Variation              
I/O                        0.0001     0.0004     0.0002     0.0002     0.0004     0.0004     0.0002     0.0002     0.0004     0.0004     0.0002     0.0002     0.0004     0.0004     0.0002     0.0002 
Reduction                  0.0002     0.0002     0.0000     0.0000     0.0002     0.0002     0.0001     0.0000     0.0002     0.0002     0.0000     0.0000     0.0002     0.0002     0.0001     0.0000 
Remote access              0.0003     0.0003     0.0001     0.0001     0.0004     0.0004     0.0003     0.0003     0.0002     0.0002     0.0002     0.0002     0.0002     0.0001     0.0001     0.0001 
           Overlap                
Reduction                  0.0000     0.0000     0.0000     0.0000     0.0000     0.0000     0.0000     0.0000     0.0000     0.0000     0.0000     0.0000     0.0000     0.0000     0.0000     0.0000 
Remote access              0.0000     0.0000     0.0000     0.0000     0.0000     0.0000     0.0000     0.0000     0.0000     0.0000     0.0000     0.0000     0.0000     0.0000     0.0000     0.0000 


-------------------------------------------------------------------------
Name (number) and performance time of processors
omp.keldysh.ru(1) 0.933909
omp.keldysh.ru(2) 0.933833
omp.keldysh.ru(3) 0.955822
omp.keldysh.ru(4) 0.955818
omp.keldysh.ru(5) 0.933834
omp.keldysh.ru(6) 0.933829
omp.keldysh.ru(7) 0.960329
omp.keldysh.ru(8) 0.960308
omp.keldysh.ru(9) 0.958231
omp.keldysh.ru(10) 0.958228
omp.keldysh.ru(11) 0.957683
omp.keldysh.ru(12) 0.957687
omp.keldysh.ru(13) 0.959585
omp.keldysh.ru(14) 0.959582
omp.keldysh.ru(15) 0.958326
omp.keldysh.ru(16) 0.958346
min - omp.keldysh.ru(6) 0.933829; max - omp.keldysh.ru(7) 0.960329; mid - 0.952209
