Processor system=4*4*1*1
Statistics has been accumulated on DVM-system version 5.0, platform DVM
Analyzer is executing on DVM-system version 5.0, platform DVM
-------------------------------------------------------------------------
INTERVAL ( NLINE=5 SOURCE=prf43.f ) LEVEL=0  EXE_COUNT=1
--- The main characteristics --- 
Parallelization efficiency      0.0503 
Execution time                  0.0403 
Processors                          16
Threads amount                      16
Total time                      0.6443
Productive time                 0.0324 ( CPU= 0.0067 Sys= 0.0257 I/O= 0.0000 )
Lost  time                      0.6119 
   Insufficient parallelism     0.4557 ( User= 0.0702 Sys= 0.3855 )
   Communication                0.1483 ( Real_sync= 0.0000 Starts= 0.0000 )
   Idle time                    0.0079
Load imbalance                  0.0047
Synchronization                 0.2008
Time variation                  0.1680
Overlap                         0.0881
                  Nop   Communic    Synchro  Variation    Overlap 
I/O                11     0.0000     0.0286     0.0309     0.0000 
Reduction          21     0.0518     0.0005     0.0005     0.0000 
Remote access     180     0.0965     0.1716     0.1366     0.0881 
--- The comparative characteristics --- 
                              Tmin N proc      Tmax N proc      Tmid
Lost time                   0.0380     4     0.0390    13     0.0382 
User insufficient par.      0.0025    13     0.0049     9     0.0044 
Sys.insufficient par.       0.0157    14     0.0281     4     0.0241 
Idle time                   0.0000     9     0.0024    16     0.0005 
Communication               0.0050     4     0.0184    14     0.0093 
Synchronization             0.0019     4     0.0244    14     0.0125 
Variation                   0.0022     4     0.0218    13     0.0105 
Overlap                     0.0032    14     0.0094     4     0.0055 
Load imbalance              0.0000     4     0.0010    13     0.0003 
Execution time              0.0378    13     0.0403    10     0.0398 
User CPU time               0.0002    13     0.0005     7     0.0004 
Sys. CPU time               0.0010    14     0.0019     4     0.0016 
I/O time                    0.0000    16     0.0000     1     0.0000 
Processors                      16     1         16    16         16 
                      Communic          Synchro        Variation          Overlap  
I/O             Tmin    0.0000     1     0.0002     4     0.0004     4     0.0000     1 
I/O             Tmax    0.0000    16     0.0039    13     0.0041    13     0.0000    16 
I/O             Tmid    0.0000           0.0018           0.0019           0.0000       
Reduction       Tmin    0.0012     4     0.0000     8     0.0000     8     0.0000     1 
Reduction       Tmax    0.0070    13     0.0000     2     0.0000     1     0.0000    12 
Reduction       Tmid    0.0032           0.0000           0.0000           0.0000       
Remote access   Tmin    0.0035     8     0.0016     4     0.0018     4     0.0032    14 
Remote access   Tmax    0.0114    14     0.0205    14     0.0177    13     0.0094     4 
Remote access   Tmid    0.0060           0.0107           0.0085           0.0055       
--- The execution characteristics --- 
                                1          2          3          4          5          6          7          8          9         10         11         12         13         14         15         16 
Lost time                  0.0381     0.0380     0.0380     0.0380     0.0380     0.0380     0.0380     0.0381     0.0381     0.0381     0.0380     0.0380     0.0390     0.0388     0.0388     0.0389 
User insufficient par.     0.0036     0.0049     0.0049     0.0049     0.0049     0.0049     0.0049     0.0033     0.0049     0.0049     0.0049     0.0049     0.0025     0.0047     0.0047     0.0025 
Sys.insufficient par.      0.0270     0.0269     0.0265     0.0281     0.0262     0.0263     0.0261     0.0276     0.0262     0.0261     0.0260     0.0275     0.0158     0.0157     0.0166     0.0168 
Idle time                  0.0013     0.0000     0.0000     0.0000     0.0000     0.0000     0.0000     0.0017     0.0000     0.0000     0.0000     0.0000     0.0024     0.0000     0.0000     0.0024 
Communication              0.0062     0.0063     0.0066     0.0050     0.0069     0.0068     0.0071     0.0055     0.0069     0.0070     0.0071     0.0056     0.0183     0.0184     0.0174     0.0172 
Synchronization            0.0085     0.0093     0.0097     0.0019     0.0108     0.0108     0.0111     0.0071     0.0107     0.0106     0.0109     0.0068     0.0243     0.0244     0.0228     0.0211 
Variation                  0.0069     0.0076     0.0080     0.0022     0.0081     0.0079     0.0081     0.0061     0.0078     0.0076     0.0077     0.0059     0.0218     0.0218     0.0204     0.0200 
Overlap                    0.0069     0.0061     0.0060     0.0094     0.0054     0.0054     0.0054     0.0067     0.0055     0.0055     0.0053     0.0066     0.0033     0.0032     0.0032     0.0043 
Load imbalance             0.0002     0.0001     0.0001     0.0000     0.0001     0.0001     0.0001     0.0001     0.0001     0.0001     0.0001     0.0000     0.0010     0.0009     0.0008     0.0009 
Execution time             0.0390     0.0403     0.0403     0.0403     0.0403     0.0403     0.0403     0.0386     0.0403     0.0403     0.0403     0.0403     0.0378     0.0403     0.0403     0.0378 
User CPU time              0.0004     0.0004     0.0005     0.0004     0.0005     0.0005     0.0005     0.0003     0.0005     0.0005     0.0005     0.0005     0.0002     0.0004     0.0004     0.0003 
Sys. CPU time              0.0018     0.0018     0.0018     0.0019     0.0017     0.0018     0.0017     0.0018     0.0017     0.0017     0.0017     0.0018     0.0011     0.0010     0.0011     0.0011 
I/O time                   0.0000     0.0000     0.0000     0.0000     0.0000     0.0000     0.0000     0.0000     0.0000     0.0000     0.0000     0.0000     0.0000     0.0000     0.0000     0.0000 
Processors                     16         16         16         16         16         16         16         16         16         16         16         16         16         16         16         16 
           Communication          
Reduction                  0.0016     0.0023     0.0023     0.0012     0.0022     0.0023     0.0024     0.0020     0.0023     0.0022     0.0023     0.0019     0.0070     0.0070     0.0068     0.0060 
Remote access              0.0046     0.0040     0.0043     0.0038     0.0047     0.0045     0.0047     0.0035     0.0045     0.0048     0.0048     0.0037     0.0113     0.0114     0.0106     0.0111 
           Synchronization        
I/O                        0.0013     0.0012     0.0014     0.0002     0.0013     0.0013     0.0013     0.0009     0.0012     0.0013     0.0013     0.0009     0.0039     0.0039     0.0036     0.0037 
Reduction                  0.0000     0.0000     0.0000     0.0000     0.0000     0.0000     0.0000     0.0000     0.0000     0.0000     0.0000     0.0000     0.0000     0.0000     0.0000     0.0000 
Remote access              0.0072     0.0081     0.0083     0.0016     0.0095     0.0095     0.0098     0.0061     0.0094     0.0093     0.0096     0.0059     0.0203     0.0205     0.0192     0.0174 
           Variation              
I/O                        0.0012     0.0014     0.0015     0.0004     0.0015     0.0014     0.0014     0.0011     0.0014     0.0014     0.0014     0.0011     0.0041     0.0041     0.0037     0.0039 
Reduction                  0.0000     0.0000     0.0000     0.0000     0.0000     0.0000     0.0000     0.0000     0.0000     0.0000     0.0000     0.0000     0.0000     0.0000     0.0000     0.0000 
Remote access              0.0057     0.0062     0.0065     0.0018     0.0066     0.0065     0.0066     0.0050     0.0064     0.0062     0.0063     0.0048     0.0177     0.0177     0.0167     0.0161 
           Overlap                
Reduction                  0.0000     0.0000     0.0000     0.0000     0.0000     0.0000     0.0000     0.0000     0.0000     0.0000     0.0000     0.0000     0.0000     0.0000     0.0000     0.0000 
Remote access              0.0069     0.0061     0.0060     0.0094     0.0054     0.0054     0.0054     0.0067     0.0055     0.0055     0.0053     0.0066     0.0033     0.0032     0.0032     0.0043 


-------------------------------------------------------------------------
Name (number) and performance time of processors
omp.keldysh.ru(1) 0.933937
omp.keldysh.ru(2) 0.933881
omp.keldysh.ru(3) 0.959539
omp.keldysh.ru(4) 0.959527
omp.keldysh.ru(5) 0.933914
omp.keldysh.ru(6) 0.933852
omp.keldysh.ru(7) 0.955957
omp.keldysh.ru(8) 0.955945
omp.keldysh.ru(9) 0.956978
omp.keldysh.ru(10) 0.956973
omp.keldysh.ru(11) 0.958580
omp.keldysh.ru(12) 0.958859
omp.keldysh.ru(13) 0.957070
omp.keldysh.ru(14) 0.957078
omp.keldysh.ru(15) 0.958665
omp.keldysh.ru(16) 0.958651
min - omp.keldysh.ru(6) 0.933852; max - omp.keldysh.ru(3) 0.959539; mid - 0.951838
