Processor system=2*1*7
Statistics has been accumulated on DVM-system version 5.0, platform DVM
Analyzer is executing on DVM-system version 5.0, platform DVM
-------------------------------------------------------------------------
INTERVAL ( NLINE=7 SOURCE=acr32.f ) LEVEL=0  EXE_COUNT=1
--- The main characteristics --- 
Parallelization efficiency      0.0659 
Execution time                  0.0238 
Processors                          14
Threads amount                      14
Total time                      0.3337
Productive time                 0.0220 ( CPU= 0.0193 Sys= 0.0027 I/O= 0.0000 )
Lost  time                      0.3117 
   Insufficient parallelism     0.2471 ( User= 0.2119 Sys= 0.0352 )
   Communication                0.0611 ( Real_sync= 0.0000 Starts= 0.0000 )
   Idle time                    0.0035
Load imbalance                  0.0038
Synchronization                 0.1734
Time variation                  0.1632
Overlap                         0.0017
                  Nop   Communic    Synchro  Variation    Overlap 
I/O                11     0.0000     0.0156     0.0185     0.0000 
Reduction          27     0.0136     0.0290     0.0290     0.0000 
Shadow             66     0.0464     0.1288     0.1157     0.0017 
--- The comparative characteristics --- 
                              Tmin N proc      Tmax N proc      Tmid
Lost time                   0.0220     2     0.0226    11     0.0223 
User insufficient par.      0.0120    11     0.0178     5     0.0151 
Sys.insufficient par.       0.0015    11     0.0032     7     0.0025 
Idle time                   0.0000     8     0.0016     6     0.0002 
Communication               0.0011     7     0.0091    11     0.0044 
Synchronization             0.0008     8     0.0203    14     0.0124 
Variation                   0.0011     8     0.0177    14     0.0117 
Overlap                     0.0000     9     0.0005     1     0.0001 
Load imbalance              0.0000     2     0.0006    11     0.0003 
Execution time              0.0223     6     0.0238     8     0.0236 
User CPU time               0.0011    11     0.0016     4     0.0014 
Sys. CPU time               0.0001    11     0.0002     7     0.0002 
I/O time                    0.0000     5     0.0000     1     0.0000 
Processors                      14     1         14    14         14 
                      Communic          Synchro        Variation          Overlap  
I/O             Tmin    0.0000     1     0.0000     1     0.0000     1     0.0000     1 
I/O             Tmax    0.0000    14     0.0020    14     0.0022    14     0.0000    14 
I/O             Tmid    0.0000           0.0011           0.0013           0.0000       
Reduction       Tmin    0.0005     7     0.0000     1     0.0000     1     0.0000     3 
Reduction       Tmax    0.0015    11     0.0030    14     0.0030    14     0.0000     1 
Reduction       Tmid    0.0010           0.0021           0.0021           0.0000       
Shadow          Tmin    0.0005     2     0.0008     8     0.0008     8     0.0000     9 
Shadow          Tmax    0.0070    11     0.0156     9     0.0126    14     0.0005     1 
Shadow          Tmid    0.0033           0.0092           0.0083           0.0001       
--- The execution characteristics --- 
                                1          2          3          4          5          6          7          8          9         10         11         12         13         14 
Lost time                  0.0221     0.0220     0.0220     0.0220     0.0220     0.0221     0.0221     0.0221     0.0226     0.0226     0.0226     0.0225     0.0226     0.0225 
User insufficient par.     0.0173     0.0178     0.0178     0.0177     0.0178     0.0164     0.0163     0.0173     0.0122     0.0121     0.0120     0.0124     0.0122     0.0127 
Sys.insufficient par.      0.0028     0.0031     0.0030     0.0030     0.0029     0.0029     0.0032     0.0022     0.0021     0.0021     0.0015     0.0021     0.0021     0.0023 
Idle time                  0.0000     0.0000     0.0000     0.0000     0.0000     0.0016     0.0016     0.0000     0.0000     0.0000     0.0000     0.0000     0.0000     0.0000 
Communication              0.0019     0.0011     0.0013     0.0012     0.0013     0.0012     0.0011     0.0026     0.0081     0.0084     0.0091     0.0081     0.0083     0.0076 
Synchronization            0.0014     0.0109     0.0084     0.0086     0.0092     0.0092     0.0121     0.0008     0.0200     0.0178     0.0181     0.0182     0.0183     0.0203 
Variation                  0.0021     0.0120     0.0095     0.0096     0.0103     0.0103     0.0133     0.0011     0.0170     0.0148     0.0150     0.0152     0.0153     0.0177 
Overlap                    0.0005     0.0002     0.0002     0.0002     0.0002     0.0002     0.0001     0.0003     0.0000     0.0000     0.0000     0.0000     0.0000     0.0000 
Load imbalance             0.0001     0.0000     0.0000     0.0000     0.0000     0.0001     0.0001     0.0001     0.0006     0.0006     0.0006     0.0006     0.0006     0.0005 
Execution time             0.0238     0.0238     0.0238     0.0238     0.0238     0.0223     0.0223     0.0238     0.0238     0.0238     0.0238     0.0238     0.0238     0.0238 
User CPU time              0.0016     0.0016     0.0016     0.0016     0.0016     0.0015     0.0015     0.0016     0.0011     0.0011     0.0011     0.0011     0.0011     0.0011 
Sys. CPU time              0.0002     0.0002     0.0002     0.0002     0.0002     0.0002     0.0002     0.0002     0.0002     0.0002     0.0001     0.0002     0.0002     0.0002 
I/O time                   0.0000     0.0000     0.0000     0.0000     0.0000     0.0000     0.0000     0.0000     0.0000     0.0000     0.0000     0.0000     0.0000     0.0000 
Processors                     14         14         14         14         14         14         14         14         14         14         14         14         14         14 
           Communication          
Reduction                  0.0011     0.0005     0.0006     0.0006     0.0006     0.0005     0.0005     0.0006     0.0015     0.0014     0.0015     0.0014     0.0015     0.0013 
Shadow                     0.0008     0.0005     0.0006     0.0006     0.0006     0.0005     0.0006     0.0020     0.0066     0.0069     0.0070     0.0067     0.0067     0.0062 
           Synchronization        
I/O                        0.0000     0.0017     0.0009     0.0009     0.0012     0.0012     0.0019     0.0000     0.0017     0.0009     0.0009     0.0012     0.0012     0.0020 
Reduction                  0.0000     0.0027     0.0021     0.0021     0.0023     0.0023     0.0029     0.0000     0.0027     0.0021     0.0021     0.0023     0.0023     0.0030 
Shadow                     0.0014     0.0065     0.0055     0.0056     0.0058     0.0056     0.0073     0.0008     0.0156     0.0148     0.0151     0.0147     0.0148     0.0154 
           Variation              
I/O                        0.0000     0.0019     0.0011     0.0011     0.0014     0.0014     0.0021     0.0002     0.0019     0.0011     0.0011     0.0014     0.0014     0.0022 
Reduction                  0.0000     0.0027     0.0021     0.0021     0.0023     0.0023     0.0029     0.0000     0.0027     0.0021     0.0021     0.0023     0.0023     0.0030 
Shadow                     0.0020     0.0074     0.0063     0.0064     0.0066     0.0065     0.0082     0.0008     0.0124     0.0115     0.0118     0.0115     0.0116     0.0126 
           Overlap                
Reduction                  0.0000     0.0000     0.0000     0.0000     0.0000     0.0000     0.0000     0.0000     0.0000     0.0000     0.0000     0.0000     0.0000     0.0000 
Shadow                     0.0005     0.0002     0.0002     0.0002     0.0002     0.0002     0.0001     0.0003     0.0000     0.0000     0.0000     0.0000     0.0000     0.0000 


-------------------------------------------------------------------------
Name (number) and performance time of processors
omp.keldysh.ru(1) 0.935394
omp.keldysh.ru(2) 0.935347
omp.keldysh.ru(3) 0.960099
omp.keldysh.ru(4) 0.960126
omp.keldysh.ru(5) 0.958704
omp.keldysh.ru(6) 0.958704
omp.keldysh.ru(7) 0.962877
omp.keldysh.ru(8) 0.962617
omp.keldysh.ru(9) 0.961317
omp.keldysh.ru(10) 0.961308
omp.keldysh.ru(11) 0.952385
omp.keldysh.ru(12) 0.952345
omp.keldysh.ru(13) 0.961965
omp.keldysh.ru(14) 0.961945
min - omp.keldysh.ru(2) 0.935347; max - omp.keldysh.ru(7) 0.962877; mid - 0.956081
