Processor system=3*2*3
Statistics has been accumulated on DVM-system version 5.0, platform DVM
Analyzer is executing on DVM-system version 5.0, platform DVM
-------------------------------------------------------------------------
INTERVAL ( NLINE=7 SOURCE=f_sor3d.f ) LEVEL=0  EXE_COUNT=2
--- The main characteristics --- 
Parallelization efficiency      0.1562 
Execution time                 13.8416 
Processors                          18
Threads amount                      18
Total time                    249.1483
Productive time                38.9244 ( CPU= 38.5779 Sys= 0.3459 I/O= 0.0006 )
Lost  time                    210.2239 
   Insufficient parallelism     6.2841 ( User= 0.3931 Sys= 5.8910 )
   Communication              203.9218 ( Real_sync= 0.0007 Starts= 0.0000 )
   Idle time                    0.0180
Load imbalance                  0.8280
Synchronization               103.6894
Time variation                204.4641
Overlap                         0.0104
                  Nop   Communic  Real_sync    Synchro  Variation    Overlap 
I/O               107     0.0000     0.0000     0.0195     0.1439     0.0000 
Reduction         100   100.4153     0.0000     0.0129     0.0126     0.0007 
Shadow            300   103.4946     0.0000   103.6570   204.3075     0.0096 
--- The comparative characteristics --- 
                              Tmin N proc      Tmax N proc      Tmid
Lost time                  11.6331    11    11.7425    18    11.6791 
User insufficient par.      0.0138    18     0.0249     8     0.0218 
Sys.insufficient par.       0.1184    18     0.5191    10     0.3273 
Idle time                   0.0000     9     0.0041    18     0.0010 
Communication              11.1048    10    11.6062    18    11.3290 
Real synchronization        0.0000    10     0.0003    17     0.0000 
Synchronization             0.5277    18    11.4964     1     5.7605 
Variation                   0.3284    18    22.5716     1    11.3591 
Overlap                     0.0000     6     0.0045     1     0.0006 
Load imbalance              0.0000    11     0.1094    18     0.0460 
Execution time             13.8374    18    13.8416     9    13.8406 
User CPU time               2.0921    18     2.1794    11     2.1432 
Sys. CPU time               0.0069    18     0.0305    10     0.0192 
I/O time                    0.0000     5     0.0005     1     0.0000 
Processors                      18     1         18    18         18 
                      Communic        Real_sync          Synchro        Variation          Overlap  
I/O             Tmin    0.0000     1     0.0000     1     0.0004    13     0.0000     1     0.0000     1 
I/O             Tmax    0.0000    18     0.0000    18     0.0020    12     0.0094    17     0.0000    18 
I/O             Tmid    0.0000           0.0000           0.0011           0.0080           0.0000       
Reduction       Tmin    0.0016    18     0.0000     1     0.0003    13     0.0003    13     0.0000     2 
Reduction       Tmax   11.2387     1     0.0000    18     0.0012    12     0.0011    12     0.0002    13 
Reduction       Tmid    5.5786           0.0000           0.0007           0.0007           0.0000       
Shadow          Tmin    0.2413     1     0.0000     1     0.5250    18     0.3185    18     0.0000     5 
Shadow          Tmax   11.6002    18     0.0000    18    11.4952     1    22.5711     1     0.0045     1 
Shadow          Tmid    5.7497           0.0000           5.7587          11.3504           0.0005       
--- The execution characteristics --- 
                                1          2          3          4          5          6          7          8          9         10         11         12         13         14         15         16         17         18 
Lost time                 11.6918    11.6832    11.6941    11.6840    11.6647    11.6924    11.6547    11.6478    11.6651    11.6485    11.6331    11.6714    11.6812    11.6782    11.6947    11.6801    11.7163    11.7425 
User insufficient par.     0.0191     0.0197     0.0227     0.0232     0.0245     0.0210     0.0234     0.0249     0.0237     0.0246     0.0244     0.0219     0.0225     0.0239     0.0225     0.0211     0.0162     0.0138 
Sys.insufficient par.      0.1925     0.2367     0.2488     0.2433     0.2626     0.2302     0.5072     0.5174     0.5025     0.5191     0.4935     0.3920     0.2933     0.3028     0.2958     0.3109     0.2239     0.1184 
Idle time                  0.0000     0.0028     0.0000     0.0000     0.0000     0.0032     0.0000     0.0000     0.0000     0.0000     0.0000     0.0000     0.0008     0.0008     0.0020     0.0024     0.0019     0.0041 
Communication             11.4802    11.4241    11.4226    11.4174    11.3775    11.4381    11.1240    11.1055    11.1389    11.1048    11.1152    11.2574    11.3646    11.3507    11.3745    11.3457    11.4744    11.6062 
Real synchronization       0.0000     0.0000     0.0000     0.0000     0.0000     0.0000     0.0000     0.0000     0.0000     0.0000     0.0000     0.0000     0.0000     0.0000     0.0000     0.0000     0.0003     0.0003 
Synchronization           11.4964     9.2645     7.0397     9.2730     6.9942     4.8319     8.9462     6.6679     4.4065     6.6712     4.3767     2.2980     6.8760     4.5883     2.3637     4.5700     2.4975     0.5277 
Variation                 22.5716    18.1882    13.7370    18.2038    13.7147     9.2762    18.0447    13.4940     8.9582    13.5062     8.9376     4.5114    13.6340     9.0774     4.6016     9.0621     4.6171     0.3284 
Overlap                    0.0045     0.0019     0.0016     0.0007     0.0001     0.0000     0.0004     0.0003     0.0002     0.0001     0.0004     0.0000     0.0002     0.0000     0.0000     0.0001     0.0000     0.0001 
Load imbalance             0.0591     0.0501     0.0609     0.0509     0.0316     0.0593     0.0215     0.0147     0.0320     0.0154     0.0000     0.0383     0.0480     0.0451     0.0616     0.0470     0.0832     0.1094 
Execution time            13.8416    13.8388    13.8416    13.8415    13.8415    13.8384    13.8416    13.8416    13.8416    13.8416    13.8416    13.8416    13.8407    13.8408    13.8396    13.8392    13.8397    13.8374 
User CPU time              2.1385     2.1444     2.1329     2.1432     2.1614     2.1356     2.1571     2.1633     2.1469     2.1625     2.1794     2.1471     2.1432     2.1455     2.1295     2.1431     2.1121     2.0921 
Sys. CPU time              0.0109     0.0139     0.0146     0.0143     0.0154     0.0135     0.0298     0.0304     0.0295     0.0305     0.0290     0.0230     0.0172     0.0178     0.0174     0.0183     0.0132     0.0069 
I/O time                   0.0005     0.0000     0.0000     0.0000     0.0000     0.0000     0.0000     0.0000     0.0000     0.0000     0.0000     0.0000     0.0000     0.0000     0.0000     0.0000     0.0000     0.0000 
Processors                     18         18         18         18         18         18         18         18         18         18         18         18         18         18         18         18         18         18 
           Communication          
Reduction                 11.2387     9.0178     6.7900     9.0249     6.7434     4.5235     8.9180     6.6340     4.3874     6.6378     4.3459     2.1390     6.7279     4.4435     2.2121     4.4415     2.1883     0.0016 
Shadow                     0.2413     2.4061     4.6324     2.3922     4.6340     6.9144     2.2059     4.4712     6.7515     4.4670     6.7691     9.1181     4.6364     6.9070     9.1623     6.9042     9.2813    11.6002 
           Real synchronization   
           Synchronization        
I/O                        0.0006     0.0012     0.0011     0.0005     0.0006     0.0012     0.0006     0.0012     0.0012     0.0006     0.0007     0.0020     0.0004     0.0012     0.0018     0.0006     0.0020     0.0019 
Reduction                  0.0005     0.0008     0.0008     0.0004     0.0004     0.0010     0.0004     0.0010     0.0010     0.0004     0.0005     0.0012     0.0003     0.0008     0.0011     0.0004     0.0012     0.0008 
Shadow                    11.4952     9.2626     7.0379     9.2720     6.9932     4.8297     8.9452     6.6657     4.4043     6.6703     4.3755     2.2948     6.8753     4.5863     2.3608     4.5690     2.4943     0.5250 
           Variation              
I/O                        0.0000     0.0085     0.0084     0.0079     0.0080     0.0086     0.0080     0.0086     0.0086     0.0079     0.0080     0.0093     0.0078     0.0086     0.0092     0.0080     0.0094     0.0092 
Reduction                  0.0005     0.0008     0.0008     0.0004     0.0004     0.0010     0.0004     0.0010     0.0010     0.0004     0.0005     0.0011     0.0003     0.0008     0.0011     0.0004     0.0011     0.0008 
Shadow                    22.5711    18.1789    13.7278    18.1954    13.7063     9.2667    18.0363    13.4845     8.9487    13.4979     8.9291     4.5009    13.6260     9.0680     4.5913     9.0537     4.6066     0.3185 
           Overlap                
Reduction                  0.0000     0.0000     0.0000     0.0001     0.0001     0.0000     0.0001     0.0000     0.0000     0.0001     0.0000     0.0000     0.0002     0.0000     0.0000     0.0001     0.0000     0.0000 
Shadow                     0.0045     0.0019     0.0016     0.0006     0.0000     0.0000     0.0003     0.0003     0.0002     0.0000     0.0003     0.0000     0.0000     0.0000     0.0000     0.0000     0.0000     0.0001 


-------------------------------------------------------------------------
Name (number) and performance time of processors
omp.keldysh.ru(1) 0.933933
omp.keldysh.ru(2) 0.933839
omp.keldysh.ru(3) 0.933979
omp.keldysh.ru(4) 0.933990
omp.keldysh.ru(5) 0.957145
omp.keldysh.ru(6) 0.957153
omp.keldysh.ru(7) 0.953734
omp.keldysh.ru(8) 0.953719
omp.keldysh.ru(9) 0.956530
omp.keldysh.ru(10) 0.956538
omp.keldysh.ru(11) 0.955122
omp.keldysh.ru(12) 0.955134
omp.keldysh.ru(13) 0.957210
omp.keldysh.ru(14) 0.957254
omp.keldysh.ru(15) 0.933941
omp.keldysh.ru(16) 0.933946
omp.keldysh.ru(17) 0.953466
omp.keldysh.ru(18) 0.953775
min - omp.keldysh.ru(2) 0.933839; max - omp.keldysh.ru(14) 0.957254; mid - 0.948356
