Processor system=2*1*4*2
Statistics has been accumulated on DVM-system version 5.0, platform DVM
Analyzer is executing on DVM-system version 5.0, platform DVM
-------------------------------------------------------------------------
INTERVAL ( NLINE=7 SOURCE=rem42.f ) LEVEL=0  EXE_COUNT=1
--- The main characteristics --- 
Parallelization efficiency      0.0538 
Execution time                  0.0346 
Processors                          16
Threads amount                      16
Total time                      0.5529
Productive time                 0.0297 ( CPU= 0.0103 Sys= 0.0194 I/O= 0.0000 )
Lost  time                      0.5231 
   Insufficient parallelism     0.4462 ( User= 0.1548 Sys= 0.2914 )
   Communication                0.0676 ( Real_sync= 0.0000 Starts= 0.0000 )
   Idle time                    0.0093
Load imbalance                  0.0046
Synchronization                46.0584
Time variation                 46.0620
Overlap                         0.0002
                  Nop   Communic    Synchro  Variation    Overlap 
I/O                16     0.0000     0.1887     0.1913     0.0000 
Reduction           7     0.0676     0.0085     0.0085     0.0000 
Remote access    4155     0.0000    45.8613    45.8622     0.0002 
--- The comparative characteristics --- 
                              Tmin N proc      Tmax N proc      Tmid
Lost time                   0.0324     9     0.0335    16     0.0327 
User insufficient par.      0.0055    16     0.0112    10     0.0097 
Sys.insufficient par.       0.0105    16     0.0211     9     0.0182 
Idle time                   0.0000     7     0.0024    13     0.0006 
Communication               0.0002     9     0.0150    16     0.0042 
Synchronization             0.0014     9    10.6487    13     2.8787 
Variation                   0.0016     9    10.6491    13     2.8789 
Overlap                     0.0000     2     0.0001     9     0.0000 
Load imbalance              0.0000     9     0.0011    16     0.0003 
Execution time              0.0322    13     0.0346     7     0.0340 
User CPU time               0.0004    16     0.0007    10     0.0006 
Sys. CPU time               0.0007    16     0.0014     9     0.0012 
I/O time                    0.0000    14     0.0000     1     0.0000 
Processors                      16     1         16    16         16 
                      Communic          Synchro        Variation          Overlap  
I/O             Tmin    0.0000     1     0.0001     9     0.0003     9     0.0000     1 
I/O             Tmax    0.0000    16     0.0436    13     0.0438    13     0.0000    16 
I/O             Tmid    0.0000           0.0118           0.0120           0.0000       
Reduction       Tmin    0.0002     9     0.0000     5     0.0000     5     0.0000     1 
Reduction       Tmax    0.0150    16     0.0021    15     0.0021    15     0.0000     4 
Reduction       Tmid    0.0042           0.0005           0.0005           0.0000       
Remote access   Tmin    0.0000     1     0.0012     9     0.0012     9     0.0000     2 
Remote access   Tmax    0.0000    16    10.6031    13    10.6033    13     0.0001     9 
Remote access   Tmid    0.0000           2.8663           2.8664           0.0000       
--- The execution characteristics --- 
                                1          2          3          4          5          6          7          8          9         10         11         12         13         14         15         16 
Lost time                  0.0324     0.0324     0.0324     0.0324     0.0324     0.0324     0.0324     0.0324     0.0324     0.0324     0.0324     0.0324     0.0335     0.0335     0.0335     0.0335 
User insufficient par.     0.0108     0.0110     0.0110     0.0110     0.0109     0.0110     0.0109     0.0110     0.0111     0.0112     0.0111     0.0111     0.0056     0.0059     0.0056     0.0055 
Sys.insufficient par.      0.0209     0.0206     0.0207     0.0206     0.0207     0.0206     0.0208     0.0207     0.0211     0.0210     0.0207     0.0207     0.0106     0.0106     0.0107     0.0105 
Idle time                  0.0000     0.0000     0.0000     0.0000     0.0000     0.0000     0.0000     0.0000     0.0000     0.0000     0.0000     0.0000     0.0024     0.0020     0.0024     0.0024 
Communication              0.0008     0.0008     0.0008     0.0008     0.0008     0.0008     0.0007     0.0007     0.0002     0.0002     0.0006     0.0006     0.0150     0.0150     0.0148     0.0150 
Synchronization            0.3855     0.4878     0.3559     0.3542     0.4097     0.4096     0.3121     0.3161     0.0014     0.0222     0.2709     0.2649    10.6487    10.6130    10.5631    10.6431 
Variation                  0.3855     0.4880     0.3561     0.3544     0.4098     0.4098     0.3123     0.3163     0.0016     0.0224     0.2711     0.2651    10.6491    10.6135    10.5635    10.6435 
Overlap                    0.0000     0.0000     0.0000     0.0000     0.0000     0.0000     0.0000     0.0000     0.0001     0.0000     0.0000     0.0000     0.0000     0.0000     0.0000     0.0000 
Load imbalance             0.0001     0.0000     0.0000     0.0000     0.0000     0.0000     0.0000     0.0000     0.0000     0.0000     0.0000     0.0000     0.0011     0.0010     0.0011     0.0011 
Execution time             0.0345     0.0345     0.0345     0.0345     0.0345     0.0345     0.0346     0.0345     0.0346     0.0345     0.0345     0.0345     0.0322     0.0326     0.0322     0.0322 
User CPU time              0.0007     0.0007     0.0007     0.0007     0.0007     0.0007     0.0007     0.0007     0.0007     0.0007     0.0007     0.0007     0.0004     0.0004     0.0004     0.0004 
Sys. CPU time              0.0014     0.0014     0.0014     0.0014     0.0014     0.0014     0.0014     0.0014     0.0014     0.0014     0.0014     0.0014     0.0007     0.0007     0.0007     0.0007 
I/O time                   0.0000     0.0000     0.0000     0.0000     0.0000     0.0000     0.0000     0.0000     0.0000     0.0000     0.0000     0.0000     0.0000     0.0000     0.0000     0.0000 
Processors                     16         16         16         16         16         16         16         16         16         16         16         16         16         16         16         16 
           Communication          
Reduction                  0.0008     0.0008     0.0008     0.0008     0.0008     0.0008     0.0007     0.0007     0.0002     0.0002     0.0006     0.0006     0.0150     0.0150     0.0148     0.0150 
           Synchronization        
I/O                        0.0016     0.0022     0.0015     0.0015     0.0017     0.0017     0.0014     0.0014     0.0001     0.0002     0.0013     0.0013     0.0436     0.0430     0.0432     0.0430 
Reduction                  0.0000     0.0000     0.0001     0.0001     0.0000     0.0000     0.0001     0.0001     0.0001     0.0000     0.0002     0.0002     0.0021     0.0017     0.0021     0.0017 
Remote access              0.3839     0.4856     0.3544     0.3527     0.4080     0.4079     0.3106     0.3146     0.0012     0.0219     0.2695     0.2634    10.6031    10.5683    10.5178    10.5984 
           Variation              
I/O                        0.0015     0.0023     0.0017     0.0016     0.0018     0.0018     0.0016     0.0016     0.0003     0.0004     0.0015     0.0015     0.0438     0.0432     0.0434     0.0432 
Reduction                  0.0000     0.0000     0.0001     0.0001     0.0000     0.0000     0.0001     0.0001     0.0001     0.0000     0.0002     0.0002     0.0021     0.0017     0.0021     0.0017 
Remote access              0.3839     0.4856     0.3544     0.3527     0.4080     0.4079     0.3106     0.3146     0.0012     0.0219     0.2695     0.2635    10.6033    10.5685    10.5180    10.5986 
           Overlap                
Reduction                  0.0000     0.0000     0.0000     0.0000     0.0000     0.0000     0.0000     0.0000     0.0000     0.0000     0.0000     0.0000     0.0000     0.0000     0.0000     0.0000 
Remote access              0.0000     0.0000     0.0000     0.0000     0.0000     0.0000     0.0000     0.0000     0.0001     0.0000     0.0000     0.0000     0.0000     0.0000     0.0000     0.0000 


-------------------------------------------------------------------------
Name (number) and performance time of processors
omp.keldysh.ru(1) 0.935400
omp.keldysh.ru(2) 0.935304
omp.keldysh.ru(3) 0.960051
omp.keldysh.ru(4) 0.960057
omp.keldysh.ru(5) 0.935342
omp.keldysh.ru(6) 0.935276
omp.keldysh.ru(7) 0.958926
omp.keldysh.ru(8) 0.959189
omp.keldysh.ru(9) 0.959994
omp.keldysh.ru(10) 0.960010
omp.keldysh.ru(11) 0.960836
omp.keldysh.ru(12) 0.960836
omp.keldysh.ru(13) 0.959114
omp.keldysh.ru(14) 0.959119
omp.keldysh.ru(15) 0.957755
omp.keldysh.ru(16) 0.957753
min - omp.keldysh.ru(6) 0.935276; max - omp.keldysh.ru(12) 0.960836; mid - 0.953435
