Processor system=4*1*4*1
Statistics has been accumulated on DVM-system version 5.0, platform DVM
Analyzer is executing on DVM-system version 5.0, platform DVM
-------------------------------------------------------------------------
INTERVAL ( NLINE=8 SOURCE=sha43.f ) LEVEL=0  EXE_COUNT=1
--- The main characteristics --- 
Parallelization efficiency      0.0793 
Execution time                  0.0139 
Processors                          16
Threads amount                      16
Total time                      0.2220
Productive time                 0.0176 ( CPU= 0.0158 Sys= 0.0018 I/O= 0.0000 )
Lost  time                      0.2044 
   Insufficient parallelism     0.1406 ( User= 0.1133 Sys= 0.0272 )
   Communication                0.0328 ( Real_sync= 0.0000 Starts= 0.0000 )
   Idle time                    0.0311
Load imbalance                  0.0049
Synchronization                 0.0179
Time variation                  0.0132
Overlap                         0.0000
                  Nop   Communic    Synchro  Variation    Overlap 
I/O                 6     0.0000     0.0005     0.0023     0.0000 
Reduction           4     0.0129     0.0001     0.0001     0.0000 
Shadow              4     0.0198     0.0174     0.0108     0.0000 
--- The comparative characteristics --- 
                              Tmin N proc      Tmax N proc      Tmid
Lost time                   0.0125    11     0.0131    15     0.0128 
User insufficient par.      0.0055    15     0.0085    13     0.0071 
Sys.insufficient par.       0.0009    13     0.0024     7     0.0017 
Idle time                   0.0000    13     0.0031    15     0.0019 
Communication               0.0010     6     0.0037    13     0.0020 
Synchronization             0.0001    10     0.0026    13     0.0011 
Variation                   0.0002    10     0.0011     2     0.0008 
Overlap                     0.0000     1     0.0000    10     0.0000 
Load imbalance              0.0000    11     0.0006    15     0.0003 
Execution time              0.0108    15     0.0139    13     0.0119 
User CPU time               0.0007    15     0.0012    11     0.0010 
Sys. CPU time               0.0001    13     0.0002     7     0.0001 
I/O time                    0.0000    11     0.0000     1     0.0000 
Processors                      16     1         16    16         16 
                      Communic          Synchro        Variation          Overlap  
I/O             Tmin    0.0000     1     0.0000     8     0.0000     1     0.0000     1 
I/O             Tmax    0.0000    16     0.0000    15     0.0002    15     0.0000    16 
I/O             Tmid    0.0000           0.0000           0.0001           0.0000       
Reduction       Tmin    0.0001     7     0.0000    11     0.0000     2     0.0000     1 
Reduction       Tmax    0.0012     1     0.0000    16     0.0000    14     0.0000    15 
Reduction       Tmid    0.0008           0.0000           0.0000           0.0000       
Shadow          Tmin    0.0007     2     0.0000    10     0.0000    10     0.0000     1 
Shadow          Tmax    0.0025    13     0.0026    13     0.0010     1     0.0000    10 
Shadow          Tmid    0.0012           0.0011           0.0007           0.0000       
--- The execution characteristics --- 
                                1          2          3          4          5          6          7          8          9         10         11         12         13         14         15         16 
Lost time                  0.0130     0.0127     0.0127     0.0129     0.0127     0.0126     0.0126     0.0126     0.0127     0.0126     0.0125     0.0128     0.0130     0.0130     0.0131     0.0130 
User insufficient par.     0.0062     0.0076     0.0076     0.0062     0.0072     0.0062     0.0072     0.0083     0.0079     0.0062     0.0080     0.0062     0.0085     0.0063     0.0055     0.0082 
Sys.insufficient par.      0.0014     0.0018     0.0017     0.0013     0.0019     0.0024     0.0024     0.0019     0.0019     0.0024     0.0024     0.0018     0.0009     0.0011     0.0011     0.0009 
Idle time                  0.0031     0.0015     0.0015     0.0030     0.0019     0.0031     0.0019     0.0008     0.0012     0.0030     0.0012     0.0030     0.0000     0.0023     0.0031     0.0004 
Communication              0.0023     0.0018     0.0019     0.0023     0.0016     0.0010     0.0010     0.0017     0.0017     0.0010     0.0010     0.0017     0.0037     0.0033     0.0034     0.0035 
Synchronization            0.0013     0.0009     0.0009     0.0015     0.0007     0.0001     0.0001     0.0007     0.0008     0.0001     0.0001     0.0008     0.0026     0.0024     0.0023     0.0025 
Variation                  0.0010     0.0011     0.0011     0.0011     0.0009     0.0002     0.0002     0.0009     0.0009     0.0002     0.0002     0.0009     0.0011     0.0011     0.0011     0.0011 
Overlap                    0.0000     0.0000     0.0000     0.0000     0.0000     0.0000     0.0000     0.0000     0.0000     0.0000     0.0000     0.0000     0.0000     0.0000     0.0000     0.0000 
Load imbalance             0.0005     0.0003     0.0002     0.0004     0.0003     0.0001     0.0001     0.0002     0.0002     0.0001     0.0000     0.0003     0.0005     0.0006     0.0006     0.0005 
Execution time             0.0108     0.0123     0.0123     0.0108     0.0119     0.0108     0.0119     0.0131     0.0127     0.0108     0.0127     0.0108     0.0139     0.0115     0.0108     0.0135 
User CPU time              0.0008     0.0010     0.0011     0.0009     0.0010     0.0011     0.0012     0.0011     0.0011     0.0011     0.0012     0.0010     0.0008     0.0008     0.0007     0.0008 
Sys. CPU time              0.0001     0.0001     0.0001     0.0001     0.0001     0.0002     0.0002     0.0001     0.0001     0.0002     0.0002     0.0001     0.0001     0.0001     0.0001     0.0001 
I/O time                   0.0000     0.0000     0.0000     0.0000     0.0000     0.0000     0.0000     0.0000     0.0000     0.0000     0.0000     0.0000     0.0000     0.0000     0.0000     0.0000 
Processors                     16         16         16         16         16         16         16         16         16         16         16         16         16         16         16         16 
           Communication          
Reduction                  0.0012     0.0011     0.0011     0.0011     0.0009     0.0001     0.0001     0.0009     0.0009     0.0001     0.0001     0.0009     0.0012     0.0011     0.0011     0.0012 
Shadow                     0.0011     0.0007     0.0008     0.0012     0.0007     0.0008     0.0009     0.0008     0.0008     0.0009     0.0009     0.0008     0.0025     0.0022     0.0023     0.0023 
           Synchronization        
I/O                        0.0000     0.0000     0.0000     0.0000     0.0000     0.0000     0.0000     0.0000     0.0000     0.0000     0.0000     0.0000     0.0000     0.0000     0.0000     0.0000 
Reduction                  0.0000     0.0000     0.0000     0.0000     0.0000     0.0000     0.0000     0.0000     0.0000     0.0000     0.0000     0.0000     0.0000     0.0000     0.0000     0.0000 
Shadow                     0.0013     0.0009     0.0009     0.0014     0.0007     0.0001     0.0001     0.0007     0.0008     0.0000     0.0001     0.0007     0.0026     0.0024     0.0023     0.0024 
           Variation              
I/O                        0.0000     0.0001     0.0002     0.0002     0.0001     0.0002     0.0002     0.0001     0.0002     0.0001     0.0001     0.0001     0.0001     0.0001     0.0002     0.0002 
Reduction                  0.0000     0.0000     0.0000     0.0000     0.0000     0.0000     0.0000     0.0000     0.0000     0.0000     0.0000     0.0000     0.0000     0.0000     0.0000     0.0000 
Shadow                     0.0010     0.0010     0.0009     0.0010     0.0008     0.0001     0.0000     0.0008     0.0008     0.0000     0.0001     0.0007     0.0009     0.0010     0.0009     0.0009 
           Overlap                
Reduction                  0.0000     0.0000     0.0000     0.0000     0.0000     0.0000     0.0000     0.0000     0.0000     0.0000     0.0000     0.0000     0.0000     0.0000     0.0000     0.0000 
Shadow                     0.0000     0.0000     0.0000     0.0000     0.0000     0.0000     0.0000     0.0000     0.0000     0.0000     0.0000     0.0000     0.0000     0.0000     0.0000     0.0000 


-------------------------------------------------------------------------
Name (number) and performance time of processors
omp.keldysh.ru(1) 0.935385
omp.keldysh.ru(2) 0.935316
omp.keldysh.ru(3) 0.958827
omp.keldysh.ru(4) 0.958978
omp.keldysh.ru(5) 0.961506
omp.keldysh.ru(6) 0.961503
omp.keldysh.ru(7) 0.959077
omp.keldysh.ru(8) 0.959041
omp.keldysh.ru(9) 0.935372
omp.keldysh.ru(10) 0.935414
omp.keldysh.ru(11) 0.957559
omp.keldysh.ru(12) 0.957546
omp.keldysh.ru(13) 0.957444
omp.keldysh.ru(14) 0.957436
omp.keldysh.ru(15) 0.960471
omp.keldysh.ru(16) 0.960719
min - omp.keldysh.ru(2) 0.935316; max - omp.keldysh.ru(5) 0.961506; mid - 0.953225
