Processor system=2*1*3*3
Statistics has been accumulated on DVM-system version 5.0, platform DVM
Analyzer is executing on DVM-system version 5.0, platform DVM
-------------------------------------------------------------------------
INTERVAL ( NLINE=7 SOURCE=rem42.f ) LEVEL=0  EXE_COUNT=2
--- The main characteristics --- 
Parallelization efficiency      0.0503 
Execution time                  0.0363 
Processors                          18
Threads amount                      18
Total time                      0.6528
Productive time                 0.0328 ( CPU= 0.0122 Sys= 0.0206 I/O= 0.0000 )
Lost  time                      0.6199 
   Insufficient parallelism     0.5581 ( User= 0.2069 Sys= 0.3512 )
   Communication                0.0352 ( Real_sync= 0.0000 Starts= 0.0000 )
   Idle time                    0.0266
Load imbalance                  0.0031
Synchronization                23.0860
Time variation                 23.0920
Overlap                         0.0002
                  Nop   Communic    Synchro  Variation    Overlap 
I/O                17     0.0000     0.0994     0.1046     0.0000 
Reduction           8     0.0352     0.0063     0.0063     0.0000 
Remote access    4155     0.0000    22.9803    22.9812     0.0002 
--- The comparative characteristics --- 
                              Tmin N proc      Tmax N proc      Tmid
Lost time                   0.0343     6     0.0353    17     0.0344 
User insufficient par.      0.0056    17     0.0134     6     0.0115 
Sys.insufficient par.       0.0107    18     0.0209     1     0.0195 
Idle time                   0.0000     7     0.0047    17     0.0015 
Communication               0.0002    16     0.0143    17     0.0020 
Synchronization             0.0107    16    10.1940    18     1.2826 
Variation                   0.0110    16    10.1946    18     1.2829 
Overlap                     0.0000     2     0.0001    16     0.0000 
Load imbalance              0.0000     6     0.0010    17     0.0002 
Execution time              0.0316    17     0.0363     7     0.0348 
User CPU time               0.0003    17     0.0008     6     0.0007 
Sys. CPU time               0.0006    18     0.0012    12     0.0011 
I/O time                    0.0000    17     0.0000     1     0.0000 
Processors                      18     1         18    18         18 
                      Communic          Synchro        Variation          Overlap  
I/O             Tmin    0.0000     1     0.0003    16     0.0006    16     0.0000     1 
I/O             Tmax    0.0000    18     0.0417    17     0.0420    17     0.0000    18 
I/O             Tmid    0.0000           0.0055           0.0058           0.0000       
Reduction       Tmin    0.0002    16     0.0000    16     0.0000    16     0.0000     1 
Reduction       Tmax    0.0143    17     0.0019    17     0.0019    17     0.0000    18 
Reduction       Tmid    0.0020           0.0003           0.0003           0.0000       
Remote access   Tmin    0.0000     1     0.0104    16     0.0104    16     0.0000     2 
Remote access   Tmax    0.0000    18    10.1505    18    10.1508    18     0.0001    16 
Remote access   Tmid    0.0000           1.2767           1.2767           0.0000       
--- The execution characteristics --- 
                                1          2          3          4          5          6          7          8          9         10         11         12         13         14         15         16         17         18 
Lost time                  0.0343     0.0344     0.0343     0.0344     0.0344     0.0343     0.0343     0.0344     0.0344     0.0343     0.0343     0.0344     0.0343     0.0344     0.0343     0.0343     0.0353     0.0353 
User insufficient par.     0.0120     0.0116     0.0124     0.0116     0.0117     0.0134     0.0131     0.0117     0.0116     0.0123     0.0124     0.0116     0.0127     0.0116     0.0128     0.0131     0.0056     0.0057 
Sys.insufficient par.      0.0209     0.0205     0.0206     0.0206     0.0206     0.0206     0.0207     0.0205     0.0206     0.0205     0.0206     0.0208     0.0204     0.0204     0.0207     0.0207     0.0107     0.0107 
Idle time                  0.0008     0.0017     0.0008     0.0017     0.0017     0.0000     0.0000     0.0017     0.0017     0.0011     0.0011     0.0017     0.0005     0.0017     0.0005     0.0003     0.0047     0.0047 
Communication              0.0005     0.0006     0.0004     0.0004     0.0003     0.0003     0.0005     0.0005     0.0005     0.0005     0.0003     0.0003     0.0006     0.0006     0.0002     0.0002     0.0143     0.0142 
Synchronization            0.2445     0.2879     0.1807     0.1514     0.0972     0.0702     0.1663     0.1908     0.2257     0.2137     0.0570     0.0762     0.3279     0.3266     0.0741     0.0107    10.1912    10.1940 
Variation                  0.2445     0.2883     0.1810     0.1517     0.0976     0.0706     0.1666     0.1911     0.2260     0.2141     0.0573     0.0765     0.3282     0.3269     0.0744     0.0110    10.1917    10.1946 
Overlap                    0.0000     0.0000     0.0000     0.0000     0.0000     0.0000     0.0000     0.0000     0.0000     0.0000     0.0000     0.0000     0.0000     0.0000     0.0000     0.0001     0.0000     0.0000 
Load imbalance             0.0001     0.0001     0.0001     0.0001     0.0001     0.0000     0.0000     0.0001     0.0001     0.0001     0.0001     0.0001     0.0000     0.0001     0.0000     0.0000     0.0010     0.0010 
Execution time             0.0354     0.0345     0.0354     0.0345     0.0346     0.0363     0.0363     0.0345     0.0345     0.0352     0.0352     0.0345     0.0357     0.0346     0.0357     0.0360     0.0316     0.0316 
User CPU time              0.0007     0.0007     0.0007     0.0007     0.0007     0.0008     0.0008     0.0007     0.0007     0.0007     0.0007     0.0007     0.0007     0.0007     0.0008     0.0008     0.0003     0.0003 
Sys. CPU time              0.0012     0.0012     0.0012     0.0012     0.0012     0.0012     0.0012     0.0012     0.0012     0.0012     0.0012     0.0012     0.0012     0.0012     0.0012     0.0012     0.0006     0.0006 
I/O time                   0.0000     0.0000     0.0000     0.0000     0.0000     0.0000     0.0000     0.0000     0.0000     0.0000     0.0000     0.0000     0.0000     0.0000     0.0000     0.0000     0.0000     0.0000 
Processors                     18         18         18         18         18         18         18         18         18         18         18         18         18         18         18         18         18         18 
           Communication          
Reduction                  0.0005     0.0006     0.0004     0.0004     0.0003     0.0003     0.0005     0.0005     0.0005     0.0005     0.0003     0.0003     0.0006     0.0006     0.0002     0.0002     0.0143     0.0142 
           Synchronization        
I/O                        0.0011     0.0017     0.0010     0.0010     0.0007     0.0006     0.0010     0.0010     0.0011     0.0011     0.0005     0.0006     0.0020     0.0020     0.0005     0.0003     0.0417     0.0416 
Reduction                  0.0001     0.0002     0.0002     0.0002     0.0001     0.0001     0.0002     0.0002     0.0001     0.0001     0.0001     0.0001     0.0004     0.0004     0.0000     0.0000     0.0019     0.0018 
Remote access              0.2433     0.2860     0.1795     0.1502     0.0964     0.0696     0.1651     0.1896     0.2244     0.2125     0.0564     0.0755     0.3254     0.3242     0.0736     0.0104    10.1476    10.1505 
           Variation              
I/O                        0.0010     0.0020     0.0014     0.0013     0.0010     0.0009     0.0013     0.0014     0.0015     0.0014     0.0008     0.0009     0.0023     0.0023     0.0008     0.0006     0.0420     0.0419 
Reduction                  0.0001     0.0002     0.0002     0.0002     0.0001     0.0001     0.0002     0.0002     0.0001     0.0001     0.0001     0.0001     0.0004     0.0004     0.0000     0.0000     0.0019     0.0018 
Remote access              0.2434     0.2861     0.1795     0.1502     0.0965     0.0696     0.1651     0.1896     0.2244     0.2125     0.0564     0.0755     0.3255     0.3242     0.0736     0.0104    10.1478    10.1508 
           Overlap                
Remote access              0.0000     0.0000     0.0000     0.0000     0.0000     0.0000     0.0000     0.0000     0.0000     0.0000     0.0000     0.0000     0.0000     0.0000     0.0000     0.0001     0.0000     0.0000 


-------------------------------------------------------------------------
Name (number) and performance time of processors
omp.keldysh.ru(1) 0.935424
omp.keldysh.ru(2) 0.935356
omp.keldysh.ru(3) 0.958349
omp.keldysh.ru(4) 0.958907
omp.keldysh.ru(5) 0.935468
omp.keldysh.ru(6) 0.935451
omp.keldysh.ru(7) 0.957225
omp.keldysh.ru(8) 0.957174
omp.keldysh.ru(9) 0.952179
omp.keldysh.ru(10) 0.952176
omp.keldysh.ru(11) 0.960163
omp.keldysh.ru(12) 0.960172
omp.keldysh.ru(13) 0.954079
omp.keldysh.ru(14) 0.954062
omp.keldysh.ru(15) 0.956218
omp.keldysh.ru(16) 0.956196
omp.keldysh.ru(17) 0.958573
omp.keldysh.ru(18) 0.958641
min - omp.keldysh.ru(2) 0.935356; max - omp.keldysh.ru(12) 0.960172; mid - 0.951990
