Processor system=4*2*1*2
Statistics has been accumulated on DVM-system version 5.0, platform DVM
Analyzer is executing on DVM-system version 5.0, platform DVM
-------------------------------------------------------------------------
INTERVAL ( NLINE=5 SOURCE=prf41.f ) LEVEL=0  EXE_COUNT=1
--- The main characteristics --- 
Parallelization efficiency      0.0512 
Execution time                  0.0408 
Processors                          16
Threads amount                      16
Total time                      0.6522
Productive time                 0.0334 ( CPU= 0.0086 Sys= 0.0248 I/O= 0.0000 )
Lost  time                      0.6188 
   Insufficient parallelism     0.4731 ( User= 0.1005 Sys= 0.3725 )
   Communication                0.1206 ( Real_sync= 0.0000 Starts= 0.0000 )
   Idle time                    0.0251
Load imbalance                  0.0047
Synchronization                 0.1357
Time variation                  0.1119
Overlap                         0.0788
                  Nop   Communic    Synchro  Variation    Overlap 
I/O                11     0.0000     0.0180     0.0205     0.0000 
Reduction          21     0.0359     0.0004     0.0004     0.0000 
Remote access     180     0.0848     0.1172     0.0910     0.0788 
--- The comparative characteristics --- 
                              Tmin N proc      Tmax N proc      Tmid
Lost time                   0.0384     4     0.0393    15     0.0387 
User insufficient par.      0.0055    15     0.0077    16     0.0063 
Sys.insufficient par.       0.0149    13     0.0269     4     0.0233 
Idle time                   0.0000    16     0.0023    11     0.0016 
Communication               0.0036     4     0.0167    13     0.0075 
Synchronization             0.0013     4     0.0195    13     0.0085 
Variation                   0.0014     4     0.0175    13     0.0070 
Overlap                     0.0025    13     0.0073     4     0.0049 
Load imbalance              0.0000     4     0.0009    15     0.0003 
Execution time              0.0385    11     0.0408    16     0.0392 
User CPU time               0.0004    15     0.0006    16     0.0005 
Sys. CPU time               0.0010    13     0.0018     4     0.0016 
I/O time                    0.0000     3     0.0000     1     0.0000 
Processors                      16     1         16    16         16 
                      Communic          Synchro        Variation          Overlap  
I/O             Tmin    0.0000     1     0.0001     4     0.0003     4     0.0000     1 
I/O             Tmax    0.0000    16     0.0029    13     0.0030    13     0.0000    16 
I/O             Tmid    0.0000           0.0011           0.0013           0.0000       
Reduction       Tmin    0.0007     4     0.0000     6     0.0000     6     0.0000     1 
Reduction       Tmax    0.0060    13     0.0000    13     0.0000     1     0.0000    16 
Reduction       Tmid    0.0022           0.0000           0.0000           0.0000       
Remote access   Tmin    0.0029     4     0.0011     4     0.0011     4     0.0025    13 
Remote access   Tmax    0.0107    13     0.0167    13     0.0145    13     0.0073     4 
Remote access   Tmid    0.0053           0.0073           0.0057           0.0049       
--- The execution characteristics --- 
                                1          2          3          4          5          6          7          8          9         10         11         12         13         14         15         16 
Lost time                  0.0386     0.0385     0.0385     0.0384     0.0386     0.0385     0.0385     0.0385     0.0386     0.0385     0.0385     0.0385     0.0392     0.0392     0.0393     0.0391 
User insufficient par.     0.0056     0.0063     0.0063     0.0071     0.0057     0.0067     0.0067     0.0056     0.0057     0.0057     0.0056     0.0057     0.0073     0.0073     0.0055     0.0077 
Sys.insufficient par.      0.0259     0.0261     0.0265     0.0269     0.0251     0.0255     0.0260     0.0264     0.0250     0.0255     0.0259     0.0263     0.0149     0.0151     0.0155     0.0159 
Idle time                  0.0023     0.0016     0.0016     0.0008     0.0023     0.0012     0.0012     0.0023     0.0022     0.0022     0.0023     0.0023     0.0004     0.0004     0.0023     0.0000 
Communication              0.0048     0.0045     0.0040     0.0036     0.0055     0.0051     0.0046     0.0042     0.0056     0.0052     0.0047     0.0043     0.0167     0.0164     0.0160     0.0156 
Synchronization            0.0059     0.0049     0.0037     0.0013     0.0084     0.0061     0.0056     0.0035     0.0081     0.0059     0.0054     0.0033     0.0195     0.0187     0.0183     0.0170 
Variation                  0.0043     0.0039     0.0032     0.0014     0.0054     0.0042     0.0040     0.0026     0.0051     0.0038     0.0037     0.0024     0.0175     0.0172     0.0168     0.0164 
Overlap                    0.0055     0.0060     0.0063     0.0073     0.0044     0.0052     0.0055     0.0062     0.0044     0.0052     0.0055     0.0063     0.0025     0.0026     0.0028     0.0031 
Load imbalance             0.0002     0.0001     0.0001     0.0000     0.0002     0.0001     0.0001     0.0001     0.0002     0.0002     0.0001     0.0001     0.0008     0.0008     0.0009     0.0007 
Execution time             0.0385     0.0392     0.0392     0.0400     0.0385     0.0396     0.0396     0.0385     0.0385     0.0385     0.0385     0.0385     0.0404     0.0404     0.0385     0.0408 
User CPU time              0.0005     0.0005     0.0005     0.0006     0.0005     0.0006     0.0006     0.0005     0.0005     0.0005     0.0005     0.0005     0.0006     0.0006     0.0004     0.0006 
Sys. CPU time              0.0017     0.0017     0.0018     0.0018     0.0017     0.0017     0.0017     0.0018     0.0017     0.0017     0.0017     0.0018     0.0010     0.0010     0.0010     0.0011 
I/O time                   0.0000     0.0000     0.0000     0.0000     0.0000     0.0000     0.0000     0.0000     0.0000     0.0000     0.0000     0.0000     0.0000     0.0000     0.0000     0.0000 
Processors                     16         16         16         16         16         16         16         16         16         16         16         16         16         16         16         16 
           Communication          
Reduction                  0.0013     0.0011     0.0009     0.0007     0.0014     0.0013     0.0010     0.0007     0.0013     0.0012     0.0011     0.0009     0.0060     0.0058     0.0056     0.0056 
Remote access              0.0035     0.0034     0.0031     0.0029     0.0041     0.0038     0.0036     0.0034     0.0043     0.0040     0.0036     0.0034     0.0107     0.0106     0.0104     0.0100 
           Synchronization        
I/O                        0.0007     0.0006     0.0005     0.0001     0.0009     0.0006     0.0007     0.0004     0.0009     0.0006     0.0006     0.0003     0.0029     0.0028     0.0028     0.0028 
Reduction                  0.0000     0.0000     0.0000     0.0000     0.0000     0.0000     0.0000     0.0000     0.0000     0.0000     0.0000     0.0000     0.0000     0.0000     0.0000     0.0000 
Remote access              0.0052     0.0043     0.0032     0.0011     0.0074     0.0055     0.0049     0.0031     0.0073     0.0053     0.0048     0.0029     0.0167     0.0159     0.0154     0.0142 
           Variation              
I/O                        0.0006     0.0007     0.0007     0.0003     0.0011     0.0008     0.0008     0.0005     0.0010     0.0007     0.0008     0.0005     0.0030     0.0030     0.0030     0.0029 
Reduction                  0.0000     0.0000     0.0000     0.0000     0.0000     0.0000     0.0000     0.0000     0.0000     0.0000     0.0000     0.0000     0.0000     0.0000     0.0000     0.0000 
Remote access              0.0036     0.0032     0.0025     0.0011     0.0044     0.0034     0.0032     0.0020     0.0040     0.0030     0.0029     0.0019     0.0145     0.0141     0.0138     0.0134 
           Overlap                
Reduction                  0.0000     0.0000     0.0000     0.0000     0.0000     0.0000     0.0000     0.0000     0.0000     0.0000     0.0000     0.0000     0.0000     0.0000     0.0000     0.0000 
Remote access              0.0055     0.0060     0.0063     0.0073     0.0044     0.0052     0.0055     0.0062     0.0044     0.0052     0.0055     0.0063     0.0025     0.0026     0.0028     0.0031 


-------------------------------------------------------------------------
Name (number) and performance time of processors
omp.keldysh.ru(1) 0.935920
omp.keldysh.ru(2) 0.935819
omp.keldysh.ru(3) 0.957711
omp.keldysh.ru(4) 0.957744
omp.keldysh.ru(5) 0.960176
omp.keldysh.ru(6) 0.960456
omp.keldysh.ru(7) 0.959006
omp.keldysh.ru(8) 0.959008
omp.keldysh.ru(9) 0.935420
omp.keldysh.ru(10) 0.935531
omp.keldysh.ru(11) 0.949707
omp.keldysh.ru(12) 0.949702
omp.keldysh.ru(13) 0.957911
omp.keldysh.ru(14) 0.957898
omp.keldysh.ru(15) 0.960483
omp.keldysh.ru(16) 0.960474
min - omp.keldysh.ru(9) 0.935420; max - omp.keldysh.ru(15) 0.960483; mid - 0.952060
