Processor system=3*1*2*3
Statistics has been accumulated on DVM-system version 5.0, platform DVM
Analyzer is executing on DVM-system version 5.0, platform DVM
-------------------------------------------------------------------------
INTERVAL ( NLINE=7 SOURCE=sh42.f ) LEVEL=0  EXE_COUNT=2
--- The main characteristics --- 
Parallelization efficiency      0.0491 
Execution time                  0.2447 
Processors                          18
Threads amount                      18
Total time                      4.4048
Productive time                 0.2162 ( CPU= 0.2143 Sys= 0.0019 I/O= 0.0000 )
Lost  time                      4.1886 
   Insufficient parallelism     3.6752 ( User= 3.6426 Sys= 0.0325 )
   Communication                0.0047 ( Real_sync= 0.0000 Starts= 0.0000 )
   Idle time                    0.5088
Load imbalance                  0.0283
Synchronization                 2.0426
Time variation                  2.0450
Overlap                         0.0000
                  Nop   Communic    Synchro  Variation    Overlap 
I/O                12     0.0000     0.9937     0.9961     0.0000 
Reduction          10     0.0047     0.5224     0.5224     0.0000 
Shadow             10     0.0000     0.5266     0.5266     0.0000 
--- The comparative characteristics --- 
                              Tmin N proc      Tmax N proc      Tmid
Lost time                   0.2311    10     0.2409    17     0.2327 
User insufficient par.      0.0642    17     0.2289    10     0.2024 
Sys.insufficient par.       0.0011    18     0.0024     1     0.0018 
Idle time                   0.0000    10     0.1750    18     0.0283 
Communication               0.0002     1     0.0004    17     0.0003 
Synchronization             0.0015    16     0.7369    17     0.1135 
Variation                   0.0016    16     0.7370    17     0.1136 
Overlap                     0.0000     1     0.0000    16     0.0000 
Load imbalance              0.0000    10     0.0097    18     0.0016 
Execution time              0.0697    18     0.2447    10     0.2164 
User CPU time               0.0038    17     0.0135    10     0.0119 
Sys. CPU time               0.0001    18     0.0001    15     0.0001 
I/O time                    0.0000    15     0.0000     1     0.0000 
Processors                      18     1         18    18         18 
                      Communic          Synchro        Variation          Overlap  
I/O             Tmin    0.0000     1     0.0007    16     0.0009    16     0.0000     1 
I/O             Tmax    0.0000    18     0.3621    17     0.3623    17     0.0000    18 
I/O             Tmid    0.0000           0.0552           0.0553           0.0000       
Reduction       Tmin    0.0002     1     0.0005    16     0.0005    16     0.0000     1 
Reduction       Tmax    0.0004    17     0.1887    17     0.1887    17     0.0000    16 
Reduction       Tmid    0.0003           0.0290           0.0290           0.0000       
Shadow          Tmin    0.0000     1     0.0002    16     0.0002    16     0.0000     1 
Shadow          Tmax    0.0000    18     0.1861    17     0.1861    17     0.0000    16 
Shadow          Tmid    0.0000           0.0293           0.0293           0.0000       
--- The execution characteristics --- 
                                1          2          3          4          5          6          7          8          9         10         11         12         13         14         15         16         17         18 
Lost time                  0.2312     0.2312     0.2316     0.2316     0.2343     0.2344     0.2312     0.2312     0.2311     0.2311     0.2313     0.2314     0.2314     0.2314     0.2312     0.2312     0.2409     0.2409 
User insufficient par.     0.2272     0.2275     0.2200     0.2209     0.1757     0.1740     0.2277     0.2277     0.2288     0.2289     0.2254     0.2252     0.2250     0.2250     0.2274     0.2276     0.0642     0.0644 
Sys.insufficient par.      0.0024     0.0021     0.0021     0.0015     0.0016     0.0020     0.0019     0.0020     0.0021     0.0020     0.0018     0.0017     0.0014     0.0013     0.0022     0.0021     0.0012     0.0011 
Idle time                  0.0014     0.0013     0.0093     0.0090     0.0567     0.0581     0.0013     0.0013     0.0000     0.0000     0.0039     0.0042     0.0048     0.0048     0.0013     0.0013     0.1750     0.1750 
Communication              0.0002     0.0003     0.0003     0.0003     0.0002     0.0003     0.0002     0.0002     0.0003     0.0002     0.0003     0.0002     0.0003     0.0003     0.0002     0.0002     0.0004     0.0004 
Synchronization            0.0060     0.0043     0.0303     0.0202     0.2112     0.2259     0.0087     0.0066     0.0051     0.0052     0.0099     0.0078     0.0139     0.0136     0.0037     0.0015     0.7369     0.7317 
Variation                  0.0059     0.0045     0.0305     0.0203     0.2114     0.2261     0.0088     0.0068     0.0053     0.0054     0.0100     0.0079     0.0141     0.0137     0.0039     0.0016     0.7370     0.7318 
Overlap                    0.0000     0.0000     0.0000     0.0000     0.0000     0.0000     0.0000     0.0000     0.0000     0.0000     0.0000     0.0000     0.0000     0.0000     0.0000     0.0000     0.0000     0.0000 
Load imbalance             0.0001     0.0001     0.0005     0.0005     0.0032     0.0032     0.0001     0.0001     0.0000     0.0000     0.0002     0.0002     0.0003     0.0003     0.0001     0.0001     0.0097     0.0097 
Execution time             0.2434     0.2434     0.2354     0.2357     0.1880     0.1866     0.2434     0.2434     0.2447     0.2447     0.2409     0.2405     0.2399     0.2399     0.2434     0.2434     0.0697     0.0697 
User CPU time              0.0134     0.0134     0.0129     0.0130     0.0103     0.0102     0.0134     0.0134     0.0135     0.0135     0.0133     0.0132     0.0132     0.0132     0.0134     0.0134     0.0038     0.0038 
Sys. CPU time              0.0001     0.0001     0.0001     0.0001     0.0001     0.0001     0.0001     0.0001     0.0001     0.0001     0.0001     0.0001     0.0001     0.0001     0.0001     0.0001     0.0001     0.0001 
I/O time                   0.0000     0.0000     0.0000     0.0000     0.0000     0.0000     0.0000     0.0000     0.0000     0.0000     0.0000     0.0000     0.0000     0.0000     0.0000     0.0000     0.0000     0.0000 
Processors                     18         18         18         18         18         18         18         18         18         18         18         18         18         18         18         18         18         18 
           Communication          
Reduction                  0.0002     0.0003     0.0003     0.0003     0.0002     0.0003     0.0002     0.0002     0.0003     0.0002     0.0003     0.0002     0.0003     0.0003     0.0002     0.0002     0.0004     0.0004 
           Synchronization        
I/O                        0.0019     0.0017     0.0130     0.0096     0.1055     0.1117     0.0032     0.0021     0.0017     0.0018     0.0032     0.0030     0.0056     0.0056     0.0008     0.0007     0.3621     0.3604 
Reduction                  0.0015     0.0015     0.0078     0.0050     0.0529     0.0570     0.0027     0.0016     0.0017     0.0018     0.0024     0.0023     0.0038     0.0038     0.0006     0.0005     0.1887     0.1871 
Shadow                     0.0026     0.0011     0.0095     0.0056     0.0528     0.0573     0.0028     0.0029     0.0018     0.0017     0.0043     0.0025     0.0046     0.0043     0.0024     0.0002     0.1861     0.1842 
           Variation              
I/O                        0.0018     0.0019     0.0132     0.0098     0.1056     0.1118     0.0033     0.0023     0.0019     0.0020     0.0034     0.0031     0.0057     0.0057     0.0009     0.0009     0.3623     0.3606 
Reduction                  0.0015     0.0015     0.0078     0.0050     0.0529     0.0570     0.0027     0.0016     0.0017     0.0018     0.0024     0.0023     0.0038     0.0038     0.0006     0.0005     0.1887     0.1871 
Shadow                     0.0026     0.0011     0.0095     0.0056     0.0528     0.0573     0.0028     0.0029     0.0018     0.0017     0.0043     0.0025     0.0046     0.0043     0.0024     0.0002     0.1861     0.1842 
           Overlap                
Reduction                  0.0000     0.0000     0.0000     0.0000     0.0000     0.0000     0.0000     0.0000     0.0000     0.0000     0.0000     0.0000     0.0000     0.0000     0.0000     0.0000     0.0000     0.0000 
Shadow                     0.0000     0.0000     0.0000     0.0000     0.0000     0.0000     0.0000     0.0000     0.0000     0.0000     0.0000     0.0000     0.0000     0.0000     0.0000     0.0000     0.0000     0.0000 


-------------------------------------------------------------------------
Name (number) and performance time of processors
omp.keldysh.ru(1) 0.935326
omp.keldysh.ru(2) 0.935252
omp.keldysh.ru(3) 0.935426
omp.keldysh.ru(4) 0.935404
omp.keldysh.ru(5) 0.953898
omp.keldysh.ru(6) 0.953882
omp.keldysh.ru(7) 0.954241
omp.keldysh.ru(8) 0.954206
omp.keldysh.ru(9) 0.953313
omp.keldysh.ru(10) 0.953301
omp.keldysh.ru(11) 0.935371
omp.keldysh.ru(12) 0.935430
omp.keldysh.ru(13) 0.957291
omp.keldysh.ru(14) 0.957297
omp.keldysh.ru(15) 0.957584
omp.keldysh.ru(16) 0.957579
omp.keldysh.ru(17) 0.957113
omp.keldysh.ru(18) 0.957388
min - omp.keldysh.ru(2) 0.935252; max - omp.keldysh.ru(15) 0.957584; mid - 0.948850
