Processor system=3*6
Statistics has been accumulated on DVM-system version 5.0, platform DVM
Analyzer is executing on DVM-system version 5.0, platform DVM
-------------------------------------------------------------------------
INTERVAL ( NLINE=5 SOURCE=prf21.f ) LEVEL=0  EXE_COUNT=2
--- The main characteristics --- 
Parallelization efficiency      0.0003 
Execution time                  1.8221 
Processors                          18
Threads amount                      18
Total time                     32.7975
Productive time                 0.0097 ( CPU= 0.0076 Sys= 0.0019 I/O= 0.0002 )
Lost  time                     32.7877 
   Insufficient parallelism     0.1625 ( User= 0.1261 Sys= 0.0364 )
   Communication               32.4120 ( Real_sync= 0.0000 Starts= 0.0000 )
   Idle time                    0.2133
Load imbalance                  0.0074
Synchronization                31.5488
Time variation                 33.6171
Overlap                         5.7614
                  Nop   Communic    Synchro  Variation    Overlap 
I/O                12     0.0000     3.7912     3.7882     0.0000 
Reduction          28    22.6031     9.9182     9.9182     0.0000 
Remote access     196     9.8089    17.8394    19.9107     5.7614 
--- The comparative characteristics --- 
                              Tmin N proc      Tmax N proc      Tmid
Lost time                   1.8211     1     1.8218     8     1.8215 
User insufficient par.      0.0021     8     0.0141    16     0.0070 
Sys.insufficient par.       0.0009    17     0.0071     5     0.0020 
Idle time                   0.0000    10     0.0355    18     0.0118 
Communication               1.7818    18     1.8160    10     1.8007 
Synchronization             0.8668    13     2.3712     2     1.7527 
Variation                   1.0729    13     2.5915     6     1.8676 
Overlap                     0.2869    18     0.3906    13     0.3201 
Load imbalance              0.0000    16     0.0007     8     0.0004 
Execution time              1.7865    18     1.8221    10     1.8102 
User CPU time               0.0001     8     0.0008    16     0.0004 
Sys. CPU time               0.0001    17     0.0004     5     0.0001 
I/O time                    0.0000    17     0.0002     1     0.0000 
Processors                      18     1         18    18         18 
                      Communic          Synchro        Variation          Overlap  
I/O             Tmin    0.0000     1     0.1229    17     0.1229    17     0.0000     1 
I/O             Tmax    0.0000    18     0.2817     2     0.2817     2     0.0000    18 
I/O             Tmid    0.0000           0.2106           0.2105           0.0000       
Reduction       Tmin    0.8313     1     0.1520    13     0.1520    13     0.0000     1 
Reduction       Tmax    1.3922    12     0.7738     1     0.7738     1     0.0000    13 
Reduction       Tmid    1.2557           0.5510           0.5510           0.0000       
Remote access   Tmin    0.3994    18     0.5184    13     0.5985     7     0.2869    18 
Remote access   Tmax    0.9656     1     1.3157     2     1.5360     6     0.3906    13 
Remote access   Tmid    0.5449           0.9911           1.1062           0.3201       
--- The execution characteristics --- 
                                1          2          3          4          5          6          7          8          9         10         11         12         13         14         15         16         17         18 
Lost time                  1.8211     1.8218     1.8212     1.8215     1.8212     1.8218     1.8212     1.8218     1.8217     1.8217     1.8214     1.8214     1.8217     1.8218     1.8217     1.8211     1.8218     1.8218 
User insufficient par.     0.0115     0.0035     0.0134     0.0078     0.0088     0.0036     0.0125     0.0021     0.0040     0.0041     0.0106     0.0109     0.0040     0.0036     0.0042     0.0141     0.0040     0.0035 
Sys.insufficient par.      0.0050     0.0018     0.0017     0.0017     0.0071     0.0014     0.0016     0.0017     0.0016     0.0016     0.0013     0.0013     0.0017     0.0017     0.0017     0.0017     0.0009     0.0009 
Idle time                  0.0077     0.0162     0.0101     0.0111     0.0107     0.0162     0.0141     0.0047     0.0001     0.0000     0.0081     0.0078     0.0001     0.0246     0.0239     0.0084     0.0141     0.0355 
Communication              1.7969     1.8002     1.7960     1.8009     1.7946     1.8007     1.7931     1.8133     1.8160     1.8160     1.8014     1.8014     1.8159     1.7919     1.7919     1.7970     1.8028     1.7818 
Synchronization            1.9037     2.3712     1.6739     1.8454     1.8058     2.3530     1.1296     1.9884     1.3648     1.1643     1.9894     1.9893     0.8668     1.9824     1.9913     1.3769     1.4994     2.2531 
Variation                  1.5922     2.3817     1.6887     1.8570     2.0377     2.5915     1.1072     2.0865     1.4942     1.3359     2.2362     2.2362     1.0729     2.0888     2.0887     1.4716     1.7402     2.5098 
Overlap                    0.2889     0.2869     0.3405     0.3177     0.3167     0.2869     0.3775     0.2959     0.3317     0.3348     0.2989     0.2989     0.3906     0.2919     0.2919     0.3415     0.3835     0.2869 
Load imbalance             0.0001     0.0006     0.0000     0.0004     0.0000     0.0007     0.0001     0.0007     0.0006     0.0006     0.0002     0.0002     0.0006     0.0006     0.0006     0.0000     0.0007     0.0007 
Execution time             1.8144     1.8059     1.8120     1.8110     1.8114     1.8059     1.8080     1.8173     1.8220     1.8221     1.8140     1.8143     1.8220     1.7975     1.7981     1.8137     1.8080     1.7865 
User CPU time              0.0007     0.0002     0.0008     0.0005     0.0005     0.0002     0.0008     0.0001     0.0003     0.0003     0.0006     0.0006     0.0002     0.0002     0.0003     0.0008     0.0002     0.0002 
Sys. CPU time              0.0001     0.0001     0.0001     0.0001     0.0004     0.0001     0.0001     0.0001     0.0001     0.0001     0.0001     0.0001     0.0001     0.0001     0.0001     0.0001     0.0001     0.0001 
I/O time                   0.0002     0.0000     0.0000     0.0000     0.0000     0.0000     0.0000     0.0000     0.0000     0.0000     0.0000     0.0000     0.0000     0.0000     0.0000     0.0000     0.0000     0.0000 
Processors                     18         18         18         18         18         18         18         18         18         18         18         18         18         18         18         18         18         18 
           Communication          
Reduction                  0.8313     1.1540     1.1502     1.1471     1.3704     1.3831     1.1141     1.2548     1.2850     1.3310     1.3922     1.3922     1.3288     1.2326     1.2325     1.2339     1.3875     1.3825 
Remote access              0.9656     0.6462     0.6458     0.6538     0.4242     0.4176     0.6790     0.5585     0.5310     0.4850     0.4093     0.4093     0.4872     0.5593     0.5593     0.5630     0.4153     0.3994 
           Synchronization        
I/O                        0.1822     0.2817     0.1818     0.2277     0.2021     0.2817     0.1427     0.2437     0.1694     0.1336     0.2493     0.2492     0.1964     0.2404     0.2404     0.1956     0.1229     0.2506 
Reduction                  0.7738     0.7738     0.5920     0.5760     0.6020     0.7738     0.3660     0.5920     0.3710     0.3120     0.5760     0.5760     0.1520     0.6020     0.6020     0.3640     0.5400     0.7738 
Remote access              0.9476     1.3157     0.9002     1.0418     1.0018     1.2975     0.6209     1.1528     0.8244     0.7187     1.1641     1.1641     0.5184     1.1400     1.1489     0.8173     0.8364     1.2287 
           Variation              
I/O                        0.1788     0.2817     0.1818     0.2277     0.2021     0.2817     0.1427     0.2437     0.1694     0.1336     0.2493     0.2493     0.1964     0.2404     0.2404     0.1956     0.1229     0.2506 
Reduction                  0.7738     0.7738     0.5920     0.5760     0.6020     0.7738     0.3660     0.5920     0.3710     0.3120     0.5760     0.5760     0.1520     0.6020     0.6020     0.3640     0.5400     0.7738 
Remote access              0.6396     1.3261     0.9149     1.0533     1.2337     1.5360     0.5985     1.2508     0.9538     0.8903     1.4109     1.4109     0.7246     1.2464     1.2463     0.9120     1.0772     1.4854 
           Overlap                
Reduction                  0.0000     0.0000     0.0000     0.0000     0.0000     0.0000     0.0000     0.0000     0.0000     0.0000     0.0000     0.0000     0.0000     0.0000     0.0000     0.0000     0.0000     0.0000 
Remote access              0.2889     0.2869     0.3405     0.3177     0.3167     0.2869     0.3775     0.2959     0.3317     0.3348     0.2989     0.2989     0.3906     0.2919     0.2919     0.3415     0.3835     0.2869 


-------------------------------------------------------------------------
Name (number) and performance time of processors
omp.keldysh.ru(1) 8.912171
omp.keldysh.ru(2) 0.871482
omp.keldysh.ru(3) 5.424390
omp.keldysh.ru(4) 5.435470
omp.keldysh.ru(5) 4.935448
omp.keldysh.ru(6) 0.906854
omp.keldysh.ru(7) 8.903599
omp.keldysh.ru(8) 0.886161
omp.keldysh.ru(9) 5.398949
omp.keldysh.ru(10) 5.429510
omp.keldysh.ru(11) 0.934186
omp.keldysh.ru(12) 0.933860
omp.keldysh.ru(13) 8.922787
omp.keldysh.ru(14) 0.904830
omp.keldysh.ru(15) 0.854437
omp.keldysh.ru(16) 4.937659
omp.keldysh.ru(17) 4.915794
omp.keldysh.ru(18) 0.875167
min - omp.keldysh.ru(15) 0.854437; max - omp.keldysh.ru(13) 8.922787; mid - 3.910153
