Processor system=2*2*1*4
Statistics has been accumulated on DVM-system version 5.0, platform DVM
Analyzer is executing on DVM-system version 5.0, platform DVM
-------------------------------------------------------------------------
INTERVAL ( NLINE=5 SOURCE=parallel4.f ) LEVEL=0  EXE_COUNT=1
--- The main characteristics --- 
Parallelization efficiency      0.0626 
Execution time                  0.0086 
Processors                          16
Threads amount                      16
Total time                      0.1378
Productive time                 0.0086 ( CPU= 0.0083 Sys= 0.0003 I/O= 0.0000 )
Lost  time                      0.1292 
   Insufficient parallelism     0.1014 ( User= 0.0971 Sys= 0.0043 )
   Communication                0.0039 ( Real_sync= 0.0000 Starts= 0.0000 )
   Idle time                    0.0238
Load imbalance                  0.0017
Synchronization                 0.0006
Time variation                  0.0029
Overlap                         0.0000
                  Nop   Communic    Synchro  Variation    Overlap 
I/O                 7     0.0000     0.0006     0.0029     0.0000 
Reduction           5     0.0039     0.0000     0.0000     0.0000 
--- The comparative characteristics --- 
                              Tmin N proc      Tmax N proc      Tmid
Lost time                   0.0080     6     0.0082    13     0.0081 
User insufficient par.      0.0052    15     0.0075     5     0.0061 
Sys.insufficient par.       0.0002    13     0.0004     1     0.0003 
Idle time                   0.0000     5     0.0023    15     0.0015 
Communication               0.0001     1     0.0004    15     0.0002 
Synchronization             0.0000     1     0.0001    14     0.0000 
Variation                   0.0000     1     0.0002    14     0.0002 
Overlap                     0.0000     1     0.0000    12     0.0000 
Load imbalance              0.0000     6     0.0002    13     0.0001 
Execution time              0.0063    15     0.0086     5     0.0071 
User CPU time               0.0004    13     0.0006     6     0.0005 
Sys. CPU time               0.0000    15     0.0000     2     0.0000 
I/O time                    0.0000    16     0.0000     1     0.0000 
Processors                      16     1         16    16         16 
                      Communic          Synchro        Variation          Overlap  
I/O             Tmin    0.0000     1     0.0000     1     0.0000     1     0.0000     1 
I/O             Tmax    0.0000    16     0.0001    14     0.0002    14     0.0000    16 
I/O             Tmid    0.0000           0.0000           0.0002           0.0000       
Reduction       Tmin    0.0001     1     0.0000     3     0.0000     3     0.0000     1 
Reduction       Tmax    0.0004    15     0.0000    14     0.0000    14     0.0000    12 
Reduction       Tmid    0.0002           0.0000           0.0000           0.0000       
--- The execution characteristics --- 
                                1          2          3          4          5          6          7          8          9         10         11         12         13         14         15         16 
Lost time                  0.0081     0.0080     0.0081     0.0081     0.0080     0.0080     0.0081     0.0080     0.0080     0.0080     0.0081     0.0080     0.0082     0.0081     0.0082     0.0081 
User insufficient par.     0.0060     0.0061     0.0054     0.0054     0.0075     0.0075     0.0054     0.0064     0.0071     0.0071     0.0054     0.0068     0.0053     0.0053     0.0052     0.0053 
Sys.insufficient par.      0.0004     0.0003     0.0003     0.0003     0.0003     0.0003     0.0003     0.0003     0.0003     0.0003     0.0003     0.0003     0.0002     0.0002     0.0002     0.0002 
Idle time                  0.0016     0.0016     0.0023     0.0023     0.0000     0.0000     0.0022     0.0012     0.0004     0.0004     0.0023     0.0008     0.0022     0.0022     0.0023     0.0022 
Communication              0.0001     0.0001     0.0002     0.0002     0.0003     0.0002     0.0002     0.0002     0.0003     0.0002     0.0002     0.0002     0.0004     0.0004     0.0004     0.0003 
Synchronization            0.0000     0.0000     0.0000     0.0000     0.0000     0.0000     0.0000     0.0000     0.0000     0.0000     0.0000     0.0000     0.0001     0.0001     0.0001     0.0001 
Variation                  0.0000     0.0002     0.0002     0.0002     0.0002     0.0002     0.0002     0.0002     0.0002     0.0002     0.0002     0.0002     0.0002     0.0002     0.0002     0.0002 
Overlap                    0.0000     0.0000     0.0000     0.0000     0.0000     0.0000     0.0000     0.0000     0.0000     0.0000     0.0000     0.0000     0.0000     0.0000     0.0000     0.0000 
Load imbalance             0.0001     0.0001     0.0002     0.0001     0.0000     0.0000     0.0002     0.0001     0.0001     0.0000     0.0002     0.0000     0.0002     0.0002     0.0002     0.0002 
Execution time             0.0071     0.0071     0.0064     0.0064     0.0086     0.0086     0.0064     0.0075     0.0082     0.0082     0.0064     0.0078     0.0064     0.0064     0.0063     0.0064 
User CPU time              0.0005     0.0006     0.0005     0.0005     0.0006     0.0006     0.0005     0.0006     0.0006     0.0006     0.0005     0.0006     0.0004     0.0005     0.0004     0.0005 
Sys. CPU time              0.0000     0.0000     0.0000     0.0000     0.0000     0.0000     0.0000     0.0000     0.0000     0.0000     0.0000     0.0000     0.0000     0.0000     0.0000     0.0000 
I/O time                   0.0000     0.0000     0.0000     0.0000     0.0000     0.0000     0.0000     0.0000     0.0000     0.0000     0.0000     0.0000     0.0000     0.0000     0.0000     0.0000 
Processors                     16         16         16         16         16         16         16         16         16         16         16         16         16         16         16         16 
           Communication          
Reduction                  0.0001     0.0001     0.0002     0.0002     0.0003     0.0002     0.0002     0.0002     0.0003     0.0002     0.0002     0.0002     0.0004     0.0004     0.0004     0.0003 
           Synchronization        
I/O                        0.0000     0.0000     0.0000     0.0000     0.0000     0.0000     0.0000     0.0000     0.0000     0.0000     0.0000     0.0000     0.0001     0.0001     0.0001     0.0001 
Reduction                  0.0000     0.0000     0.0000     0.0000     0.0000     0.0000     0.0000     0.0000     0.0000     0.0000     0.0000     0.0000     0.0000     0.0000     0.0000     0.0000 
           Variation              
I/O                        0.0000     0.0002     0.0002     0.0002     0.0002     0.0002     0.0002     0.0002     0.0002     0.0002     0.0002     0.0002     0.0002     0.0002     0.0002     0.0002 
Reduction                  0.0000     0.0000     0.0000     0.0000     0.0000     0.0000     0.0000     0.0000     0.0000     0.0000     0.0000     0.0000     0.0000     0.0000     0.0000     0.0000 
           Overlap                
Reduction                  0.0000     0.0000     0.0000     0.0000     0.0000     0.0000     0.0000     0.0000     0.0000     0.0000     0.0000     0.0000     0.0000     0.0000     0.0000     0.0000 


-------------------------------------------------------------------------
Name (number) and performance time of processors
omp.keldysh.ru(1) 0.933683
omp.keldysh.ru(2) 0.933620
omp.keldysh.ru(3) 0.955542
omp.keldysh.ru(4) 0.955535
omp.keldysh.ru(5) 0.955252
omp.keldysh.ru(6) 0.955261
omp.keldysh.ru(7) 0.953982
omp.keldysh.ru(8) 0.953970
omp.keldysh.ru(9) 0.955146
omp.keldysh.ru(10) 0.955108
omp.keldysh.ru(11) 0.956207
omp.keldysh.ru(12) 0.956198
omp.keldysh.ru(13) 0.953261
omp.keldysh.ru(14) 0.953264
omp.keldysh.ru(15) 0.955840
omp.keldysh.ru(16) 0.955573
min - omp.keldysh.ru(2) 0.933620; max - omp.keldysh.ru(11) 0.956207; mid - 0.952340
