Processor system=2*2*4*1
Statistics has been accumulated on DVM-system version 5.0, platform DVM
Analyzer is executing on DVM-system version 5.0, platform DVM
-------------------------------------------------------------------------
INTERVAL ( NLINE=7 SOURCE=rem41.f ) LEVEL=0  EXE_COUNT=1
--- The main characteristics --- 
Parallelization efficiency      0.0496 
Execution time                  0.3561 
Processors                          16
Threads amount                      16
Total time                      5.6972
Productive time                 0.2827 ( CPU= 0.0165 Sys= 0.2662 I/O= 0.0000 )
Lost  time                      5.4145 
   Insufficient parallelism     4.1545 ( User= 0.1614 Sys= 3.9930 )
   Communication                1.2349 ( Real_sync= 0.0000 Starts= 0.0000 )
   Idle time                    0.0251
Load imbalance                  0.0480
Synchronization                 1.7647
Time variation                  1.1896
Overlap                         0.0004
                  Nop   Communic    Synchro  Variation    Overlap 
I/O                16     0.0000     0.0038     0.0070     0.0000 
Reduction           7     0.0056     0.0000     0.0000     0.0000 
Remote access    4155     1.2292     1.7609     1.1826     0.0003 
--- The comparative characteristics --- 
                              Tmin N proc      Tmax N proc      Tmid
Lost time                   0.3354     8     0.3445    13     0.3384 
User insufficient par.      0.0075    13     0.0128     4     0.0101 
Sys.insufficient par.       0.1607    14     0.2919     8     0.2496 
Idle time                   0.0000    15     0.0031     5     0.0016 
Communication               0.0293     8     0.1745    14     0.0772 
Synchronization             0.0517     9     0.2112    13     0.1103 
Variation                   0.0128     9     0.1362    13     0.0744 
Overlap                     0.0000    13     0.0001     9     0.0000 
Load imbalance              0.0000     8     0.0091    13     0.0030 
Execution time              0.3530     5     0.3561    15     0.3545 
User CPU time               0.0008    13     0.0012     4     0.0010 
Sys. CPU time               0.0107    14     0.0195     8     0.0166 
I/O time                    0.0000    13     0.0000     1     0.0000 
Processors                      16     1         16    16         16 
                      Communic          Synchro        Variation          Overlap  
I/O             Tmin    0.0000     1     0.0001    10     0.0001     1     0.0000     1 
I/O             Tmax    0.0000    16     0.0005    13     0.0007    13     0.0000    16 
I/O             Tmid    0.0000           0.0002           0.0004           0.0000       
Reduction       Tmin    0.0001     9     0.0000     7     0.0000     5     0.0000     1 
Reduction       Tmax    0.0009    13     0.0000     2     0.0000    16     0.0000    10 
Reduction       Tmid    0.0004           0.0000           0.0000           0.0000       
Remote access   Tmin    0.0291     8     0.0516     9     0.0124     9     0.0000    13 
Remote access   Tmax    0.1737    14     0.2108    13     0.1355    13     0.0001     9 
Remote access   Tmid    0.0768           0.1101           0.0739           0.0000       
--- The execution characteristics --- 
                                1          2          3          4          5          6          7          8          9         10         11         12         13         14         15         16 
Lost time                  0.3365     0.3366     0.3366     0.3358     0.3361     0.3362     0.3361     0.3354     0.3371     0.3371     0.3372     0.3364     0.3445     0.3444     0.3444     0.3439 
User insufficient par.     0.0111     0.0096     0.0113     0.0128     0.0102     0.0103     0.0120     0.0123     0.0081     0.0098     0.0082     0.0100     0.0075     0.0092     0.0095     0.0095 
Sys.insufficient par.      0.2767     0.2762     0.2754     0.2853     0.2831     0.2827     0.2817     0.2919     0.2703     0.2694     0.2692     0.2785     0.1612     0.1607     0.1619     0.1686 
Idle time                  0.0008     0.0024     0.0008     0.0003     0.0031     0.0030     0.0011     0.0019     0.0030     0.0014     0.0031     0.0021     0.0016     0.0000     0.0000     0.0005 
Communication              0.0479     0.0484     0.0491     0.0375     0.0398     0.0401     0.0413     0.0293     0.0556     0.0565     0.0567     0.0458     0.1742     0.1745     0.1730     0.1652 
Synchronization            0.0959     0.0951     0.0897     0.0732     0.0667     0.0672     0.0861     0.0696     0.0517     0.0518     0.1053     0.0857     0.2112     0.2103     0.2075     0.1976 
Variation                  0.0663     0.0659     0.0608     0.0609     0.0500     0.0505     0.0691     0.0695     0.0128     0.0134     0.0665     0.0629     0.1362     0.1355     0.1338     0.1357 
Overlap                    0.0000     0.0000     0.0000     0.0000     0.0000     0.0000     0.0000     0.0000     0.0001     0.0001     0.0000     0.0000     0.0000     0.0000     0.0000     0.0000 
Load imbalance             0.0011     0.0012     0.0012     0.0004     0.0007     0.0008     0.0007     0.0000     0.0017     0.0017     0.0018     0.0010     0.0091     0.0090     0.0090     0.0085 
Execution time             0.3553     0.3536     0.3553     0.3558     0.3530     0.3530     0.3550     0.3542     0.3530     0.3547     0.3530     0.3539     0.3545     0.3561     0.3561     0.3555 
User CPU time              0.0011     0.0010     0.0011     0.0012     0.0011     0.0011     0.0012     0.0012     0.0009     0.0010     0.0009     0.0011     0.0008     0.0009     0.0009     0.0009 
Sys. CPU time              0.0184     0.0184     0.0184     0.0190     0.0189     0.0188     0.0188     0.0195     0.0180     0.0180     0.0179     0.0186     0.0107     0.0107     0.0108     0.0112 
I/O time                   0.0000     0.0000     0.0000     0.0000     0.0000     0.0000     0.0000     0.0000     0.0000     0.0000     0.0000     0.0000     0.0000     0.0000     0.0000     0.0000 
Processors                     16         16         16         16         16         16         16         16         16         16         16         16         16         16         16         16 
           Communication          
Reduction                  0.0002     0.0002     0.0002     0.0002     0.0001     0.0001     0.0002     0.0001     0.0001     0.0001     0.0002     0.0002     0.0009     0.0009     0.0009     0.0009 
Remote access              0.0477     0.0482     0.0489     0.0372     0.0397     0.0400     0.0411     0.0291     0.0555     0.0564     0.0565     0.0456     0.1733     0.1737     0.1721     0.1644 
           Synchronization        
I/O                        0.0002     0.0002     0.0001     0.0002     0.0001     0.0001     0.0002     0.0002     0.0001     0.0001     0.0002     0.0002     0.0005     0.0005     0.0004     0.0004 
Reduction                  0.0000     0.0000     0.0000     0.0000     0.0000     0.0000     0.0000     0.0000     0.0000     0.0000     0.0000     0.0000     0.0000     0.0000     0.0000     0.0000 
Remote access              0.0958     0.0949     0.0895     0.0730     0.0666     0.0671     0.0858     0.0694     0.0516     0.0517     0.1051     0.0856     0.2108     0.2098     0.2071     0.1972 
           Variation              
I/O                        0.0001     0.0004     0.0004     0.0004     0.0004     0.0003     0.0004     0.0004     0.0003     0.0003     0.0004     0.0004     0.0007     0.0007     0.0007     0.0007 
Reduction                  0.0000     0.0000     0.0000     0.0000     0.0000     0.0000     0.0000     0.0000     0.0000     0.0000     0.0000     0.0000     0.0000     0.0000     0.0000     0.0000 
Remote access              0.0661     0.0654     0.0604     0.0605     0.0497     0.0502     0.0686     0.0691     0.0124     0.0131     0.0661     0.0625     0.1355     0.1348     0.1331     0.1350 
           Overlap                
Reduction                  0.0000     0.0000     0.0000     0.0000     0.0000     0.0000     0.0000     0.0000     0.0000     0.0000     0.0000     0.0000     0.0000     0.0000     0.0000     0.0000 
Remote access              0.0000     0.0000     0.0000     0.0000     0.0000     0.0000     0.0000     0.0000     0.0001     0.0001     0.0000     0.0000     0.0000     0.0000     0.0000     0.0000 


-------------------------------------------------------------------------
Name (number) and performance time of processors
omp.keldysh.ru(1) 0.935409
omp.keldysh.ru(2) 0.935365
omp.keldysh.ru(3) 0.935341
omp.keldysh.ru(4) 0.935359
omp.keldysh.ru(5) 0.957883
omp.keldysh.ru(6) 0.958201
omp.keldysh.ru(7) 0.955844
omp.keldysh.ru(8) 0.955836
omp.keldysh.ru(9) 0.958882
omp.keldysh.ru(10) 0.958885
omp.keldysh.ru(11) 0.956576
omp.keldysh.ru(12) 0.956577
omp.keldysh.ru(13) 0.959711
omp.keldysh.ru(14) 0.959701
omp.keldysh.ru(15) 0.956533
omp.keldysh.ru(16) 0.956525
min - omp.keldysh.ru(3) 0.935341; max - omp.keldysh.ru(13) 0.959711; mid - 0.952039
