Processor system=3*3*2
Statistics has been accumulated on DVM-system version 5.0, platform DVM
Analyzer is executing on DVM-system version 5.0, platform DVM
-------------------------------------------------------------------------
INTERVAL ( NLINE=5 SOURCE=prf31.f ) LEVEL=0  EXE_COUNT=2
--- The main characteristics --- 
Parallelization efficiency      0.0376 
Execution time                  0.0144 
Processors                          18
Threads amount                      18
Total time                      0.2594
Productive time                 0.0098 ( CPU= 0.0072 Sys= 0.0025 I/O= 0.0000 )
Lost  time                      0.2496 
   Insufficient parallelism     0.1583 ( User= 0.1155 Sys= 0.0428 )
   Communication                0.0581 ( Real_sync= 0.0000 Starts= 0.0000 )
   Idle time                    0.0332
Load imbalance                  0.0017
Synchronization                 0.0749
Time variation                  0.0591
Overlap                         0.0133
                  Nop   Communic    Synchro  Variation    Overlap 
I/O                12     0.0000     0.0073     0.0098     0.0000 
Reduction          22     0.0134     0.0006     0.0006     0.0000 
Remote access     172     0.0447     0.0670     0.0487     0.0133 
--- The comparative characteristics --- 
                              Tmin N proc      Tmax N proc      Tmid
Lost time                   0.0138    12     0.0140    18     0.0139 
User insufficient par.      0.0057     5     0.0081    17     0.0064 
Sys.insufficient par.       0.0016    17     0.0026     1     0.0024 
Idle time                   0.0000    17     0.0027    15     0.0018 
Communication               0.0030     1     0.0040    17     0.0032 
Synchronization             0.0010     6     0.0055     3     0.0042 
Variation                   0.0009     6     0.0051     3     0.0033 
Overlap                     0.0005     9     0.0022     6     0.0007 
Load imbalance              0.0000    12     0.0002    18     0.0001 
Execution time              0.0117    15     0.0144    17     0.0126 
User CPU time               0.0004    18     0.0005    17     0.0004 
Sys. CPU time               0.0001    17     0.0002     6     0.0001 
I/O time                    0.0000    10     0.0000     1     0.0000 
Processors                      18     1         18    18         18 
                      Communic          Synchro        Variation          Overlap  
I/O             Tmin    0.0000     1     0.0001     6     0.0003     6     0.0000     1 
I/O             Tmax    0.0000    18     0.0009     1     0.0010     3     0.0000    18 
I/O             Tmid    0.0000           0.0004           0.0005           0.0000       
Reduction       Tmin    0.0003     6     0.0000    15     0.0000    12     0.0000     1 
Reduction       Tmax    0.0013     1     0.0000    18     0.0000    18     0.0000    16 
Reduction       Tmid    0.0007           0.0000           0.0000           0.0000       
Remote access   Tmin    0.0017     1     0.0008     6     0.0006     6     0.0005     9 
Remote access   Tmax    0.0032    18     0.0046     3     0.0040     3     0.0022     6 
Remote access   Tmid    0.0025           0.0037           0.0027           0.0007       
--- The execution characteristics --- 
                                1          2          3          4          5          6          7          8          9         10         11         12         13         14         15         16         17         18 
Lost time                  0.0139     0.0138     0.0138     0.0138     0.0139     0.0139     0.0139     0.0139     0.0139     0.0138     0.0138     0.0138     0.0139     0.0139     0.0139     0.0139     0.0138     0.0140 
User insufficient par.     0.0057     0.0071     0.0071     0.0067     0.0057     0.0063     0.0063     0.0057     0.0057     0.0074     0.0074     0.0078     0.0058     0.0057     0.0057     0.0057     0.0081     0.0057 
Sys.insufficient par.      0.0026     0.0025     0.0025     0.0025     0.0026     0.0026     0.0024     0.0024     0.0024     0.0025     0.0025     0.0025     0.0024     0.0024     0.0023     0.0024     0.0016     0.0017 
Idle time                  0.0026     0.0012     0.0012     0.0016     0.0026     0.0019     0.0020     0.0026     0.0026     0.0008     0.0008     0.0004     0.0026     0.0026     0.0027     0.0026     0.0000     0.0026 
Communication              0.0030     0.0031     0.0031     0.0031     0.0030     0.0030     0.0032     0.0032     0.0032     0.0032     0.0031     0.0031     0.0032     0.0032     0.0032     0.0032     0.0040     0.0040 
Synchronization            0.0053     0.0051     0.0055     0.0047     0.0038     0.0010     0.0048     0.0040     0.0047     0.0040     0.0039     0.0033     0.0044     0.0035     0.0042     0.0036     0.0049     0.0045 
Variation                  0.0049     0.0049     0.0051     0.0044     0.0031     0.0009     0.0036     0.0031     0.0035     0.0030     0.0029     0.0025     0.0031     0.0026     0.0028     0.0025     0.0032     0.0030 
Overlap                    0.0006     0.0007     0.0006     0.0008     0.0008     0.0022     0.0005     0.0007     0.0005     0.0007     0.0007     0.0009     0.0005     0.0008     0.0005     0.0008     0.0005     0.0006 
Load imbalance             0.0001     0.0000     0.0001     0.0001     0.0001     0.0001     0.0001     0.0001     0.0001     0.0000     0.0000     0.0000     0.0001     0.0001     0.0001     0.0001     0.0000     0.0002 
Execution time             0.0118     0.0132     0.0132     0.0128     0.0118     0.0125     0.0125     0.0118     0.0118     0.0136     0.0136     0.0140     0.0118     0.0118     0.0117     0.0118     0.0144     0.0118 
User CPU time              0.0004     0.0004     0.0004     0.0004     0.0004     0.0004     0.0004     0.0004     0.0004     0.0005     0.0005     0.0005     0.0004     0.0004     0.0004     0.0004     0.0005     0.0004 
Sys. CPU time              0.0001     0.0001     0.0001     0.0001     0.0002     0.0002     0.0001     0.0001     0.0001     0.0001     0.0001     0.0001     0.0001     0.0001     0.0001     0.0001     0.0001     0.0001 
I/O time                   0.0000     0.0000     0.0000     0.0000     0.0000     0.0000     0.0000     0.0000     0.0000     0.0000     0.0000     0.0000     0.0000     0.0000     0.0000     0.0000     0.0000     0.0000 
Processors                     18         18         18         18         18         18         18         18         18         18         18         18         18         18         18         18         18         18 
           Communication          
Reduction                  0.0013     0.0011     0.0012     0.0011     0.0006     0.0003     0.0008     0.0006     0.0008     0.0007     0.0005     0.0005     0.0007     0.0006     0.0006     0.0005     0.0009     0.0007 
Remote access              0.0017     0.0020     0.0019     0.0021     0.0024     0.0027     0.0024     0.0026     0.0024     0.0025     0.0026     0.0026     0.0026     0.0026     0.0026     0.0027     0.0032     0.0032 
           Synchronization        
I/O                        0.0009     0.0008     0.0009     0.0007     0.0004     0.0001     0.0004     0.0003     0.0003     0.0003     0.0003     0.0003     0.0003     0.0002     0.0002     0.0002     0.0003     0.0003 
Reduction                  0.0000     0.0000     0.0000     0.0000     0.0000     0.0000     0.0000     0.0000     0.0000     0.0000     0.0000     0.0000     0.0000     0.0000     0.0000     0.0000     0.0000     0.0000 
Remote access              0.0043     0.0042     0.0046     0.0039     0.0034     0.0008     0.0044     0.0037     0.0044     0.0036     0.0036     0.0030     0.0040     0.0033     0.0039     0.0033     0.0046     0.0042 
           Variation              
I/O                        0.0008     0.0010     0.0010     0.0009     0.0005     0.0003     0.0005     0.0005     0.0005     0.0005     0.0005     0.0004     0.0004     0.0004     0.0004     0.0004     0.0004     0.0004 
Reduction                  0.0000     0.0000     0.0000     0.0000     0.0000     0.0000     0.0000     0.0000     0.0000     0.0000     0.0000     0.0000     0.0000     0.0000     0.0000     0.0000     0.0000     0.0000 
Remote access              0.0040     0.0038     0.0040     0.0035     0.0026     0.0006     0.0031     0.0026     0.0030     0.0025     0.0024     0.0020     0.0026     0.0021     0.0024     0.0020     0.0028     0.0025 
           Overlap                
Reduction                  0.0000     0.0000     0.0000     0.0000     0.0000     0.0000     0.0000     0.0000     0.0000     0.0000     0.0000     0.0000     0.0000     0.0000     0.0000     0.0000     0.0000     0.0000 
Remote access              0.0006     0.0007     0.0006     0.0008     0.0008     0.0022     0.0005     0.0007     0.0005     0.0007     0.0007     0.0009     0.0005     0.0008     0.0005     0.0008     0.0005     0.0006 


-------------------------------------------------------------------------
Name (number) and performance time of processors
omp.keldysh.ru(1) 0.934039
omp.keldysh.ru(2) 0.933974
omp.keldysh.ru(3) 0.953473
omp.keldysh.ru(4) 0.953460
omp.keldysh.ru(5) 0.957153
omp.keldysh.ru(6) 0.957159
omp.keldysh.ru(7) 0.956774
omp.keldysh.ru(8) 0.957110
omp.keldysh.ru(9) 0.957321
omp.keldysh.ru(10) 0.957321
omp.keldysh.ru(11) 0.952813
omp.keldysh.ru(12) 0.952782
omp.keldysh.ru(13) 0.954632
omp.keldysh.ru(14) 0.954583
omp.keldysh.ru(15) 0.954819
omp.keldysh.ru(16) 0.954800
omp.keldysh.ru(17) 0.953191
omp.keldysh.ru(18) 0.953169
min - omp.keldysh.ru(2) 0.933974; max - omp.keldysh.ru(9) 0.957321; mid - 0.952698
