Processor system=1*3*3*2
Statistics has been accumulated on DVM-system version 5.0, platform DVM
Analyzer is executing on DVM-system version 5.0, platform DVM
-------------------------------------------------------------------------
INTERVAL ( NLINE=5 SOURCE=realign44.f ) LEVEL=0  EXE_COUNT=2
--- The main characteristics --- 
Parallelization efficiency      0.0711 
Execution time                  0.0057 
Processors                          18
Threads amount                      18
Total time                      0.1020
Productive time                 0.0073 ( CPU= 0.0068 Sys= 0.0004 I/O= 0.0000 )
Lost  time                      0.0947 
   Insufficient parallelism     0.0798 ( User= 0.0728 Sys= 0.0071 )
   Communication                0.0127 ( Real_sync= 0.0000 Starts= 0.0000 )
   Idle time                    0.0022
Load imbalance                  0.0021
Synchronization                 0.0064
Time variation                  0.0115
Overlap                         0.0000
                  Nop   Communic    Synchro  Variation    Overlap 
I/O                 6     0.0000     0.0008     0.0033     0.0000 
Reduction           5     0.0119     0.0001     0.0002     0.0000 
Redistribution      5     0.0008     0.0056     0.0080     0.0000 
--- The comparative characteristics --- 
                              Tmin N proc      Tmax N proc      Tmid
Lost time                   0.0051     9     0.0054    12     0.0053 
User insufficient par.      0.0026    12     0.0044     9     0.0040 
Sys.insufficient par.       0.0003    17     0.0006     1     0.0004 
Idle time                   0.0000    18     0.0017    12     0.0001 
Communication               0.0002     9     0.0009    18     0.0007 
Synchronization             0.0001     9     0.0005    17     0.0004 
Variation                   0.0002     9     0.0009    17     0.0006 
Overlap                     0.0000     1     0.0000     6     0.0000 
Load imbalance              0.0000     9     0.0002    12     0.0001 
Execution time              0.0040    12     0.0057    18     0.0055 
User CPU time               0.0003    12     0.0005     9     0.0004 
Sys. CPU time               0.0000    17     0.0000     9     0.0000 
I/O time                    0.0000    15     0.0000     1     0.0000 
Processors                      18     1         18    18         18 
                      Communic          Synchro        Variation          Overlap  
I/O             Tmin    0.0000     1     0.0000     2     0.0000     1     0.0000     1 
I/O             Tmax    0.0000    18     0.0001    17     0.0002    17     0.0000    18 
I/O             Tmid    0.0000           0.0000           0.0002           0.0000       
Reduction       Tmin    0.0001     9     0.0000     3     0.0000    10     0.0000     1 
Reduction       Tmax    0.0009    17     0.0000    18     0.0000    17     0.0000     6 
Reduction       Tmid    0.0007           0.0000           0.0000           0.0000       
Redistribution  Tmin    0.0000    17     0.0000     9     0.0000     9     0.0000     1 
Redistribution  Tmax    0.0003     7     0.0004    17     0.0006    17     0.0000    18 
Redistribution  Tmid    0.0000           0.0003           0.0004           0.0000       
--- The execution characteristics --- 
                                1          2          3          4          5          6          7          8          9         10         11         12         13         14         15         16         17         18 
Lost time                  0.0052     0.0053     0.0052     0.0053     0.0053     0.0053     0.0052     0.0052     0.0051     0.0052     0.0053     0.0054     0.0053     0.0053     0.0053     0.0053     0.0053     0.0053 
User insufficient par.     0.0042     0.0041     0.0042     0.0041     0.0041     0.0041     0.0042     0.0041     0.0044     0.0043     0.0040     0.0026     0.0041     0.0041     0.0040     0.0040     0.0041     0.0040 
Sys.insufficient par.      0.0006     0.0004     0.0004     0.0004     0.0004     0.0004     0.0004     0.0004     0.0005     0.0005     0.0004     0.0003     0.0004     0.0004     0.0003     0.0004     0.0003     0.0003 
Idle time                  0.0000     0.0000     0.0000     0.0000     0.0000     0.0000     0.0000     0.0000     0.0000     0.0000     0.0001     0.0017     0.0000     0.0000     0.0001     0.0001     0.0000     0.0000 
Communication              0.0005     0.0007     0.0006     0.0008     0.0007     0.0008     0.0006     0.0007     0.0002     0.0004     0.0007     0.0008     0.0008     0.0008     0.0008     0.0008     0.0009     0.0009 
Synchronization            0.0002     0.0003     0.0003     0.0004     0.0004     0.0004     0.0004     0.0004     0.0001     0.0001     0.0004     0.0004     0.0004     0.0004     0.0004     0.0004     0.0005     0.0005 
Variation                  0.0003     0.0006     0.0006     0.0007     0.0007     0.0008     0.0004     0.0007     0.0002     0.0004     0.0007     0.0008     0.0008     0.0008     0.0007     0.0008     0.0009     0.0008 
Overlap                    0.0000     0.0000     0.0000     0.0000     0.0000     0.0000     0.0000     0.0000     0.0000     0.0000     0.0000     0.0000     0.0000     0.0000     0.0000     0.0000     0.0000     0.0000 
Load imbalance             0.0001     0.0001     0.0001     0.0001     0.0001     0.0001     0.0001     0.0001     0.0000     0.0001     0.0001     0.0002     0.0001     0.0001     0.0001     0.0001     0.0001     0.0002 
Execution time             0.0057     0.0057     0.0057     0.0057     0.0056     0.0057     0.0056     0.0056     0.0057     0.0057     0.0055     0.0040     0.0057     0.0056     0.0056     0.0055     0.0057     0.0057 
User CPU time              0.0004     0.0004     0.0004     0.0004     0.0004     0.0004     0.0004     0.0004     0.0005     0.0004     0.0004     0.0003     0.0004     0.0004     0.0004     0.0004     0.0004     0.0003 
Sys. CPU time              0.0000     0.0000     0.0000     0.0000     0.0000     0.0000     0.0000     0.0000     0.0000     0.0000     0.0000     0.0000     0.0000     0.0000     0.0000     0.0000     0.0000     0.0000 
I/O time                   0.0000     0.0000     0.0000     0.0000     0.0000     0.0000     0.0000     0.0000     0.0000     0.0000     0.0000     0.0000     0.0000     0.0000     0.0000     0.0000     0.0000     0.0000 
Processors                     18         18         18         18         18         18         18         18         18         18         18         18         18         18         18         18         18         18 
           Communication          
Reduction                  0.0005     0.0007     0.0006     0.0008     0.0007     0.0008     0.0004     0.0006     0.0001     0.0004     0.0007     0.0008     0.0008     0.0008     0.0008     0.0008     0.0009     0.0009 
Redistribution             0.0000     0.0000     0.0001     0.0000     0.0000     0.0000     0.0003     0.0001     0.0001     0.0000     0.0000     0.0000     0.0000     0.0000     0.0000     0.0000     0.0000     0.0000 
           Synchronization        
I/O                        0.0000     0.0000     0.0000     0.0000     0.0001     0.0000     0.0000     0.0001     0.0000     0.0000     0.0000     0.0001     0.0001     0.0001     0.0000     0.0000     0.0001     0.0000 
Reduction                  0.0000     0.0000     0.0000     0.0000     0.0000     0.0000     0.0000     0.0000     0.0000     0.0000     0.0000     0.0000     0.0000     0.0000     0.0000     0.0000     0.0000     0.0000 
Redistribution             0.0002     0.0003     0.0003     0.0004     0.0003     0.0004     0.0003     0.0003     0.0000     0.0001     0.0003     0.0004     0.0004     0.0004     0.0003     0.0003     0.0004     0.0004 
           Variation              
I/O                        0.0000     0.0002     0.0002     0.0002     0.0002     0.0002     0.0002     0.0002     0.0002     0.0002     0.0002     0.0002     0.0002     0.0002     0.0002     0.0002     0.0002     0.0002 
Reduction                  0.0000     0.0000     0.0000     0.0000     0.0000     0.0000     0.0000     0.0000     0.0000     0.0000     0.0000     0.0000     0.0000     0.0000     0.0000     0.0000     0.0000     0.0000 
Redistribution             0.0003     0.0004     0.0004     0.0006     0.0004     0.0006     0.0002     0.0004     0.0000     0.0003     0.0004     0.0006     0.0005     0.0005     0.0005     0.0005     0.0006     0.0006 
           Overlap                
Reduction                  0.0000     0.0000     0.0000     0.0000     0.0000     0.0000     0.0000     0.0000     0.0000     0.0000     0.0000     0.0000     0.0000     0.0000     0.0000     0.0000     0.0000     0.0000 


-------------------------------------------------------------------------
Name (number) and performance time of processors
omp.keldysh.ru(1) 0.935473
omp.keldysh.ru(2) 0.935377
omp.keldysh.ru(3) 0.935530
omp.keldysh.ru(4) 0.935581
omp.keldysh.ru(5) 0.958006
omp.keldysh.ru(6) 0.957963
omp.keldysh.ru(7) 0.958204
omp.keldysh.ru(8) 0.958186
omp.keldysh.ru(9) 0.958439
omp.keldysh.ru(10) 0.958425
omp.keldysh.ru(11) 0.957848
omp.keldysh.ru(12) 0.957857
omp.keldysh.ru(13) 0.960247
omp.keldysh.ru(14) 0.960525
omp.keldysh.ru(15) 0.957706
omp.keldysh.ru(16) 0.957689
omp.keldysh.ru(17) 0.957117
omp.keldysh.ru(18) 0.957111
min - omp.keldysh.ru(2) 0.935377; max - omp.keldysh.ru(14) 0.960525; mid - 0.953183
