Processor system=3*1*3*2
Statistics has been accumulated on DVM-system version 5.0, platform DVM
Analyzer is executing on DVM-system version 5.0, platform DVM
-------------------------------------------------------------------------
INTERVAL ( NLINE=5 SOURCE=realign44.f ) LEVEL=0  EXE_COUNT=2
--- The main characteristics --- 
Parallelization efficiency      0.0712 
Execution time                  0.0053 
Processors                          18
Threads amount                      18
Total time                      0.0957
Productive time                 0.0068 ( CPU= 0.0064 Sys= 0.0004 I/O= 0.0000 )
Lost  time                      0.0889 
   Insufficient parallelism     0.0763 ( User= 0.0692 Sys= 0.0071 )
   Communication                0.0087 ( Real_sync= 0.0000 Starts= 0.0000 )
   Idle time                    0.0040
Load imbalance                  0.0009
Synchronization                 0.0046
Time variation                  0.0090
Overlap                         0.0000
                  Nop   Communic    Synchro  Variation    Overlap 
I/O                 6     0.0000     0.0005     0.0032     0.0000 
Reduction           5     0.0078     0.0000     0.0001     0.0000 
Redistribution      5     0.0009     0.0040     0.0057     0.0000 
--- The comparative characteristics --- 
                              Tmin N proc      Tmax N proc      Tmid
Lost time                   0.0049     1     0.0051    17     0.0049 
User insufficient par.      0.0024    17     0.0041     3     0.0038 
Sys.insufficient par.       0.0003    17     0.0006     1     0.0004 
Idle time                   0.0000    14     0.0016    10     0.0002 
Communication               0.0002     1     0.0008    17     0.0005 
Synchronization             0.0001     1     0.0004    17     0.0003 
Variation                   0.0001     1     0.0008    17     0.0005 
Overlap                     0.0000     1     0.0000     8     0.0000 
Load imbalance              0.0000     1     0.0002    17     0.0000 
Execution time              0.0037    10     0.0053    14     0.0051 
User CPU time               0.0002    17     0.0004     1     0.0004 
Sys. CPU time               0.0000    17     0.0000     7     0.0000 
I/O time                    0.0000     7     0.0000     1     0.0000 
Processors                      18     1         18    18         18 
                      Communic          Synchro        Variation          Overlap  
I/O             Tmin    0.0000     1     0.0000     3     0.0000     1     0.0000     1 
I/O             Tmax    0.0000    18     0.0000    17     0.0002    17     0.0000    18 
I/O             Tmid    0.0000           0.0000           0.0002           0.0000       
Reduction       Tmin    0.0001     7     0.0000     7     0.0000    10     0.0000     1 
Reduction       Tmax    0.0008    17     0.0000    18     0.0000    18     0.0000     8 
Reduction       Tmid    0.0004           0.0000           0.0000           0.0000       
Redistribution  Tmin    0.0000    14     0.0001     1     0.0001     7     0.0000     1 
Redistribution  Tmax    0.0002     7     0.0004    17     0.0006    17     0.0000    18 
Redistribution  Tmid    0.0000           0.0002           0.0003           0.0000       
--- The execution characteristics --- 
                                1          2          3          4          5          6          7          8          9         10         11         12         13         14         15         16         17         18 
Lost time                  0.0049     0.0049     0.0049     0.0049     0.0049     0.0050     0.0049     0.0049     0.0049     0.0050     0.0049     0.0049     0.0049     0.0050     0.0050     0.0050     0.0051     0.0050 
User insufficient par.     0.0040     0.0040     0.0041     0.0041     0.0040     0.0040     0.0041     0.0040     0.0040     0.0025     0.0041     0.0041     0.0040     0.0040     0.0039     0.0039     0.0024     0.0038 
Sys.insufficient par.      0.0006     0.0004     0.0004     0.0004     0.0004     0.0004     0.0005     0.0004     0.0004     0.0004     0.0004     0.0004     0.0004     0.0003     0.0004     0.0003     0.0003     0.0003 
Idle time                  0.0000     0.0000     0.0000     0.0000     0.0000     0.0000     0.0000     0.0000     0.0001     0.0016     0.0000     0.0000     0.0000     0.0000     0.0001     0.0001     0.0016     0.0001 
Communication              0.0002     0.0004     0.0003     0.0004     0.0005     0.0005     0.0003     0.0004     0.0004     0.0005     0.0005     0.0005     0.0005     0.0006     0.0006     0.0006     0.0008     0.0007 
Synchronization            0.0001     0.0002     0.0002     0.0002     0.0003     0.0003     0.0002     0.0002     0.0002     0.0003     0.0002     0.0002     0.0003     0.0003     0.0003     0.0003     0.0004     0.0004 
Variation                  0.0001     0.0005     0.0003     0.0005     0.0005     0.0006     0.0002     0.0005     0.0004     0.0005     0.0005     0.0005     0.0005     0.0007     0.0006     0.0006     0.0008     0.0007 
Overlap                    0.0000     0.0000     0.0000     0.0000     0.0000     0.0000     0.0000     0.0000     0.0000     0.0000     0.0000     0.0000     0.0000     0.0000     0.0000     0.0000     0.0000     0.0000 
Load imbalance             0.0000     0.0000     0.0000     0.0000     0.0000     0.0001     0.0000     0.0000     0.0000     0.0001     0.0000     0.0000     0.0000     0.0001     0.0001     0.0001     0.0002     0.0001 
Execution time             0.0053     0.0053     0.0053     0.0053     0.0053     0.0053     0.0053     0.0053     0.0052     0.0037     0.0053     0.0053     0.0053     0.0053     0.0052     0.0052     0.0037     0.0052 
User CPU time              0.0004     0.0004     0.0004     0.0004     0.0004     0.0003     0.0004     0.0004     0.0004     0.0003     0.0004     0.0004     0.0004     0.0003     0.0003     0.0003     0.0002     0.0003 
Sys. CPU time              0.0000     0.0000     0.0000     0.0000     0.0000     0.0000     0.0000     0.0000     0.0000     0.0000     0.0000     0.0000     0.0000     0.0000     0.0000     0.0000     0.0000     0.0000 
I/O time                   0.0000     0.0000     0.0000     0.0000     0.0000     0.0000     0.0000     0.0000     0.0000     0.0000     0.0000     0.0000     0.0000     0.0000     0.0000     0.0000     0.0000     0.0000 
Processors                     18         18         18         18         18         18         18         18         18         18         18         18         18         18         18         18         18         18 
           Communication          
Reduction                  0.0001     0.0003     0.0002     0.0004     0.0004     0.0005     0.0001     0.0004     0.0002     0.0004     0.0004     0.0005     0.0004     0.0006     0.0006     0.0006     0.0008     0.0007 
Redistribution             0.0001     0.0001     0.0002     0.0000     0.0000     0.0000     0.0002     0.0000     0.0001     0.0000     0.0000     0.0000     0.0001     0.0000     0.0000     0.0000     0.0000     0.0000 
           Synchronization        
I/O                        0.0000     0.0000     0.0000     0.0000     0.0000     0.0000     0.0000     0.0000     0.0000     0.0000     0.0000     0.0000     0.0000     0.0000     0.0000     0.0000     0.0000     0.0000 
Reduction                  0.0000     0.0000     0.0000     0.0000     0.0000     0.0000     0.0000     0.0000     0.0000     0.0000     0.0000     0.0000     0.0000     0.0000     0.0000     0.0000     0.0000     0.0000 
Redistribution             0.0001     0.0002     0.0002     0.0002     0.0002     0.0002     0.0002     0.0002     0.0002     0.0002     0.0002     0.0002     0.0003     0.0003     0.0002     0.0002     0.0004     0.0003 
           Variation              
I/O                        0.0000     0.0002     0.0002     0.0002     0.0002     0.0002     0.0002     0.0002     0.0002     0.0002     0.0002     0.0002     0.0002     0.0002     0.0002     0.0002     0.0002     0.0002 
Reduction                  0.0000     0.0000     0.0000     0.0000     0.0000     0.0000     0.0000     0.0000     0.0000     0.0000     0.0000     0.0000     0.0000     0.0000     0.0000     0.0000     0.0000     0.0000 
Redistribution             0.0001     0.0003     0.0001     0.0003     0.0003     0.0004     0.0001     0.0003     0.0002     0.0003     0.0003     0.0003     0.0003     0.0005     0.0004     0.0004     0.0006     0.0005 
           Overlap                
Reduction                  0.0000     0.0000     0.0000     0.0000     0.0000     0.0000     0.0000     0.0000     0.0000     0.0000     0.0000     0.0000     0.0000     0.0000     0.0000     0.0000     0.0000     0.0000 


-------------------------------------------------------------------------
Name (number) and performance time of processors
omp.keldysh.ru(1) 0.935403
omp.keldysh.ru(2) 0.935322
omp.keldysh.ru(3) 0.958062
omp.keldysh.ru(4) 0.958068
omp.keldysh.ru(5) 0.957257
omp.keldysh.ru(6) 0.957261
omp.keldysh.ru(7) 0.959358
omp.keldysh.ru(8) 0.958993
omp.keldysh.ru(9) 0.958261
omp.keldysh.ru(10) 0.958280
omp.keldysh.ru(11) 0.956902
omp.keldysh.ru(12) 0.956931
omp.keldysh.ru(13) 0.955601
omp.keldysh.ru(14) 0.955561
omp.keldysh.ru(15) 0.956307
omp.keldysh.ru(16) 0.956298
omp.keldysh.ru(17) 0.958196
omp.keldysh.ru(18) 0.958227
min - omp.keldysh.ru(2) 0.935322; max - omp.keldysh.ru(7) 0.959358; mid - 0.955016
