Processor system=2*1*2*4
Statistics has been accumulated on DVM-system version 5.0, platform DVM
Analyzer is executing on DVM-system version 5.0, platform DVM
-------------------------------------------------------------------------
INTERVAL ( NLINE=7 SOURCE=sh41.f ) LEVEL=0  EXE_COUNT=1
--- The main characteristics --- 
Parallelization efficiency      0.1136 
Execution time                  1.7836 
Processors                          16
Threads amount                      16
Total time                     28.5379
Productive time                 3.2427 ( CPU= 3.1927 Sys= 0.0500 I/O= 0.0000 )
Lost  time                     25.2951 
   Insufficient parallelism    21.4084 ( User= 20.6577 Sys= 0.7507 )
   Communication                3.8715 ( Real_sync= 0.0000 Starts= 0.0000 )
   Idle time                    0.0152
Load imbalance                  1.3215
Synchronization                 2.1665
Time variation                  0.4436
Overlap                         0.0000
                  Nop   Communic    Synchro  Variation    Overlap 
I/O                11     0.0000     0.0173     0.0208     0.0000 
Reduction           9     1.5225     0.0001     0.0001     0.0000 
Shadow              9     2.3490     2.1491     0.4227     0.0000 
--- The comparative characteristics --- 
                              Tmin N proc      Tmax N proc      Tmid
Lost time                   1.4984     6     1.6850    13     1.5809 
User insufficient par.      0.9489    13     1.4078     7     1.2911 
Sys.insufficient par.       0.0321    16     0.0671    10     0.0469 
Idle time                   0.0000     2     0.0048    13     0.0010 
Communication               0.0331    10     0.6992    13     0.2420 
Synchronization             0.0005     7     0.5118    13     0.1354 
Variation                   0.0006    10     0.0586    13     0.0277 
Overlap                     0.0000     4     0.0000     7     0.0000 
Load imbalance              0.0000     6     0.1867    13     0.0826 
Execution time              1.7788    13     1.7836     2     1.7827 
User CPU time               0.0964    13     0.2812    11     0.1995 
Sys. CPU time               0.0021    16     0.0045    10     0.0031 
I/O time                    0.0000    13     0.0000     1     0.0000 
Processors                      16     1         16    16         16 
                      Communic          Synchro        Variation          Overlap  
I/O             Tmin    0.0000     1     0.0000    10     0.0003    10     0.0000     1 
I/O             Tmax    0.0000    16     0.0046    13     0.0049    13     0.0000    16 
I/O             Tmid    0.0000           0.0011           0.0013           0.0000       
Reduction       Tmin    0.0004    10     0.0000    12     0.0000    15     0.0000     1 
Reduction       Tmax    0.2037    13     0.0000     6     0.0000     3     0.0000    16 
Reduction       Tmid    0.0952           0.0000           0.0000           0.0000       
Shadow          Tmin    0.0190     5     0.0003     7     0.0003    10     0.0000     4 
Shadow          Tmax    0.4995    15     0.5072    13     0.0537    13     0.0000     7 
Shadow          Tmid    0.1468           0.1343           0.0264           0.0000       
--- The execution characteristics --- 
                                1          2          3          4          5          6          7          8          9         10         11         12         13         14         15         16 
Lost time                  1.6468     1.5015     1.5008     1.6496     1.6470     1.4984     1.5039     1.6574     1.6457     1.5032     1.4986     1.6479     1.6850     1.5089     1.5196     1.6808 
User insufficient par.     1.4065     1.3981     1.4051     1.4011     1.4070     1.4011     1.4078     1.4066     1.4043     1.4029     1.4024     1.4012     0.9489     0.9509     0.9560     0.9577 
Sys.insufficient par.      0.0386     0.0633     0.0600     0.0403     0.0368     0.0630     0.0486     0.0404     0.0365     0.0671     0.0579     0.0362     0.0322     0.0481     0.0496     0.0321 
Idle time                  0.0000     0.0000     0.0000     0.0000     0.0014     0.0000     0.0000     0.0000     0.0029     0.0000     0.0000     0.0014     0.0048     0.0000     0.0000     0.0048 
Communication              0.2017     0.0401     0.0357     0.2082     0.2019     0.0343     0.0475     0.2105     0.2020     0.0331     0.0382     0.2091     0.6992     0.5100     0.5139     0.6862 
Synchronization            0.0239     0.0047     0.0027     0.0267     0.0263     0.0035     0.0005     0.0251     0.0242     0.0030     0.0061     0.0285     0.5118     0.4925     0.4872     0.4998 
Variation                  0.0319     0.0119     0.0112     0.0297     0.0446     0.0067     0.0025     0.0336     0.0341     0.0006     0.0090     0.0416     0.0586     0.0511     0.0291     0.0475 
Overlap                    0.0000     0.0000     0.0000     0.0000     0.0000     0.0000     0.0000     0.0000     0.0000     0.0000     0.0000     0.0000     0.0000     0.0000     0.0000     0.0000 
Load imbalance             0.1485     0.0031     0.0024     0.1512     0.1486     0.0000     0.0056     0.1591     0.1474     0.0048     0.0002     0.1496     0.1867     0.0106     0.0213     0.1824 
Execution time             1.7836     1.7836     1.7836     1.7836     1.7822     1.7836     1.7836     1.7836     1.7808     1.7836     1.7836     1.7822     1.7788     1.7836     1.7836     1.7789 
User CPU time              0.1342     0.2779     0.2788     0.1313     0.1342     0.2811     0.2765     0.1235     0.1355     0.2760     0.2812     0.1333     0.0964     0.2715     0.2607     0.1007 
Sys. CPU time              0.0026     0.0042     0.0040     0.0027     0.0025     0.0042     0.0032     0.0027     0.0024     0.0045     0.0039     0.0024     0.0021     0.0032     0.0033     0.0021 
I/O time                   0.0000     0.0000     0.0000     0.0000     0.0000     0.0000     0.0000     0.0000     0.0000     0.0000     0.0000     0.0000     0.0000     0.0000     0.0000     0.0000 
Processors                     16         16         16         16         16         16         16         16         16         16         16         16         16         16         16         16 
           Communication          
Reduction                  0.1707     0.0110     0.0056     0.1738     0.1829     0.0016     0.0005     0.1842     0.1721     0.0004     0.0025     0.1831     0.2037     0.0254     0.0145     0.1906 
Shadow                     0.0310     0.0291     0.0301     0.0345     0.0190     0.0326     0.0470     0.0263     0.0299     0.0327     0.0357     0.0260     0.4955     0.4846     0.4995     0.4955 
           Synchronization        
I/O                        0.0010     0.0001     0.0000     0.0011     0.0012     0.0001     0.0002     0.0011     0.0013     0.0000     0.0002     0.0012     0.0046     0.0010     0.0007     0.0036 
Reduction                  0.0000     0.0000     0.0000     0.0000     0.0000     0.0000     0.0000     0.0000     0.0000     0.0000     0.0000     0.0000     0.0000     0.0000     0.0000     0.0000 
Shadow                     0.0229     0.0046     0.0026     0.0256     0.0251     0.0034     0.0003     0.0241     0.0229     0.0030     0.0059     0.0273     0.5072     0.4915     0.4865     0.4962 
           Variation              
I/O                        0.0010     0.0004     0.0003     0.0013     0.0014     0.0003     0.0004     0.0013     0.0015     0.0003     0.0005     0.0014     0.0049     0.0012     0.0010     0.0038 
Reduction                  0.0000     0.0000     0.0000     0.0000     0.0000     0.0000     0.0000     0.0000     0.0000     0.0000     0.0000     0.0000     0.0000     0.0000     0.0000     0.0000 
Shadow                     0.0309     0.0115     0.0109     0.0284     0.0432     0.0064     0.0021     0.0322     0.0326     0.0003     0.0085     0.0402     0.0537     0.0498     0.0282     0.0437 
           Overlap                
Reduction                  0.0000     0.0000     0.0000     0.0000     0.0000     0.0000     0.0000     0.0000     0.0000     0.0000     0.0000     0.0000     0.0000     0.0000     0.0000     0.0000 
Shadow                     0.0000     0.0000     0.0000     0.0000     0.0000     0.0000     0.0000     0.0000     0.0000     0.0000     0.0000     0.0000     0.0000     0.0000     0.0000     0.0000 


-------------------------------------------------------------------------
Name (number) and performance time of processors
omp.keldysh.ru(1) 0.935376
omp.keldysh.ru(2) 0.935313
omp.keldysh.ru(3) 0.958541
omp.keldysh.ru(4) 0.958751
omp.keldysh.ru(5) 0.960687
omp.keldysh.ru(6) 0.960960
omp.keldysh.ru(7) 0.957762
omp.keldysh.ru(8) 0.957754
omp.keldysh.ru(9) 0.958152
omp.keldysh.ru(10) 0.958155
omp.keldysh.ru(11) 0.960268
omp.keldysh.ru(12) 0.960270
omp.keldysh.ru(13) 0.960533
omp.keldysh.ru(14) 0.960517
omp.keldysh.ru(15) 0.935541
omp.keldysh.ru(16) 0.935531
min - omp.keldysh.ru(2) 0.935313; max - omp.keldysh.ru(6) 0.960960; mid - 0.953382
