Processor system=3*2*3*1
Statistics has been accumulated on DVM-system version 5.0, platform DVM
Analyzer is executing on DVM-system version 5.0, platform DVM
-------------------------------------------------------------------------
INTERVAL ( NLINE=7 SOURCE=reda41.f ) LEVEL=0  EXE_COUNT=2
--- The main characteristics --- 
Parallelization efficiency      0.0429 
Execution time                  0.0100 
Processors                          18
Threads amount                      18
Total time                      0.1809
Productive time                 0.0078 ( CPU= 0.0073 Sys= 0.0005 I/O= 0.0000 )
Lost  time                      0.1731 
   Insufficient parallelism     0.1242 ( User= 0.1162 Sys= 0.0080 )
   Communication                0.0064 ( Real_sync= 0.0000 Starts= 0.0000 )
   Idle time                    0.0425
Load imbalance                  0.0021
Synchronization                 0.0059
Time variation                  0.0058
Overlap                         0.0001
                  Nop   Communic    Synchro  Variation    Overlap 
I/O                 6     0.0000     0.0009     0.0033     0.0000 
Reduction           5     0.0033     0.0005     0.0005     0.0001 
Remote access      22     0.0031     0.0045     0.0020     0.0000 
--- The comparative characteristics --- 
                              Tmin N proc      Tmax N proc      Tmid
Lost time                   0.0095    18     0.0097    11     0.0096 
User insufficient par.      0.0051    11     0.0085    18     0.0065 
Sys.insufficient par.       0.0004    17     0.0006     1     0.0004 
Idle time                   0.0000    18     0.0039     5     0.0024 
Communication               0.0003     1     0.0006    17     0.0004 
Synchronization             0.0002     1     0.0006    17     0.0003 
Variation                   0.0002     1     0.0005     2     0.0003 
Overlap                     0.0000    17     0.0000    14     0.0000 
Load imbalance              0.0000    18     0.0002    11     0.0001 
Execution time              0.0062     5     0.0100    18     0.0077 
User CPU time               0.0003    11     0.0005    18     0.0004 
Sys. CPU time               0.0000    17     0.0000     2     0.0000 
I/O time                    0.0000     2     0.0000     1     0.0000 
Processors                      18     1         18    18         18 
                      Communic          Synchro        Variation          Overlap  
I/O             Tmin    0.0000     1     0.0000    11     0.0001     1     0.0000     1 
I/O             Tmax    0.0000    18     0.0001     1     0.0002     2     0.0000    18 
I/O             Tmid    0.0000           0.0001           0.0002           0.0000       
Reduction       Tmin    0.0002     1     0.0000    14     0.0000    11     0.0000    17 
Reduction       Tmax    0.0002    17     0.0001     2     0.0001     1     0.0000    14 
Reduction       Tmid    0.0002           0.0000           0.0000           0.0000       
Remote access   Tmin    0.0001     5     0.0001     1     0.0001    16     0.0000     2 
Remote access   Tmax    0.0004    17     0.0005    17     0.0002     2     0.0000     1 
Remote access   Tmid    0.0002           0.0002           0.0001           0.0000       
--- The execution characteristics --- 
                                1          2          3          4          5          6          7          8          9         10         11         12         13         14         15         16         17         18 
Lost time                  0.0096     0.0097     0.0097     0.0095     0.0097     0.0097     0.0096     0.0097     0.0095     0.0096     0.0097     0.0097     0.0095     0.0097     0.0095     0.0096     0.0097     0.0095 
User insufficient par.     0.0071     0.0051     0.0051     0.0080     0.0051     0.0051     0.0065     0.0051     0.0076     0.0076     0.0051     0.0051     0.0084     0.0058     0.0084     0.0069     0.0059     0.0085 
Sys.insufficient par.      0.0006     0.0005     0.0005     0.0004     0.0004     0.0004     0.0005     0.0004     0.0004     0.0004     0.0005     0.0004     0.0004     0.0004     0.0004     0.0004     0.0004     0.0004 
Idle time                  0.0016     0.0038     0.0038     0.0008     0.0039     0.0038     0.0024     0.0038     0.0012     0.0012     0.0038     0.0038     0.0004     0.0031     0.0004     0.0020     0.0027     0.0000 
Communication              0.0003     0.0003     0.0003     0.0003     0.0003     0.0003     0.0003     0.0003     0.0003     0.0003     0.0004     0.0004     0.0003     0.0003     0.0003     0.0003     0.0006     0.0006 
Synchronization            0.0002     0.0005     0.0004     0.0004     0.0003     0.0003     0.0003     0.0003     0.0003     0.0003     0.0003     0.0003     0.0003     0.0002     0.0002     0.0002     0.0006     0.0005 
Variation                  0.0002     0.0005     0.0004     0.0004     0.0004     0.0004     0.0003     0.0003     0.0004     0.0003     0.0003     0.0003     0.0003     0.0003     0.0003     0.0002     0.0003     0.0003 
Overlap                    0.0000     0.0000     0.0000     0.0000     0.0000     0.0000     0.0000     0.0000     0.0000     0.0000     0.0000     0.0000     0.0000     0.0000     0.0000     0.0000     0.0000     0.0000 
Load imbalance             0.0001     0.0002     0.0002     0.0000     0.0002     0.0002     0.0001     0.0002     0.0000     0.0001     0.0002     0.0002     0.0000     0.0002     0.0000     0.0001     0.0002     0.0000 
Execution time             0.0085     0.0062     0.0062     0.0093     0.0062     0.0062     0.0077     0.0062     0.0088     0.0089     0.0062     0.0062     0.0097     0.0069     0.0097     0.0081     0.0073     0.0100 
User CPU time              0.0004     0.0003     0.0003     0.0005     0.0003     0.0003     0.0004     0.0003     0.0005     0.0005     0.0003     0.0003     0.0005     0.0004     0.0005     0.0004     0.0004     0.0005 
Sys. CPU time              0.0000     0.0000     0.0000     0.0000     0.0000     0.0000     0.0000     0.0000     0.0000     0.0000     0.0000     0.0000     0.0000     0.0000     0.0000     0.0000     0.0000     0.0000 
I/O time                   0.0000     0.0000     0.0000     0.0000     0.0000     0.0000     0.0000     0.0000     0.0000     0.0000     0.0000     0.0000     0.0000     0.0000     0.0000     0.0000     0.0000     0.0000 
Processors                     18         18         18         18         18         18         18         18         18         18         18         18         18         18         18         18         18         18 
           Communication          
Reduction                  0.0002     0.0002     0.0002     0.0002     0.0002     0.0002     0.0002     0.0002     0.0002     0.0002     0.0002     0.0002     0.0002     0.0002     0.0002     0.0002     0.0002     0.0002 
Remote access              0.0001     0.0001     0.0001     0.0001     0.0001     0.0002     0.0002     0.0002     0.0001     0.0001     0.0002     0.0002     0.0001     0.0001     0.0002     0.0002     0.0004     0.0003 
           Synchronization        
I/O                        0.0001     0.0001     0.0001     0.0001     0.0001     0.0001     0.0000     0.0000     0.0000     0.0000     0.0000     0.0000     0.0000     0.0000     0.0000     0.0000     0.0001     0.0000 
Reduction                  0.0000     0.0001     0.0000     0.0000     0.0000     0.0000     0.0000     0.0000     0.0000     0.0000     0.0000     0.0000     0.0000     0.0000     0.0000     0.0000     0.0000     0.0000 
Remote access              0.0001     0.0003     0.0003     0.0003     0.0002     0.0003     0.0002     0.0002     0.0002     0.0002     0.0003     0.0002     0.0002     0.0002     0.0002     0.0002     0.0005     0.0004 
           Variation              
I/O                        0.0001     0.0002     0.0002     0.0002     0.0002     0.0002     0.0002     0.0002     0.0002     0.0002     0.0001     0.0002     0.0002     0.0002     0.0002     0.0002     0.0002     0.0002 
Reduction                  0.0001     0.0001     0.0000     0.0000     0.0000     0.0000     0.0000     0.0000     0.0000     0.0000     0.0000     0.0000     0.0000     0.0000     0.0000     0.0000     0.0000     0.0000 
Remote access              0.0001     0.0002     0.0001     0.0001     0.0001     0.0001     0.0001     0.0001     0.0001     0.0001     0.0001     0.0001     0.0001     0.0001     0.0001     0.0001     0.0001     0.0001 
           Overlap                
Reduction                  0.0000     0.0000     0.0000     0.0000     0.0000     0.0000     0.0000     0.0000     0.0000     0.0000     0.0000     0.0000     0.0000     0.0000     0.0000     0.0000     0.0000     0.0000 
Remote access              0.0000     0.0000     0.0000     0.0000     0.0000     0.0000     0.0000     0.0000     0.0000     0.0000     0.0000     0.0000     0.0000     0.0000     0.0000     0.0000     0.0000     0.0000 


-------------------------------------------------------------------------
Name (number) and performance time of processors
omp.keldysh.ru(1) 0.935380
omp.keldysh.ru(2) 0.935299
omp.keldysh.ru(3) 0.956715
omp.keldysh.ru(4) 0.957129
omp.keldysh.ru(5) 0.935376
omp.keldysh.ru(6) 0.935374
omp.keldysh.ru(7) 0.935381
omp.keldysh.ru(8) 0.935369
omp.keldysh.ru(9) 0.956299
omp.keldysh.ru(10) 0.956282
omp.keldysh.ru(11) 0.956616
omp.keldysh.ru(12) 0.956610
omp.keldysh.ru(13) 0.957444
omp.keldysh.ru(14) 0.957452
omp.keldysh.ru(15) 0.958840
omp.keldysh.ru(16) 0.958843
omp.keldysh.ru(17) 0.957887
omp.keldysh.ru(18) 0.957991
min - omp.keldysh.ru(2) 0.935299; max - omp.keldysh.ru(16) 0.958843; mid - 0.950016
