Processor system=1*2*3*3
Statistics has been accumulated on DVM-system version 5.0, platform DVM
Analyzer is executing on DVM-system version 5.0, platform DVM
-------------------------------------------------------------------------
INTERVAL ( NLINE=7 SOURCE=sc41.f ) LEVEL=0  EXE_COUNT=2
--- The main characteristics --- 
Parallelization efficiency      0.1882 
Execution time                  2.1287 
Processors                          18
Threads amount                      18
Total time                     38.3164
Productive time                 7.2114 ( CPU= 7.2045 Sys= 0.0068 I/O= 0.0000 )
Lost  time                     31.1050 
   Insufficient parallelism    27.6578 ( User= 27.5410 Sys= 0.1168 )
   Communication                3.3989 ( Real_sync= 0.0000 Starts= 0.0000 )
   Idle time                    0.0483
Load imbalance                  2.1855
Synchronization                 0.0223
Time variation                  0.0257
Overlap                         0.0000
                  Nop   Communic    Synchro  Variation    Overlap 
I/O                12     0.0000     0.0222     0.0257     0.0000 
Reduction          10     3.3989     0.0001     0.0001     0.0000 
--- The comparative characteristics --- 
                              Tmin N proc      Tmax N proc      Tmid
Lost time                   1.6066    14     2.0074    18     1.7281 
User insufficient par.      0.9864    18     1.6029    15     1.5301 
Sys.insufficient par.       0.0043    18     0.0090     5     0.0065 
Idle time                   0.0000     2     0.0084    18     0.0027 
Communication               0.0002     5     1.0082    18     0.1888 
Synchronization             0.0000     5     0.0052    18     0.0012 
Variation                   0.0002     5     0.0054    18     0.0014 
Overlap                     0.0000     1     0.0000    18     0.0000 
Load imbalance              0.0000    14     0.4008    18     0.1214 
Execution time              2.1203    18     2.1287     2     2.1260 
User CPU time               0.1210    18     0.5215    14     0.4003 
Sys. CPU time               0.0003    18     0.0005     5     0.0004 
I/O time                    0.0000    14     0.0000     1     0.0000 
Processors                      18     1         18    18         18 
                      Communic          Synchro        Variation          Overlap  
I/O             Tmin    0.0000     1     0.0000     5     0.0002     5     0.0000     1 
I/O             Tmax    0.0000    18     0.0052    18     0.0054    18     0.0000    18 
I/O             Tmid    0.0000           0.0012           0.0014           0.0000       
Reduction       Tmin    0.0002     5     0.0000    16     0.0000    16     0.0000     1 
Reduction       Tmax    1.0082    18     0.0000     5     0.0000    14     0.0000    18 
Reduction       Tmid    0.1888           0.0000           0.0000           0.0000       
--- The execution characteristics --- 
                                1          2          3          4          5          6          7          8          9         10         11         12         13         14         15         16         17         18 
Lost time                  1.7266     1.6900     1.7369     1.6985     1.6073     1.6542     1.7400     1.7021     1.7760     1.7741     1.7013     1.7429     1.6570     1.6066     1.7076     1.7568     1.8198     2.0074 
User insufficient par.     1.5975     1.5972     1.5986     1.5976     1.5970     1.5938     1.6009     1.5997     1.6010     1.5961     1.5946     1.5914     1.5984     1.5917     1.6029     1.5990     0.9971     0.9864 
Sys.insufficient par.      0.0058     0.0069     0.0055     0.0069     0.0090     0.0070     0.0057     0.0070     0.0057     0.0058     0.0068     0.0057     0.0069     0.0090     0.0070     0.0055     0.0064     0.0043 
Idle time                  0.0019     0.0000     0.0042     0.0023     0.0012     0.0031     0.0012     0.0004     0.0016     0.0015     0.0035     0.0063     0.0008     0.0027     0.0008     0.0042     0.0042     0.0084 
Communication              0.1213     0.0859     0.1286     0.0916     0.0002     0.0503     0.1322     0.0950     0.1678     0.1706     0.0965     0.1394     0.0510     0.0033     0.0969     0.1480     0.8120     1.0082 
Synchronization            0.0017     0.0005     0.0020     0.0004     0.0000     0.0004     0.0016     0.0004     0.0016     0.0015     0.0006     0.0020     0.0005     0.0001     0.0003     0.0017     0.0018     0.0052 
Variation                  0.0016     0.0007     0.0022     0.0006     0.0002     0.0006     0.0018     0.0006     0.0018     0.0017     0.0008     0.0022     0.0007     0.0003     0.0005     0.0019     0.0020     0.0054 
Overlap                    0.0000     0.0000     0.0000     0.0000     0.0000     0.0000     0.0000     0.0000     0.0000     0.0000     0.0000     0.0000     0.0000     0.0000     0.0000     0.0000     0.0000     0.0000 
Load imbalance             0.1200     0.0834     0.1302     0.0918     0.0007     0.0476     0.1333     0.0955     0.1693     0.1674     0.0946     0.1362     0.0504     0.0000     0.1009     0.1502     0.2131     0.4008 
Execution time             2.1267     2.1287     2.1245     2.1264     2.1275     2.1256     2.1275     2.1283     2.1271     2.1271     2.1252     2.1224     2.1279     2.1260     2.1279     2.1245     2.1245     2.1203 
User CPU time              0.4018     0.4383     0.3915     0.4298     0.5208     0.4741     0.3884     0.4262     0.3524     0.3543     0.4270     0.3855     0.4712     0.5215     0.4207     0.3715     0.3086     0.1210 
Sys. CPU time              0.0003     0.0004     0.0003     0.0004     0.0005     0.0004     0.0003     0.0004     0.0003     0.0003     0.0004     0.0003     0.0004     0.0005     0.0004     0.0003     0.0004     0.0003 
I/O time                   0.0000     0.0000     0.0000     0.0000     0.0000     0.0000     0.0000     0.0000     0.0000     0.0000     0.0000     0.0000     0.0000     0.0000     0.0000     0.0000     0.0000     0.0000 
Processors                     18         18         18         18         18         18         18         18         18         18         18         18         18         18         18         18         18         18 
           Communication          
Reduction                  0.1213     0.0859     0.1286     0.0916     0.0002     0.0503     0.1322     0.0950     0.1678     0.1706     0.0965     0.1394     0.0510     0.0033     0.0969     0.1480     0.8120     1.0082 
           Synchronization        
I/O                        0.0017     0.0005     0.0020     0.0004     0.0000     0.0004     0.0016     0.0004     0.0016     0.0015     0.0006     0.0020     0.0004     0.0000     0.0003     0.0017     0.0018     0.0052 
Reduction                  0.0000     0.0000     0.0000     0.0000     0.0000     0.0000     0.0000     0.0000     0.0000     0.0000     0.0000     0.0000     0.0000     0.0000     0.0000     0.0000     0.0000     0.0000 
           Variation              
I/O                        0.0016     0.0007     0.0022     0.0006     0.0002     0.0006     0.0018     0.0006     0.0018     0.0017     0.0008     0.0022     0.0007     0.0003     0.0005     0.0019     0.0020     0.0054 
Reduction                  0.0000     0.0000     0.0000     0.0000     0.0000     0.0000     0.0000     0.0000     0.0000     0.0000     0.0000     0.0000     0.0000     0.0000     0.0000     0.0000     0.0000     0.0000 
           Overlap                
Reduction                  0.0000     0.0000     0.0000     0.0000     0.0000     0.0000     0.0000     0.0000     0.0000     0.0000     0.0000     0.0000     0.0000     0.0000     0.0000     0.0000     0.0000     0.0000 


-------------------------------------------------------------------------
Name (number) and performance time of processors
omp.keldysh.ru(1) 0.935384
omp.keldysh.ru(2) 0.935295
omp.keldysh.ru(3) 0.959452
omp.keldysh.ru(4) 0.959523
omp.keldysh.ru(5) 0.957649
omp.keldysh.ru(6) 0.957883
omp.keldysh.ru(7) 0.935366
omp.keldysh.ru(8) 0.935327
omp.keldysh.ru(9) 0.959248
omp.keldysh.ru(10) 0.959269
omp.keldysh.ru(11) 0.956150
omp.keldysh.ru(12) 0.956165
omp.keldysh.ru(13) 0.958661
omp.keldysh.ru(14) 0.958878
omp.keldysh.ru(15) 0.960714
omp.keldysh.ru(16) 0.960705
omp.keldysh.ru(17) 0.955606
omp.keldysh.ru(18) 0.955614
min - omp.keldysh.ru(2) 0.935295; max - omp.keldysh.ru(15) 0.960714; mid - 0.953160
