Processor system=4*1*4*1
Statistics has been accumulated on DVM-system version 5.0, platform DVM
Analyzer is executing on DVM-system version 5.0, platform DVM
-------------------------------------------------------------------------
INTERVAL ( NLINE=7 SOURCE=sc42.f ) LEVEL=0  EXE_COUNT=1
--- The main characteristics --- 
Parallelization efficiency      0.2140 
Execution time                  2.0803 
Processors                          16
Threads amount                      16
Total time                     33.2844
Productive time                 7.1231 ( CPU= 7.1159 Sys= 0.0071 I/O= 0.0000 )
Lost  time                     26.1613 
   Insufficient parallelism    21.6941 ( User= 21.5867 Sys= 0.1073 )
   Communication                4.4226 ( Real_sync= 0.0000 Starts= 0.0000 )
   Idle time                    0.0446
Load imbalance                  2.3263
Synchronization                 0.0250
Time variation                  0.0281
Overlap                         0.0000
                  Nop   Communic    Synchro  Variation    Overlap 
I/O                11     0.0000     0.0249     0.0280     0.0000 
Reduction           9     4.4226     0.0001     0.0001     0.0000 
--- The comparative characteristics --- 
                              Tmin N proc      Tmax N proc      Tmid
Lost time                   1.4897    11     1.8080    16     1.6351 
User insufficient par.      0.9502    14     1.4856     7     1.3492 
Sys.insufficient par.       0.0039    16     0.0089     6     0.0067 
Idle time                   0.0000    10     0.0073    16     0.0028 
Communication               0.0002     7     0.8450    13     0.2764 
Synchronization             0.0000     7     0.0050    13     0.0016 
Variation                   0.0002     7     0.0052    13     0.0018 
Overlap                     0.0000     1     0.0000    16     0.0000 
Load imbalance              0.0000    11     0.3183    16     0.1454 
Execution time              2.0729    16     2.0803    10     2.0775 
User CPU time               0.2720    16     0.5900    11     0.4447 
Sys. CPU time               0.0003    16     0.0006     6     0.0004 
I/O time                    0.0000     4     0.0000     1     0.0000 
Processors                      16     1         16    16         16 
                      Communic          Synchro        Variation          Overlap  
I/O             Tmin    0.0000     1     0.0000     7     0.0002     7     0.0000     1 
I/O             Tmax    0.0000    16     0.0050    16     0.0052    16     0.0000    16 
I/O             Tmid    0.0000           0.0016           0.0018           0.0000       
Reduction       Tmin    0.0002     7     0.0000    16     0.0000     5     0.0000     1 
Reduction       Tmax    0.8450    13     0.0000     2     0.0000     2     0.0000    16 
Reduction       Tmid    0.2764           0.0000           0.0000           0.0000       
--- The execution characteristics --- 
                                1          2          3          4          5          6          7          8          9         10         11         12         13         14         15         16 
Lost time                  1.7327     1.6499     1.6496     1.7366     1.6184     1.4924     1.4947     1.6174     1.6181     1.4968     1.4897     1.6158     1.8068     1.6670     1.6674     1.8080 
User insufficient par.     1.4844     1.4851     1.4818     1.4804     1.4841     1.4744     1.4856     1.4801     1.4822     1.4804     1.4804     1.4815     0.9505     0.9502     0.9536     0.9520 
Sys.insufficient par.      0.0051     0.0072     0.0071     0.0050     0.0065     0.0089     0.0088     0.0067     0.0065     0.0087     0.0087     0.0065     0.0041     0.0068     0.0065     0.0039 
Idle time                  0.0043     0.0010     0.0022     0.0057     0.0034     0.0000     0.0000     0.0028     0.0037     0.0000     0.0000     0.0025     0.0073     0.0031     0.0013     0.0073 
Communication              0.2389     0.1566     0.1584     0.2455     0.1243     0.0091     0.0002     0.1279     0.1256     0.0077     0.0006     0.1253     0.8450     0.7069     0.7059     0.8447 
Synchronization            0.0030     0.0007     0.0007     0.0031     0.0010     0.0000     0.0000     0.0009     0.0011     0.0001     0.0000     0.0010     0.0050     0.0016     0.0016     0.0050 
Variation                  0.0030     0.0009     0.0009     0.0033     0.0012     0.0002     0.0002     0.0012     0.0013     0.0003     0.0003     0.0012     0.0052     0.0018     0.0018     0.0052 
Overlap                    0.0000     0.0000     0.0000     0.0000     0.0000     0.0000     0.0000     0.0000     0.0000     0.0000     0.0000     0.0000     0.0000     0.0000     0.0000     0.0000 
Load imbalance             0.2431     0.1603     0.1599     0.2469     0.1287     0.0027     0.0050     0.1277     0.1284     0.0071     0.0000     0.1261     0.3171     0.1773     0.1777     0.3183 
Execution time             2.0760     2.0792     2.0781     2.0746     2.0769     2.0803     2.0803     2.0775     2.0766     2.0803     2.0803     2.0778     2.0730     2.0772     2.0790     2.0729 
User CPU time              0.3472     0.4298     0.4302     0.3433     0.4615     0.5873     0.5850     0.4624     0.4617     0.5829     0.5900     0.4640     0.2732     0.4128     0.4125     0.2720 
Sys. CPU time              0.0003     0.0005     0.0005     0.0003     0.0004     0.0006     0.0006     0.0004     0.0004     0.0006     0.0006     0.0004     0.0003     0.0005     0.0004     0.0003 
I/O time                   0.0000     0.0000     0.0000     0.0000     0.0000     0.0000     0.0000     0.0000     0.0000     0.0000     0.0000     0.0000     0.0000     0.0000     0.0000     0.0000 
Processors                     16         16         16         16         16         16         16         16         16         16         16         16         16         16         16         16 
           Communication          
Reduction                  0.2389     0.1566     0.1584     0.2455     0.1243     0.0091     0.0002     0.1279     0.1256     0.0077     0.0006     0.1253     0.8450     0.7069     0.7059     0.8447 
           Synchronization        
I/O                        0.0030     0.0007     0.0007     0.0031     0.0010     0.0000     0.0000     0.0009     0.0011     0.0001     0.0000     0.0010     0.0050     0.0016     0.0016     0.0050 
Reduction                  0.0000     0.0000     0.0000     0.0000     0.0000     0.0000     0.0000     0.0000     0.0000     0.0000     0.0000     0.0000     0.0000     0.0000     0.0000     0.0000 
           Variation              
I/O                        0.0030     0.0009     0.0009     0.0033     0.0012     0.0002     0.0002     0.0012     0.0013     0.0003     0.0003     0.0012     0.0052     0.0018     0.0018     0.0052 
Reduction                  0.0000     0.0000     0.0000     0.0000     0.0000     0.0000     0.0000     0.0000     0.0000     0.0000     0.0000     0.0000     0.0000     0.0000     0.0000     0.0000 
           Overlap                
Reduction                  0.0000     0.0000     0.0000     0.0000     0.0000     0.0000     0.0000     0.0000     0.0000     0.0000     0.0000     0.0000     0.0000     0.0000     0.0000     0.0000 


-------------------------------------------------------------------------
Name (number) and performance time of processors
omp.keldysh.ru(1) 0.933689
omp.keldysh.ru(2) 0.933632
omp.keldysh.ru(3) 0.955397
omp.keldysh.ru(4) 0.955452
omp.keldysh.ru(5) 0.955712
omp.keldysh.ru(6) 0.955700
omp.keldysh.ru(7) 0.952638
omp.keldysh.ru(8) 0.952574
omp.keldysh.ru(9) 0.956221
omp.keldysh.ru(10) 0.956199
omp.keldysh.ru(11) 0.960334
omp.keldysh.ru(12) 0.960340
omp.keldysh.ru(13) 0.955998
omp.keldysh.ru(14) 0.956279
omp.keldysh.ru(15) 0.955046
omp.keldysh.ru(16) 0.955045
min - omp.keldysh.ru(2) 0.933632; max - omp.keldysh.ru(12) 0.960340; mid - 0.953141
