Processor system=3*2*3
Statistics has been accumulated on DVM-system version 5.0, platform DVM
Analyzer is executing on DVM-system version 5.0, platform DVM
-------------------------------------------------------------------------
INTERVAL ( NLINE=5 SOURCE=prf31.f ) LEVEL=0  EXE_COUNT=2
--- The main characteristics --- 
Parallelization efficiency      0.0356 
Execution time                  0.0139 
Processors                          18
Threads amount                      18
Total time                      0.2494
Productive time                 0.0089 ( CPU= 0.0063 Sys= 0.0025 I/O= 0.0000 )
Lost  time                      0.2405 
   Insufficient parallelism     0.1434 ( User= 0.1003 Sys= 0.0431 )
   Communication                0.0642 ( Real_sync= 0.0000 Starts= 0.0000 )
   Idle time                    0.0329
Load imbalance                  0.0020
Synchronization                 0.0924
Time variation                  0.0719
Overlap                         0.0141
                  Nop   Communic    Synchro  Variation    Overlap 
I/O                12     0.0000     0.0084     0.0110     0.0000 
Reduction          22     0.0145     0.0007     0.0008     0.0000 
Remote access     172     0.0497     0.0832     0.0600     0.0141 
--- The comparative characteristics --- 
                              Tmin N proc      Tmax N proc      Tmid
Lost time                   0.0133    16     0.0135    17     0.0134 
User insufficient par.      0.0048     4     0.0073    16     0.0056 
Sys.insufficient par.       0.0017    17     0.0026     1     0.0024 
Idle time                   0.0000    16     0.0027     4     0.0018 
Communication               0.0034     6     0.0043    17     0.0036 
Synchronization             0.0011     6     0.0070     2     0.0051 
Variation                   0.0010     6     0.0066     2     0.0040 
Overlap                     0.0005    17     0.0028     6     0.0008 
Load imbalance              0.0000    16     0.0002    17     0.0001 
Execution time              0.0112     4     0.0139    16     0.0120 
User CPU time               0.0003    10     0.0005    16     0.0004 
Sys. CPU time               0.0001    17     0.0002     6     0.0001 
I/O time                    0.0000    12     0.0000     1     0.0000 
Processors                      18     1         18    18         18 
                      Communic          Synchro        Variation          Overlap  
I/O             Tmin    0.0000     1     0.0001     6     0.0003     6     0.0000     1 
I/O             Tmax    0.0000    18     0.0012     2     0.0014     2     0.0000    18 
I/O             Tmid    0.0000           0.0005           0.0006           0.0000       
Reduction       Tmin    0.0004     6     0.0000    12     0.0000    12     0.0000     2 
Reduction       Tmax    0.0015     1     0.0000    18     0.0001    18     0.0000    16 
Reduction       Tmid    0.0008           0.0000           0.0000           0.0000       
Remote access   Tmin    0.0019     1     0.0009     6     0.0006     6     0.0005    17 
Remote access   Tmax    0.0035    17     0.0058     2     0.0052     2     0.0028     6 
Remote access   Tmid    0.0028           0.0046           0.0033           0.0008       
--- The execution characteristics --- 
                                1          2          3          4          5          6          7          8          9         10         11         12         13         14         15         16         17         18 
Lost time                  0.0134     0.0133     0.0133     0.0134     0.0133     0.0134     0.0133     0.0134     0.0134     0.0134     0.0133     0.0134     0.0133     0.0134     0.0133     0.0133     0.0135     0.0134 
User insufficient par.     0.0048     0.0059     0.0058     0.0048     0.0062     0.0048     0.0062     0.0055     0.0048     0.0048     0.0069     0.0049     0.0065     0.0048     0.0066     0.0073     0.0048     0.0048 
Sys.insufficient par.      0.0026     0.0025     0.0026     0.0025     0.0025     0.0026     0.0024     0.0023     0.0024     0.0024     0.0025     0.0025     0.0024     0.0024     0.0025     0.0025     0.0017     0.0019 
Idle time                  0.0026     0.0015     0.0015     0.0027     0.0011     0.0026     0.0011     0.0019     0.0026     0.0026     0.0004     0.0026     0.0008     0.0026     0.0008     0.0000     0.0026     0.0026 
Communication              0.0034     0.0034     0.0034     0.0035     0.0034     0.0034     0.0036     0.0036     0.0035     0.0036     0.0034     0.0034     0.0036     0.0036     0.0034     0.0035     0.0043     0.0041 
Synchronization            0.0069     0.0070     0.0063     0.0061     0.0046     0.0011     0.0054     0.0057     0.0050     0.0050     0.0049     0.0041     0.0053     0.0053     0.0043     0.0044     0.0059     0.0051 
Variation                  0.0063     0.0066     0.0060     0.0058     0.0036     0.0010     0.0040     0.0042     0.0037     0.0037     0.0036     0.0031     0.0036     0.0036     0.0030     0.0030     0.0038     0.0034 
Overlap                    0.0007     0.0006     0.0008     0.0009     0.0008     0.0028     0.0005     0.0005     0.0006     0.0007     0.0007     0.0009     0.0005     0.0005     0.0008     0.0007     0.0005     0.0006 
Load imbalance             0.0002     0.0001     0.0001     0.0002     0.0001     0.0001     0.0001     0.0001     0.0001     0.0002     0.0000     0.0001     0.0001     0.0001     0.0000     0.0000     0.0002     0.0002 
Execution time             0.0112     0.0123     0.0123     0.0112     0.0127     0.0113     0.0127     0.0119     0.0113     0.0112     0.0135     0.0112     0.0131     0.0112     0.0131     0.0139     0.0112     0.0112 
User CPU time              0.0003     0.0004     0.0004     0.0003     0.0004     0.0003     0.0004     0.0003     0.0003     0.0003     0.0004     0.0003     0.0004     0.0003     0.0004     0.0005     0.0003     0.0003 
Sys. CPU time              0.0001     0.0001     0.0002     0.0001     0.0001     0.0002     0.0001     0.0001     0.0001     0.0001     0.0001     0.0001     0.0001     0.0001     0.0001     0.0001     0.0001     0.0001 
I/O time                   0.0000     0.0000     0.0000     0.0000     0.0000     0.0000     0.0000     0.0000     0.0000     0.0000     0.0000     0.0000     0.0000     0.0000     0.0000     0.0000     0.0000     0.0000 
Processors                     18         18         18         18         18         18         18         18         18         18         18         18         18         18         18         18         18         18 
           Communication          
Reduction                  0.0015     0.0015     0.0013     0.0013     0.0006     0.0004     0.0008     0.0008     0.0007     0.0007     0.0006     0.0005     0.0007     0.0006     0.0005     0.0005     0.0009     0.0007 
Remote access              0.0019     0.0019     0.0021     0.0022     0.0028     0.0030     0.0028     0.0028     0.0029     0.0029     0.0029     0.0029     0.0030     0.0029     0.0030     0.0030     0.0035     0.0034 
           Synchronization        
I/O                        0.0012     0.0012     0.0011     0.0011     0.0004     0.0001     0.0003     0.0004     0.0003     0.0003     0.0003     0.0002     0.0003     0.0003     0.0002     0.0002     0.0003     0.0003 
Reduction                  0.0000     0.0000     0.0000     0.0000     0.0000     0.0000     0.0000     0.0000     0.0000     0.0000     0.0000     0.0000     0.0000     0.0000     0.0000     0.0000     0.0000     0.0000 
Remote access              0.0057     0.0058     0.0052     0.0050     0.0042     0.0009     0.0051     0.0053     0.0047     0.0046     0.0045     0.0039     0.0050     0.0050     0.0040     0.0041     0.0056     0.0048 
           Variation              
I/O                        0.0011     0.0014     0.0012     0.0012     0.0005     0.0003     0.0005     0.0005     0.0005     0.0005     0.0005     0.0004     0.0004     0.0004     0.0004     0.0004     0.0005     0.0004 
Reduction                  0.0001     0.0000     0.0001     0.0001     0.0001     0.0000     0.0000     0.0000     0.0000     0.0000     0.0000     0.0000     0.0000     0.0000     0.0000     0.0000     0.0000     0.0001 
Remote access              0.0052     0.0052     0.0047     0.0045     0.0030     0.0006     0.0035     0.0036     0.0032     0.0032     0.0030     0.0027     0.0032     0.0031     0.0025     0.0026     0.0033     0.0029 
           Overlap                
Reduction                  0.0000     0.0000     0.0000     0.0000     0.0000     0.0000     0.0000     0.0000     0.0000     0.0000     0.0000     0.0000     0.0000     0.0000     0.0000     0.0000     0.0000     0.0000 
Remote access              0.0007     0.0006     0.0008     0.0009     0.0008     0.0028     0.0005     0.0005     0.0006     0.0007     0.0007     0.0009     0.0005     0.0005     0.0008     0.0007     0.0005     0.0006 


-------------------------------------------------------------------------
Name (number) and performance time of processors
omp.keldysh.ru(1) 0.934010
omp.keldysh.ru(2) 0.933903
omp.keldysh.ru(3) 0.955902
omp.keldysh.ru(4) 0.955940
omp.keldysh.ru(5) 0.951697
omp.keldysh.ru(6) 0.951660
omp.keldysh.ru(7) 0.952106
omp.keldysh.ru(8) 0.952459
omp.keldysh.ru(9) 0.952279
omp.keldysh.ru(10) 0.952280
omp.keldysh.ru(11) 0.951533
omp.keldysh.ru(12) 0.951549
omp.keldysh.ru(13) 0.955019
omp.keldysh.ru(14) 0.954564
omp.keldysh.ru(15) 0.951887
omp.keldysh.ru(16) 0.951908
omp.keldysh.ru(17) 0.950316
omp.keldysh.ru(18) 0.950313
min - omp.keldysh.ru(2) 0.933903; max - omp.keldysh.ru(4) 0.955940; mid - 0.950518
