Processor system=2*2*4
Statistics has been accumulated on DVM-system version 5.0, platform DVM
Analyzer is executing on DVM-system version 5.0, platform DVM
-------------------------------------------------------------------------
INTERVAL ( NLINE=5 SOURCE=prf31.f ) LEVEL=0  EXE_COUNT=1
--- The main characteristics --- 
Parallelization efficiency      0.0408 
Execution time                  0.0126 
Processors                          16
Threads amount                      16
Total time                      0.2024
Productive time                 0.0083 ( CPU= 0.0060 Sys= 0.0022 I/O= 0.0000 )
Lost  time                      0.1941 
   Insufficient parallelism     0.1172 ( User= 0.0836 Sys= 0.0336 )
   Communication                0.0435 ( Real_sync= 0.0000 Starts= 0.0000 )
   Idle time                    0.0334
Load imbalance                  0.0025
Synchronization                 0.0384
Time variation                  0.0277
Overlap                         0.0112
                  Nop   Communic    Synchro  Variation    Overlap 
I/O                11     0.0000     0.0033     0.0056     0.0000 
Reduction          21     0.0091     0.0004     0.0004     0.0000 
Remote access     172     0.0344     0.0347     0.0217     0.0112 
--- The comparative characteristics --- 
                              Tmin N proc      Tmax N proc      Tmid
Lost time                   0.0120     8     0.0123     3     0.0121 
User insufficient par.      0.0032     1     0.0072     8     0.0052 
Sys.insufficient par.       0.0015    14     0.0024     7     0.0021 
Idle time                   0.0000     8     0.0042     3     0.0021 
Communication               0.0024     8     0.0034    14     0.0027 
Synchronization             0.0008     8     0.0035    14     0.0024 
Variation                   0.0007     8     0.0023     2     0.0017 
Overlap                     0.0004    15     0.0012     8     0.0007 
Load imbalance              0.0000     8     0.0003     1     0.0002 
Execution time              0.0084     3     0.0126     8     0.0106 
User CPU time               0.0002     3     0.0005     8     0.0004 
Sys. CPU time               0.0001    14     0.0002     7     0.0001 
I/O time                    0.0000    10     0.0000     1     0.0000 
Processors                      16     1         16    16         16 
                      Communic          Synchro        Variation          Overlap  
I/O             Tmin    0.0000     1     0.0001     8     0.0002     1     0.0000     1 
I/O             Tmax    0.0000    16     0.0003     2     0.0005     2     0.0000    16 
I/O             Tmid    0.0000           0.0002           0.0004           0.0000       
Reduction       Tmin    0.0003     8     0.0000     8     0.0000     8     0.0000     1 
Reduction       Tmax    0.0008    13     0.0000    13     0.0000    13     0.0000    15 
Reduction       Tmid    0.0006           0.0000           0.0000           0.0000       
Remote access   Tmin    0.0018     1     0.0007     8     0.0005     8     0.0004    15 
Remote access   Tmax    0.0027    15     0.0032    14     0.0018     2     0.0012     8 
Remote access   Tmid    0.0021           0.0022           0.0014           0.0007       
--- The execution characteristics --- 
                                1          2          3          4          5          6          7          8          9         10         11         12         13         14         15         16 
Lost time                  0.0122     0.0121     0.0123     0.0121     0.0121     0.0122     0.0121     0.0120     0.0121     0.0122     0.0121     0.0122     0.0121     0.0122     0.0121     0.0121 
User insufficient par.     0.0032     0.0054     0.0032     0.0050     0.0057     0.0032     0.0057     0.0072     0.0061     0.0039     0.0061     0.0042     0.0068     0.0046     0.0068     0.0064 
Sys.insufficient par.      0.0024     0.0022     0.0023     0.0023     0.0023     0.0024     0.0024     0.0024     0.0022     0.0022     0.0022     0.0023     0.0015     0.0015     0.0015     0.0017 
Idle time                  0.0042     0.0020     0.0042     0.0023     0.0016     0.0042     0.0016     0.0000     0.0012     0.0035     0.0012     0.0031     0.0004     0.0027     0.0004     0.0008 
Communication              0.0024     0.0026     0.0025     0.0025     0.0025     0.0024     0.0024     0.0024     0.0026     0.0026     0.0026     0.0026     0.0034     0.0034     0.0034     0.0032 
Synchronization            0.0023     0.0028     0.0023     0.0017     0.0018     0.0018     0.0015     0.0008     0.0030     0.0027     0.0027     0.0019     0.0034     0.0035     0.0034     0.0028 
Variation                  0.0018     0.0023     0.0019     0.0014     0.0014     0.0015     0.0012     0.0007     0.0021     0.0019     0.0019     0.0013     0.0022     0.0022     0.0021     0.0018 
Overlap                    0.0007     0.0006     0.0007     0.0010     0.0009     0.0009     0.0009     0.0012     0.0005     0.0005     0.0005     0.0008     0.0005     0.0004     0.0004     0.0005 
Load imbalance             0.0003     0.0001     0.0003     0.0002     0.0001     0.0003     0.0001     0.0000     0.0001     0.0002     0.0001     0.0002     0.0001     0.0002     0.0001     0.0001 
Execution time             0.0084     0.0107     0.0084     0.0103     0.0111     0.0084     0.0111     0.0126     0.0115     0.0091     0.0115     0.0095     0.0123     0.0099     0.0123     0.0119 
User CPU time              0.0002     0.0004     0.0002     0.0004     0.0004     0.0002     0.0004     0.0005     0.0004     0.0003     0.0004     0.0003     0.0005     0.0003     0.0005     0.0005 
Sys. CPU time              0.0001     0.0001     0.0002     0.0002     0.0002     0.0002     0.0002     0.0002     0.0001     0.0001     0.0001     0.0001     0.0001     0.0001     0.0001     0.0001 
I/O time                   0.0000     0.0000     0.0000     0.0000     0.0000     0.0000     0.0000     0.0000     0.0000     0.0000     0.0000     0.0000     0.0000     0.0000     0.0000     0.0000 
Processors                     16         16         16         16         16         16         16         16         16         16         16         16         16         16         16         16 
           Communication          
Reduction                  0.0006     0.0007     0.0006     0.0005     0.0003     0.0004     0.0004     0.0003     0.0006     0.0006     0.0005     0.0005     0.0008     0.0008     0.0008     0.0006 
Remote access              0.0018     0.0018     0.0019     0.0020     0.0021     0.0020     0.0020     0.0021     0.0020     0.0020     0.0020     0.0020     0.0026     0.0027     0.0027     0.0026 
           Synchronization        
I/O                        0.0003     0.0003     0.0002     0.0001     0.0001     0.0002     0.0001     0.0001     0.0003     0.0002     0.0003     0.0001     0.0003     0.0003     0.0003     0.0002 
Reduction                  0.0000     0.0000     0.0000     0.0000     0.0000     0.0000     0.0000     0.0000     0.0000     0.0000     0.0000     0.0000     0.0000     0.0000     0.0000     0.0000 
Remote access              0.0020     0.0024     0.0021     0.0015     0.0016     0.0016     0.0013     0.0007     0.0027     0.0025     0.0025     0.0017     0.0031     0.0032     0.0031     0.0026 
           Variation              
I/O                        0.0002     0.0005     0.0003     0.0003     0.0003     0.0003     0.0003     0.0002     0.0004     0.0004     0.0004     0.0003     0.0004     0.0004     0.0004     0.0004 
Reduction                  0.0000     0.0000     0.0000     0.0000     0.0000     0.0000     0.0000     0.0000     0.0000     0.0000     0.0000     0.0000     0.0000     0.0000     0.0000     0.0000 
Remote access              0.0016     0.0018     0.0015     0.0011     0.0011     0.0011     0.0009     0.0005     0.0017     0.0015     0.0014     0.0010     0.0018     0.0017     0.0016     0.0014 
           Overlap                
Reduction                  0.0000     0.0000     0.0000     0.0000     0.0000     0.0000     0.0000     0.0000     0.0000     0.0000     0.0000     0.0000     0.0000     0.0000     0.0000     0.0000 
Remote access              0.0007     0.0006     0.0007     0.0010     0.0009     0.0009     0.0009     0.0012     0.0005     0.0005     0.0005     0.0008     0.0005     0.0004     0.0004     0.0005 


-------------------------------------------------------------------------
Name (number) and performance time of processors
omp.keldysh.ru(1) 0.933988
omp.keldysh.ru(2) 0.933942
omp.keldysh.ru(3) 0.954894
omp.keldysh.ru(4) 0.954907
omp.keldysh.ru(5) 0.933939
omp.keldysh.ru(6) 0.933927
omp.keldysh.ru(7) 0.952339
omp.keldysh.ru(8) 0.952605
omp.keldysh.ru(9) 0.955134
omp.keldysh.ru(10) 0.955132
omp.keldysh.ru(11) 0.955921
omp.keldysh.ru(12) 0.955902
omp.keldysh.ru(13) 0.952950
omp.keldysh.ru(14) 0.952950
omp.keldysh.ru(15) 0.953949
omp.keldysh.ru(16) 0.953950
min - omp.keldysh.ru(6) 0.933927; max - omp.keldysh.ru(11) 0.955921; mid - 0.949152
