Processor system=1*4*4*1
Statistics has been accumulated on DVM-system version 5.0, platform DVM
Analyzer is executing on DVM-system version 5.0, platform DVM
-------------------------------------------------------------------------
INTERVAL ( NLINE=8 SOURCE=red41.f ) LEVEL=0  EXE_COUNT=1
--- The main characteristics --- 
Parallelization efficiency      0.0991 
Execution time                  0.0074 
Processors                          16
Threads amount                      16
Total time                      0.1190
Productive time                 0.0118 ( CPU= 0.0108 Sys= 0.0009 I/O= 0.0000 )
Lost  time                      0.1072 
   Insufficient parallelism     0.0954 ( User= 0.0811 Sys= 0.0143 )
   Communication                0.0114 ( Real_sync= 0.0000 Starts= 0.0000 )
   Idle time                    0.0004
Load imbalance                  0.0007
Synchronization                 0.0081
Time variation                  0.0071
Overlap                         0.0000
                  Nop   Communic    Synchro  Variation    Overlap 
I/O                16     0.0000     0.0013     0.0040     0.0000 
Reduction          14     0.0070     0.0014     0.0010     0.0000 
Remote access      36     0.0044     0.0054     0.0021     0.0000 
--- The comparative characteristics --- 
                              Tmin N proc      Tmax N proc      Tmid
Lost time                   0.0067    10     0.0068    14     0.0067 
User insufficient par.      0.0046    14     0.0053     2     0.0051 
Sys.insufficient par.       0.0007    14     0.0011     1     0.0009 
Idle time                   0.0000    14     0.0001     4     0.0000 
Communication               0.0004     2     0.0016    14     0.0007 
Synchronization             0.0002     1     0.0011    14     0.0005 
Variation                   0.0002     1     0.0006     2     0.0004 
Overlap                     0.0000     2     0.0000     1     0.0000 
Load imbalance              0.0000    10     0.0001    14     0.0000 
Execution time              0.0074     4     0.0074    14     0.0074 
User CPU time               0.0006    14     0.0007    10     0.0007 
Sys. CPU time               0.0000    14     0.0001     2     0.0001 
I/O time                    0.0000    14     0.0000     1     0.0000 
Processors                      16     1         16    16         16 
                      Communic          Synchro        Variation          Overlap  
I/O             Tmin    0.0000     1     0.0000    11     0.0001     1     0.0000     1 
I/O             Tmax    0.0000    16     0.0001     2     0.0003     2     0.0000    16 
I/O             Tmid    0.0000           0.0001           0.0002           0.0000       
Reduction       Tmin    0.0002     1     0.0000     1     0.0000    11     0.0000     1 
Reduction       Tmax    0.0008    14     0.0002    14     0.0001     2     0.0000    11 
Reduction       Tmid    0.0004           0.0001           0.0001           0.0000       
Remote access   Tmin    0.0001     3     0.0000     1     0.0000     1     0.0000     2 
Remote access   Tmax    0.0008    14     0.0008    14     0.0002     3     0.0000     1 
Remote access   Tmid    0.0003           0.0003           0.0001           0.0000       
--- The execution characteristics --- 
                                1          2          3          4          5          6          7          8          9         10         11         12         13         14         15         16 
Lost time                  0.0067     0.0067     0.0067     0.0067     0.0067     0.0067     0.0067     0.0067     0.0067     0.0067     0.0067     0.0067     0.0068     0.0068     0.0068     0.0068 
User insufficient par.     0.0051     0.0053     0.0052     0.0052     0.0053     0.0052     0.0051     0.0052     0.0052     0.0052     0.0052     0.0053     0.0046     0.0046     0.0047     0.0047 
Sys.insufficient par.      0.0011     0.0010     0.0009     0.0009     0.0009     0.0009     0.0009     0.0009     0.0009     0.0009     0.0009     0.0009     0.0008     0.0007     0.0007     0.0008 
Idle time                  0.0000     0.0000     0.0001     0.0001     0.0000     0.0000     0.0001     0.0001     0.0000     0.0000     0.0000     0.0000     0.0000     0.0000     0.0000     0.0000 
Communication              0.0005     0.0004     0.0005     0.0005     0.0005     0.0005     0.0005     0.0005     0.0005     0.0005     0.0005     0.0005     0.0014     0.0016     0.0014     0.0013 
Synchronization            0.0002     0.0004     0.0004     0.0004     0.0004     0.0004     0.0004     0.0004     0.0003     0.0003     0.0003     0.0003     0.0009     0.0011     0.0010     0.0008 
Variation                  0.0002     0.0006     0.0006     0.0005     0.0006     0.0005     0.0005     0.0005     0.0004     0.0004     0.0003     0.0004     0.0004     0.0004     0.0004     0.0004 
Overlap                    0.0000     0.0000     0.0000     0.0000     0.0000     0.0000     0.0000     0.0000     0.0000     0.0000     0.0000     0.0000     0.0000     0.0000     0.0000     0.0000 
Load imbalance             0.0001     0.0000     0.0000     0.0000     0.0000     0.0000     0.0000     0.0000     0.0000     0.0000     0.0000     0.0000     0.0001     0.0001     0.0001     0.0001 
Execution time             0.0074     0.0074     0.0074     0.0074     0.0074     0.0074     0.0074     0.0074     0.0074     0.0074     0.0074     0.0074     0.0074     0.0074     0.0074     0.0074 
User CPU time              0.0007     0.0007     0.0007     0.0007     0.0007     0.0007     0.0007     0.0007     0.0007     0.0007     0.0007     0.0007     0.0006     0.0006     0.0006     0.0006 
Sys. CPU time              0.0001     0.0001     0.0001     0.0001     0.0001     0.0001     0.0001     0.0001     0.0001     0.0001     0.0001     0.0001     0.0001     0.0000     0.0000     0.0001 
I/O time                   0.0000     0.0000     0.0000     0.0000     0.0000     0.0000     0.0000     0.0000     0.0000     0.0000     0.0000     0.0000     0.0000     0.0000     0.0000     0.0000 
Processors                     16         16         16         16         16         16         16         16         16         16         16         16         16         16         16         16 
           Communication          
Reduction                  0.0002     0.0003     0.0004     0.0004     0.0004     0.0004     0.0003     0.0003     0.0003     0.0003     0.0003     0.0003     0.0007     0.0008     0.0007     0.0007 
Remote access              0.0002     0.0001     0.0001     0.0001     0.0001     0.0001     0.0002     0.0002     0.0002     0.0001     0.0002     0.0002     0.0007     0.0008     0.0007     0.0006 
           Synchronization        
I/O                        0.0001     0.0001     0.0001     0.0001     0.0001     0.0001     0.0001     0.0001     0.0001     0.0001     0.0000     0.0001     0.0001     0.0001     0.0001     0.0001 
Reduction                  0.0000     0.0001     0.0001     0.0001     0.0001     0.0001     0.0001     0.0001     0.0000     0.0001     0.0001     0.0001     0.0002     0.0002     0.0001     0.0002 
Remote access              0.0000     0.0002     0.0002     0.0002     0.0002     0.0002     0.0003     0.0003     0.0002     0.0002     0.0002     0.0002     0.0007     0.0008     0.0007     0.0006 
           Variation              
I/O                        0.0001     0.0003     0.0003     0.0003     0.0003     0.0003     0.0002     0.0003     0.0002     0.0002     0.0002     0.0002     0.0003     0.0003     0.0003     0.0003 
Reduction                  0.0001     0.0001     0.0001     0.0001     0.0001     0.0001     0.0001     0.0001     0.0001     0.0001     0.0000     0.0001     0.0001     0.0000     0.0000     0.0000 
Remote access              0.0000     0.0002     0.0002     0.0002     0.0002     0.0002     0.0002     0.0002     0.0001     0.0001     0.0001     0.0001     0.0001     0.0001     0.0001     0.0001 
           Overlap                
Reduction                  0.0000     0.0000     0.0000     0.0000     0.0000     0.0000     0.0000     0.0000     0.0000     0.0000     0.0000     0.0000     0.0000     0.0000     0.0000     0.0000 
Remote access              0.0000     0.0000     0.0000     0.0000     0.0000     0.0000     0.0000     0.0000     0.0000     0.0000     0.0000     0.0000     0.0000     0.0000     0.0000     0.0000 


-------------------------------------------------------------------------
Name (number) and performance time of processors
omp.keldysh.ru(1) 0.933695
omp.keldysh.ru(2) 0.933648
omp.keldysh.ru(3) 0.958245
omp.keldysh.ru(4) 0.958579
omp.keldysh.ru(5) 0.956591
omp.keldysh.ru(6) 0.956587
omp.keldysh.ru(7) 0.956220
omp.keldysh.ru(8) 0.956223
omp.keldysh.ru(9) 0.958644
omp.keldysh.ru(10) 0.958615
omp.keldysh.ru(11) 0.956137
omp.keldysh.ru(12) 0.956135
omp.keldysh.ru(13) 0.956882
omp.keldysh.ru(14) 0.956893
omp.keldysh.ru(15) 0.954860
omp.keldysh.ru(16) 0.954838
min - omp.keldysh.ru(2) 0.933648; max - omp.keldysh.ru(9) 0.958644; mid - 0.953925
