Processor system=2*3*3
Statistics has been accumulated on DVM-system version 5.0, platform DVM
Analyzer is executing on DVM-system version 5.0, platform DVM
-------------------------------------------------------------------------
INTERVAL ( NLINE=7 SOURCE=rem32.f ) LEVEL=0  EXE_COUNT=2
--- The main characteristics --- 
Parallelization efficiency      0.0393 
Execution time                  0.0241 
Processors                          18
Threads amount                      18
Total time                      0.4335
Productive time                 0.0170 ( CPU= 0.0103 Sys= 0.0067 I/O= 0.0000 )
Lost  time                      0.4165 
   Insufficient parallelism     0.2604 ( User= 0.1463 Sys= 0.1140 )
   Communication                0.1247 ( Real_sync= 0.0000 Starts= 0.0000 )
   Idle time                    0.0314
Load imbalance                  0.0017
Synchronization                 0.0814
Time variation                  0.0668
Overlap                         0.0000
                  Nop   Communic    Synchro  Variation    Overlap 
I/O                16     0.0000     0.0039     0.0066     0.0000 
Reduction           6     0.0082     0.0004     0.0004     0.0000 
Remote access     385     0.1165     0.0771     0.0599     0.0000 
--- The comparative characteristics --- 
                              Tmin N proc      Tmax N proc      Tmid
Lost time                   0.0230    11     0.0234    17     0.0231 
User insufficient par.      0.0069    17     0.0095    11     0.0081 
Sys.insufficient par.       0.0041    17     0.0069    16     0.0063 
Idle time                   0.0000    18     0.0027     2     0.0017 
Communication               0.0063    16     0.0098    17     0.0069 
Synchronization             0.0021    16     0.0081    17     0.0045 
Variation                   0.0020    16     0.0054     3     0.0037 
Overlap                     0.0000    10     0.0000     8     0.0000 
Load imbalance              0.0000    11     0.0003    17     0.0001 
Execution time              0.0214     2     0.0241    18     0.0223 
User CPU time               0.0005    17     0.0007    10     0.0006 
Sys. CPU time               0.0002    17     0.0004    16     0.0004 
I/O time                    0.0000     4     0.0000     1     0.0000 
Processors                      18     1         18    18         18 
                      Communic          Synchro        Variation          Overlap  
I/O             Tmin    0.0000     1     0.0001    14     0.0001     1     0.0000     1 
I/O             Tmax    0.0000    18     0.0003     4     0.0004     4     0.0000    18 
I/O             Tmid    0.0000           0.0002           0.0004           0.0000       
Reduction       Tmin    0.0004     7     0.0000    17     0.0000    17     0.0000     3 
Reduction       Tmax    0.0006    17     0.0000     6     0.0000     3     0.0000    13 
Reduction       Tmid    0.0005           0.0000           0.0000           0.0000       
Remote access   Tmin    0.0059    16     0.0019    16     0.0016    16     0.0000     1 
Remote access   Tmax    0.0093    17     0.0079    17     0.0050     1     0.0000     8 
Remote access   Tmid    0.0065           0.0043           0.0033           0.0000       
--- The execution characteristics --- 
                                1          2          3          4          5          6          7          8          9         10         11         12         13         14         15         16         17         18 
Lost time                  0.0232     0.0232     0.0232     0.0232     0.0231     0.0231     0.0232     0.0231     0.0232     0.0231     0.0230     0.0231     0.0231     0.0231     0.0232     0.0231     0.0234     0.0232 
User insufficient par.     0.0074     0.0073     0.0074     0.0073     0.0091     0.0091     0.0074     0.0083     0.0075     0.0095     0.0095     0.0080     0.0087     0.0087     0.0074     0.0073     0.0069     0.0094 
Sys.insufficient par.      0.0068     0.0065     0.0066     0.0065     0.0066     0.0065     0.0068     0.0068     0.0067     0.0064     0.0066     0.0065     0.0065     0.0064     0.0065     0.0069     0.0041     0.0045 
Idle time                  0.0025     0.0027     0.0025     0.0026     0.0008     0.0008     0.0026     0.0016     0.0026     0.0004     0.0004     0.0020     0.0012     0.0012     0.0026     0.0026     0.0025     0.0000 
Communication              0.0065     0.0067     0.0066     0.0067     0.0066     0.0067     0.0064     0.0064     0.0065     0.0068     0.0066     0.0067     0.0067     0.0068     0.0067     0.0063     0.0098     0.0093 
Synchronization            0.0059     0.0055     0.0061     0.0060     0.0055     0.0048     0.0027     0.0025     0.0044     0.0045     0.0038     0.0033     0.0034     0.0031     0.0024     0.0021     0.0081     0.0071 
Variation                  0.0051     0.0050     0.0054     0.0053     0.0049     0.0044     0.0026     0.0024     0.0041     0.0040     0.0033     0.0027     0.0030     0.0026     0.0022     0.0020     0.0040     0.0037 
Overlap                    0.0000     0.0000     0.0000     0.0000     0.0000     0.0000     0.0000     0.0000     0.0000     0.0000     0.0000     0.0000     0.0000     0.0000     0.0000     0.0000     0.0000     0.0000 
Load imbalance             0.0001     0.0001     0.0001     0.0001     0.0000     0.0000     0.0001     0.0000     0.0001     0.0000     0.0000     0.0001     0.0000     0.0000     0.0001     0.0001     0.0003     0.0001 
Execution time             0.0216     0.0214     0.0215     0.0215     0.0233     0.0233     0.0215     0.0225     0.0215     0.0237     0.0237     0.0221     0.0229     0.0229     0.0215     0.0214     0.0215     0.0241 
User CPU time              0.0005     0.0005     0.0005     0.0005     0.0006     0.0006     0.0005     0.0006     0.0005     0.0007     0.0007     0.0006     0.0006     0.0006     0.0005     0.0005     0.0005     0.0006 
Sys. CPU time              0.0004     0.0004     0.0004     0.0004     0.0004     0.0004     0.0004     0.0004     0.0004     0.0004     0.0004     0.0004     0.0004     0.0004     0.0004     0.0004     0.0002     0.0003 
I/O time                   0.0000     0.0000     0.0000     0.0000     0.0000     0.0000     0.0000     0.0000     0.0000     0.0000     0.0000     0.0000     0.0000     0.0000     0.0000     0.0000     0.0000     0.0000 
Processors                     18         18         18         18         18         18         18         18         18         18         18         18         18         18         18         18         18         18 
           Communication          
Reduction                  0.0004     0.0004     0.0005     0.0005     0.0004     0.0004     0.0004     0.0004     0.0004     0.0005     0.0005     0.0004     0.0004     0.0004     0.0004     0.0004     0.0006     0.0005 
Remote access              0.0061     0.0063     0.0062     0.0062     0.0061     0.0062     0.0059     0.0060     0.0060     0.0063     0.0061     0.0062     0.0063     0.0063     0.0062     0.0059     0.0093     0.0087 
           Synchronization        
I/O                        0.0002     0.0002     0.0003     0.0003     0.0003     0.0002     0.0002     0.0002     0.0002     0.0002     0.0002     0.0002     0.0002     0.0001     0.0002     0.0002     0.0003     0.0002 
Reduction                  0.0000     0.0000     0.0000     0.0000     0.0000     0.0000     0.0000     0.0000     0.0000     0.0000     0.0000     0.0000     0.0000     0.0000     0.0000     0.0000     0.0000     0.0000 
Remote access              0.0057     0.0053     0.0058     0.0057     0.0053     0.0045     0.0025     0.0023     0.0042     0.0043     0.0036     0.0031     0.0032     0.0030     0.0021     0.0019     0.0079     0.0068 
           Variation              
I/O                        0.0001     0.0004     0.0004     0.0004     0.0004     0.0004     0.0004     0.0004     0.0004     0.0004     0.0004     0.0004     0.0004     0.0003     0.0004     0.0003     0.0004     0.0004 
Reduction                  0.0000     0.0000     0.0000     0.0000     0.0000     0.0000     0.0000     0.0000     0.0000     0.0000     0.0000     0.0000     0.0000     0.0000     0.0000     0.0000     0.0000     0.0000 
Remote access              0.0050     0.0046     0.0049     0.0048     0.0045     0.0040     0.0022     0.0021     0.0036     0.0036     0.0030     0.0023     0.0027     0.0023     0.0018     0.0016     0.0036     0.0033 
           Overlap                
Reduction                  0.0000     0.0000     0.0000     0.0000     0.0000     0.0000     0.0000     0.0000     0.0000     0.0000     0.0000     0.0000     0.0000     0.0000     0.0000     0.0000     0.0000     0.0000 
Remote access              0.0000     0.0000     0.0000     0.0000     0.0000     0.0000     0.0000     0.0000     0.0000     0.0000     0.0000     0.0000     0.0000     0.0000     0.0000     0.0000     0.0000     0.0000 


-------------------------------------------------------------------------
Name (number) and performance time of processors
omp.keldysh.ru(1) 0.935445
omp.keldysh.ru(2) 0.935371
omp.keldysh.ru(3) 0.956569
omp.keldysh.ru(4) 0.956626
omp.keldysh.ru(5) 0.935524
omp.keldysh.ru(6) 0.935504
omp.keldysh.ru(7) 0.957763
omp.keldysh.ru(8) 0.957761
omp.keldysh.ru(9) 0.959195
omp.keldysh.ru(10) 0.959525
omp.keldysh.ru(11) 0.959711
omp.keldysh.ru(12) 0.959684
omp.keldysh.ru(13) 0.957497
omp.keldysh.ru(14) 0.957482
omp.keldysh.ru(15) 0.956904
omp.keldysh.ru(16) 0.956891
omp.keldysh.ru(17) 0.956276
omp.keldysh.ru(18) 0.956261
min - omp.keldysh.ru(2) 0.935371; max - omp.keldysh.ru(11) 0.959711; mid - 0.952777
