Processor system=2*3*3*1
Statistics has been accumulated on DVM-system version 5.0, platform DVM
Analyzer is executing on DVM-system version 5.0, platform DVM
-------------------------------------------------------------------------
INTERVAL ( NLINE=7 SOURCE=reda41.f ) LEVEL=0  EXE_COUNT=2
--- The main characteristics --- 
Parallelization efficiency      0.0538 
Execution time                  0.0048 
Processors                          18
Threads amount                      18
Total time                      0.0857
Productive time                 0.0046 ( CPU= 0.0041 Sys= 0.0005 I/O= 0.0000 )
Lost  time                      0.0811 
   Insufficient parallelism     0.0714 ( User= 0.0630 Sys= 0.0083 )
   Communication                0.0078 ( Real_sync= 0.0000 Starts= 0.0000 )
   Idle time                    0.0020
Load imbalance                  0.0003
Synchronization                 0.0072
Time variation                  0.0071
Overlap                         0.0001
                  Nop   Communic    Synchro  Variation    Overlap 
I/O                 6     0.0000     0.0014     0.0037     0.0000 
Reduction           5     0.0046     0.0012     0.0007     0.0001 
Remote access      22     0.0032     0.0047     0.0027     0.0000 
--- The comparative characteristics --- 
                              Tmin N proc      Tmax N proc      Tmid
Lost time                   0.0045    16     0.0046     9     0.0045 
User insufficient par.      0.0022     9     0.0037    15     0.0035 
Sys.insufficient par.       0.0004     4     0.0006     1     0.0005 
Idle time                   0.0000    16     0.0014     9     0.0001 
Communication               0.0003     5     0.0006    17     0.0004 
Synchronization             0.0002     1     0.0005     3     0.0004 
Variation                   0.0002    14     0.0006     2     0.0004 
Overlap                     0.0000    17     0.0000     1     0.0000 
Load imbalance              0.0000    16     0.0001     9     0.0000 
Execution time              0.0033     9     0.0048    16     0.0047 
User CPU time               0.0002     9     0.0002    16     0.0002 
Sys. CPU time               0.0000     4     0.0000    14     0.0000 
I/O time                    0.0000     4     0.0000     1     0.0000 
Processors                      18     1         18    18         18 
                      Communic          Synchro        Variation          Overlap  
I/O             Tmin    0.0000     1     0.0000    18     0.0001     1     0.0000     1 
I/O             Tmax    0.0000    18     0.0001     2     0.0003     2     0.0000    18 
I/O             Tmid    0.0000           0.0001           0.0002           0.0000       
Reduction       Tmin    0.0002    14     0.0000    14     0.0000    14     0.0000    17 
Reduction       Tmax    0.0003    18     0.0001     3     0.0001     1     0.0000     2 
Reduction       Tmid    0.0003           0.0001           0.0000           0.0000       
Remote access   Tmin    0.0001     7     0.0001     1     0.0001    14     0.0000     2 
Remote access   Tmax    0.0003    17     0.0004    17     0.0002     2     0.0000     1 
Remote access   Tmid    0.0002           0.0003           0.0001           0.0000       
--- The execution characteristics --- 
                                1          2          3          4          5          6          7          8          9         10         11         12         13         14         15         16         17         18 
Lost time                  0.0045     0.0045     0.0045     0.0045     0.0045     0.0045     0.0045     0.0045     0.0046     0.0045     0.0045     0.0045     0.0045     0.0045     0.0045     0.0045     0.0045     0.0045 
User insufficient par.     0.0035     0.0036     0.0036     0.0036     0.0036     0.0036     0.0036     0.0036     0.0022     0.0035     0.0036     0.0036     0.0036     0.0036     0.0037     0.0037     0.0034     0.0034 
Sys.insufficient par.      0.0006     0.0005     0.0004     0.0004     0.0005     0.0005     0.0005     0.0005     0.0005     0.0004     0.0004     0.0005     0.0005     0.0005     0.0005     0.0005     0.0004     0.0004 
Idle time                  0.0000     0.0000     0.0000     0.0001     0.0001     0.0001     0.0000     0.0000     0.0014     0.0001     0.0000     0.0000     0.0000     0.0000     0.0000     0.0000     0.0001     0.0001 
Communication              0.0004     0.0004     0.0004     0.0004     0.0003     0.0004     0.0004     0.0004     0.0005     0.0005     0.0004     0.0004     0.0004     0.0004     0.0004     0.0004     0.0006     0.0006 
Synchronization            0.0002     0.0005     0.0005     0.0005     0.0004     0.0004     0.0004     0.0004     0.0005     0.0004     0.0004     0.0004     0.0003     0.0003     0.0003     0.0003     0.0005     0.0005 
Variation                  0.0002     0.0006     0.0005     0.0005     0.0004     0.0004     0.0005     0.0005     0.0005     0.0004     0.0004     0.0004     0.0003     0.0002     0.0003     0.0003     0.0003     0.0003 
Overlap                    0.0000     0.0000     0.0000     0.0000     0.0000     0.0000     0.0000     0.0000     0.0000     0.0000     0.0000     0.0000     0.0000     0.0000     0.0000     0.0000     0.0000     0.0000 
Load imbalance             0.0000     0.0000     0.0000     0.0000     0.0000     0.0000     0.0000     0.0000     0.0001     0.0000     0.0000     0.0000     0.0000     0.0000     0.0000     0.0000     0.0000     0.0000 
Execution time             0.0048     0.0047     0.0048     0.0047     0.0047     0.0047     0.0047     0.0047     0.0033     0.0047     0.0048     0.0048     0.0048     0.0048     0.0048     0.0048     0.0047     0.0047 
User CPU time              0.0002     0.0002     0.0002     0.0002     0.0002     0.0002     0.0002     0.0002     0.0002     0.0002     0.0002     0.0002     0.0002     0.0002     0.0002     0.0002     0.0002     0.0002 
Sys. CPU time              0.0000     0.0000     0.0000     0.0000     0.0000     0.0000     0.0000     0.0000     0.0000     0.0000     0.0000     0.0000     0.0000     0.0000     0.0000     0.0000     0.0000     0.0000 
I/O time                   0.0000     0.0000     0.0000     0.0000     0.0000     0.0000     0.0000     0.0000     0.0000     0.0000     0.0000     0.0000     0.0000     0.0000     0.0000     0.0000     0.0000     0.0000 
Processors                     18         18         18         18         18         18         18         18         18         18         18         18         18         18         18         18         18         18 
           Communication          
Reduction                  0.0002     0.0003     0.0003     0.0003     0.0002     0.0002     0.0003     0.0003     0.0003     0.0003     0.0003     0.0003     0.0002     0.0002     0.0002     0.0002     0.0003     0.0003 
Remote access              0.0001     0.0001     0.0002     0.0002     0.0001     0.0001     0.0001     0.0001     0.0002     0.0002     0.0002     0.0001     0.0002     0.0002     0.0002     0.0002     0.0003     0.0003 
           Synchronization        
I/O                        0.0001     0.0001     0.0001     0.0001     0.0001     0.0001     0.0001     0.0001     0.0001     0.0001     0.0001     0.0001     0.0001     0.0000     0.0001     0.0001     0.0001     0.0000 
Reduction                  0.0000     0.0001     0.0001     0.0001     0.0001     0.0001     0.0001     0.0001     0.0001     0.0000     0.0000     0.0001     0.0001     0.0000     0.0000     0.0000     0.0000     0.0001 
Remote access              0.0001     0.0003     0.0003     0.0003     0.0002     0.0002     0.0003     0.0003     0.0003     0.0003     0.0003     0.0003     0.0002     0.0002     0.0002     0.0002     0.0004     0.0004 
           Variation              
I/O                        0.0001     0.0003     0.0002     0.0002     0.0002     0.0002     0.0002     0.0002     0.0002     0.0002     0.0002     0.0002     0.0002     0.0002     0.0002     0.0002     0.0002     0.0002 
Reduction                  0.0001     0.0001     0.0001     0.0001     0.0001     0.0001     0.0001     0.0000     0.0000     0.0000     0.0000     0.0000     0.0000     0.0000     0.0000     0.0000     0.0000     0.0000 
Remote access              0.0001     0.0002     0.0002     0.0002     0.0002     0.0002     0.0002     0.0002     0.0002     0.0002     0.0002     0.0002     0.0001     0.0001     0.0001     0.0001     0.0001     0.0001 
           Overlap                
Reduction                  0.0000     0.0000     0.0000     0.0000     0.0000     0.0000     0.0000     0.0000     0.0000     0.0000     0.0000     0.0000     0.0000     0.0000     0.0000     0.0000     0.0000     0.0000 
Remote access              0.0000     0.0000     0.0000     0.0000     0.0000     0.0000     0.0000     0.0000     0.0000     0.0000     0.0000     0.0000     0.0000     0.0000     0.0000     0.0000     0.0000     0.0000 


-------------------------------------------------------------------------
Name (number) and performance time of processors
omp.keldysh.ru(1) 0.935493
omp.keldysh.ru(2) 0.935416
omp.keldysh.ru(3) 0.957926
omp.keldysh.ru(4) 0.957921
omp.keldysh.ru(5) 0.935458
omp.keldysh.ru(6) 0.935458
omp.keldysh.ru(7) 0.953527
omp.keldysh.ru(8) 0.953544
omp.keldysh.ru(9) 0.955660
omp.keldysh.ru(10) 0.955632
omp.keldysh.ru(11) 0.957090
omp.keldysh.ru(12) 0.957103
omp.keldysh.ru(13) 0.954759
omp.keldysh.ru(14) 0.954995
omp.keldysh.ru(15) 0.955147
omp.keldysh.ru(16) 0.955406
omp.keldysh.ru(17) 0.958079
omp.keldysh.ru(18) 0.957923
min - omp.keldysh.ru(2) 0.935416; max - omp.keldysh.ru(17) 0.958079; mid - 0.951474
