Processor system=1*6*1*3
Statistics has been accumulated on DVM-system version 5.0, platform DVM
Analyzer is executing on DVM-system version 5.0, platform DVM
-------------------------------------------------------------------------
INTERVAL ( NLINE=8 SOURCE=red42.f ) LEVEL=0  EXE_COUNT=2
--- The main characteristics --- 
Parallelization efficiency      0.0425 
Execution time                  0.0120 
Processors                          18
Threads amount                      18
Total time                      0.2161
Productive time                 0.0092 ( CPU= 0.0083 Sys= 0.0009 I/O= 0.0000 )
Lost  time                      0.2069 
   Insufficient parallelism     0.1561 ( User= 0.1406 Sys= 0.0156 )
   Communication                0.0047 ( Real_sync= 0.0000 Starts= 0.0000 )
   Idle time                    0.0461
Load imbalance                  0.0024
Synchronization                 0.0790
Time variation                  0.0813
Overlap                         0.0000
                  Nop   Communic    Synchro  Variation    Overlap 
I/O                17     0.0000     0.0301     0.0325     0.0000 
Reduction          15     0.0047     0.0251     0.0252     0.0000 
Remote access      37     0.0000     0.0237     0.0237     0.0000 
--- The comparative characteristics --- 
                              Tmin N proc      Tmax N proc      Tmid
Lost time                   0.0113     1     0.0117    18     0.0115 
User insufficient par.      0.0052    17     0.0101     1     0.0078 
Sys.insufficient par.       0.0007    18     0.0010     1     0.0009 
Idle time                   0.0000     1     0.0054    17     0.0026 
Communication               0.0002     1     0.0004     3     0.0003 
Synchronization             0.0003     7     0.0211    18     0.0044 
Variation                   0.0005     7     0.0213    18     0.0045 
Overlap                     0.0000     1     0.0000    12     0.0000 
Load imbalance              0.0000     1     0.0003    18     0.0001 
Execution time              0.0066    17     0.0120     1     0.0094 
User CPU time               0.0003    17     0.0006     1     0.0005 
Sys. CPU time               0.0000    18     0.0001     2     0.0000 
I/O time                    0.0000     7     0.0000     1     0.0000 
Processors                      18     1         18    18         18 
                      Communic          Synchro        Variation          Overlap  
I/O             Tmin    0.0000     1     0.0002     7     0.0003     7     0.0000     1 
I/O             Tmax    0.0000    18     0.0079    18     0.0080    18     0.0000    18 
I/O             Tmid    0.0000           0.0017           0.0018           0.0000       
Reduction       Tmin    0.0002     1     0.0001     7     0.0001     7     0.0000     1 
Reduction       Tmax    0.0004     3     0.0066    18     0.0066    18     0.0000    12 
Reduction       Tmid    0.0003           0.0014           0.0014           0.0000       
Remote access   Tmin    0.0000     1     0.0000     8     0.0000     8     0.0000     1 
Remote access   Tmax    0.0000    18     0.0067    18     0.0067    18     0.0000     8 
Remote access   Tmid    0.0000           0.0013           0.0013           0.0000       
--- The execution characteristics --- 
                                1          2          3          4          5          6          7          8          9         10         11         12         13         14         15         16         17         18 
Lost time                  0.0113     0.0116     0.0115     0.0115     0.0114     0.0116     0.0114     0.0114     0.0115     0.0114     0.0114     0.0115     0.0115     0.0115     0.0116     0.0114     0.0116     0.0117 
User insufficient par.     0.0101     0.0055     0.0079     0.0073     0.0088     0.0066     0.0088     0.0095     0.0069     0.0092     0.0092     0.0077     0.0084     0.0084     0.0062     0.0099     0.0052     0.0053 
Sys.insufficient par.      0.0010     0.0009     0.0009     0.0009     0.0009     0.0009     0.0009     0.0009     0.0009     0.0009     0.0008     0.0009     0.0009     0.0009     0.0009     0.0009     0.0008     0.0007 
Idle time                  0.0000     0.0050     0.0023     0.0031     0.0015     0.0039     0.0015     0.0008     0.0035     0.0012     0.0012     0.0027     0.0019     0.0019     0.0043     0.0004     0.0054     0.0054 
Communication              0.0002     0.0003     0.0004     0.0003     0.0002     0.0002     0.0003     0.0003     0.0003     0.0002     0.0003     0.0003     0.0002     0.0002     0.0003     0.0003     0.0003     0.0003 
Synchronization            0.0095     0.0080     0.0015     0.0029     0.0011     0.0010     0.0003     0.0004     0.0014     0.0014     0.0022     0.0022     0.0022     0.0015     0.0007     0.0007     0.0209     0.0211 
Variation                  0.0094     0.0081     0.0016     0.0031     0.0013     0.0011     0.0005     0.0005     0.0016     0.0016     0.0023     0.0024     0.0023     0.0017     0.0008     0.0008     0.0210     0.0213 
Overlap                    0.0000     0.0000     0.0000     0.0000     0.0000     0.0000     0.0000     0.0000     0.0000     0.0000     0.0000     0.0000     0.0000     0.0000     0.0000     0.0000     0.0000     0.0000 
Load imbalance             0.0000     0.0003     0.0001     0.0002     0.0001     0.0002     0.0001     0.0000     0.0002     0.0001     0.0001     0.0001     0.0001     0.0001     0.0002     0.0000     0.0003     0.0003 
Execution time             0.0120     0.0070     0.0097     0.0089     0.0105     0.0081     0.0105     0.0112     0.0085     0.0108     0.0108     0.0093     0.0101     0.0101     0.0077     0.0116     0.0066     0.0066 
User CPU time              0.0006     0.0003     0.0005     0.0004     0.0005     0.0004     0.0005     0.0006     0.0004     0.0005     0.0005     0.0005     0.0005     0.0005     0.0004     0.0006     0.0003     0.0003 
Sys. CPU time              0.0000     0.0001     0.0000     0.0001     0.0001     0.0001     0.0001     0.0001     0.0000     0.0000     0.0000     0.0000     0.0001     0.0001     0.0001     0.0000     0.0000     0.0000 
I/O time                   0.0000     0.0000     0.0000     0.0000     0.0000     0.0000     0.0000     0.0000     0.0000     0.0000     0.0000     0.0000     0.0000     0.0000     0.0000     0.0000     0.0000     0.0000 
Processors                     18         18         18         18         18         18         18         18         18         18         18         18         18         18         18         18         18         18 
           Communication          
Reduction                  0.0002     0.0003     0.0004     0.0003     0.0002     0.0002     0.0003     0.0003     0.0003     0.0002     0.0003     0.0003     0.0002     0.0002     0.0003     0.0003     0.0003     0.0003 
           Synchronization        
I/O                        0.0035     0.0030     0.0006     0.0012     0.0005     0.0004     0.0002     0.0002     0.0006     0.0006     0.0008     0.0009     0.0009     0.0006     0.0003     0.0003     0.0078     0.0079 
Reduction                  0.0030     0.0025     0.0004     0.0009     0.0004     0.0003     0.0001     0.0001     0.0005     0.0005     0.0007     0.0007     0.0007     0.0005     0.0002     0.0002     0.0066     0.0066 
Remote access              0.0031     0.0024     0.0004     0.0008     0.0002     0.0002     0.0000     0.0000     0.0004     0.0004     0.0006     0.0006     0.0006     0.0004     0.0001     0.0001     0.0065     0.0067 
           Variation              
I/O                        0.0034     0.0031     0.0008     0.0014     0.0007     0.0006     0.0003     0.0003     0.0007     0.0007     0.0010     0.0010     0.0010     0.0008     0.0004     0.0004     0.0079     0.0080 
Reduction                  0.0030     0.0025     0.0004     0.0009     0.0004     0.0003     0.0001     0.0002     0.0005     0.0005     0.0007     0.0007     0.0007     0.0005     0.0002     0.0002     0.0066     0.0066 
Remote access              0.0031     0.0024     0.0004     0.0008     0.0002     0.0002     0.0000     0.0000     0.0004     0.0004     0.0006     0.0006     0.0006     0.0004     0.0001     0.0001     0.0065     0.0067 
           Overlap                
Reduction                  0.0000     0.0000     0.0000     0.0000     0.0000     0.0000     0.0000     0.0000     0.0000     0.0000     0.0000     0.0000     0.0000     0.0000     0.0000     0.0000     0.0000     0.0000 
Remote access              0.0000     0.0000     0.0000     0.0000     0.0000     0.0000     0.0000     0.0000     0.0000     0.0000     0.0000     0.0000     0.0000     0.0000     0.0000     0.0000     0.0000     0.0000 


-------------------------------------------------------------------------
Name (number) and performance time of processors
omp.keldysh.ru(1) 0.935595
omp.keldysh.ru(2) 0.935558
omp.keldysh.ru(3) 0.935463
omp.keldysh.ru(4) 0.935492
omp.keldysh.ru(5) 0.955625
omp.keldysh.ru(6) 0.955619
omp.keldysh.ru(7) 0.951702
omp.keldysh.ru(8) 0.951712
omp.keldysh.ru(9) 0.956546
omp.keldysh.ru(10) 0.956536
omp.keldysh.ru(11) 0.955715
omp.keldysh.ru(12) 0.955716
omp.keldysh.ru(13) 0.955141
omp.keldysh.ru(14) 0.955144
omp.keldysh.ru(15) 0.951554
omp.keldysh.ru(16) 0.951496
omp.keldysh.ru(17) 0.954162
omp.keldysh.ru(18) 0.953850
min - omp.keldysh.ru(3) 0.935463; max - omp.keldysh.ru(9) 0.956546; mid - 0.950146
