Processor system=3*1*3*2
Statistics has been accumulated on DVM-system version 5.0, platform DVM
Analyzer is executing on DVM-system version 5.0, platform DVM
-------------------------------------------------------------------------
INTERVAL ( NLINE=5 SOURCE=prf43.f ) LEVEL=0  EXE_COUNT=2
--- The main characteristics --- 
Parallelization efficiency      0.0442 
Execution time                  0.0546 
Processors                          18
Threads amount                      18
Total time                      0.9835
Productive time                 0.0435 ( CPU= 0.0089 Sys= 0.0346 I/O= 0.0000 )
Lost  time                      0.9401 
   Insufficient parallelism     0.7030 ( User= 0.1148 Sys= 0.5883 )
   Communication                0.1969 ( Real_sync= 0.0000 Starts= 0.0000 )
   Idle time                    0.0401
Load imbalance                  0.0049
Synchronization                 0.2590
Time variation                  0.2313
Overlap                         0.1751
                  Nop   Communic    Synchro  Variation    Overlap 
I/O                12     0.0000     0.0370     0.0405     0.0000 
Reduction          22     0.0779     0.0026     0.0026     0.0000 
Remote access     180     0.1190     0.2193     0.1882     0.1751 
--- The comparative characteristics --- 
                              Tmin N proc      Tmax N proc      Tmid
Lost time                   0.0520     6     0.0530    18     0.0522 
User insufficient par.      0.0047    18     0.0085    13     0.0064 
Sys.insufficient par.       0.0211    17     0.0354     6     0.0327 
Idle time                   0.0000    13     0.0039    16     0.0022 
Communication               0.0080     6     0.0234    17     0.0109 
Synchronization             0.0033     5     0.0285    17     0.0144 
Variation                   0.0039     5     0.0285    17     0.0129 
Overlap                     0.0070    17     0.0146     5     0.0097 
Load imbalance              0.0000     6     0.0011    18     0.0003 
Execution time              0.0508    16     0.0546    13     0.0524 
User CPU time               0.0004    18     0.0006    13     0.0005 
Sys. CPU time               0.0012    17     0.0021     6     0.0019 
I/O time                    0.0000    16     0.0000     1     0.0000 
Processors                      18     1         18    18         18 
                      Communic          Synchro        Variation          Overlap  
I/O             Tmin    0.0000     1     0.0003     5     0.0005     5     0.0000     1 
I/O             Tmax    0.0000    18     0.0046    18     0.0048    18     0.0000    18 
I/O             Tmid    0.0000           0.0021           0.0023           0.0000       
Reduction       Tmin    0.0024    12     0.0001    12     0.0001    12     0.0000     1 
Reduction       Tmax    0.0096    17     0.0002     1     0.0002     1     0.0000    16 
Reduction       Tmid    0.0043           0.0001           0.0001           0.0000       
Remote access   Tmin    0.0051     7     0.0028     5     0.0033     5     0.0070    17 
Remote access   Tmax    0.0139    18     0.0238    17     0.0236    17     0.0146     5 
Remote access   Tmid    0.0066           0.0122           0.0105           0.0097       
--- The execution characteristics --- 
                                1          2          3          4          5          6          7          8          9         10         11         12         13         14         15         16         17         18 
Lost time                  0.0521     0.0522     0.0521     0.0522     0.0520     0.0520     0.0522     0.0522     0.0521     0.0523     0.0520     0.0521     0.0520     0.0522     0.0522     0.0522     0.0528     0.0530 
User insufficient par.     0.0069     0.0049     0.0070     0.0049     0.0081     0.0082     0.0057     0.0067     0.0074     0.0049     0.0074     0.0059     0.0085     0.0063     0.0048     0.0049     0.0075     0.0047 
Sys.insufficient par.      0.0344     0.0342     0.0342     0.0342     0.0353     0.0354     0.0335     0.0335     0.0335     0.0336     0.0346     0.0347     0.0337     0.0336     0.0337     0.0337     0.0211     0.0212 
Idle time                  0.0015     0.0038     0.0015     0.0038     0.0004     0.0004     0.0031     0.0019     0.0012     0.0038     0.0012     0.0027     0.0000     0.0023     0.0038     0.0039     0.0008     0.0038 
Communication              0.0092     0.0093     0.0093     0.0094     0.0081     0.0080     0.0099     0.0100     0.0101     0.0099     0.0089     0.0088     0.0099     0.0099     0.0099     0.0097     0.0234     0.0233 
Synchronization            0.0120     0.0117     0.0130     0.0127     0.0033     0.0035     0.0162     0.0163     0.0163     0.0161     0.0111     0.0111     0.0148     0.0148     0.0146     0.0148     0.0285     0.0280 
Variation                  0.0108     0.0108     0.0118     0.0114     0.0039     0.0041     0.0135     0.0135     0.0134     0.0132     0.0101     0.0099     0.0122     0.0122     0.0120     0.0120     0.0285     0.0281 
Overlap                    0.0111     0.0111     0.0104     0.0107     0.0146     0.0145     0.0081     0.0081     0.0080     0.0080     0.0114     0.0112     0.0084     0.0084     0.0084     0.0083     0.0070     0.0072 
Load imbalance             0.0002     0.0003     0.0001     0.0003     0.0000     0.0000     0.0003     0.0002     0.0002     0.0003     0.0001     0.0002     0.0001     0.0002     0.0003     0.0003     0.0009     0.0011 
Execution time             0.0531     0.0508     0.0531     0.0508     0.0543     0.0543     0.0515     0.0527     0.0535     0.0508     0.0535     0.0519     0.0546     0.0523     0.0508     0.0508     0.0539     0.0508 
User CPU time              0.0005     0.0004     0.0005     0.0004     0.0006     0.0006     0.0004     0.0005     0.0006     0.0004     0.0006     0.0005     0.0006     0.0005     0.0004     0.0004     0.0006     0.0004 
Sys. CPU time              0.0020     0.0020     0.0020     0.0020     0.0021     0.0021     0.0020     0.0020     0.0020     0.0020     0.0020     0.0020     0.0020     0.0020     0.0020     0.0020     0.0012     0.0012 
I/O time                   0.0000     0.0000     0.0000     0.0000     0.0000     0.0000     0.0000     0.0000     0.0000     0.0000     0.0000     0.0000     0.0000     0.0000     0.0000     0.0000     0.0000     0.0000 
Processors                     18         18         18         18         18         18         18         18         18         18         18         18         18         18         18         18         18         18 
           Communication          
Reduction                  0.0030     0.0028     0.0033     0.0029     0.0028     0.0028     0.0048     0.0047     0.0047     0.0046     0.0025     0.0024     0.0045     0.0045     0.0043     0.0043     0.0096     0.0094 
Remote access              0.0063     0.0065     0.0059     0.0065     0.0053     0.0052     0.0051     0.0052     0.0054     0.0054     0.0064     0.0064     0.0053     0.0054     0.0056     0.0054     0.0138     0.0139 
           Synchronization        
I/O                        0.0018     0.0020     0.0019     0.0020     0.0003     0.0004     0.0020     0.0020     0.0020     0.0021     0.0019     0.0020     0.0018     0.0019     0.0019     0.0019     0.0045     0.0046 
Reduction                  0.0002     0.0002     0.0001     0.0001     0.0002     0.0001     0.0001     0.0001     0.0002     0.0001     0.0001     0.0001     0.0001     0.0001     0.0001     0.0001     0.0001     0.0001 
Remote access              0.0101     0.0096     0.0110     0.0105     0.0028     0.0030     0.0141     0.0142     0.0142     0.0138     0.0091     0.0091     0.0129     0.0127     0.0126     0.0128     0.0238     0.0233 
           Variation              
I/O                        0.0017     0.0022     0.0021     0.0023     0.0005     0.0006     0.0022     0.0022     0.0022     0.0023     0.0021     0.0022     0.0020     0.0021     0.0021     0.0021     0.0047     0.0048 
Reduction                  0.0002     0.0001     0.0001     0.0001     0.0002     0.0001     0.0001     0.0001     0.0002     0.0001     0.0001     0.0001     0.0001     0.0001     0.0001     0.0001     0.0001     0.0001 
Remote access              0.0089     0.0085     0.0095     0.0090     0.0033     0.0033     0.0112     0.0111     0.0111     0.0107     0.0078     0.0076     0.0100     0.0099     0.0098     0.0098     0.0236     0.0232 
           Overlap                
Reduction                  0.0000     0.0000     0.0000     0.0000     0.0000     0.0000     0.0000     0.0000     0.0000     0.0000     0.0000     0.0000     0.0000     0.0000     0.0000     0.0000     0.0000     0.0000 
Remote access              0.0111     0.0111     0.0104     0.0107     0.0146     0.0145     0.0081     0.0081     0.0080     0.0080     0.0114     0.0112     0.0084     0.0084     0.0084     0.0083     0.0070     0.0072 


-------------------------------------------------------------------------
Name (number) and performance time of processors
omp.keldysh.ru(1) 0.933995
omp.keldysh.ru(2) 0.933926
omp.keldysh.ru(3) 0.957983
omp.keldysh.ru(4) 0.958039
omp.keldysh.ru(5) 0.933776
omp.keldysh.ru(6) 0.933761
omp.keldysh.ru(7) 0.956582
omp.keldysh.ru(8) 0.956865
omp.keldysh.ru(9) 0.959395
omp.keldysh.ru(10) 0.959410
omp.keldysh.ru(11) 0.958321
omp.keldysh.ru(12) 0.958334
omp.keldysh.ru(13) 0.959480
omp.keldysh.ru(14) 0.959503
omp.keldysh.ru(15) 0.958393
omp.keldysh.ru(16) 0.958426
omp.keldysh.ru(17) 0.955411
omp.keldysh.ru(18) 0.955381
min - omp.keldysh.ru(6) 0.933761; max - omp.keldysh.ru(14) 0.959503; mid - 0.952610
