Processor system=1*3*1*6
Statistics has been accumulated on DVM-system version 5.0, platform DVM
Analyzer is executing on DVM-system version 5.0, platform DVM
-------------------------------------------------------------------------
INTERVAL ( NLINE=7 SOURCE=sc42.f ) LEVEL=0  EXE_COUNT=2
--- The main characteristics --- 
Parallelization efficiency      0.0970 
Execution time                  3.7064 
Processors                          18
Threads amount                      18
Total time                     66.7148
Productive time                 6.4699 ( CPU= 6.4554 Sys= 0.0145 I/O= 0.0000 )
Lost  time                     60.2449 
   Insufficient parallelism    52.9188 ( User= 52.6722 Sys= 0.2466 )
   Communication                7.1931 ( Real_sync= 0.0000 Starts= 0.0000 )
   Idle time                    0.1330
Load imbalance                  1.0539
Synchronization                 0.3255
Time variation                  0.3285
Overlap                         0.0000
                  Nop   Communic    Synchro  Variation    Overlap 
I/O                12     0.0000     0.2216     0.2246     0.0000 
Reduction          10     7.1931     0.1039     0.1039     0.0000 
--- The comparative characteristics --- 
                              Tmin N proc      Tmax N proc      Tmid
Lost time                   3.2884    12     3.4545    18     3.3469 
User insufficient par.      1.9549    18     3.2694     7     2.9262 
Sys.insufficient par.       0.0031    17     0.0198     8     0.0137 
Idle time                   0.0000     8     0.0309    17     0.0074 
Communication               0.0003    12     1.4792    18     0.3996 
Synchronization             0.0003     7     0.0548    17     0.0181 
Variation                   0.0005     7     0.0550    17     0.0183 
Overlap                     0.0000     3     0.0000     2     0.0000 
Load imbalance              0.0000    12     0.1662    18     0.0586 
Execution time              3.6755    17     3.7064     8     3.6990 
User CPU time               0.2510    18     0.4169    12     0.3586 
Sys. CPU time               0.0002    17     0.0012     8     0.0008 
I/O time                    0.0000    15     0.0000     1     0.0000 
Processors                      18     1         18    18         18 
                      Communic          Synchro        Variation          Overlap  
I/O             Tmin    0.0000     1     0.0002     7     0.0003     7     0.0000     1 
I/O             Tmax    0.0000    18     0.0432    17     0.0434    17     0.0000    18 
I/O             Tmid    0.0000           0.0123           0.0125           0.0000       
Reduction       Tmin    0.0003    12     0.0001     1     0.0001     1     0.0000     3 
Reduction       Tmax    1.4792    18     0.0116    11     0.0116    11     0.0000     2 
Reduction       Tmid    0.3996           0.0058           0.0058           0.0000       
--- The execution characteristics --- 
                                1          2          3          4          5          6          7          8          9         10         11         12         13         14         15         16         17         18 
Lost time                  3.3598     3.3626     3.3604     3.3594     3.3607     3.3603     3.2888     3.2884     3.2896     3.2896     3.2900     3.2884     3.3602     3.3604     3.3589     3.3596     3.4535     3.4545 
User insufficient par.     2.9159     2.9015     2.9117     2.9222     2.9148     2.9133     3.2694     3.2683     3.2678     3.2668     3.2661     3.2660     2.9122     2.9080     2.9267     2.9255     1.9611     1.9549 
Sys.insufficient par.      0.0153     0.0150     0.0142     0.0094     0.0039     0.0143     0.0191     0.0198     0.0184     0.0178     0.0097     0.0189     0.0151     0.0152     0.0143     0.0099     0.0031     0.0134 
Idle time                  0.0000     0.0041     0.0055     0.0113     0.0235     0.0050     0.0000     0.0000     0.0029     0.0045     0.0139     0.0032     0.0013     0.0038     0.0053     0.0109     0.0309     0.0070 
Communication              0.4286     0.4421     0.4289     0.4164     0.4185     0.4277     0.0004     0.0004     0.0005     0.0005     0.0003     0.0003     0.4316     0.4333     0.4126     0.4132     1.4584     1.4792 
Synchronization            0.0014     0.0091     0.0155     0.0256     0.0459     0.0158     0.0003     0.0070     0.0132     0.0189     0.0357     0.0136     0.0014     0.0090     0.0155     0.0252     0.0548     0.0174 
Variation                  0.0013     0.0093     0.0157     0.0258     0.0461     0.0160     0.0005     0.0072     0.0133     0.0191     0.0358     0.0138     0.0016     0.0092     0.0157     0.0254     0.0550     0.0176 
Overlap                    0.0000     0.0000     0.0000     0.0000     0.0000     0.0000     0.0000     0.0000     0.0000     0.0000     0.0000     0.0000     0.0000     0.0000     0.0000     0.0000     0.0000     0.0000 
Load imbalance             0.0714     0.0742     0.0720     0.0710     0.0723     0.0719     0.0004     0.0001     0.0012     0.0012     0.0016     0.0000     0.0718     0.0720     0.0705     0.0712     0.1651     0.1662 
Execution time             3.7064     3.7023     3.7009     3.6951     3.6829     3.7014     3.7064     3.7064     3.7035     3.7019     3.6925     3.7032     3.7051     3.7026     3.7011     3.6955     3.6755     3.6994 
User CPU time              0.3457     0.3429     0.3452     0.3464     0.3454     0.3452     0.4164     0.4168     0.4157     0.4158     0.4159     0.4169     0.3453     0.3451     0.3467     0.3462     0.2527     0.2510 
Sys. CPU time              0.0009     0.0009     0.0008     0.0006     0.0002     0.0008     0.0011     0.0012     0.0011     0.0010     0.0006     0.0011     0.0009     0.0009     0.0008     0.0006     0.0002     0.0008 
I/O time                   0.0000     0.0000     0.0000     0.0000     0.0000     0.0000     0.0000     0.0000     0.0000     0.0000     0.0000     0.0000     0.0000     0.0000     0.0000     0.0000     0.0000     0.0000 
Processors                     18         18         18         18         18         18         18         18         18         18         18         18         18         18         18         18         18         18 
           Communication          
Reduction                  0.4286     0.4421     0.4289     0.4164     0.4185     0.4277     0.0004     0.0004     0.0005     0.0005     0.0003     0.0003     0.4316     0.4333     0.4126     0.4132     1.4584     1.4792 
           Synchronization        
I/O                        0.0013     0.0059     0.0098     0.0177     0.0343     0.0099     0.0002     0.0038     0.0074     0.0110     0.0240     0.0076     0.0013     0.0057     0.0098     0.0173     0.0432     0.0115 
Reduction                  0.0001     0.0033     0.0057     0.0079     0.0116     0.0060     0.0002     0.0033     0.0057     0.0079     0.0116     0.0060     0.0001     0.0033     0.0057     0.0079     0.0116     0.0060 
           Variation              
I/O                        0.0012     0.0060     0.0100     0.0179     0.0345     0.0101     0.0003     0.0040     0.0076     0.0112     0.0242     0.0078     0.0015     0.0059     0.0099     0.0175     0.0434     0.0117 
Reduction                  0.0001     0.0033     0.0057     0.0079     0.0116     0.0060     0.0001     0.0033     0.0057     0.0079     0.0116     0.0060     0.0001     0.0033     0.0057     0.0079     0.0116     0.0060 
           Overlap                
Reduction                  0.0000     0.0000     0.0000     0.0000     0.0000     0.0000     0.0000     0.0000     0.0000     0.0000     0.0000     0.0000     0.0000     0.0000     0.0000     0.0000     0.0000     0.0000 


-------------------------------------------------------------------------
Name (number) and performance time of processors
omp.keldysh.ru(1) 0.933956
omp.keldysh.ru(2) 0.933855
omp.keldysh.ru(3) 0.958389
omp.keldysh.ru(4) 0.958442
omp.keldysh.ru(5) 0.953721
omp.keldysh.ru(6) 0.953701
omp.keldysh.ru(7) 0.956156
omp.keldysh.ru(8) 0.956128
omp.keldysh.ru(9) 0.956898
omp.keldysh.ru(10) 0.956879
omp.keldysh.ru(11) 0.958489
omp.keldysh.ru(12) 0.958774
omp.keldysh.ru(13) 0.957415
omp.keldysh.ru(14) 0.957448
omp.keldysh.ru(15) 0.957566
omp.keldysh.ru(16) 0.957639
omp.keldysh.ru(17) 0.934065
omp.keldysh.ru(18) 0.934040
min - omp.keldysh.ru(2) 0.933855; max - omp.keldysh.ru(12) 0.958774; mid - 0.951865
