Processor system=1*1*2*7
Statistics has been accumulated on DVM-system version 5.0, platform DVM
Analyzer is executing on DVM-system version 5.0, platform DVM
-------------------------------------------------------------------------
INTERVAL ( NLINE=7 SOURCE=acr43.f ) LEVEL=0  EXE_COUNT=1
--- The main characteristics --- 
Parallelization efficiency      0.0655 
Execution time                  1.8089 
Processors                          14
Threads amount                      14
Total time                     25.3246
Productive time                 1.6585 ( CPU= 1.6159 Sys= 0.0426 I/O= 0.0000 )
Lost  time                     23.6660 
   Insufficient parallelism    21.0669 ( User= 20.5130 Sys= 0.5539 )
   Communication                2.5637 ( Real_sync= 0.0000 Starts= 0.0000 )
   Idle time                    0.0355
Load imbalance                  0.1670
Synchronization                 2.7076
Time variation                  0.7962
Overlap                         0.0025
                  Nop   Communic    Synchro  Variation    Overlap 
I/O                11     0.0000     0.0201     0.0224     0.0000 
Reduction           9     0.0128     0.0020     0.0021     0.0000 
Shadow             27     2.5448     2.6854     0.7717     0.0025 
--- The comparative characteristics --- 
                              Tmin N proc      Tmax N proc      Tmid
Lost time                   1.6785     3     1.7069    11     1.6904 
User insufficient par.      1.2628    11     1.6131     3     1.4652 
Sys.insufficient par.       0.0276     8     0.0501     2     0.0396 
Idle time                   0.0000     5     0.0049     9     0.0025 
Communication               0.0174     2     0.4099    11     0.1831 
Synchronization             0.0125     8     0.3975    11     0.1934 
Variation                   0.0125     8     0.0855     2     0.0569 
Overlap                     0.0000     9     0.0006     1     0.0002 
Load imbalance              0.0000     3     0.0284    11     0.0119 
Execution time              1.8040     9     1.8089     5     1.8064 
User CPU time               0.0998    11     0.1268     3     0.1154 
Sys. CPU time               0.0021     8     0.0039     2     0.0030 
I/O time                    0.0000     8     0.0000     1     0.0000 
Processors                      14     1         14    14         14 
                      Communic          Synchro        Variation          Overlap  
I/O             Tmin    0.0000     1     0.0001     8     0.0001     1     0.0000     1 
I/O             Tmax    0.0000    14     0.0036     9     0.0038     9     0.0000    14 
I/O             Tmid    0.0000           0.0014           0.0016           0.0000       
Reduction       Tmin    0.0003     2     0.0001     1     0.0001     1     0.0000     2 
Reduction       Tmax    0.0018    10     0.0003    14     0.0003    14     0.0000     8 
Reduction       Tmid    0.0009           0.0001           0.0001           0.0000       
Shadow          Tmin    0.0171     2     0.0123     8     0.0122     8     0.0000     9 
Shadow          Tmax    0.4029    11     0.3945    11     0.0847     2     0.0006     1 
Shadow          Tmid    0.1818           0.1918           0.0551           0.0002       
--- The execution characteristics --- 
                                1          2          3          4          5          6          7          8          9         10         11         12         13         14 
Lost time                  1.6793     1.6787     1.6785     1.6786     1.6785     1.6786     1.6787     1.6810     1.7051     1.7061     1.7069     1.7058     1.7054     1.7049 
User insufficient par.     1.6100     1.6077     1.6131     1.6113     1.6121     1.6113     1.6096     1.6057     1.2768     1.2682     1.2628     1.2708     1.2752     1.2783 
Sys.insufficient par.      0.0411     0.0501     0.0468     0.0468     0.0470     0.0475     0.0493     0.0276     0.0341     0.0336     0.0293     0.0331     0.0325     0.0351 
Idle time                  0.0000     0.0034     0.0000     0.0015     0.0000     0.0000     0.0015     0.0015     0.0049     0.0038     0.0049     0.0049     0.0049     0.0042 
Communication              0.0283     0.0174     0.0186     0.0190     0.0194     0.0198     0.0183     0.0461     0.3893     0.4005     0.4099     0.3970     0.3927     0.3873 
Synchronization            0.0314     0.0575     0.0450     0.0476     0.0505     0.0531     0.0553     0.0125     0.3942     0.3921     0.3975     0.3916     0.3888     0.3905 
Variation                  0.0461     0.0855     0.0713     0.0737     0.0764     0.0784     0.0826     0.0125     0.0529     0.0388     0.0405     0.0423     0.0437     0.0515 
Overlap                    0.0006     0.0003     0.0003     0.0003     0.0003     0.0004     0.0002     0.0002     0.0000     0.0000     0.0000     0.0000     0.0000     0.0000 
Load imbalance             0.0008     0.0002     0.0000     0.0001     0.0000     0.0000     0.0002     0.0025     0.0266     0.0276     0.0284     0.0273     0.0269     0.0264 
Execution time             1.8089     1.8055     1.8089     1.8074     1.8089     1.8089     1.8074     1.8074     1.8040     1.8051     1.8040     1.8040     1.8040     1.8047 
User CPU time              0.1264     0.1264     0.1268     0.1267     0.1268     0.1267     0.1264     0.1258     0.1012     0.1002     0.0998     0.1006     0.1010     0.1013 
Sys. CPU time              0.0031     0.0039     0.0036     0.0036     0.0036     0.0037     0.0038     0.0021     0.0026     0.0026     0.0023     0.0025     0.0025     0.0027 
I/O time                   0.0000     0.0000     0.0000     0.0000     0.0000     0.0000     0.0000     0.0000     0.0000     0.0000     0.0000     0.0000     0.0000     0.0000 
Processors                     14         14         14         14         14         14         14         14         14         14         14         14         14         14 
           Communication          
Reduction                  0.0003     0.0003     0.0003     0.0003     0.0003     0.0003     0.0003     0.0006     0.0017     0.0018     0.0018     0.0017     0.0016     0.0015 
Shadow                     0.0279     0.0171     0.0182     0.0187     0.0190     0.0194     0.0179     0.0455     0.3875     0.3987     0.4029     0.3952     0.3910     0.3857 
           Synchronization        
I/O                        0.0002     0.0004     0.0002     0.0002     0.0002     0.0001     0.0005     0.0001     0.0036     0.0031     0.0029     0.0029     0.0028     0.0029 
Reduction                  0.0001     0.0002     0.0001     0.0001     0.0001     0.0001     0.0003     0.0001     0.0002     0.0001     0.0001     0.0001     0.0001     0.0003 
Shadow                     0.0312     0.0569     0.0447     0.0473     0.0502     0.0528     0.0545     0.0123     0.3904     0.3888     0.3945     0.3885     0.3859     0.3873 
           Variation              
I/O                        0.0001     0.0006     0.0003     0.0004     0.0003     0.0003     0.0007     0.0003     0.0038     0.0033     0.0031     0.0031     0.0030     0.0031 
Reduction                  0.0001     0.0002     0.0001     0.0001     0.0001     0.0001     0.0003     0.0001     0.0002     0.0001     0.0001     0.0001     0.0001     0.0003 
Shadow                     0.0459     0.0847     0.0708     0.0732     0.0759     0.0780     0.0817     0.0122     0.0489     0.0353     0.0373     0.0391     0.0406     0.0481 
           Overlap                
Reduction                  0.0000     0.0000     0.0000     0.0000     0.0000     0.0000     0.0000     0.0000     0.0000     0.0000     0.0000     0.0000     0.0000     0.0000 
Shadow                     0.0006     0.0003     0.0003     0.0003     0.0003     0.0004     0.0002     0.0002     0.0000     0.0000     0.0000     0.0000     0.0000     0.0000 


-------------------------------------------------------------------------
Name (number) and performance time of processors
omp.keldysh.ru(1) 0.935425
omp.keldysh.ru(2) 0.935339
omp.keldysh.ru(3) 0.955798
omp.keldysh.ru(4) 0.955880
omp.keldysh.ru(5) 0.956660
omp.keldysh.ru(6) 0.956652
omp.keldysh.ru(7) 0.935357
omp.keldysh.ru(8) 0.935362
omp.keldysh.ru(9) 0.935393
omp.keldysh.ru(10) 0.935349
omp.keldysh.ru(11) 0.957022
omp.keldysh.ru(12) 0.957263
omp.keldysh.ru(13) 0.935508
omp.keldysh.ru(14) 0.935497
min - omp.keldysh.ru(2) 0.935339; max - omp.keldysh.ru(12) 0.957263; mid - 0.944465
