Processor system=2*1*1*7
Statistics has been accumulated on DVM-system version 5.0, platform DVM
Analyzer is executing on DVM-system version 5.0, platform DVM
-------------------------------------------------------------------------
INTERVAL ( NLINE=8 SOURCE=sha43.f ) LEVEL=0  EXE_COUNT=1
--- The main characteristics --- 
Parallelization efficiency      0.0750 
Execution time                  0.0136 
Processors                          14
Threads amount                      14
Total time                      0.1902
Productive time                 0.0143 ( CPU= 0.0125 Sys= 0.0018 I/O= 0.0000 )
Lost  time                      0.1759 
   Insufficient parallelism     0.1382 ( User= 0.1148 Sys= 0.0234 )
   Communication                0.0277 ( Real_sync= 0.0000 Starts= 0.0000 )
   Idle time                    0.0100
Load imbalance                  0.0029
Synchronization                 0.0286
Time variation                  0.0213
Overlap                         0.0004
                  Nop   Communic    Synchro  Variation    Overlap 
I/O                 6     0.0000     0.0055     0.0079     0.0000 
Reduction           4     0.0120     0.0038     0.0039     0.0000 
Shadow              4     0.0157     0.0192     0.0095     0.0004 
--- The comparative characteristics --- 
                              Tmin N proc      Tmax N proc      Tmid
Lost time                   0.0124     7     0.0128    13     0.0126 
User insufficient par.      0.0060    13     0.0098     7     0.0082 
Sys.insufficient par.       0.0012     9     0.0021     1     0.0017 
Idle time                   0.0000    11     0.0019     6     0.0007 
Communication               0.0006     7     0.0039     9     0.0020 
Synchronization             0.0000     1     0.0045    10     0.0020 
Variation                   0.0000     1     0.0032    10     0.0015 
Overlap                     0.0000     3     0.0002     1     0.0000 
Load imbalance              0.0000     7     0.0005    13     0.0002 
Execution time              0.0117     6     0.0136    11     0.0129 
User CPU time               0.0007    13     0.0011     7     0.0009 
Sys. CPU time               0.0001     9     0.0002     2     0.0001 
I/O time                    0.0000    11     0.0000     1     0.0000 
Processors                      14     1         14    14         14 
                      Communic          Synchro        Variation          Overlap  
I/O             Tmin    0.0000     1     0.0000     1     0.0000     1     0.0000     1 
I/O             Tmax    0.0000    14     0.0009    10     0.0011    10     0.0000    14 
I/O             Tmid    0.0000           0.0004           0.0006           0.0000       
Reduction       Tmin    0.0003     7     0.0000     1     0.0000     1     0.0000     2 
Reduction       Tmax    0.0017    13     0.0006    10     0.0006    10     0.0000     7 
Reduction       Tmid    0.0009           0.0003           0.0003           0.0000       
Shadow          Tmin    0.0004     5     0.0000     1     0.0000     1     0.0000     3 
Shadow          Tmax    0.0023     9     0.0029    10     0.0014    10     0.0002     1 
Shadow          Tmid    0.0011           0.0014           0.0007           0.0000       
--- The execution characteristics --- 
                                1          2          3          4          5          6          7          8          9         10         11         12         13         14 
Lost time                  0.0124     0.0124     0.0124     0.0125     0.0124     0.0125     0.0124     0.0125     0.0127     0.0128     0.0127     0.0127     0.0128     0.0128 
User insufficient par.     0.0095     0.0095     0.0097     0.0080     0.0096     0.0079     0.0098     0.0085     0.0076     0.0062     0.0077     0.0079     0.0060     0.0069 
Sys.insufficient par.      0.0021     0.0020     0.0019     0.0020     0.0020     0.0019     0.0019     0.0019     0.0012     0.0013     0.0013     0.0013     0.0012     0.0012 
Idle time                  0.0000     0.0000     0.0000     0.0019     0.0000     0.0019     0.0000     0.0013     0.0000     0.0019     0.0000     0.0000     0.0019     0.0010 
Communication              0.0008     0.0008     0.0008     0.0007     0.0007     0.0008     0.0006     0.0008     0.0039     0.0035     0.0037     0.0035     0.0037     0.0037 
Synchronization            0.0000     0.0009     0.0022     0.0013     0.0008     0.0012     0.0005     0.0003     0.0035     0.0045     0.0038     0.0031     0.0035     0.0030 
Variation                  0.0000     0.0012     0.0024     0.0015     0.0011     0.0014     0.0008     0.0004     0.0019     0.0032     0.0022     0.0018     0.0021     0.0014 
Overlap                    0.0002     0.0000     0.0000     0.0000     0.0000     0.0000     0.0001     0.0000     0.0000     0.0000     0.0000     0.0000     0.0000     0.0000 
Load imbalance             0.0000     0.0000     0.0000     0.0002     0.0000     0.0002     0.0000     0.0001     0.0004     0.0005     0.0003     0.0003     0.0005     0.0004 
Execution time             0.0136     0.0136     0.0135     0.0117     0.0136     0.0117     0.0136     0.0123     0.0136     0.0117     0.0136     0.0136     0.0117     0.0126 
User CPU time              0.0010     0.0010     0.0010     0.0009     0.0011     0.0009     0.0011     0.0010     0.0008     0.0007     0.0008     0.0008     0.0007     0.0007 
Sys. CPU time              0.0001     0.0002     0.0001     0.0002     0.0002     0.0001     0.0001     0.0001     0.0001     0.0001     0.0001     0.0001     0.0001     0.0001 
I/O time                   0.0000     0.0000     0.0000     0.0000     0.0000     0.0000     0.0000     0.0000     0.0000     0.0000     0.0000     0.0000     0.0000     0.0000 
Processors                     14         14         14         14         14         14         14         14         14         14         14         14         14         14 
           Communication          
Reduction                  0.0003     0.0004     0.0004     0.0003     0.0003     0.0004     0.0003     0.0003     0.0016     0.0016     0.0015     0.0015     0.0017     0.0015 
Shadow                     0.0005     0.0004     0.0004     0.0004     0.0004     0.0004     0.0004     0.0005     0.0023     0.0019     0.0022     0.0019     0.0020     0.0021 
           Synchronization        
I/O                        0.0000     0.0004     0.0009     0.0006     0.0003     0.0004     0.0002     0.0000     0.0004     0.0009     0.0006     0.0003     0.0004     0.0002 
Reduction                  0.0000     0.0002     0.0006     0.0004     0.0002     0.0003     0.0001     0.0000     0.0002     0.0006     0.0004     0.0002     0.0003     0.0001 
Shadow                     0.0000     0.0003     0.0007     0.0003     0.0003     0.0005     0.0002     0.0003     0.0029     0.0029     0.0028     0.0026     0.0028     0.0026 
           Variation              
I/O                        0.0000     0.0006     0.0011     0.0008     0.0005     0.0006     0.0004     0.0002     0.0006     0.0011     0.0008     0.0005     0.0006     0.0004 
Reduction                  0.0000     0.0002     0.0006     0.0004     0.0002     0.0003     0.0001     0.0000     0.0002     0.0006     0.0004     0.0002     0.0003     0.0001 
Shadow                     0.0000     0.0004     0.0007     0.0003     0.0004     0.0005     0.0003     0.0002     0.0011     0.0014     0.0011     0.0011     0.0012     0.0009 
           Overlap                
Reduction                  0.0000     0.0000     0.0000     0.0000     0.0000     0.0000     0.0000     0.0000     0.0000     0.0000     0.0000     0.0000     0.0000     0.0000 
Shadow                     0.0002     0.0000     0.0000     0.0000     0.0000     0.0000     0.0001     0.0000     0.0000     0.0000     0.0000     0.0000     0.0000     0.0000 


-------------------------------------------------------------------------
Name (number) and performance time of processors
omp.keldysh.ru(1) 0.935325
omp.keldysh.ru(2) 0.935243
omp.keldysh.ru(3) 0.956549
omp.keldysh.ru(4) 0.956563
omp.keldysh.ru(5) 0.958761
omp.keldysh.ru(6) 0.958731
omp.keldysh.ru(7) 0.959846
omp.keldysh.ru(8) 0.959857
omp.keldysh.ru(9) 0.957424
omp.keldysh.ru(10) 0.957210
omp.keldysh.ru(11) 0.957650
omp.keldysh.ru(12) 0.957651
omp.keldysh.ru(13) 0.960342
omp.keldysh.ru(14) 0.960338
min - omp.keldysh.ru(2) 0.935243; max - omp.keldysh.ru(13) 0.960342; mid - 0.955106
