Processor system=3*2*1*3
Statistics has been accumulated on DVM-system version 5.0, platform DVM
Analyzer is executing on DVM-system version 5.0, platform DVM
-------------------------------------------------------------------------
INTERVAL ( NLINE=5 SOURCE=align44.f ) LEVEL=0  EXE_COUNT=2
--- The main characteristics --- 
Parallelization efficiency      0.0855 
Execution time                  0.0056 
Processors                          18
Threads amount                      18
Total time                      0.1008
Productive time                 0.0086 ( CPU= 0.0082 Sys= 0.0004 I/O= 0.0000 )
Lost  time                      0.0922 
   Insufficient parallelism     0.0845 ( User= 0.0766 Sys= 0.0079 )
   Communication                0.0068 ( Real_sync= 0.0000 Starts= 0.0000 )
   Idle time                    0.0008
Load imbalance                  0.0006
Synchronization                 0.0024
Time variation                  0.0050
Overlap                         0.0000
                  Nop   Communic    Synchro  Variation    Overlap 
I/O                10     0.0000     0.0023     0.0049     0.0000 
Reduction           8     0.0068     0.0000     0.0001     0.0000 
--- The comparative characteristics --- 
                              Tmin N proc      Tmax N proc      Tmid
Lost time                   0.0051    17     0.0052    18     0.0051 
User insufficient par.      0.0041    18     0.0044    17     0.0043 
Sys.insufficient par.       0.0004    18     0.0006     1     0.0004 
Idle time                   0.0000    10     0.0001     7     0.0000 
Communication               0.0001    17     0.0006    18     0.0004 
Synchronization             0.0000    12     0.0002     8     0.0001 
Variation                   0.0001     1     0.0003     7     0.0003 
Overlap                     0.0000    11     0.0000    18     0.0000 
Load imbalance              0.0000    17     0.0001    18     0.0000 
Execution time              0.0055     7     0.0056    10     0.0056 
User CPU time               0.0004    18     0.0005    14     0.0005 
Sys. CPU time               0.0000    18     0.0000    17     0.0000 
I/O time                    0.0000     7     0.0000     1     0.0000 
Processors                      18     1         18    18         18 
                      Communic          Synchro        Variation          Overlap  
I/O             Tmin    0.0000     1     0.0000    12     0.0001     1     0.0000     1 
I/O             Tmax    0.0000    18     0.0002     8     0.0003     7     0.0000    18 
I/O             Tmid    0.0000           0.0001           0.0003           0.0000       
Reduction       Tmin    0.0001    17     0.0000     7     0.0000    17     0.0000    11 
Reduction       Tmax    0.0006    18     0.0000    11     0.0000    18     0.0000    18 
Reduction       Tmid    0.0004           0.0000           0.0000           0.0000       
--- The execution characteristics --- 
                                1          2          3          4          5          6          7          8          9         10         11         12         13         14         15         16         17         18 
Lost time                  0.0051     0.0051     0.0051     0.0052     0.0051     0.0051     0.0051     0.0051     0.0051     0.0051     0.0051     0.0051     0.0051     0.0051     0.0051     0.0051     0.0051     0.0052 
User insufficient par.     0.0042     0.0043     0.0043     0.0043     0.0043     0.0043     0.0041     0.0042     0.0043     0.0043     0.0043     0.0043     0.0043     0.0043     0.0042     0.0042     0.0044     0.0041 
Sys.insufficient par.      0.0006     0.0004     0.0004     0.0004     0.0004     0.0004     0.0004     0.0004     0.0004     0.0004     0.0004     0.0004     0.0004     0.0004     0.0004     0.0004     0.0005     0.0004 
Idle time                  0.0000     0.0000     0.0000     0.0000     0.0000     0.0000     0.0001     0.0001     0.0000     0.0000     0.0000     0.0000     0.0000     0.0000     0.0001     0.0001     0.0001     0.0001 
Communication              0.0003     0.0003     0.0004     0.0004     0.0004     0.0004     0.0004     0.0004     0.0004     0.0005     0.0004     0.0004     0.0004     0.0004     0.0003     0.0004     0.0001     0.0006 
Synchronization            0.0001     0.0001     0.0001     0.0001     0.0001     0.0002     0.0002     0.0002     0.0001     0.0002     0.0001     0.0000     0.0001     0.0001     0.0001     0.0001     0.0001     0.0001 
Variation                  0.0001     0.0003     0.0003     0.0003     0.0003     0.0003     0.0003     0.0003     0.0003     0.0003     0.0003     0.0002     0.0003     0.0002     0.0003     0.0003     0.0003     0.0003 
Overlap                    0.0000     0.0000     0.0000     0.0000     0.0000     0.0000     0.0000     0.0000     0.0000     0.0000     0.0000     0.0000     0.0000     0.0000     0.0000     0.0000     0.0000     0.0000 
Load imbalance             0.0000     0.0000     0.0000     0.0001     0.0000     0.0000     0.0000     0.0000     0.0000     0.0001     0.0000     0.0000     0.0000     0.0000     0.0000     0.0001     0.0000     0.0001 
Execution time             0.0056     0.0056     0.0056     0.0056     0.0056     0.0056     0.0055     0.0055     0.0056     0.0056     0.0056     0.0056     0.0056     0.0056     0.0055     0.0055     0.0055     0.0055 
User CPU time              0.0004     0.0005     0.0004     0.0004     0.0004     0.0004     0.0005     0.0005     0.0005     0.0004     0.0004     0.0004     0.0005     0.0005     0.0005     0.0004     0.0005     0.0004 
Sys. CPU time              0.0000     0.0000     0.0000     0.0000     0.0000     0.0000     0.0000     0.0000     0.0000     0.0000     0.0000     0.0000     0.0000     0.0000     0.0000     0.0000     0.0000     0.0000 
I/O time                   0.0000     0.0000     0.0000     0.0000     0.0000     0.0000     0.0000     0.0000     0.0000     0.0000     0.0000     0.0000     0.0000     0.0000     0.0000     0.0000     0.0000     0.0000 
Processors                     18         18         18         18         18         18         18         18         18         18         18         18         18         18         18         18         18         18 
           Communication          
Reduction                  0.0003     0.0003     0.0004     0.0004     0.0004     0.0004     0.0004     0.0004     0.0004     0.0005     0.0004     0.0004     0.0004     0.0004     0.0003     0.0004     0.0001     0.0006 
           Synchronization        
I/O                        0.0001     0.0001     0.0001     0.0001     0.0001     0.0002     0.0002     0.0002     0.0001     0.0002     0.0001     0.0000     0.0001     0.0001     0.0001     0.0001     0.0001     0.0001 
Reduction                  0.0000     0.0000     0.0000     0.0000     0.0000     0.0000     0.0000     0.0000     0.0000     0.0000     0.0000     0.0000     0.0000     0.0000     0.0000     0.0000     0.0000     0.0000 
           Variation              
I/O                        0.0001     0.0003     0.0003     0.0003     0.0003     0.0003     0.0003     0.0003     0.0003     0.0003     0.0003     0.0002     0.0003     0.0002     0.0003     0.0003     0.0003     0.0003 
Reduction                  0.0000     0.0000     0.0000     0.0000     0.0000     0.0000     0.0000     0.0000     0.0000     0.0000     0.0000     0.0000     0.0000     0.0000     0.0000     0.0000     0.0000     0.0000 
           Overlap                
Reduction                  0.0000     0.0000     0.0000     0.0000     0.0000     0.0000     0.0000     0.0000     0.0000     0.0000     0.0000     0.0000     0.0000     0.0000     0.0000     0.0000     0.0000     0.0000 


-------------------------------------------------------------------------
Name (number) and performance time of processors
omp.keldysh.ru(1) 0.933941
omp.keldysh.ru(2) 0.933887
omp.keldysh.ru(3) 0.955145
omp.keldysh.ru(4) 0.955428
omp.keldysh.ru(5) 0.953847
omp.keldysh.ru(6) 0.953834
omp.keldysh.ru(7) 0.958387
omp.keldysh.ru(8) 0.958378
omp.keldysh.ru(9) 0.956108
omp.keldysh.ru(10) 0.956121
omp.keldysh.ru(11) 0.933990
omp.keldysh.ru(12) 0.933985
omp.keldysh.ru(13) 0.955600
omp.keldysh.ru(14) 0.955573
omp.keldysh.ru(15) 0.955693
omp.keldysh.ru(16) 0.955698
omp.keldysh.ru(17) 0.949501
omp.keldysh.ru(18) 0.949462
min - omp.keldysh.ru(2) 0.933887; max - omp.keldysh.ru(7) 0.958387; mid - 0.950254
