Processor system=6*3*1
Statistics has been accumulated on DVM-system version 5.0, platform DVM
Analyzer is executing on DVM-system version 5.0, platform DVM
-------------------------------------------------------------------------
INTERVAL ( NLINE=5 SOURCE=inoutlocal33.f ) LEVEL=0  EXE_COUNT=2
--- The main characteristics --- 
Parallelization efficiency      0.0404 
Execution time                  0.0114 
Processors                          18
Threads amount                      18
Total time                      0.2050
Productive time                 0.0083 ( CPU= 0.0074 Sys= 0.0009 I/O= 0.0000 )
Lost  time                      0.1968 
   Insufficient parallelism     0.1407 ( User= 0.1256 Sys= 0.0150 )
   Communication                0.0058 ( Real_sync= 0.0000 Starts= 0.0000 )
   Idle time                    0.0503
Load imbalance                  0.0028
Synchronization                 0.0438
Time variation                  0.0470
Overlap                         0.0000
                  Nop   Communic    Synchro  Variation    Overlap 
I/O                19     0.0000     0.0240     0.0271     0.0000 
Reduction          17     0.0058     0.0198     0.0198     0.0000 
--- The comparative characteristics --- 
                              Tmin N proc      Tmax N proc      Tmid
Lost time                   0.0108     3     0.0111    18     0.0109 
User insufficient par.      0.0046    18     0.0096     3     0.0070 
Sys.insufficient par.       0.0006    17     0.0011     1     0.0008 
Idle time                   0.0000     3     0.0054    18     0.0028 
Communication               0.0002     1     0.0003    11     0.0003 
Synchronization             0.0004     4     0.0155    17     0.0024 
Variation                   0.0005     1     0.0157    17     0.0026 
Overlap                     0.0000     3     0.0000     2     0.0000 
Load imbalance              0.0000     3     0.0003    18     0.0002 
Execution time              0.0059    18     0.0114     3     0.0086 
User CPU time               0.0003    18     0.0006     3     0.0004 
Sys. CPU time               0.0000    17     0.0001     3     0.0000 
I/O time                    0.0000    14     0.0000     1     0.0000 
Processors                      18     1         18    18         18 
                      Communic          Synchro        Variation          Overlap  
I/O             Tmin    0.0000     1     0.0002     4     0.0002     1     0.0000     1 
I/O             Tmax    0.0000    18     0.0083    17     0.0085    17     0.0000    18 
I/O             Tmid    0.0000           0.0013           0.0015           0.0000       
Reduction       Tmin    0.0002     1     0.0002    16     0.0002    16     0.0000     3 
Reduction       Tmax    0.0003    11     0.0072    17     0.0072    17     0.0000     2 
Reduction       Tmid    0.0003           0.0011           0.0011           0.0000       
--- The execution characteristics --- 
                                1          2          3          4          5          6          7          8          9         10         11         12         13         14         15         16         17         18 
Lost time                  0.0110     0.0111     0.0108     0.0108     0.0109     0.0109     0.0110     0.0110     0.0109     0.0110     0.0111     0.0109     0.0109     0.0108     0.0108     0.0108     0.0111     0.0111 
User insufficient par.     0.0056     0.0048     0.0096     0.0084     0.0081     0.0080     0.0062     0.0066     0.0077     0.0055     0.0048     0.0073     0.0070     0.0088     0.0088     0.0092     0.0047     0.0046 
Sys.insufficient par.      0.0011     0.0009     0.0009     0.0008     0.0008     0.0008     0.0008     0.0008     0.0008     0.0008     0.0009     0.0008     0.0009     0.0008     0.0008     0.0008     0.0006     0.0007 
Idle time                  0.0040     0.0051     0.0000     0.0013     0.0017     0.0017     0.0036     0.0032     0.0020     0.0044     0.0051     0.0024     0.0028     0.0008     0.0009     0.0005     0.0054     0.0054 
Communication              0.0002     0.0003     0.0003     0.0003     0.0003     0.0003     0.0003     0.0003     0.0003     0.0003     0.0003     0.0003     0.0003     0.0003     0.0003     0.0003     0.0003     0.0003 
Synchronization            0.0006     0.0006     0.0004     0.0004     0.0011     0.0011     0.0004     0.0006     0.0009     0.0009     0.0017     0.0018     0.0013     0.0013     0.0004     0.0004     0.0155     0.0141 
Variation                  0.0005     0.0008     0.0006     0.0006     0.0013     0.0013     0.0006     0.0008     0.0011     0.0011     0.0019     0.0019     0.0015     0.0015     0.0006     0.0006     0.0157     0.0143 
Overlap                    0.0000     0.0000     0.0000     0.0000     0.0000     0.0000     0.0000     0.0000     0.0000     0.0000     0.0000     0.0000     0.0000     0.0000     0.0000     0.0000     0.0000     0.0000 
Load imbalance             0.0002     0.0003     0.0000     0.0001     0.0001     0.0001     0.0002     0.0002     0.0001     0.0002     0.0003     0.0001     0.0002     0.0000     0.0000     0.0000     0.0003     0.0003 
Execution time             0.0074     0.0063     0.0114     0.0101     0.0097     0.0097     0.0078     0.0082     0.0094     0.0070     0.0063     0.0090     0.0086     0.0106     0.0105     0.0109     0.0059     0.0059 
User CPU time              0.0003     0.0003     0.0006     0.0005     0.0005     0.0005     0.0004     0.0004     0.0005     0.0003     0.0003     0.0004     0.0004     0.0005     0.0005     0.0005     0.0003     0.0003 
Sys. CPU time              0.0000     0.0000     0.0001     0.0000     0.0000     0.0000     0.0000     0.0000     0.0000     0.0000     0.0000     0.0000     0.0000     0.0000     0.0000     0.0000     0.0000     0.0000 
I/O time                   0.0000     0.0000     0.0000     0.0000     0.0000     0.0000     0.0000     0.0000     0.0000     0.0000     0.0000     0.0000     0.0000     0.0000     0.0000     0.0000     0.0000     0.0000 
Processors                     18         18         18         18         18         18         18         18         18         18         18         18         18         18         18         18         18         18 
           Communication          
Reduction                  0.0002     0.0003     0.0003     0.0003     0.0003     0.0003     0.0003     0.0003     0.0003     0.0003     0.0003     0.0003     0.0003     0.0003     0.0003     0.0003     0.0003     0.0003 
           Synchronization        
I/O                        0.0003     0.0004     0.0002     0.0002     0.0006     0.0006     0.0003     0.0004     0.0006     0.0005     0.0010     0.0010     0.0008     0.0008     0.0002     0.0002     0.0083     0.0076 
Reduction                  0.0003     0.0003     0.0002     0.0002     0.0005     0.0005     0.0002     0.0003     0.0004     0.0004     0.0007     0.0008     0.0006     0.0006     0.0002     0.0002     0.0072     0.0065 
           Variation              
I/O                        0.0002     0.0006     0.0004     0.0004     0.0008     0.0008     0.0005     0.0006     0.0007     0.0007     0.0012     0.0012     0.0010     0.0010     0.0004     0.0004     0.0085     0.0078 
Reduction                  0.0003     0.0003     0.0002     0.0002     0.0005     0.0005     0.0002     0.0003     0.0004     0.0004     0.0008     0.0008     0.0006     0.0006     0.0002     0.0002     0.0072     0.0065 
           Overlap                
Reduction                  0.0000     0.0000     0.0000     0.0000     0.0000     0.0000     0.0000     0.0000     0.0000     0.0000     0.0000     0.0000     0.0000     0.0000     0.0000     0.0000     0.0000     0.0000 


-------------------------------------------------------------------------
Name (number) and performance time of processors
omp.keldysh.ru(1) 0.935385
omp.keldysh.ru(2) 0.935312
omp.keldysh.ru(3) 0.957773
omp.keldysh.ru(4) 0.957783
omp.keldysh.ru(5) 0.935396
omp.keldysh.ru(6) 0.935381
omp.keldysh.ru(7) 0.957088
omp.keldysh.ru(8) 0.956812
omp.keldysh.ru(9) 0.956728
omp.keldysh.ru(10) 0.956708
omp.keldysh.ru(11) 0.959877
omp.keldysh.ru(12) 0.959910
omp.keldysh.ru(13) 0.959755
omp.keldysh.ru(14) 0.959757
omp.keldysh.ru(15) 0.956469
omp.keldysh.ru(16) 0.956425
omp.keldysh.ru(17) 0.959334
omp.keldysh.ru(18) 0.959313
min - omp.keldysh.ru(2) 0.935312; max - omp.keldysh.ru(12) 0.959910; mid - 0.953067
