Processor system=4*4
Statistics has been accumulated on DVM-system version 5.0, platform DVM
Analyzer is executing on DVM-system version 5.0, platform DVM
-------------------------------------------------------------------------
INTERVAL ( NLINE=10 SOURCE=copy21.f ) LEVEL=0  EXE_COUNT=1
--- The main characteristics --- 
Parallelization efficiency      0.0503 
Execution time                  0.0079 
Processors                          16
Threads amount                      16
Total time                      0.1260
Productive time                 0.0063 ( CPU= 0.0062 Sys= 0.0002 I/O= 0.0000 )
Lost  time                      0.1197 
   Insufficient parallelism     0.0949 ( User= 0.0923 Sys= 0.0026 )
   Communication                0.0018 ( Real_sync= 0.0000 Starts= 0.0000 )
   Idle time                    0.0229
Load imbalance                  0.0014
Synchronization                 0.0062
Time variation                  0.0080
Overlap                         0.0000
                  Nop   Communic    Synchro  Variation    Overlap 
I/O                 3     0.0000     0.0002     0.0022     0.0000 
Reduction           1     0.0018     0.0001     0.0001     0.0000 
Remote access       3     0.0000     0.0059     0.0057     0.0000 
--- The comparative characteristics --- 
                              Tmin N proc      Tmax N proc      Tmid
Lost time                   0.0074    15     0.0075    12     0.0075 
User insufficient par.      0.0050     6     0.0071    15     0.0058 
Sys.insufficient par.       0.0001    14     0.0003     1     0.0002 
Idle time                   0.0000    15     0.0023    12     0.0014 
Communication               0.0000     1     0.0001    15     0.0001 
Synchronization             0.0000     1     0.0004    16     0.0004 
Variation                   0.0000     1     0.0006    15     0.0005 
Overlap                     0.0000     1     0.0000    11     0.0000 
Load imbalance              0.0000    15     0.0001    12     0.0001 
Execution time              0.0056    12     0.0079    15     0.0064 
User CPU time               0.0003    12     0.0005    15     0.0004 
Sys. CPU time               0.0000     1     0.0000     9     0.0000 
I/O time                    0.0000     3     0.0000     1     0.0000 
Processors                      16     1         16    16         16 
                      Communic          Synchro        Variation          Overlap  
I/O             Tmin    0.0000     1     0.0000     1     0.0000     1     0.0000     1 
I/O             Tmax    0.0000    16     0.0000    16     0.0001    14     0.0000    16 
I/O             Tmid    0.0000           0.0000           0.0001           0.0000       
Reduction       Tmin    0.0000     1     0.0000    11     0.0000    11     0.0000     1 
Reduction       Tmax    0.0001    15     0.0000    16     0.0000    16     0.0000    11 
Reduction       Tmid    0.0001           0.0000           0.0000           0.0000       
Remote access   Tmin    0.0000     1     0.0000     1     0.0000     1     0.0000     1 
Remote access   Tmax    0.0000    16     0.0004    16     0.0004    15     0.0000    16 
Remote access   Tmid    0.0000           0.0004           0.0004           0.0000       
--- The execution characteristics --- 
                                1          2          3          4          5          6          7          8          9         10         11         12         13         14         15         16 
Lost time                  0.0074     0.0074     0.0075     0.0074     0.0075     0.0075     0.0075     0.0075     0.0075     0.0075     0.0075     0.0075     0.0075     0.0074     0.0074     0.0075 
User insufficient par.     0.0067     0.0067     0.0050     0.0064     0.0056     0.0050     0.0056     0.0050     0.0060     0.0050     0.0060     0.0050     0.0050     0.0071     0.0071     0.0050 
Sys.insufficient par.      0.0003     0.0002     0.0002     0.0002     0.0002     0.0002     0.0002     0.0002     0.0002     0.0002     0.0002     0.0002     0.0001     0.0001     0.0001     0.0001 
Idle time                  0.0004     0.0004     0.0022     0.0008     0.0016     0.0023     0.0016     0.0023     0.0012     0.0023     0.0012     0.0023     0.0022     0.0000     0.0000     0.0022 
Communication              0.0000     0.0001     0.0001     0.0001     0.0001     0.0001     0.0001     0.0001     0.0001     0.0001     0.0001     0.0001     0.0001     0.0001     0.0001     0.0001 
Synchronization            0.0000     0.0004     0.0004     0.0004     0.0004     0.0004     0.0004     0.0004     0.0004     0.0004     0.0004     0.0004     0.0004     0.0004     0.0004     0.0004 
Variation                  0.0000     0.0005     0.0005     0.0005     0.0005     0.0005     0.0005     0.0005     0.0005     0.0005     0.0005     0.0005     0.0006     0.0006     0.0006     0.0006 
Overlap                    0.0000     0.0000     0.0000     0.0000     0.0000     0.0000     0.0000     0.0000     0.0000     0.0000     0.0000     0.0000     0.0000     0.0000     0.0000     0.0000 
Load imbalance             0.0000     0.0000     0.0001     0.0000     0.0001     0.0001     0.0001     0.0001     0.0001     0.0001     0.0001     0.0001     0.0001     0.0000     0.0000     0.0001 
Execution time             0.0075     0.0075     0.0056     0.0071     0.0063     0.0056     0.0063     0.0056     0.0067     0.0056     0.0067     0.0056     0.0056     0.0079     0.0079     0.0056 
User CPU time              0.0004     0.0004     0.0003     0.0004     0.0004     0.0003     0.0004     0.0003     0.0004     0.0003     0.0004     0.0003     0.0003     0.0005     0.0005     0.0003 
Sys. CPU time              0.0000     0.0000     0.0000     0.0000     0.0000     0.0000     0.0000     0.0000     0.0000     0.0000     0.0000     0.0000     0.0000     0.0000     0.0000     0.0000 
I/O time                   0.0000     0.0000     0.0000     0.0000     0.0000     0.0000     0.0000     0.0000     0.0000     0.0000     0.0000     0.0000     0.0000     0.0000     0.0000     0.0000 
Processors                     16         16         16         16         16         16         16         16         16         16         16         16         16         16         16         16 
           Communication          
Reduction                  0.0000     0.0001     0.0001     0.0001     0.0001     0.0001     0.0001     0.0001     0.0001     0.0001     0.0001     0.0001     0.0001     0.0001     0.0001     0.0001 
           Synchronization        
I/O                        0.0000     0.0000     0.0000     0.0000     0.0000     0.0000     0.0000     0.0000     0.0000     0.0000     0.0000     0.0000     0.0000     0.0000     0.0000     0.0000 
Reduction                  0.0000     0.0000     0.0000     0.0000     0.0000     0.0000     0.0000     0.0000     0.0000     0.0000     0.0000     0.0000     0.0000     0.0000     0.0000     0.0000 
Remote access              0.0000     0.0004     0.0004     0.0004     0.0004     0.0004     0.0004     0.0004     0.0004     0.0004     0.0004     0.0004     0.0004     0.0004     0.0004     0.0004 
           Variation              
I/O                        0.0000     0.0001     0.0001     0.0001     0.0001     0.0001     0.0001     0.0001     0.0001     0.0001     0.0001     0.0001     0.0001     0.0001     0.0001     0.0001 
Reduction                  0.0000     0.0000     0.0000     0.0000     0.0000     0.0000     0.0000     0.0000     0.0000     0.0000     0.0000     0.0000     0.0000     0.0000     0.0000     0.0000 
Remote access              0.0000     0.0004     0.0004     0.0004     0.0004     0.0004     0.0004     0.0004     0.0004     0.0004     0.0004     0.0004     0.0004     0.0004     0.0004     0.0004 
           Overlap                
Reduction                  0.0000     0.0000     0.0000     0.0000     0.0000     0.0000     0.0000     0.0000     0.0000     0.0000     0.0000     0.0000     0.0000     0.0000     0.0000     0.0000 


-------------------------------------------------------------------------
Name (number) and performance time of processors
omp.keldysh.ru(1) 0.933889
omp.keldysh.ru(2) 0.933805
omp.keldysh.ru(3) 0.957069
omp.keldysh.ru(4) 0.957066
omp.keldysh.ru(5) 0.933939
omp.keldysh.ru(6) 0.933915
omp.keldysh.ru(7) 0.959389
omp.keldysh.ru(8) 0.959367
omp.keldysh.ru(9) 0.956639
omp.keldysh.ru(10) 0.956627
omp.keldysh.ru(11) 0.959037
omp.keldysh.ru(12) 0.959328
omp.keldysh.ru(13) 0.957182
omp.keldysh.ru(14) 0.957167
omp.keldysh.ru(15) 0.958266
omp.keldysh.ru(16) 0.958245
min - omp.keldysh.ru(2) 0.933805; max - omp.keldysh.ru(7) 0.959389; mid - 0.951933
