Processor system=4*1*1*4
Statistics has been accumulated on DVM-system version 5.0, platform DVM
Analyzer is executing on DVM-system version 5.0, platform DVM
-------------------------------------------------------------------------
INTERVAL ( NLINE=7 SOURCE=reda41.f ) LEVEL=0  EXE_COUNT=1
--- The main characteristics --- 
Parallelization efficiency      0.0485 
Execution time                  0.0085 
Processors                          16
Threads amount                      16
Total time                      0.1362
Productive time                 0.0066 ( CPU= 0.0062 Sys= 0.0004 I/O= 0.0000 )
Lost  time                      0.1296 
   Insufficient parallelism     0.0899 ( User= 0.0832 Sys= 0.0068 )
   Communication                0.0066 ( Real_sync= 0.0000 Starts= 0.0000 )
   Idle time                    0.0331
Load imbalance                  0.0023
Synchronization                 0.0060
Time variation                  0.0047
Overlap                         0.0001
                  Nop   Communic    Synchro  Variation    Overlap 
I/O                 6     0.0000     0.0008     0.0029     0.0000 
Reduction           4     0.0027     0.0005     0.0004     0.0001 
Remote access      21     0.0039     0.0047     0.0013     0.0000 
--- The comparative characteristics --- 
                              Tmin N proc      Tmax N proc      Tmid
Lost time                   0.0080    11     0.0083    13     0.0081 
User insufficient par.      0.0023    13     0.0072     9     0.0052 
Sys.insufficient par.       0.0003    15     0.0006     1     0.0004 
Idle time                   0.0000    11     0.0050    13     0.0021 
Communication               0.0002     1     0.0007    15     0.0004 
Synchronization             0.0001     1     0.0006    14     0.0004 
Variation                   0.0001     1     0.0004     3     0.0003 
Overlap                     0.0000    13     0.0000    10     0.0000 
Load imbalance              0.0000    11     0.0004    13     0.0001 
Execution time              0.0035    13     0.0085    11     0.0064 
User CPU time               0.0002    13     0.0005    11     0.0004 
Sys. CPU time               0.0000    15     0.0000    10     0.0000 
I/O time                    0.0000     3     0.0000     1     0.0000 
Processors                      16     1         16    16         16 
                      Communic          Synchro        Variation          Overlap  
I/O             Tmin    0.0000     1     0.0000    11     0.0000     1     0.0000     1 
I/O             Tmax    0.0000    16     0.0001     1     0.0002     3     0.0000    16 
I/O             Tmid    0.0000           0.0001           0.0002           0.0000       
Reduction       Tmin    0.0001     1     0.0000    10     0.0000    11     0.0000    13 
Reduction       Tmax    0.0002    14     0.0001    15     0.0000     1     0.0000    10 
Reduction       Tmid    0.0002           0.0000           0.0000           0.0000       
Remote access   Tmin    0.0001     1     0.0000     1     0.0000     1     0.0000     2 
Remote access   Tmax    0.0005    15     0.0005    14     0.0001     3     0.0000     1 
Remote access   Tmid    0.0002           0.0003           0.0001           0.0000       
--- The execution characteristics --- 
                                1          2          3          4          5          6          7          8          9         10         11         12         13         14         15         16 
Lost time                  0.0082     0.0081     0.0081     0.0082     0.0080     0.0080     0.0081     0.0080     0.0080     0.0081     0.0080     0.0081     0.0083     0.0082     0.0081     0.0082 
User insufficient par.     0.0031     0.0054     0.0054     0.0043     0.0068     0.0068     0.0046     0.0065     0.0072     0.0050     0.0072     0.0057     0.0023     0.0037     0.0059     0.0033 
Sys.insufficient par.      0.0006     0.0004     0.0004     0.0004     0.0004     0.0004     0.0004     0.0004     0.0004     0.0004     0.0004     0.0004     0.0003     0.0003     0.0003     0.0004 
Idle time                  0.0043     0.0019     0.0019     0.0031     0.0004     0.0004     0.0027     0.0008     0.0000     0.0023     0.0000     0.0016     0.0050     0.0035     0.0012     0.0039 
Communication              0.0002     0.0003     0.0003     0.0003     0.0003     0.0003     0.0003     0.0003     0.0003     0.0003     0.0004     0.0003     0.0006     0.0007     0.0007     0.0006 
Synchronization            0.0001     0.0004     0.0004     0.0003     0.0004     0.0004     0.0003     0.0003     0.0003     0.0003     0.0003     0.0003     0.0006     0.0006     0.0006     0.0005 
Variation                  0.0001     0.0004     0.0004     0.0004     0.0003     0.0003     0.0003     0.0003     0.0003     0.0003     0.0002     0.0002     0.0003     0.0003     0.0003     0.0002 
Overlap                    0.0000     0.0000     0.0000     0.0000     0.0000     0.0000     0.0000     0.0000     0.0000     0.0000     0.0000     0.0000     0.0000     0.0000     0.0000     0.0000 
Load imbalance             0.0003     0.0001     0.0001     0.0002     0.0000     0.0000     0.0002     0.0001     0.0000     0.0001     0.0000     0.0001     0.0004     0.0003     0.0001     0.0003 
Execution time             0.0042     0.0066     0.0066     0.0054     0.0081     0.0081     0.0058     0.0077     0.0085     0.0062     0.0085     0.0069     0.0035     0.0050     0.0073     0.0046 
User CPU time              0.0002     0.0004     0.0004     0.0003     0.0005     0.0005     0.0004     0.0005     0.0005     0.0004     0.0005     0.0004     0.0002     0.0003     0.0004     0.0002 
Sys. CPU time              0.0000     0.0000     0.0000     0.0000     0.0000     0.0000     0.0000     0.0000     0.0000     0.0000     0.0000     0.0000     0.0000     0.0000     0.0000     0.0000 
I/O time                   0.0000     0.0000     0.0000     0.0000     0.0000     0.0000     0.0000     0.0000     0.0000     0.0000     0.0000     0.0000     0.0000     0.0000     0.0000     0.0000 
Processors                     16         16         16         16         16         16         16         16         16         16         16         16         16         16         16         16 
           Communication          
Reduction                  0.0001     0.0002     0.0002     0.0002     0.0002     0.0002     0.0002     0.0002     0.0002     0.0002     0.0002     0.0002     0.0002     0.0002     0.0002     0.0002 
Remote access              0.0001     0.0002     0.0002     0.0002     0.0002     0.0002     0.0002     0.0002     0.0002     0.0002     0.0002     0.0002     0.0005     0.0005     0.0005     0.0004 
           Synchronization        
I/O                        0.0001     0.0001     0.0001     0.0001     0.0000     0.0001     0.0000     0.0000     0.0000     0.0000     0.0000     0.0000     0.0001     0.0001     0.0001     0.0000 
Reduction                  0.0000     0.0000     0.0000     0.0000     0.0000     0.0000     0.0000     0.0000     0.0000     0.0000     0.0000     0.0000     0.0000     0.0000     0.0001     0.0000 
Remote access              0.0000     0.0003     0.0003     0.0003     0.0003     0.0003     0.0002     0.0002     0.0002     0.0002     0.0002     0.0002     0.0005     0.0005     0.0005     0.0004 
           Variation              
I/O                        0.0000     0.0002     0.0002     0.0002     0.0002     0.0002     0.0002     0.0002     0.0002     0.0002     0.0002     0.0002     0.0002     0.0002     0.0002     0.0002 
Reduction                  0.0000     0.0000     0.0000     0.0000     0.0000     0.0000     0.0000     0.0000     0.0000     0.0000     0.0000     0.0000     0.0000     0.0000     0.0000     0.0000 
Remote access              0.0000     0.0001     0.0001     0.0001     0.0001     0.0001     0.0001     0.0001     0.0001     0.0001     0.0001     0.0001     0.0001     0.0001     0.0001     0.0000 
           Overlap                
Reduction                  0.0000     0.0000     0.0000     0.0000     0.0000     0.0000     0.0000     0.0000     0.0000     0.0000     0.0000     0.0000     0.0000     0.0000     0.0000     0.0000 
Remote access              0.0000     0.0000     0.0000     0.0000     0.0000     0.0000     0.0000     0.0000     0.0000     0.0000     0.0000     0.0000     0.0000     0.0000     0.0000     0.0000 


-------------------------------------------------------------------------
Name (number) and performance time of processors
omp.keldysh.ru(1) 0.935494
omp.keldysh.ru(2) 0.935437
omp.keldysh.ru(3) 0.960555
omp.keldysh.ru(4) 0.960574
omp.keldysh.ru(5) 0.959992
omp.keldysh.ru(6) 0.960007
omp.keldysh.ru(7) 0.935463
omp.keldysh.ru(8) 0.935472
omp.keldysh.ru(9) 0.958501
omp.keldysh.ru(10) 0.958518
omp.keldysh.ru(11) 0.935382
omp.keldysh.ru(12) 0.935374
omp.keldysh.ru(13) 0.956641
omp.keldysh.ru(14) 0.956641
omp.keldysh.ru(15) 0.957611
omp.keldysh.ru(16) 0.957931
min - omp.keldysh.ru(12) 0.935374; max - omp.keldysh.ru(4) 0.960574; mid - 0.949975
