Processor system=3*3*1*2
Statistics has been accumulated on DVM-system version 5.0, platform DVM
Analyzer is executing on DVM-system version 5.0, platform DVM
-------------------------------------------------------------------------
INTERVAL ( NLINE=8 SOURCE=sha43.f ) LEVEL=0  EXE_COUNT=2
--- The main characteristics --- 
Parallelization efficiency      0.0632 
Execution time                  0.0151 
Processors                          18
Threads amount                      18
Total time                      0.2710
Productive time                 0.0171 ( CPU= 0.0152 Sys= 0.0019 I/O= 0.0000 )
Lost  time                      0.2539 
   Insufficient parallelism     0.1722 ( User= 0.1398 Sys= 0.0324 )
   Communication                0.0464 ( Real_sync= 0.0000 Starts= 0.0000 )
   Idle time                    0.0353
Load imbalance                  0.0044
Synchronization                 0.0219
Time variation                  0.0219
Overlap                         0.0000
                  Nop   Communic    Synchro  Variation    Overlap 
I/O                 6     0.0000     0.0022     0.0046     0.0000 
Reduction           5     0.0270     0.0010     0.0010     0.0000 
Shadow              5     0.0194     0.0187     0.0163     0.0000 
--- The comparative characteristics --- 
                              Tmin N proc      Tmax N proc      Tmid
Lost time                   0.0139     9     0.0144    17     0.0141 
User insufficient par.      0.0057    17     0.0097    12     0.0078 
Sys.insufficient par.       0.0010    17     0.0027    10     0.0018 
Idle time                   0.0000    12     0.0035    10     0.0020 
Communication               0.0014    10     0.0043    17     0.0026 
Synchronization             0.0002    10     0.0029    17     0.0012 
Variation                   0.0003    10     0.0015    13     0.0012 
Overlap                     0.0000     1     0.0000    10     0.0000 
Load imbalance              0.0000     9     0.0005    17     0.0002 
Execution time              0.0116    10     0.0151    12     0.0131 
User CPU time               0.0006    17     0.0010     9     0.0008 
Sys. CPU time               0.0001    17     0.0002    10     0.0001 
I/O time                    0.0000     2     0.0000     1     0.0000 
Processors                      18     1         18    18         18 
                      Communic          Synchro        Variation          Overlap  
I/O             Tmin    0.0000     1     0.0001    12     0.0001     1     0.0000     1 
I/O             Tmax    0.0000    18     0.0002    17     0.0003    17     0.0000    18 
I/O             Tmid    0.0000           0.0001           0.0003           0.0000       
Reduction       Tmin    0.0004    10     0.0000    14     0.0000     4     0.0000     1 
Reduction       Tmax    0.0018     1     0.0001    17     0.0001    17     0.0000    18 
Reduction       Tmid    0.0015           0.0001           0.0001           0.0000       
Shadow          Tmin    0.0007     7     0.0000    10     0.0001    10     0.0000     1 
Shadow          Tmax    0.0025    17     0.0027    17     0.0012     1     0.0000    10 
Shadow          Tmid    0.0011           0.0010           0.0009           0.0000       
--- The execution characteristics --- 
                                1          2          3          4          5          6          7          8          9         10         11         12         13         14         15         16         17         18 
Lost time                  0.0143     0.0142     0.0141     0.0141     0.0142     0.0140     0.0140     0.0142     0.0139     0.0140     0.0140     0.0139     0.0141     0.0141     0.0141     0.0140     0.0144     0.0143 
User insufficient par.     0.0064     0.0085     0.0085     0.0078     0.0065     0.0094     0.0093     0.0064     0.0091     0.0065     0.0090     0.0097     0.0082     0.0082     0.0067     0.0073     0.0057     0.0068 
Sys.insufficient par.      0.0016     0.0014     0.0019     0.0018     0.0015     0.0015     0.0020     0.0021     0.0026     0.0027     0.0022     0.0022     0.0015     0.0015     0.0018     0.0019     0.0010     0.0010 
Idle time                  0.0034     0.0012     0.0012     0.0020     0.0034     0.0004     0.0004     0.0034     0.0008     0.0035     0.0008     0.0000     0.0016     0.0016     0.0034     0.0027     0.0034     0.0023 
Communication              0.0029     0.0030     0.0025     0.0025     0.0028     0.0028     0.0023     0.0023     0.0014     0.0014     0.0020     0.0021     0.0029     0.0029     0.0022     0.0021     0.0043     0.0041 
Synchronization            0.0014     0.0015     0.0011     0.0011     0.0014     0.0013     0.0010     0.0009     0.0003     0.0002     0.0007     0.0007     0.0014     0.0014     0.0008     0.0008     0.0029     0.0027 
Variation                  0.0013     0.0014     0.0014     0.0014     0.0014     0.0014     0.0014     0.0012     0.0004     0.0003     0.0009     0.0010     0.0015     0.0014     0.0013     0.0012     0.0014     0.0014 
Overlap                    0.0000     0.0000     0.0000     0.0000     0.0000     0.0000     0.0000     0.0000     0.0000     0.0000     0.0000     0.0000     0.0000     0.0000     0.0000     0.0000     0.0000     0.0000 
Load imbalance             0.0004     0.0003     0.0002     0.0003     0.0003     0.0002     0.0002     0.0003     0.0000     0.0002     0.0001     0.0001     0.0003     0.0003     0.0002     0.0002     0.0005     0.0004 
Execution time             0.0116     0.0139     0.0139     0.0131     0.0116     0.0147     0.0147     0.0116     0.0143     0.0116     0.0143     0.0151     0.0135     0.0135     0.0116     0.0123     0.0116     0.0127 
User CPU time              0.0007     0.0008     0.0009     0.0008     0.0008     0.0009     0.0009     0.0007     0.0010     0.0009     0.0010     0.0010     0.0009     0.0009     0.0009     0.0009     0.0006     0.0007 
Sys. CPU time              0.0001     0.0001     0.0001     0.0001     0.0001     0.0001     0.0001     0.0001     0.0002     0.0002     0.0001     0.0001     0.0001     0.0001     0.0001     0.0001     0.0001     0.0001 
I/O time                   0.0000     0.0000     0.0000     0.0000     0.0000     0.0000     0.0000     0.0000     0.0000     0.0000     0.0000     0.0000     0.0000     0.0000     0.0000     0.0000     0.0000     0.0000 
Processors                     18         18         18         18         18         18         18         18         18         18         18         18         18         18         18         18         18         18 
           Communication          
Reduction                  0.0018     0.0018     0.0017     0.0017     0.0017     0.0017     0.0016     0.0015     0.0005     0.0004     0.0012     0.0013     0.0018     0.0018     0.0014     0.0014     0.0018     0.0018 
Shadow                     0.0011     0.0012     0.0008     0.0008     0.0011     0.0010     0.0007     0.0008     0.0009     0.0009     0.0008     0.0007     0.0011     0.0011     0.0007     0.0007     0.0025     0.0024 
           Synchronization        
I/O                        0.0001     0.0001     0.0001     0.0001     0.0001     0.0001     0.0001     0.0001     0.0001     0.0001     0.0001     0.0001     0.0001     0.0001     0.0001     0.0001     0.0002     0.0001 
Reduction                  0.0001     0.0000     0.0001     0.0000     0.0001     0.0000     0.0001     0.0000     0.0001     0.0000     0.0001     0.0000     0.0001     0.0000     0.0001     0.0000     0.0001     0.0000 
Shadow                     0.0012     0.0014     0.0009     0.0009     0.0012     0.0012     0.0008     0.0007     0.0001     0.0000     0.0005     0.0006     0.0012     0.0013     0.0006     0.0007     0.0027     0.0025 
           Variation              
I/O                        0.0001     0.0003     0.0003     0.0002     0.0003     0.0003     0.0003     0.0003     0.0003     0.0002     0.0003     0.0002     0.0003     0.0003     0.0003     0.0003     0.0003     0.0003 
Reduction                  0.0001     0.0000     0.0001     0.0000     0.0001     0.0000     0.0001     0.0000     0.0001     0.0000     0.0001     0.0000     0.0001     0.0000     0.0001     0.0000     0.0001     0.0000 
Shadow                     0.0012     0.0011     0.0011     0.0011     0.0011     0.0011     0.0010     0.0009     0.0001     0.0001     0.0006     0.0008     0.0011     0.0011     0.0010     0.0010     0.0011     0.0010 
           Overlap                
Reduction                  0.0000     0.0000     0.0000     0.0000     0.0000     0.0000     0.0000     0.0000     0.0000     0.0000     0.0000     0.0000     0.0000     0.0000     0.0000     0.0000     0.0000     0.0000 
Shadow                     0.0000     0.0000     0.0000     0.0000     0.0000     0.0000     0.0000     0.0000     0.0000     0.0000     0.0000     0.0000     0.0000     0.0000     0.0000     0.0000     0.0000     0.0000 


-------------------------------------------------------------------------
Name (number) and performance time of processors
omp.keldysh.ru(1) 0.935405
omp.keldysh.ru(2) 0.935346
omp.keldysh.ru(3) 0.935417
omp.keldysh.ru(4) 0.935506
omp.keldysh.ru(5) 0.954891
omp.keldysh.ru(6) 0.954871
omp.keldysh.ru(7) 0.954611
omp.keldysh.ru(8) 0.954607
omp.keldysh.ru(9) 0.954404
omp.keldysh.ru(10) 0.954405
omp.keldysh.ru(11) 0.953041
omp.keldysh.ru(12) 0.953377
omp.keldysh.ru(13) 0.961902
omp.keldysh.ru(14) 0.961908
omp.keldysh.ru(15) 0.955755
omp.keldysh.ru(16) 0.955748
omp.keldysh.ru(17) 0.952564
omp.keldysh.ru(18) 0.952539
min - omp.keldysh.ru(2) 0.935346; max - omp.keldysh.ru(14) 0.961908; mid - 0.950905
