Processor system=2*4*2*1
Statistics has been accumulated on DVM-system version 5.0, platform DVM
Analyzer is executing on DVM-system version 5.0, platform DVM
-------------------------------------------------------------------------
INTERVAL ( NLINE=7 SOURCE=acr41.f ) LEVEL=0  EXE_COUNT=1
--- The main characteristics --- 
Parallelization efficiency      0.0843 
Execution time                  0.0197 
Processors                          16
Threads amount                      16
Total time                      0.3157
Productive time                 0.0266 ( CPU= 0.0241 Sys= 0.0025 I/O= 0.0000 )
Lost  time                      0.2891 
   Insufficient parallelism     0.2177 ( User= 0.1799 Sys= 0.0378 )
   Communication                0.0436 ( Real_sync= 0.0000 Starts= 0.0000 )
   Idle time                    0.0278
Load imbalance                  0.0042
Synchronization                 0.0596
Time variation                  0.0688
Overlap                         0.0045
                  Nop   Communic    Synchro  Variation    Overlap 
I/O                10     0.0000     0.0005     0.0033     0.0000 
Reduction           8     0.0047     0.0002     0.0002     0.0000 
Shadow             24     0.0378     0.0589     0.0654     0.0044 
--- The comparative characteristics --- 
                              Tmin N proc      Tmax N proc      Tmid
Lost time                   0.0178     5     0.0185    15     0.0181 
User insufficient par.      0.0084    13     0.0130     8     0.0112 
Sys.insufficient par.       0.0009    14     0.0040     1     0.0024 
Idle time                   0.0000    16     0.0027    13     0.0017 
Communication               0.0006     1     0.0065    14     0.0027 
Synchronization             0.0014     6     0.0080    13     0.0037 
Variation                   0.0016     8     0.0063     1     0.0043 
Overlap                     0.0000    14     0.0005     9     0.0003 
Load imbalance              0.0000     5     0.0006    15     0.0003 
Execution time              0.0171    13     0.0197    16     0.0180 
User CPU time               0.0012    15     0.0018     5     0.0015 
Sys. CPU time               0.0001    14     0.0003     1     0.0002 
I/O time                    0.0000    11     0.0000     1     0.0000 
Processors                      16     1         16    16         16 
                      Communic          Synchro        Variation          Overlap  
I/O             Tmin    0.0000     1     0.0000     1     0.0000     1     0.0000     1 
I/O             Tmax    0.0000    16     0.0001    13     0.0003    13     0.0000    16 
I/O             Tmid    0.0000           0.0000           0.0002           0.0000       
Reduction       Tmin    0.0001     7     0.0000     7     0.0000     7     0.0000     1 
Reduction       Tmax    0.0007    16     0.0000    14     0.0000     2     0.0000     7 
Reduction       Tmid    0.0003           0.0000           0.0000           0.0000       
Shadow          Tmin    0.0004     1     0.0013     6     0.0014     8     0.0000    13 
Shadow          Tmax    0.0057    16     0.0079    13     0.0063     1     0.0005     9 
Shadow          Tmid    0.0024           0.0037           0.0041           0.0003       
--- The execution characteristics --- 
                                1          2          3          4          5          6          7          8          9         10         11         12         13         14         15         16 
Lost time                  0.0181     0.0181     0.0179     0.0179     0.0178     0.0179     0.0180     0.0179     0.0181     0.0180     0.0179     0.0179     0.0184     0.0184     0.0185     0.0183 
User insufficient par.     0.0119     0.0119     0.0109     0.0109     0.0129     0.0129     0.0110     0.0130     0.0125     0.0125     0.0111     0.0112     0.0084     0.0091     0.0085     0.0110 
Sys.insufficient par.      0.0040     0.0036     0.0032     0.0027     0.0025     0.0020     0.0018     0.0014     0.0034     0.0032     0.0026     0.0021     0.0020     0.0009     0.0014     0.0009 
Idle time                  0.0016     0.0016     0.0026     0.0026     0.0008     0.0008     0.0026     0.0004     0.0012     0.0012     0.0026     0.0026     0.0027     0.0019     0.0027     0.0000 
Communication              0.0006     0.0010     0.0012     0.0017     0.0016     0.0021     0.0025     0.0031     0.0009     0.0011     0.0015     0.0020     0.0054     0.0065     0.0059     0.0064 
Synchronization            0.0040     0.0039     0.0029     0.0025     0.0020     0.0014     0.0021     0.0016     0.0032     0.0030     0.0022     0.0017     0.0080     0.0073     0.0072     0.0067 
Variation                  0.0063     0.0060     0.0049     0.0039     0.0035     0.0024     0.0026     0.0016     0.0055     0.0051     0.0039     0.0028     0.0062     0.0050     0.0050     0.0040 
Overlap                    0.0004     0.0004     0.0004     0.0004     0.0004     0.0004     0.0003     0.0003     0.0005     0.0004     0.0003     0.0003     0.0000     0.0000     0.0000     0.0000 
Load imbalance             0.0003     0.0003     0.0001     0.0001     0.0000     0.0000     0.0002     0.0001     0.0002     0.0002     0.0001     0.0001     0.0006     0.0006     0.0006     0.0005 
Execution time             0.0182     0.0182     0.0171     0.0171     0.0189     0.0189     0.0171     0.0193     0.0186     0.0186     0.0171     0.0171     0.0171     0.0178     0.0171     0.0197 
User CPU time              0.0014     0.0014     0.0016     0.0016     0.0018     0.0017     0.0016     0.0017     0.0014     0.0015     0.0017     0.0017     0.0012     0.0013     0.0012     0.0014 
Sys. CPU time              0.0003     0.0002     0.0002     0.0002     0.0002     0.0001     0.0001     0.0001     0.0002     0.0002     0.0002     0.0001     0.0001     0.0001     0.0001     0.0001 
I/O time                   0.0000     0.0000     0.0000     0.0000     0.0000     0.0000     0.0000     0.0000     0.0000     0.0000     0.0000     0.0000     0.0000     0.0000     0.0000     0.0000 
Processors                     16         16         16         16         16         16         16         16         16         16         16         16         16         16         16         16 
           Communication          
Reduction                  0.0002     0.0002     0.0002     0.0002     0.0002     0.0002     0.0001     0.0002     0.0002     0.0002     0.0002     0.0002     0.0006     0.0006     0.0007     0.0007 
Shadow                     0.0004     0.0008     0.0010     0.0015     0.0014     0.0019     0.0023     0.0029     0.0007     0.0009     0.0013     0.0018     0.0047     0.0053     0.0052     0.0057 
           Synchronization        
I/O                        0.0000     0.0000     0.0000     0.0000     0.0000     0.0000     0.0000     0.0000     0.0000     0.0000     0.0000     0.0000     0.0001     0.0000     0.0001     0.0001 
Reduction                  0.0000     0.0000     0.0000     0.0000     0.0000     0.0000     0.0000     0.0000     0.0000     0.0000     0.0000     0.0000     0.0000     0.0000     0.0000     0.0000 
Shadow                     0.0040     0.0039     0.0029     0.0024     0.0019     0.0013     0.0020     0.0015     0.0032     0.0030     0.0021     0.0017     0.0079     0.0072     0.0072     0.0067 
           Variation              
I/O                        0.0000     0.0002     0.0002     0.0002     0.0002     0.0002     0.0002     0.0002     0.0002     0.0002     0.0002     0.0002     0.0003     0.0002     0.0003     0.0002 
Reduction                  0.0000     0.0000     0.0000     0.0000     0.0000     0.0000     0.0000     0.0000     0.0000     0.0000     0.0000     0.0000     0.0000     0.0000     0.0000     0.0000 
Shadow                     0.0063     0.0058     0.0047     0.0037     0.0033     0.0022     0.0024     0.0014     0.0053     0.0048     0.0037     0.0026     0.0059     0.0047     0.0047     0.0038 
           Overlap                
Reduction                  0.0000     0.0000     0.0000     0.0000     0.0000     0.0000     0.0000     0.0000     0.0000     0.0000     0.0000     0.0000     0.0000     0.0000     0.0000     0.0000 
Shadow                     0.0004     0.0004     0.0004     0.0004     0.0004     0.0004     0.0003     0.0003     0.0005     0.0004     0.0003     0.0003     0.0000     0.0000     0.0000     0.0000 


-------------------------------------------------------------------------
Name (number) and performance time of processors
omp.keldysh.ru(1) 0.933912
omp.keldysh.ru(2) 0.933837
omp.keldysh.ru(3) 0.957475
omp.keldysh.ru(4) 0.957663
omp.keldysh.ru(5) 0.954234
omp.keldysh.ru(6) 0.954174
omp.keldysh.ru(7) 0.933585
omp.keldysh.ru(8) 0.933551
omp.keldysh.ru(9) 0.958450
omp.keldysh.ru(10) 0.958751
omp.keldysh.ru(11) 0.955964
omp.keldysh.ru(12) 0.955972
omp.keldysh.ru(13) 0.957971
omp.keldysh.ru(14) 0.957970
omp.keldysh.ru(15) 0.956108
omp.keldysh.ru(16) 0.956088
min - omp.keldysh.ru(8) 0.933551; max - omp.keldysh.ru(10) 0.958751; mid - 0.950981
