Processor system=1*4*1*4
Statistics has been accumulated on DVM-system version 5.0, platform DVM
Analyzer is executing on DVM-system version 5.0, platform DVM
-------------------------------------------------------------------------
INTERVAL ( NLINE=8 SOURCE=sha41.f ) LEVEL=0  EXE_COUNT=1
--- The main characteristics --- 
Parallelization efficiency      0.0814 
Execution time                  0.0110 
Processors                          16
Threads amount                      16
Total time                      0.1761
Productive time                 0.0143 ( CPU= 0.0131 Sys= 0.0012 I/O= 0.0000 )
Lost  time                      0.1617 
   Insufficient parallelism     0.1109 ( User= 0.0927 Sys= 0.0181 )
   Communication                0.0247 ( Real_sync= 0.0000 Starts= 0.0000 )
   Idle time                    0.0261
Load imbalance                  0.0037
Synchronization                 0.0125
Time variation                  0.0087
Overlap                         0.0000
                  Nop   Communic    Synchro  Variation    Overlap 
I/O                 6     0.0000     0.0007     0.0026     0.0000 
Reduction           4     0.0082     0.0000     0.0000     0.0000 
Shadow              4     0.0166     0.0118     0.0060     0.0000 
--- The comparative characteristics --- 
                              Tmin N proc      Tmax N proc      Tmid
Lost time                   0.0099    10     0.0103    14     0.0101 
User insufficient par.      0.0039     3     0.0074    16     0.0058 
Sys.insufficient par.       0.0007    13     0.0015     7     0.0011 
Idle time                   0.0000    16     0.0038     3     0.0016 
Communication               0.0010     7     0.0027    15     0.0015 
Synchronization             0.0001     7     0.0020    15     0.0008 
Variation                   0.0002     7     0.0008    13     0.0005 
Overlap                     0.0000     1     0.0000    11     0.0000 
Load imbalance              0.0000    10     0.0005    14     0.0002 
Execution time              0.0072     3     0.0110    16     0.0094 
User CPU time               0.0006    14     0.0010    10     0.0008 
Sys. CPU time               0.0000    13     0.0001     7     0.0001 
I/O time                    0.0000     9     0.0000     1     0.0000 
Processors                      16     1         16    16         16 
                      Communic          Synchro        Variation          Overlap  
I/O             Tmin    0.0000     1     0.0000    14     0.0000     1     0.0000     1 
I/O             Tmax    0.0000    16     0.0001    13     0.0002    13     0.0000    16 
I/O             Tmid    0.0000           0.0000           0.0002           0.0000       
Reduction       Tmin    0.0001     7     0.0000    11     0.0000    11     0.0000     1 
Reduction       Tmax    0.0008    13     0.0000     2     0.0000    10     0.0000    12 
Reduction       Tmid    0.0005           0.0000           0.0000           0.0000       
Shadow          Tmin    0.0008     9     0.0000     7     0.0000     7     0.0000     1 
Shadow          Tmax    0.0020    15     0.0019    15     0.0006     1     0.0000    11 
Shadow          Tmid    0.0010           0.0007           0.0004           0.0000       
--- The execution characteristics --- 
                                1          2          3          4          5          6          7          8          9         10         11         12         13         14         15         16 
Lost time                  0.0101     0.0102     0.0102     0.0102     0.0101     0.0099     0.0100     0.0100     0.0100     0.0099     0.0100     0.0101     0.0103     0.0103     0.0103     0.0101 
User insufficient par.     0.0069     0.0053     0.0039     0.0056     0.0063     0.0063     0.0047     0.0072     0.0066     0.0066     0.0049     0.0057     0.0057     0.0041     0.0054     0.0074 
Sys.insufficient par.      0.0011     0.0012     0.0011     0.0009     0.0011     0.0014     0.0015     0.0012     0.0011     0.0014     0.0014     0.0012     0.0007     0.0009     0.0008     0.0010 
Idle time                  0.0006     0.0023     0.0038     0.0020     0.0011     0.0011     0.0028     0.0003     0.0009     0.0009     0.0026     0.0017     0.0014     0.0031     0.0014     0.0000 
Communication              0.0015     0.0014     0.0014     0.0018     0.0015     0.0010     0.0010     0.0013     0.0014     0.0010     0.0011     0.0014     0.0024     0.0022     0.0027     0.0016 
Synchronization            0.0008     0.0007     0.0006     0.0011     0.0007     0.0001     0.0001     0.0006     0.0007     0.0001     0.0001     0.0007     0.0018     0.0015     0.0020     0.0008 
Variation                  0.0006     0.0006     0.0006     0.0006     0.0007     0.0002     0.0002     0.0006     0.0007     0.0003     0.0002     0.0006     0.0008     0.0007     0.0007     0.0007 
Overlap                    0.0000     0.0000     0.0000     0.0000     0.0000     0.0000     0.0000     0.0000     0.0000     0.0000     0.0000     0.0000     0.0000     0.0000     0.0000     0.0000 
Load imbalance             0.0002     0.0003     0.0004     0.0003     0.0002     0.0001     0.0001     0.0001     0.0002     0.0000     0.0002     0.0002     0.0004     0.0005     0.0004     0.0002 
Execution time             0.0104     0.0087     0.0072     0.0090     0.0099     0.0099     0.0082     0.0107     0.0101     0.0101     0.0084     0.0093     0.0096     0.0079     0.0096     0.0110 
User CPU time              0.0008     0.0008     0.0007     0.0007     0.0009     0.0010     0.0009     0.0009     0.0009     0.0010     0.0009     0.0009     0.0007     0.0006     0.0006     0.0009 
Sys. CPU time              0.0001     0.0001     0.0001     0.0001     0.0001     0.0001     0.0001     0.0001     0.0001     0.0001     0.0001     0.0001     0.0000     0.0001     0.0000     0.0001 
I/O time                   0.0000     0.0000     0.0000     0.0000     0.0000     0.0000     0.0000     0.0000     0.0000     0.0000     0.0000     0.0000     0.0000     0.0000     0.0000     0.0000 
Processors                     16         16         16         16         16         16         16         16         16         16         16         16         16         16         16         16 
           Communication          
Reduction                  0.0007     0.0006     0.0006     0.0006     0.0007     0.0001     0.0001     0.0005     0.0007     0.0001     0.0001     0.0005     0.0008     0.0007     0.0007     0.0007 
Shadow                     0.0008     0.0008     0.0008     0.0011     0.0008     0.0009     0.0009     0.0008     0.0008     0.0009     0.0010     0.0009     0.0016     0.0015     0.0020     0.0009 
           Synchronization        
I/O                        0.0000     0.0000     0.0000     0.0000     0.0001     0.0000     0.0001     0.0000     0.0000     0.0000     0.0000     0.0001     0.0001     0.0000     0.0001     0.0000 
Reduction                  0.0000     0.0000     0.0000     0.0000     0.0000     0.0000     0.0000     0.0000     0.0000     0.0000     0.0000     0.0000     0.0000     0.0000     0.0000     0.0000 
Shadow                     0.0008     0.0006     0.0006     0.0010     0.0006     0.0001     0.0000     0.0005     0.0006     0.0001     0.0001     0.0007     0.0017     0.0015     0.0019     0.0008 
           Variation              
I/O                        0.0000     0.0002     0.0002     0.0002     0.0002     0.0002     0.0002     0.0002     0.0002     0.0002     0.0002     0.0002     0.0002     0.0001     0.0002     0.0002 
Reduction                  0.0000     0.0000     0.0000     0.0000     0.0000     0.0000     0.0000     0.0000     0.0000     0.0000     0.0000     0.0000     0.0000     0.0000     0.0000     0.0000 
Shadow                     0.0006     0.0004     0.0004     0.0005     0.0005     0.0001     0.0000     0.0004     0.0005     0.0001     0.0001     0.0004     0.0005     0.0005     0.0005     0.0005 
           Overlap                
Reduction                  0.0000     0.0000     0.0000     0.0000     0.0000     0.0000     0.0000     0.0000     0.0000     0.0000     0.0000     0.0000     0.0000     0.0000     0.0000     0.0000 
Shadow                     0.0000     0.0000     0.0000     0.0000     0.0000     0.0000     0.0000     0.0000     0.0000     0.0000     0.0000     0.0000     0.0000     0.0000     0.0000     0.0000 


-------------------------------------------------------------------------
Name (number) and performance time of processors
omp.keldysh.ru(1) 0.935345
omp.keldysh.ru(2) 0.935279
omp.keldysh.ru(3) 0.957022
omp.keldysh.ru(4) 0.957070
omp.keldysh.ru(5) 0.955787
omp.keldysh.ru(6) 0.955780
omp.keldysh.ru(7) 0.935377
omp.keldysh.ru(8) 0.935363
omp.keldysh.ru(9) 0.956178
omp.keldysh.ru(10) 0.956177
omp.keldysh.ru(11) 0.956215
omp.keldysh.ru(12) 0.956209
omp.keldysh.ru(13) 0.952886
omp.keldysh.ru(14) 0.952886
omp.keldysh.ru(15) 0.954471
omp.keldysh.ru(16) 0.954170
min - omp.keldysh.ru(2) 0.935279; max - omp.keldysh.ru(4) 0.957070; mid - 0.950388
