Processor system=4*1*2*2
Statistics has been accumulated on DVM-system version 5.0, platform DVM
Analyzer is executing on DVM-system version 5.0, platform DVM
-------------------------------------------------------------------------
INTERVAL ( NLINE=5 SOURCE=distr4.f ) LEVEL=0  EXE_COUNT=1
--- The main characteristics --- 
Parallelization efficiency      0.0564 
Execution time                  0.0103 
Processors                          16
Threads amount                      16
Total time                      0.1641
Productive time                 0.0093 ( CPU= 0.0085 Sys= 0.0008 I/O= 0.0000 )
Lost  time                      0.1549 
   Insufficient parallelism     0.1196 ( User= 0.1080 Sys= 0.0116 )
   Communication                0.0113 ( Real_sync= 0.0000 Starts= 0.0000 )
   Idle time                    0.0240
Load imbalance                  0.0017
Synchronization                 0.0063
Time variation                  0.0091
Overlap                         0.0000
                  Nop   Communic    Synchro  Variation    Overlap 
I/O                 6     0.0000     0.0017     0.0040     0.0000 
Reduction           4     0.0070     0.0004     0.0005     0.0000 
Redistribution      4     0.0042     0.0041     0.0046     0.0000 
--- The comparative characteristics --- 
                              Tmin N proc      Tmax N proc      Tmid
Lost time                   0.0096     8     0.0098    14     0.0097 
User insufficient par.      0.0057    14     0.0083     8     0.0068 
Sys.insufficient par.       0.0005    15     0.0009     1     0.0007 
Idle time                   0.0000     8     0.0023     1     0.0015 
Communication               0.0005     1     0.0013    15     0.0007 
Synchronization             0.0002     1     0.0009    15     0.0004 
Variation                   0.0003     1     0.0011    15     0.0006 
Overlap                     0.0000     1     0.0000    16     0.0000 
Load imbalance              0.0000     8     0.0002    14     0.0001 
Execution time              0.0080     1     0.0103     8     0.0088 
User CPU time               0.0005    14     0.0006     8     0.0005 
Sys. CPU time               0.0000    15     0.0001     3     0.0000 
I/O time                    0.0000     2     0.0000     1     0.0000 
Processors                      16     1         16    16         16 
                      Communic          Synchro        Variation          Overlap  
I/O             Tmin    0.0000     1     0.0000     3     0.0001     1     0.0000     1 
I/O             Tmax    0.0000    16     0.0002    15     0.0003    15     0.0000    16 
I/O             Tmid    0.0000           0.0001           0.0002           0.0000       
Reduction       Tmin    0.0003     6     0.0000     4     0.0000     4     0.0000     1 
Reduction       Tmax    0.0009    15     0.0000    15     0.0001    15     0.0000    16 
Reduction       Tmid    0.0004           0.0000           0.0000           0.0000       
Redistribution  Tmin    0.0001     1     0.0000     1     0.0002     1     0.0000     1 
Redistribution  Tmax    0.0004    15     0.0007    15     0.0007    15     0.0000    16 
Redistribution  Tmid    0.0003           0.0003           0.0003           0.0000       
--- The execution characteristics --- 
                                1          2          3          4          5          6          7          8          9         10         11         12         13         14         15         16 
Lost time                  0.0097     0.0097     0.0097     0.0097     0.0096     0.0096     0.0097     0.0096     0.0096     0.0096     0.0097     0.0097     0.0097     0.0098     0.0097     0.0097 
User insufficient par.     0.0061     0.0062     0.0061     0.0062     0.0076     0.0075     0.0061     0.0083     0.0079     0.0079     0.0062     0.0061     0.0071     0.0057     0.0067     0.0064 
Sys.insufficient par.      0.0009     0.0007     0.0008     0.0008     0.0008     0.0007     0.0008     0.0007     0.0007     0.0007     0.0007     0.0008     0.0007     0.0005     0.0005     0.0006 
Idle time                  0.0023     0.0022     0.0022     0.0022     0.0007     0.0008     0.0022     0.0000     0.0004     0.0004     0.0022     0.0023     0.0012     0.0023     0.0012     0.0016 
Communication              0.0005     0.0006     0.0006     0.0006     0.0005     0.0006     0.0006     0.0006     0.0006     0.0006     0.0006     0.0006     0.0007     0.0012     0.0013     0.0012 
Synchronization            0.0002     0.0003     0.0002     0.0002     0.0003     0.0003     0.0003     0.0003     0.0003     0.0003     0.0003     0.0003     0.0003     0.0008     0.0009     0.0008 
Variation                  0.0003     0.0006     0.0004     0.0004     0.0005     0.0005     0.0005     0.0005     0.0005     0.0005     0.0005     0.0005     0.0005     0.0010     0.0011     0.0009 
Overlap                    0.0000     0.0000     0.0000     0.0000     0.0000     0.0000     0.0000     0.0000     0.0000     0.0000     0.0000     0.0000     0.0000     0.0000     0.0000     0.0000 
Load imbalance             0.0002     0.0001     0.0001     0.0001     0.0000     0.0000     0.0001     0.0000     0.0000     0.0000     0.0001     0.0001     0.0001     0.0002     0.0001     0.0002 
Execution time             0.0080     0.0081     0.0080     0.0080     0.0096     0.0095     0.0080     0.0103     0.0099     0.0099     0.0080     0.0080     0.0091     0.0080     0.0091     0.0087 
User CPU time              0.0005     0.0005     0.0005     0.0005     0.0006     0.0006     0.0005     0.0006     0.0006     0.0006     0.0005     0.0005     0.0005     0.0005     0.0005     0.0005 
Sys. CPU time              0.0001     0.0000     0.0001     0.0001     0.0001     0.0000     0.0000     0.0000     0.0000     0.0000     0.0000     0.0001     0.0000     0.0000     0.0000     0.0000 
I/O time                   0.0000     0.0000     0.0000     0.0000     0.0000     0.0000     0.0000     0.0000     0.0000     0.0000     0.0000     0.0000     0.0000     0.0000     0.0000     0.0000 
Processors                     16         16         16         16         16         16         16         16         16         16         16         16         16         16         16         16 
           Communication          
Reduction                  0.0003     0.0004     0.0004     0.0004     0.0003     0.0003     0.0003     0.0003     0.0003     0.0003     0.0003     0.0003     0.0004     0.0009     0.0009     0.0008 
Redistribution             0.0001     0.0002     0.0002     0.0002     0.0002     0.0002     0.0002     0.0002     0.0003     0.0003     0.0003     0.0003     0.0003     0.0004     0.0004     0.0004 
           Synchronization        
I/O                        0.0001     0.0001     0.0000     0.0000     0.0001     0.0001     0.0001     0.0001     0.0001     0.0001     0.0001     0.0001     0.0001     0.0001     0.0002     0.0001 
Reduction                  0.0000     0.0000     0.0000     0.0000     0.0000     0.0000     0.0000     0.0000     0.0000     0.0000     0.0000     0.0000     0.0000     0.0000     0.0000     0.0000 
Redistribution             0.0000     0.0002     0.0001     0.0001     0.0001     0.0001     0.0002     0.0002     0.0002     0.0002     0.0002     0.0002     0.0002     0.0007     0.0007     0.0006 
           Variation              
I/O                        0.0001     0.0003     0.0002     0.0002     0.0003     0.0003     0.0003     0.0003     0.0003     0.0003     0.0003     0.0003     0.0002     0.0003     0.0003     0.0003 
Reduction                  0.0000     0.0000     0.0000     0.0000     0.0000     0.0000     0.0000     0.0000     0.0000     0.0000     0.0000     0.0000     0.0000     0.0000     0.0001     0.0000 
Redistribution             0.0002     0.0003     0.0002     0.0002     0.0002     0.0002     0.0002     0.0002     0.0002     0.0002     0.0002     0.0002     0.0002     0.0007     0.0007     0.0006 
           Overlap                
Reduction                  0.0000     0.0000     0.0000     0.0000     0.0000     0.0000     0.0000     0.0000     0.0000     0.0000     0.0000     0.0000     0.0000     0.0000     0.0000     0.0000 


-------------------------------------------------------------------------
Name (number) and performance time of processors
omp.keldysh.ru(1) 0.933987
omp.keldysh.ru(2) 0.933896
omp.keldysh.ru(3) 0.952822
omp.keldysh.ru(4) 0.952773
omp.keldysh.ru(5) 0.956188
omp.keldysh.ru(6) 0.956163
omp.keldysh.ru(7) 0.956041
omp.keldysh.ru(8) 0.956039
omp.keldysh.ru(9) 0.955257
omp.keldysh.ru(10) 0.955280
omp.keldysh.ru(11) 0.954867
omp.keldysh.ru(12) 0.954853
omp.keldysh.ru(13) 0.953365
omp.keldysh.ru(14) 0.953365
omp.keldysh.ru(15) 0.956322
omp.keldysh.ru(16) 0.957390
min - omp.keldysh.ru(2) 0.933896; max - omp.keldysh.ru(16) 0.957390; mid - 0.952413
