Processor system=3*2*3*1
Statistics has been accumulated on DVM-system version 5.0, platform DVM
Analyzer is executing on DVM-system version 5.0, platform DVM
-------------------------------------------------------------------------
INTERVAL ( NLINE=7 SOURCE=acr43.f ) LEVEL=0  EXE_COUNT=2
--- The main characteristics --- 
Parallelization efficiency      0.0566 
Execution time                  2.2224 
Processors                          18
Threads amount                      18
Total time                     40.0036
Productive time                 2.2662 ( CPU= 2.2309 Sys= 0.0353 I/O= 0.0000 )
Lost  time                     37.7374 
   Insufficient parallelism    35.9245 ( User= 35.3241 Sys= 0.6004 )
   Communication                1.7551 ( Real_sync= 0.0000 Starts= 0.0000 )
   Idle time                    0.0578
Load imbalance                  0.1245
Synchronization                 1.8838
Time variation                  0.8156
Overlap                         0.0053
                  Nop   Communic    Synchro  Variation    Overlap 
I/O                12     0.0000     0.0183     0.0218     0.0000 
Reduction          10     0.0131     0.0004     0.0004     0.0000 
Shadow             28     1.7329     1.8652     0.7934     0.0053 
--- The comparative characteristics --- 
                              Tmin N proc      Tmax N proc      Tmid
Lost time                   2.0896     8     2.1316    18     2.0965 
User insufficient par.      1.4169    18     2.0388    15     1.9624 
Sys.insufficient par.       0.0145    18     0.0481     1     0.0334 
Idle time                   0.0000    15     0.0103    18     0.0032 
Communication               0.0098     1     0.6899    18     0.0975 
Synchronization             0.0117    15     0.6769    18     0.1047 
Variation                   0.0190    12     0.0824     1     0.0453 
Overlap                     0.0000    17     0.0007     8     0.0003 
Load imbalance              0.0000     8     0.0420    18     0.0069 
Execution time              2.2122    18     2.2224    15     2.2192 
User CPU time               0.0900    18     0.1305     8     0.1239 
Sys. CPU time               0.0009    18     0.0028     1     0.0020 
I/O time                    0.0000     6     0.0000     1     0.0000 
Processors                      18     1         18    18         18 
                      Communic          Synchro        Variation          Overlap  
I/O             Tmin    0.0000     1     0.0000    12     0.0002    12     0.0000     1 
I/O             Tmax    0.0000    18     0.0063    18     0.0065    18     0.0000    18 
I/O             Tmid    0.0000           0.0010           0.0012           0.0000       
Reduction       Tmin    0.0001     8     0.0000    16     0.0000    16     0.0000     1 
Reduction       Tmax    0.0017    18     0.0000    18     0.0000     4     0.0000     9 
Reduction       Tmid    0.0007           0.0000           0.0000           0.0000       
Shadow          Tmin    0.0086     1     0.0111    15     0.0187    12     0.0000    17 
Shadow          Tmax    0.6882    18     0.6706    18     0.0811     1     0.0007     8 
Shadow          Tmid    0.0963           0.1036           0.0441           0.0003       
--- The execution characteristics --- 
                                1          2          3          4          5          6          7          8          9         10         11         12         13         14         15         16         17         18 
Lost time                  2.0922     2.0916     2.0927     2.0932     2.0916     2.0928     2.0909     2.0896     2.0912     2.0907     2.0928     2.0937     2.0941     2.0933     2.0930     2.0924     2.1300     2.1316 
User insufficient par.     2.0304     2.0288     2.0315     2.0293     2.0306     2.0319     2.0338     2.0304     2.0330     2.0306     2.0263     2.0254     2.0248     2.0281     2.0388     2.0363     1.4172     1.4169 
Sys.insufficient par.      0.0481     0.0441     0.0350     0.0438     0.0374     0.0285     0.0451     0.0391     0.0297     0.0405     0.0246     0.0231     0.0381     0.0298     0.0217     0.0337     0.0235     0.0145 
Idle time                  0.0039     0.0038     0.0016     0.0038     0.0027     0.0004     0.0004     0.0020     0.0012     0.0012     0.0038     0.0031     0.0076     0.0023     0.0000     0.0008     0.0090     0.0103 
Communication              0.0098     0.0150     0.0247     0.0162     0.0210     0.0320     0.0116     0.0181     0.0274     0.0184     0.0381     0.0421     0.0235     0.0330     0.0325     0.0216     0.6802     0.6899 
Synchronization            0.0585     0.0436     0.0433     0.0541     0.0328     0.0325     0.0417     0.0235     0.0196     0.0375     0.0197     0.0205     0.0469     0.0267     0.0117     0.0261     0.6684     0.6769 
Variation                  0.0824     0.0625     0.0562     0.0730     0.0493     0.0391     0.0641     0.0439     0.0303     0.0545     0.0285     0.0190     0.0590     0.0314     0.0200     0.0444     0.0263     0.0319 
Overlap                    0.0004     0.0003     0.0003     0.0003     0.0003     0.0003     0.0004     0.0007     0.0003     0.0004     0.0004     0.0003     0.0003     0.0003     0.0003     0.0003     0.0000     0.0000 
Load imbalance             0.0026     0.0020     0.0031     0.0036     0.0020     0.0032     0.0013     0.0000     0.0016     0.0011     0.0032     0.0041     0.0045     0.0037     0.0034     0.0027     0.0404     0.0420 
Execution time             2.2186     2.2186     2.2209     2.2186     2.2197     2.2220     2.2220     2.2205     2.2213     2.2213     2.2186     2.2193     2.2148     2.2201     2.2224     2.2216     2.2134     2.2122 
User CPU time              0.1274     0.1282     0.1277     0.1266     0.1286     0.1280     0.1289     0.1305     0.1294     0.1293     0.1282     0.1273     0.1261     0.1274     0.1282     0.1281     0.0910     0.0900 
Sys. CPU time              0.0028     0.0026     0.0021     0.0026     0.0022     0.0017     0.0027     0.0023     0.0017     0.0024     0.0014     0.0014     0.0022     0.0018     0.0013     0.0020     0.0014     0.0009 
I/O time                   0.0000     0.0000     0.0000     0.0000     0.0000     0.0000     0.0000     0.0000     0.0000     0.0000     0.0000     0.0000     0.0000     0.0000     0.0000     0.0000     0.0000     0.0000 
Processors                     18         18         18         18         18         18         18         18         18         18         18         18         18         18         18         18         18         18 
           Communication          
Reduction                  0.0011     0.0004     0.0010     0.0011     0.0004     0.0010     0.0005     0.0001     0.0005     0.0005     0.0001     0.0006     0.0010     0.0003     0.0009     0.0010     0.0007     0.0017 
Shadow                     0.0086     0.0145     0.0236     0.0151     0.0205     0.0310     0.0110     0.0180     0.0269     0.0178     0.0297     0.0415     0.0225     0.0326     0.0315     0.0205     0.6795     0.6882 
           Synchronization        
I/O                        0.0012     0.0001     0.0007     0.0011     0.0001     0.0009     0.0004     0.0001     0.0001     0.0002     0.0001     0.0000     0.0020     0.0000     0.0005     0.0002     0.0042     0.0063 
Reduction                  0.0000     0.0000     0.0000     0.0000     0.0000     0.0000     0.0000     0.0000     0.0000     0.0000     0.0000     0.0000     0.0000     0.0000     0.0000     0.0000     0.0000     0.0000 
Shadow                     0.0572     0.0435     0.0426     0.0530     0.0327     0.0316     0.0412     0.0233     0.0194     0.0373     0.0196     0.0205     0.0449     0.0266     0.0111     0.0258     0.6642     0.6706 
           Variation              
I/O                        0.0012     0.0003     0.0010     0.0013     0.0003     0.0011     0.0006     0.0003     0.0004     0.0004     0.0003     0.0002     0.0022     0.0002     0.0008     0.0004     0.0044     0.0065 
Reduction                  0.0000     0.0000     0.0000     0.0000     0.0000     0.0000     0.0000     0.0000     0.0000     0.0000     0.0000     0.0000     0.0000     0.0000     0.0000     0.0000     0.0000     0.0000 
Shadow                     0.0811     0.0622     0.0552     0.0717     0.0490     0.0380     0.0634     0.0436     0.0299     0.0540     0.0282     0.0187     0.0568     0.0311     0.0193     0.0439     0.0219     0.0254 
           Overlap                
Reduction                  0.0000     0.0000     0.0000     0.0000     0.0000     0.0000     0.0000     0.0000     0.0000     0.0000     0.0000     0.0000     0.0000     0.0000     0.0000     0.0000     0.0000     0.0000 
Shadow                     0.0004     0.0003     0.0003     0.0003     0.0003     0.0003     0.0004     0.0007     0.0003     0.0004     0.0004     0.0003     0.0003     0.0003     0.0003     0.0003     0.0000     0.0000 


-------------------------------------------------------------------------
Name (number) and performance time of processors
omp.keldysh.ru(1) 0.935575
omp.keldysh.ru(2) 0.935508
omp.keldysh.ru(3) 0.957771
omp.keldysh.ru(4) 0.957763
omp.keldysh.ru(5) 0.956670
omp.keldysh.ru(6) 0.956964
omp.keldysh.ru(7) 0.959358
omp.keldysh.ru(8) 0.959338
omp.keldysh.ru(9) 0.959174
omp.keldysh.ru(10) 0.959157
omp.keldysh.ru(11) 0.935535
omp.keldysh.ru(12) 0.935489
omp.keldysh.ru(13) 0.958858
omp.keldysh.ru(14) 0.958846
omp.keldysh.ru(15) 0.959433
omp.keldysh.ru(16) 0.959423
omp.keldysh.ru(17) 0.957277
omp.keldysh.ru(18) 0.957257
min - omp.keldysh.ru(12) 0.935489; max - omp.keldysh.ru(15) 0.959433; mid - 0.953300
