Processor system=3*1*6
Statistics has been accumulated on DVM-system version 5.0, platform DVM
Analyzer is executing on DVM-system version 5.0, platform DVM
-------------------------------------------------------------------------
INTERVAL ( NLINE=5 SOURCE=inoutlocal31.f ) LEVEL=0  EXE_COUNT=2
--- The main characteristics --- 
Parallelization efficiency      0.0931 
Execution time                  0.0077 
Processors                          18
Threads amount                      18
Total time                      0.1380
Productive time                 0.0129 ( CPU= 0.0120 Sys= 0.0009 I/O= 0.0000 )
Lost  time                      0.1252 
   Insufficient parallelism     0.1148 ( User= 0.0995 Sys= 0.0153 )
   Communication                0.0097 ( Real_sync= 0.0000 Starts= 0.0000 )
   Idle time                    0.0006
Load imbalance                  0.0015
Synchronization                 0.0029
Time variation                  0.0043
Overlap                         0.0000
                  Nop   Communic    Synchro  Variation    Overlap 
I/O                19     0.0000     0.0028     0.0042     0.0000 
Reduction          17     0.0097     0.0001     0.0001     0.0000 
--- The comparative characteristics --- 
                              Tmin N proc      Tmax N proc      Tmid
Lost time                   0.0069     3     0.0072     1     0.0070 
User insufficient par.      0.0050    18     0.0058    15     0.0055 
Sys.insufficient par.       0.0006    17     0.0011     1     0.0008 
Idle time                   0.0000    18     0.0002    12     0.0000 
Communication               0.0002    15     0.0014    17     0.0005 
Synchronization             0.0000    12     0.0002    18     0.0002 
Variation                   0.0000     1     0.0003    18     0.0002 
Overlap                     0.0000     1     0.0000    17     0.0000 
Load imbalance              0.0000     3     0.0003     1     0.0001 
Execution time              0.0075    12     0.0077    18     0.0076 
User CPU time               0.0004     1     0.0007     3     0.0007 
Sys. CPU time               0.0000    17     0.0001    16     0.0000 
I/O time                    0.0000    14     0.0000     1     0.0000 
Processors                      18     1         18    18         18 
                      Communic          Synchro        Variation          Overlap  
I/O             Tmin    0.0000     1     0.0000    12     0.0000     1     0.0000     1 
I/O             Tmax    0.0000    18     0.0002    18     0.0003    18     0.0000    18 
I/O             Tmid    0.0000           0.0002           0.0002           0.0000       
Reduction       Tmin    0.0002    15     0.0000    11     0.0000    15     0.0000     1 
Reduction       Tmax    0.0014    17     0.0000    18     0.0000    18     0.0000    17 
Reduction       Tmid    0.0005           0.0000           0.0000           0.0000       
--- The execution characteristics --- 
                                1          2          3          4          5          6          7          8          9         10         11         12         13         14         15         16         17         18 
Lost time                  0.0072     0.0069     0.0069     0.0069     0.0069     0.0069     0.0072     0.0069     0.0069     0.0069     0.0069     0.0069     0.0072     0.0069     0.0069     0.0069     0.0070     0.0070 
User insufficient par.     0.0053     0.0056     0.0058     0.0056     0.0057     0.0057     0.0054     0.0055     0.0057     0.0056     0.0056     0.0056     0.0054     0.0056     0.0058     0.0057     0.0050     0.0050 
Sys.insufficient par.      0.0011     0.0009     0.0008     0.0009     0.0009     0.0009     0.0009     0.0009     0.0008     0.0009     0.0009     0.0008     0.0008     0.0008     0.0008     0.0009     0.0006     0.0007 
Idle time                  0.0000     0.0001     0.0000     0.0000     0.0000     0.0000     0.0000     0.0000     0.0001     0.0001     0.0000     0.0002     0.0000     0.0000     0.0000     0.0000     0.0000     0.0000 
Communication              0.0008     0.0004     0.0003     0.0003     0.0003     0.0003     0.0009     0.0004     0.0004     0.0004     0.0004     0.0003     0.0009     0.0005     0.0002     0.0003     0.0014     0.0014 
Synchronization            0.0002     0.0001     0.0002     0.0002     0.0002     0.0002     0.0002     0.0002     0.0002     0.0001     0.0002     0.0000     0.0002     0.0001     0.0002     0.0002     0.0002     0.0002 
Variation                  0.0000     0.0002     0.0003     0.0003     0.0003     0.0003     0.0003     0.0003     0.0003     0.0002     0.0003     0.0001     0.0003     0.0002     0.0002     0.0003     0.0003     0.0003 
Overlap                    0.0000     0.0000     0.0000     0.0000     0.0000     0.0000     0.0000     0.0000     0.0000     0.0000     0.0000     0.0000     0.0000     0.0000     0.0000     0.0000     0.0000     0.0000 
Load imbalance             0.0003     0.0000     0.0000     0.0000     0.0000     0.0000     0.0003     0.0000     0.0000     0.0000     0.0000     0.0000     0.0003     0.0000     0.0000     0.0000     0.0002     0.0002 
Execution time             0.0076     0.0076     0.0076     0.0076     0.0076     0.0077     0.0077     0.0076     0.0076     0.0076     0.0076     0.0075     0.0077     0.0076     0.0077     0.0077     0.0077     0.0077 
User CPU time              0.0004     0.0007     0.0007     0.0007     0.0007     0.0007     0.0005     0.0007     0.0007     0.0007     0.0007     0.0007     0.0005     0.0007     0.0007     0.0007     0.0006     0.0006 
Sys. CPU time              0.0000     0.0001     0.0000     0.0001     0.0000     0.0000     0.0001     0.0001     0.0000     0.0001     0.0001     0.0000     0.0000     0.0000     0.0000     0.0001     0.0000     0.0000 
I/O time                   0.0000     0.0000     0.0000     0.0000     0.0000     0.0000     0.0000     0.0000     0.0000     0.0000     0.0000     0.0000     0.0000     0.0000     0.0000     0.0000     0.0000     0.0000 
Processors                     18         18         18         18         18         18         18         18         18         18         18         18         18         18         18         18         18         18 
           Communication          
Reduction                  0.0008     0.0004     0.0003     0.0003     0.0003     0.0003     0.0009     0.0004     0.0004     0.0004     0.0004     0.0003     0.0009     0.0005     0.0002     0.0003     0.0014     0.0014 
           Synchronization        
I/O                        0.0002     0.0001     0.0002     0.0002     0.0001     0.0002     0.0002     0.0002     0.0001     0.0001     0.0002     0.0000     0.0002     0.0001     0.0001     0.0002     0.0002     0.0002 
Reduction                  0.0000     0.0000     0.0000     0.0000     0.0000     0.0000     0.0000     0.0000     0.0000     0.0000     0.0000     0.0000     0.0000     0.0000     0.0000     0.0000     0.0000     0.0000 
           Variation              
I/O                        0.0000     0.0002     0.0002     0.0002     0.0002     0.0003     0.0003     0.0002     0.0002     0.0002     0.0003     0.0001     0.0003     0.0002     0.0002     0.0003     0.0003     0.0003 
Reduction                  0.0000     0.0000     0.0000     0.0000     0.0000     0.0000     0.0000     0.0000     0.0000     0.0000     0.0000     0.0000     0.0000     0.0000     0.0000     0.0000     0.0000     0.0000 
           Overlap                
Reduction                  0.0000     0.0000     0.0000     0.0000     0.0000     0.0000     0.0000     0.0000     0.0000     0.0000     0.0000     0.0000     0.0000     0.0000     0.0000     0.0000     0.0000     0.0000 


-------------------------------------------------------------------------
Name (number) and performance time of processors
omp.keldysh.ru(1) 0.933956
omp.keldysh.ru(2) 0.933868
omp.keldysh.ru(3) 0.954852
omp.keldysh.ru(4) 0.955269
omp.keldysh.ru(5) 0.952894
omp.keldysh.ru(6) 0.952872
omp.keldysh.ru(7) 0.952544
omp.keldysh.ru(8) 0.952293
omp.keldysh.ru(9) 0.956267
omp.keldysh.ru(10) 0.956241
omp.keldysh.ru(11) 0.954049
omp.keldysh.ru(12) 0.954054
omp.keldysh.ru(13) 0.952516
omp.keldysh.ru(14) 0.952440
omp.keldysh.ru(15) 0.933763
omp.keldysh.ru(16) 0.933785
omp.keldysh.ru(17) 0.953234
omp.keldysh.ru(18) 0.953217
min - omp.keldysh.ru(15) 0.933763; max - omp.keldysh.ru(9) 0.956267; mid - 0.949340
