Processor system=1*1*3*6
Statistics has been accumulated on DVM-system version 5.0, platform DVM
Analyzer is executing on DVM-system version 5.0, platform DVM
-------------------------------------------------------------------------
INTERVAL ( NLINE=7 SOURCE=reda43.f ) LEVEL=0  EXE_COUNT=2
--- The main characteristics --- 
Parallelization efficiency      0.0385 
Execution time                  0.0095 
Processors                          18
Threads amount                      18
Total time                      0.1705
Productive time                 0.0066 ( CPU= 0.0061 Sys= 0.0005 I/O= 0.0000 )
Lost  time                      0.1640 
   Insufficient parallelism     0.1055 ( User= 0.0969 Sys= 0.0086 )
   Communication                0.0138 ( Real_sync= 0.0000 Starts= 0.0000 )
   Idle time                    0.0446
Load imbalance                  0.0026
Synchronization                 0.0105
Time variation                  0.0078
Overlap                         0.0003
                  Nop   Communic    Synchro  Variation    Overlap 
I/O                 6     0.0000     0.0014     0.0037     0.0000 
Reduction           5     0.0058     0.0014     0.0010     0.0003 
Remote access      22     0.0080     0.0077     0.0032     0.0000 
--- The comparative characteristics --- 
                              Tmin N proc      Tmax N proc      Tmid
Lost time                   0.0090     8     0.0093     6     0.0091 
User insufficient par.      0.0026     6     0.0078     8     0.0054 
Sys.insufficient par.       0.0004    17     0.0007     1     0.0005 
Idle time                   0.0000     8     0.0054    16     0.0025 
Communication               0.0007    16     0.0011    17     0.0008 
Synchronization             0.0003     1     0.0010    17     0.0006 
Variation                   0.0002     1     0.0006     5     0.0004 
Overlap                     0.0000    17     0.0000    16     0.0000 
Load imbalance              0.0000     8     0.0003     6     0.0001 
Execution time              0.0041    16     0.0095     8     0.0070 
User CPU time               0.0002     6     0.0005     8     0.0003 
Sys. CPU time               0.0000    17     0.0000     2     0.0000 
I/O time                    0.0000     2     0.0000     1     0.0000 
Processors                      18     1         18    18         18 
                      Communic          Synchro        Variation          Overlap  
I/O             Tmin    0.0000     1     0.0000    10     0.0000     1     0.0000     1 
I/O             Tmax    0.0000    18     0.0001    17     0.0003    17     0.0000    18 
I/O             Tmid    0.0000           0.0001           0.0002           0.0000       
Reduction       Tmin    0.0003    11     0.0000    13     0.0000     7     0.0000    17 
Reduction       Tmax    0.0004     5     0.0001     5     0.0001    17     0.0000    16 
Reduction       Tmid    0.0003           0.0001           0.0001           0.0000       
Remote access   Tmin    0.0004     1     0.0001     1     0.0001    18     0.0000     1 
Remote access   Tmax    0.0008    17     0.0008    17     0.0003     7     0.0000     2 
Remote access   Tmid    0.0004           0.0004           0.0002           0.0000       
--- The execution characteristics --- 
                                1          2          3          4          5          6          7          8          9         10         11         12         13         14         15         16         17         18 
Lost time                  0.0091     0.0092     0.0091     0.0091     0.0092     0.0093     0.0091     0.0090     0.0090     0.0090     0.0092     0.0091     0.0090     0.0090     0.0092     0.0093     0.0092     0.0090 
User insufficient par.     0.0061     0.0036     0.0063     0.0052     0.0033     0.0026     0.0059     0.0078     0.0067     0.0067     0.0041     0.0056     0.0070     0.0070     0.0045     0.0027     0.0046     0.0072 
Sys.insufficient par.      0.0007     0.0005     0.0005     0.0005     0.0005     0.0005     0.0005     0.0005     0.0005     0.0004     0.0005     0.0005     0.0005     0.0005     0.0005     0.0005     0.0004     0.0004 
Idle time                  0.0015     0.0043     0.0015     0.0027     0.0047     0.0054     0.0019     0.0000     0.0012     0.0012     0.0039     0.0023     0.0008     0.0008     0.0035     0.0054     0.0031     0.0004 
Communication              0.0007     0.0008     0.0008     0.0007     0.0007     0.0008     0.0007     0.0007     0.0007     0.0007     0.0007     0.0007     0.0008     0.0007     0.0007     0.0007     0.0011     0.0011 
Synchronization            0.0003     0.0003     0.0003     0.0004     0.0005     0.0004     0.0007     0.0007     0.0007     0.0006     0.0007     0.0007     0.0006     0.0006     0.0005     0.0005     0.0010     0.0009 
Variation                  0.0002     0.0004     0.0004     0.0005     0.0006     0.0005     0.0005     0.0005     0.0005     0.0004     0.0005     0.0005     0.0003     0.0004     0.0003     0.0003     0.0005     0.0004 
Overlap                    0.0000     0.0000     0.0000     0.0000     0.0000     0.0000     0.0000     0.0000     0.0000     0.0000     0.0000     0.0000     0.0000     0.0000     0.0000     0.0000     0.0000     0.0000 
Load imbalance             0.0001     0.0003     0.0001     0.0002     0.0003     0.0003     0.0001     0.0000     0.0001     0.0001     0.0002     0.0001     0.0000     0.0000     0.0002     0.0003     0.0002     0.0000 
Execution time             0.0079     0.0052     0.0079     0.0068     0.0048     0.0041     0.0075     0.0095     0.0083     0.0083     0.0056     0.0071     0.0087     0.0087     0.0059     0.0041     0.0064     0.0091 
User CPU time              0.0004     0.0002     0.0004     0.0003     0.0002     0.0002     0.0004     0.0005     0.0004     0.0004     0.0003     0.0004     0.0004     0.0004     0.0003     0.0002     0.0003     0.0004 
Sys. CPU time              0.0000     0.0000     0.0000     0.0000     0.0000     0.0000     0.0000     0.0000     0.0000     0.0000     0.0000     0.0000     0.0000     0.0000     0.0000     0.0000     0.0000     0.0000 
I/O time                   0.0000     0.0000     0.0000     0.0000     0.0000     0.0000     0.0000     0.0000     0.0000     0.0000     0.0000     0.0000     0.0000     0.0000     0.0000     0.0000     0.0000     0.0000 
Processors                     18         18         18         18         18         18         18         18         18         18         18         18         18         18         18         18         18         18 
           Communication          
Reduction                  0.0003     0.0003     0.0003     0.0004     0.0004     0.0003     0.0004     0.0003     0.0003     0.0003     0.0003     0.0003     0.0003     0.0003     0.0003     0.0003     0.0003     0.0003 
Remote access              0.0004     0.0004     0.0004     0.0004     0.0004     0.0004     0.0004     0.0004     0.0004     0.0004     0.0004     0.0004     0.0004     0.0005     0.0004     0.0004     0.0008     0.0007 
           Synchronization        
I/O                        0.0001     0.0001     0.0001     0.0001     0.0001     0.0001     0.0000     0.0001     0.0001     0.0000     0.0001     0.0001     0.0000     0.0001     0.0000     0.0001     0.0001     0.0001 
Reduction                  0.0001     0.0001     0.0001     0.0001     0.0001     0.0001     0.0001     0.0001     0.0001     0.0001     0.0001     0.0001     0.0000     0.0001     0.0000     0.0000     0.0001     0.0001 
Remote access              0.0001     0.0001     0.0002     0.0002     0.0003     0.0002     0.0005     0.0005     0.0005     0.0005     0.0005     0.0005     0.0005     0.0005     0.0004     0.0004     0.0008     0.0007 
           Variation              
I/O                        0.0000     0.0002     0.0002     0.0002     0.0003     0.0002     0.0002     0.0002     0.0002     0.0002     0.0002     0.0002     0.0002     0.0002     0.0002     0.0002     0.0003     0.0002 
Reduction                  0.0000     0.0001     0.0001     0.0001     0.0001     0.0001     0.0000     0.0000     0.0000     0.0000     0.0001     0.0001     0.0000     0.0000     0.0000     0.0000     0.0001     0.0001 
Remote access              0.0001     0.0001     0.0002     0.0002     0.0002     0.0002     0.0003     0.0003     0.0002     0.0002     0.0002     0.0002     0.0001     0.0001     0.0001     0.0001     0.0001     0.0001 
           Overlap                
Reduction                  0.0000     0.0000     0.0000     0.0000     0.0000     0.0000     0.0000     0.0000     0.0000     0.0000     0.0000     0.0000     0.0000     0.0000     0.0000     0.0000     0.0000     0.0000 
Remote access              0.0000     0.0000     0.0000     0.0000     0.0000     0.0000     0.0000     0.0000     0.0000     0.0000     0.0000     0.0000     0.0000     0.0000     0.0000     0.0000     0.0000     0.0000 


-------------------------------------------------------------------------
Name (number) and performance time of processors
omp.keldysh.ru(1) 0.935507
omp.keldysh.ru(2) 0.935422
omp.keldysh.ru(3) 0.957002
omp.keldysh.ru(4) 0.957015
omp.keldysh.ru(5) 0.959217
omp.keldysh.ru(6) 0.959193
omp.keldysh.ru(7) 0.961885
omp.keldysh.ru(8) 0.961879
omp.keldysh.ru(9) 0.959450
omp.keldysh.ru(10) 0.959484
omp.keldysh.ru(11) 0.935403
omp.keldysh.ru(12) 0.935424
omp.keldysh.ru(13) 0.955866
omp.keldysh.ru(14) 0.956165
omp.keldysh.ru(15) 0.959975
omp.keldysh.ru(16) 0.959955
omp.keldysh.ru(17) 0.960257
omp.keldysh.ru(18) 0.960219
min - omp.keldysh.ru(11) 0.935403; max - omp.keldysh.ru(7) 0.961885; mid - 0.953851
