Processor system=3*2*3
Statistics has been accumulated on DVM-system version 5.0, platform DVM
Analyzer is executing on DVM-system version 5.0, platform DVM
-------------------------------------------------------------------------
INTERVAL ( NLINE=5 SOURCE=distr3.f ) LEVEL=0  EXE_COUNT=2
--- The main characteristics --- 
Parallelization efficiency      0.0461 
Execution time                  0.0096 
Processors                          18
Threads amount                      18
Total time                      0.1725
Productive time                 0.0080 ( CPU= 0.0076 Sys= 0.0003 I/O= 0.0000 )
Lost  time                      0.1646 
   Insufficient parallelism     0.1076 ( User= 0.1017 Sys= 0.0060 )
   Communication                0.0076 ( Real_sync= 0.0000 Starts= 0.0000 )
   Idle time                    0.0493
Load imbalance                  0.0030
Synchronization                 0.0012
Time variation                  0.0031
Overlap                         0.0000
                  Nop   Communic    Synchro  Variation    Overlap 
I/O                 5     0.0000     0.0004     0.0020     0.0000 
Reduction           3     0.0048     0.0002     0.0002     0.0000 
Redistribution      3     0.0028     0.0006     0.0009     0.0000 
--- The comparative characteristics --- 
                              Tmin N proc      Tmax N proc      Tmid
Lost time                   0.0090     9     0.0092    18     0.0091 
User insufficient par.      0.0042    18     0.0082     9     0.0056 
Sys.insufficient par.       0.0003    17     0.0004     1     0.0003 
Idle time                   0.0000     9     0.0042     3     0.0027 
Communication               0.0004    15     0.0005    17     0.0004 
Synchronization             0.0000    11     0.0001    18     0.0001 
Variation                   0.0001    11     0.0002     6     0.0002 
Overlap                     0.0000     1     0.0000    11     0.0000 
Load imbalance              0.0000     9     0.0003    18     0.0002 
Execution time              0.0054     3     0.0096     9     0.0068 
User CPU time               0.0003    18     0.0006     9     0.0004 
Sys. CPU time               0.0000    17     0.0000    15     0.0000 
I/O time                    0.0000    13     0.0000     1     0.0000 
Processors                      18     1         18    18         18 
                      Communic          Synchro        Variation          Overlap  
I/O             Tmin    0.0000     1     0.0000    11     0.0000     1     0.0000     1 
I/O             Tmax    0.0000    18     0.0000    17     0.0001    17     0.0000    18 
I/O             Tmid    0.0000           0.0000           0.0001           0.0000       
Reduction       Tmin    0.0002     8     0.0000    11     0.0000    11     0.0000     1 
Reduction       Tmax    0.0003     1     0.0000    18     0.0000    18     0.0000    11 
Reduction       Tmid    0.0003           0.0000           0.0000           0.0000       
Redistribution  Tmin    0.0001     1     0.0000    11     0.0000     8     0.0000     1 
Redistribution  Tmax    0.0002    18     0.0001    18     0.0001     1     0.0000    18 
Redistribution  Tmid    0.0002           0.0000           0.0000           0.0000       
--- The execution characteristics --- 
                                1          2          3          4          5          6          7          8          9         10         11         12         13         14         15         16         17         18 
Lost time                  0.0092     0.0091     0.0092     0.0090     0.0092     0.0091     0.0091     0.0092     0.0090     0.0092     0.0091     0.0091     0.0090     0.0092     0.0092     0.0092     0.0091     0.0092 
User insufficient par.     0.0049     0.0075     0.0042     0.0071     0.0042     0.0060     0.0061     0.0043     0.0082     0.0043     0.0057     0.0068     0.0079     0.0053     0.0042     0.0043     0.0064     0.0042 
Sys.insufficient par.      0.0004     0.0003     0.0003     0.0003     0.0003     0.0003     0.0003     0.0003     0.0003     0.0003     0.0003     0.0003     0.0003     0.0003     0.0004     0.0004     0.0003     0.0003 
Idle time                  0.0035     0.0008     0.0042     0.0012     0.0042     0.0023     0.0023     0.0042     0.0000     0.0042     0.0027     0.0016     0.0004     0.0031     0.0042     0.0042     0.0019     0.0042 
Communication              0.0004     0.0004     0.0004     0.0004     0.0004     0.0004     0.0004     0.0004     0.0004     0.0004     0.0004     0.0004     0.0004     0.0004     0.0004     0.0004     0.0005     0.0005 
Synchronization            0.0001     0.0001     0.0001     0.0001     0.0001     0.0001     0.0001     0.0001     0.0000     0.0000     0.0000     0.0000     0.0001     0.0001     0.0001     0.0000     0.0001     0.0001 
Variation                  0.0001     0.0002     0.0002     0.0002     0.0002     0.0002     0.0002     0.0002     0.0002     0.0002     0.0001     0.0001     0.0002     0.0001     0.0001     0.0001     0.0002     0.0002 
Overlap                    0.0000     0.0000     0.0000     0.0000     0.0000     0.0000     0.0000     0.0000     0.0000     0.0000     0.0000     0.0000     0.0000     0.0000     0.0000     0.0000     0.0000     0.0000 
Load imbalance             0.0002     0.0001     0.0003     0.0001     0.0003     0.0001     0.0001     0.0003     0.0000     0.0002     0.0001     0.0001     0.0001     0.0002     0.0002     0.0002     0.0001     0.0003 
Execution time             0.0061     0.0088     0.0054     0.0084     0.0054     0.0073     0.0073     0.0054     0.0096     0.0054     0.0069     0.0080     0.0092     0.0065     0.0054     0.0054     0.0076     0.0054 
User CPU time              0.0003     0.0005     0.0003     0.0005     0.0003     0.0004     0.0005     0.0003     0.0006     0.0003     0.0005     0.0005     0.0005     0.0004     0.0004     0.0004     0.0005     0.0003 
Sys. CPU time              0.0000     0.0000     0.0000     0.0000     0.0000     0.0000     0.0000     0.0000     0.0000     0.0000     0.0000     0.0000     0.0000     0.0000     0.0000     0.0000     0.0000     0.0000 
I/O time                   0.0000     0.0000     0.0000     0.0000     0.0000     0.0000     0.0000     0.0000     0.0000     0.0000     0.0000     0.0000     0.0000     0.0000     0.0000     0.0000     0.0000     0.0000 
Processors                     18         18         18         18         18         18         18         18         18         18         18         18         18         18         18         18         18         18 
           Communication          
Reduction                  0.0003     0.0003     0.0003     0.0003     0.0003     0.0003     0.0002     0.0002     0.0003     0.0003     0.0002     0.0002     0.0002     0.0003     0.0002     0.0002     0.0003     0.0003 
Redistribution             0.0001     0.0001     0.0002     0.0002     0.0001     0.0001     0.0002     0.0002     0.0001     0.0001     0.0002     0.0002     0.0002     0.0002     0.0002     0.0002     0.0002     0.0002 
           Synchronization        
I/O                        0.0000     0.0000     0.0000     0.0000     0.0000     0.0000     0.0000     0.0000     0.0000     0.0000     0.0000     0.0000     0.0000     0.0000     0.0000     0.0000     0.0000     0.0000 
Reduction                  0.0000     0.0000     0.0000     0.0000     0.0000     0.0000     0.0000     0.0000     0.0000     0.0000     0.0000     0.0000     0.0000     0.0000     0.0000     0.0000     0.0000     0.0000 
Redistribution             0.0000     0.0000     0.0000     0.0000     0.0000     0.0000     0.0000     0.0000     0.0000     0.0000     0.0000     0.0000     0.0000     0.0000     0.0000     0.0000     0.0001     0.0001 
           Variation              
I/O                        0.0000     0.0001     0.0001     0.0001     0.0001     0.0001     0.0001     0.0001     0.0001     0.0001     0.0001     0.0001     0.0001     0.0001     0.0001     0.0001     0.0001     0.0001 
Reduction                  0.0000     0.0000     0.0000     0.0000     0.0000     0.0000     0.0000     0.0000     0.0000     0.0000     0.0000     0.0000     0.0000     0.0000     0.0000     0.0000     0.0000     0.0000 
Redistribution             0.0001     0.0001     0.0001     0.0000     0.0001     0.0001     0.0001     0.0000     0.0000     0.0001     0.0000     0.0000     0.0000     0.0000     0.0000     0.0000     0.0000     0.0000 
           Overlap                
Reduction                  0.0000     0.0000     0.0000     0.0000     0.0000     0.0000     0.0000     0.0000     0.0000     0.0000     0.0000     0.0000     0.0000     0.0000     0.0000     0.0000     0.0000     0.0000 


-------------------------------------------------------------------------
Name (number) and performance time of processors
omp.keldysh.ru(1) 0.934111
omp.keldysh.ru(2) 0.933994
omp.keldysh.ru(3) 0.955577
omp.keldysh.ru(4) 0.955640
omp.keldysh.ru(5) 0.958128
omp.keldysh.ru(6) 0.958126
omp.keldysh.ru(7) 0.959786
omp.keldysh.ru(8) 0.959783
omp.keldysh.ru(9) 0.956635
omp.keldysh.ru(10) 0.956640
omp.keldysh.ru(11) 0.957171
omp.keldysh.ru(12) 0.957178
omp.keldysh.ru(13) 0.956779
omp.keldysh.ru(14) 0.956809
omp.keldysh.ru(15) 0.956848
omp.keldysh.ru(16) 0.956848
omp.keldysh.ru(17) 0.957966
omp.keldysh.ru(18) 0.957924
min - omp.keldysh.ru(2) 0.933994; max - omp.keldysh.ru(7) 0.959786; mid - 0.954775
