Processor system=1*2*2*4
Statistics has been accumulated on DVM-system version 5.0, platform DVM
Analyzer is executing on DVM-system version 5.0, platform DVM
-------------------------------------------------------------------------
INTERVAL ( NLINE=7 SOURCE=reda42.f ) LEVEL=0  EXE_COUNT=1
--- The main characteristics --- 
Parallelization efficiency      0.0465 
Execution time                  0.0080 
Processors                          16
Threads amount                      16
Total time                      0.1282
Productive time                 0.0060 ( CPU= 0.0056 Sys= 0.0004 I/O= 0.0000 )
Lost  time                      0.1222 
   Insufficient parallelism     0.0894 ( User= 0.0833 Sys= 0.0061 )
   Communication                0.0042 ( Real_sync= 0.0000 Starts= 0.0000 )
   Idle time                    0.0287
Load imbalance                  0.0018
Synchronization                 0.0339
Time variation                  0.0362
Overlap                         0.0008
                  Nop   Communic    Synchro  Variation    Overlap 
I/O                 6     0.0000     0.0119     0.0141     0.0000 
Reduction           4     0.0042     0.0078     0.0078     0.0008 
Remote access      21     0.0000     0.0142     0.0143     0.0000 
--- The comparative characteristics --- 
                              Tmin N proc      Tmax N proc      Tmid
Lost time                   0.0075     4     0.0078    16     0.0076 
User insufficient par.      0.0023    16     0.0069     4     0.0052 
Sys.insufficient par.       0.0003    13     0.0005     1     0.0004 
Idle time                   0.0000     4     0.0049    13     0.0018 
Communication               0.0002     1     0.0004    16     0.0003 
Synchronization             0.0001    15     0.0069    13     0.0021 
Variation                   0.0002    15     0.0070    13     0.0023 
Overlap                     0.0000    13     0.0001    15     0.0000 
Load imbalance              0.0000     4     0.0003    16     0.0001 
Execution time              0.0031    13     0.0080     4     0.0062 
User CPU time               0.0002    16     0.0005     4     0.0003 
Sys. CPU time               0.0000    13     0.0000    15     0.0000 
I/O time                    0.0000    10     0.0000     1     0.0000 
Processors                      16     1         16    16         16 
                      Communic          Synchro        Variation          Overlap  
I/O             Tmin    0.0000     1     0.0000    15     0.0002    15     0.0000     1 
I/O             Tmax    0.0000    16     0.0024    13     0.0025    13     0.0000    16 
I/O             Tmid    0.0000           0.0007           0.0009           0.0000       
Reduction       Tmin    0.0002     1     0.0000    15     0.0000    15     0.0000    13 
Reduction       Tmax    0.0004    16     0.0016    13     0.0016    13     0.0001    15 
Reduction       Tmid    0.0003           0.0005           0.0005           0.0000       
Remote access   Tmin    0.0000     1     0.0000    15     0.0000    15     0.0000     1 
Remote access   Tmax    0.0000    16     0.0029    13     0.0029    13     0.0000    15 
Remote access   Tmid    0.0000           0.0009           0.0009           0.0000       
--- The execution characteristics --- 
                                1          2          3          4          5          6          7          8          9         10         11         12         13         14         15         16 
Lost time                  0.0077     0.0076     0.0077     0.0075     0.0076     0.0076     0.0076     0.0076     0.0075     0.0075     0.0076     0.0077     0.0078     0.0077     0.0076     0.0078 
User insufficient par.     0.0042     0.0061     0.0043     0.0069     0.0064     0.0064     0.0051     0.0057     0.0067     0.0067     0.0053     0.0049     0.0023     0.0042     0.0058     0.0023 
Sys.insufficient par.      0.0005     0.0004     0.0004     0.0003     0.0004     0.0004     0.0004     0.0004     0.0004     0.0003     0.0004     0.0003     0.0003     0.0005     0.0005     0.0003 
Idle time                  0.0028     0.0008     0.0028     0.0000     0.0005     0.0005     0.0019     0.0014     0.0002     0.0003     0.0016     0.0022     0.0049     0.0028     0.0010     0.0049 
Communication              0.0002     0.0003     0.0002     0.0002     0.0003     0.0003     0.0002     0.0002     0.0002     0.0002     0.0003     0.0003     0.0004     0.0002     0.0002     0.0004 
Synchronization            0.0008     0.0018     0.0021     0.0021     0.0020     0.0016     0.0015     0.0015     0.0017     0.0017     0.0016     0.0016     0.0069     0.0007     0.0001     0.0064 
Variation                  0.0008     0.0019     0.0022     0.0022     0.0021     0.0018     0.0017     0.0017     0.0019     0.0019     0.0017     0.0017     0.0070     0.0008     0.0002     0.0065 
Overlap                    0.0001     0.0000     0.0000     0.0000     0.0000     0.0001     0.0001     0.0001     0.0000     0.0000     0.0001     0.0001     0.0000     0.0001     0.0001     0.0000 
Load imbalance             0.0002     0.0001     0.0002     0.0000     0.0000     0.0000     0.0001     0.0001     0.0000     0.0000     0.0001     0.0001     0.0003     0.0002     0.0001     0.0003 
Execution time             0.0052     0.0072     0.0052     0.0080     0.0075     0.0075     0.0061     0.0066     0.0078     0.0077     0.0064     0.0058     0.0031     0.0052     0.0070     0.0031 
User CPU time              0.0003     0.0004     0.0003     0.0005     0.0004     0.0004     0.0003     0.0004     0.0004     0.0004     0.0004     0.0003     0.0002     0.0003     0.0004     0.0002 
Sys. CPU time              0.0000     0.0000     0.0000     0.0000     0.0000     0.0000     0.0000     0.0000     0.0000     0.0000     0.0000     0.0000     0.0000     0.0000     0.0000     0.0000 
I/O time                   0.0000     0.0000     0.0000     0.0000     0.0000     0.0000     0.0000     0.0000     0.0000     0.0000     0.0000     0.0000     0.0000     0.0000     0.0000     0.0000 
Processors                     16         16         16         16         16         16         16         16         16         16         16         16         16         16         16         16 
           Communication          
Reduction                  0.0002     0.0003     0.0002     0.0002     0.0003     0.0003     0.0002     0.0002     0.0002     0.0002     0.0003     0.0003     0.0004     0.0002     0.0002     0.0004 
           Synchronization        
I/O                        0.0003     0.0006     0.0007     0.0007     0.0007     0.0006     0.0006     0.0006     0.0006     0.0006     0.0006     0.0006     0.0024     0.0002     0.0000     0.0022 
Reduction                  0.0002     0.0004     0.0005     0.0005     0.0005     0.0004     0.0004     0.0004     0.0004     0.0004     0.0003     0.0003     0.0016     0.0001     0.0000     0.0015 
Remote access              0.0003     0.0008     0.0008     0.0008     0.0008     0.0007     0.0006     0.0006     0.0007     0.0007     0.0007     0.0007     0.0029     0.0003     0.0000     0.0027 
           Variation              
I/O                        0.0003     0.0008     0.0009     0.0009     0.0009     0.0007     0.0007     0.0007     0.0008     0.0008     0.0007     0.0007     0.0025     0.0003     0.0002     0.0023 
Reduction                  0.0002     0.0004     0.0005     0.0005     0.0005     0.0004     0.0004     0.0004     0.0004     0.0004     0.0003     0.0003     0.0016     0.0001     0.0000     0.0015 
Remote access              0.0003     0.0008     0.0008     0.0008     0.0008     0.0007     0.0006     0.0006     0.0007     0.0007     0.0007     0.0007     0.0029     0.0003     0.0000     0.0027 
           Overlap                
Reduction                  0.0001     0.0000     0.0000     0.0000     0.0000     0.0001     0.0001     0.0001     0.0000     0.0000     0.0001     0.0001     0.0000     0.0001     0.0001     0.0000 
Remote access              0.0000     0.0000     0.0000     0.0000     0.0000     0.0000     0.0000     0.0000     0.0000     0.0000     0.0000     0.0000     0.0000     0.0000     0.0000     0.0000 


-------------------------------------------------------------------------
Name (number) and performance time of processors
omp.keldysh.ru(1) 0.933759
omp.keldysh.ru(2) 0.933722
omp.keldysh.ru(3) 0.958065
omp.keldysh.ru(4) 0.958090
omp.keldysh.ru(5) 0.957066
omp.keldysh.ru(6) 0.957056
omp.keldysh.ru(7) 0.957098
omp.keldysh.ru(8) 0.957095
omp.keldysh.ru(9) 0.956108
omp.keldysh.ru(10) 0.956100
omp.keldysh.ru(11) 0.950767
omp.keldysh.ru(12) 0.950774
omp.keldysh.ru(13) 0.957252
omp.keldysh.ru(14) 0.956939
omp.keldysh.ru(15) 0.959404
omp.keldysh.ru(16) 0.959399
min - omp.keldysh.ru(2) 0.933722; max - omp.keldysh.ru(15) 0.959404; mid - 0.953668
