Processor system=4*4*1
Statistics has been accumulated on DVM-system version 5.0, platform DVM
Analyzer is executing on DVM-system version 5.0, platform DVM
-------------------------------------------------------------------------
INTERVAL ( NLINE=5 SOURCE=align32.f ) LEVEL=0  EXE_COUNT=1
--- The main characteristics --- 
Parallelization efficiency      0.0564 
Execution time                  0.0087 
Processors                          16
Threads amount                      16
Total time                      0.1385
Productive time                 0.0078 ( CPU= 0.0075 Sys= 0.0002 I/O= 0.0000 )
Lost  time                      0.1307 
   Insufficient parallelism     0.0893 ( User= 0.0854 Sys= 0.0039 )
   Communication                0.0067 ( Real_sync= 0.0000 Starts= 0.0000 )
   Idle time                    0.0347
Load imbalance                  0.0021
Synchronization                 0.0008
Time variation                  0.0027
Overlap                         0.0000
                  Nop   Communic    Synchro  Variation    Overlap 
I/O                 6     0.0000     0.0006     0.0026     0.0000 
Reduction           5     0.0067     0.0001     0.0001     0.0000 
--- The comparative characteristics --- 
                              Tmin N proc      Tmax N proc      Tmid
Lost time                   0.0080     7     0.0083    14     0.0082 
User insufficient par.      0.0037    14     0.0074     7     0.0053 
Sys.insufficient par.       0.0002    15     0.0004     1     0.0002 
Idle time                   0.0000     7     0.0038     3     0.0022 
Communication               0.0003     1     0.0006    15     0.0004 
Synchronization             0.0000     8     0.0001    15     0.0000 
Variation                   0.0000     1     0.0002    14     0.0002 
Overlap                     0.0000     1     0.0000     2     0.0000 
Load imbalance              0.0000     7     0.0003    14     0.0001 
Execution time              0.0048     3     0.0087     7     0.0065 
User CPU time               0.0003    14     0.0006     7     0.0005 
Sys. CPU time               0.0000    15     0.0000     9     0.0000 
I/O time                    0.0000    16     0.0000     1     0.0000 
Processors                      16     1         16    16         16 
                      Communic          Synchro        Variation          Overlap  
I/O             Tmin    0.0000     1     0.0000     8     0.0000     1     0.0000     1 
I/O             Tmax    0.0000    16     0.0001    15     0.0002    14     0.0000    16 
I/O             Tmid    0.0000           0.0000           0.0002           0.0000       
Reduction       Tmin    0.0003     1     0.0000     7     0.0000     5     0.0000     1 
Reduction       Tmax    0.0006    15     0.0000    14     0.0000    16     0.0000     2 
Reduction       Tmid    0.0004           0.0000           0.0000           0.0000       
--- The execution characteristics --- 
                                1          2          3          4          5          6          7          8          9         10         11         12         13         14         15         16 
Lost time                  0.0082     0.0081     0.0082     0.0083     0.0081     0.0083     0.0080     0.0081     0.0081     0.0081     0.0082     0.0082     0.0081     0.0083     0.0081     0.0083 
User insufficient par.     0.0044     0.0067     0.0038     0.0038     0.0056     0.0038     0.0074     0.0059     0.0070     0.0070     0.0052     0.0048     0.0063     0.0037     0.0062     0.0037 
Sys.insufficient par.      0.0004     0.0003     0.0002     0.0002     0.0002     0.0003     0.0002     0.0002     0.0003     0.0002     0.0002     0.0002     0.0002     0.0002     0.0002     0.0002 
Idle time                  0.0031     0.0008     0.0038     0.0038     0.0020     0.0038     0.0000     0.0016     0.0004     0.0004     0.0023     0.0027     0.0012     0.0038     0.0012     0.0038 
Communication              0.0003     0.0004     0.0004     0.0004     0.0003     0.0004     0.0004     0.0004     0.0004     0.0004     0.0004     0.0004     0.0005     0.0006     0.0006     0.0005 
Synchronization            0.0000     0.0001     0.0000     0.0000     0.0000     0.0000     0.0000     0.0000     0.0000     0.0000     0.0000     0.0000     0.0001     0.0001     0.0001     0.0001 
Variation                  0.0000     0.0002     0.0002     0.0002     0.0002     0.0002     0.0002     0.0001     0.0002     0.0002     0.0002     0.0002     0.0002     0.0002     0.0002     0.0002 
Overlap                    0.0000     0.0000     0.0000     0.0000     0.0000     0.0000     0.0000     0.0000     0.0000     0.0000     0.0000     0.0000     0.0000     0.0000     0.0000     0.0000 
Load imbalance             0.0002     0.0000     0.0002     0.0002     0.0001     0.0002     0.0000     0.0001     0.0000     0.0000     0.0001     0.0002     0.0001     0.0003     0.0001     0.0002 
Execution time             0.0055     0.0079     0.0048     0.0048     0.0067     0.0048     0.0087     0.0071     0.0083     0.0082     0.0063     0.0059     0.0075     0.0049     0.0075     0.0049 
User CPU time              0.0004     0.0006     0.0004     0.0004     0.0005     0.0004     0.0006     0.0005     0.0006     0.0006     0.0005     0.0004     0.0005     0.0003     0.0005     0.0004 
Sys. CPU time              0.0000     0.0000     0.0000     0.0000     0.0000     0.0000     0.0000     0.0000     0.0000     0.0000     0.0000     0.0000     0.0000     0.0000     0.0000     0.0000 
I/O time                   0.0000     0.0000     0.0000     0.0000     0.0000     0.0000     0.0000     0.0000     0.0000     0.0000     0.0000     0.0000     0.0000     0.0000     0.0000     0.0000 
Processors                     16         16         16         16         16         16         16         16         16         16         16         16         16         16         16         16 
           Communication          
Reduction                  0.0003     0.0004     0.0004     0.0004     0.0003     0.0004     0.0004     0.0004     0.0004     0.0004     0.0004     0.0004     0.0005     0.0006     0.0006     0.0005 
           Synchronization        
I/O                        0.0000     0.0000     0.0000     0.0000     0.0000     0.0000     0.0000     0.0000     0.0000     0.0000     0.0000     0.0000     0.0001     0.0001     0.0001     0.0001 
Reduction                  0.0000     0.0000     0.0000     0.0000     0.0000     0.0000     0.0000     0.0000     0.0000     0.0000     0.0000     0.0000     0.0000     0.0000     0.0000     0.0000 
           Variation              
I/O                        0.0000     0.0002     0.0002     0.0002     0.0001     0.0002     0.0002     0.0001     0.0002     0.0002     0.0002     0.0001     0.0002     0.0002     0.0002     0.0002 
Reduction                  0.0000     0.0000     0.0000     0.0000     0.0000     0.0000     0.0000     0.0000     0.0000     0.0000     0.0000     0.0000     0.0000     0.0000     0.0000     0.0000 
           Overlap                
Reduction                  0.0000     0.0000     0.0000     0.0000     0.0000     0.0000     0.0000     0.0000     0.0000     0.0000     0.0000     0.0000     0.0000     0.0000     0.0000     0.0000 


-------------------------------------------------------------------------
Name (number) and performance time of processors
omp.keldysh.ru(1) 0.935413
omp.keldysh.ru(2) 0.935310
omp.keldysh.ru(3) 0.960051
omp.keldysh.ru(4) 0.960054
omp.keldysh.ru(5) 0.958483
omp.keldysh.ru(6) 0.958359
omp.keldysh.ru(7) 0.959768
omp.keldysh.ru(8) 0.960045
omp.keldysh.ru(9) 0.957196
omp.keldysh.ru(10) 0.957236
omp.keldysh.ru(11) 0.957611
omp.keldysh.ru(12) 0.957600
omp.keldysh.ru(13) 0.935355
omp.keldysh.ru(14) 0.935365
omp.keldysh.ru(15) 0.956075
omp.keldysh.ru(16) 0.956062
min - omp.keldysh.ru(2) 0.935310; max - omp.keldysh.ru(4) 0.960054; mid - 0.952499
