Processor system=2*3*3
Statistics has been accumulated on DVM-system version 5.0, platform DVM
Analyzer is executing on DVM-system version 5.0, platform DVM
-------------------------------------------------------------------------
INTERVAL ( NLINE=12 SOURCE=distrmix3.f ) LEVEL=0  EXE_COUNT=2
--- The main characteristics --- 
Parallelization efficiency      0.0832 
Execution time                  0.0148 
Processors                          18
Threads amount                      18
Total time                      0.2664
Productive time                 0.0222 ( CPU= 0.0188 Sys= 0.0034 I/O= 0.0000 )
Lost  time                      0.2442 
   Insufficient parallelism     0.1859 ( User= 0.1283 Sys= 0.0576 )
   Communication                0.0577 ( Real_sync= 0.0000 Starts= 0.0000 )
   Idle time                    0.0006
Load imbalance                  0.0013
Synchronization                 0.0226
Time variation                  0.0297
Overlap                         0.0000
                  Nop   Communic    Synchro  Variation    Overlap 
I/O                24     0.0000     0.0031     0.0064     0.0000 
Reduction          22     0.0232     0.0018     0.0019     0.0000 
Remote access      10     0.0000     0.0009     0.0013     0.0000 
Redistribution     39     0.0345     0.0167     0.0201     0.0000 
--- The comparative characteristics --- 
                              Tmin N proc      Tmax N proc      Tmid
Lost time                   0.0135    15     0.0138    18     0.0136 
User insufficient par.      0.0062    18     0.0074    16     0.0071 
Sys.insufficient par.       0.0024    17     0.0034    13     0.0032 
Idle time                   0.0000    15     0.0001     5     0.0000 
Communication               0.0027    16     0.0051    17     0.0032 
Synchronization             0.0007    16     0.0024    17     0.0013 
Variation                   0.0011    15     0.0021     3     0.0016 
Overlap                     0.0000     1     0.0000    15     0.0000 
Load imbalance              0.0000    15     0.0003    18     0.0001 
Execution time              0.0147     5     0.0148    15     0.0148 
User CPU time               0.0009    18     0.0011    15     0.0010 
Sys. CPU time               0.0001    17     0.0002    13     0.0002 
I/O time                    0.0000    18     0.0000     1     0.0000 
Processors                      18     1         18    18         18 
                      Communic          Synchro        Variation          Overlap  
I/O             Tmin    0.0000     1     0.0001     5     0.0001     1     0.0000     1 
I/O             Tmax    0.0000    18     0.0002    17     0.0004    17     0.0000    18 
I/O             Tmid    0.0000           0.0002           0.0004           0.0000       
Reduction       Tmin    0.0009    15     0.0001    15     0.0001    15     0.0000     1 
Reduction       Tmax    0.0018    18     0.0001     1     0.0001    10     0.0000    15 
Reduction       Tmid    0.0013           0.0001           0.0001           0.0000       
Remote access   Tmin    0.0000     1     0.0000     1     0.0000     1     0.0000     1 
Remote access   Tmax    0.0000    18     0.0001    17     0.0002    17     0.0000    18 
Remote access   Tmid    0.0000           0.0001           0.0001           0.0000       
Redistribution  Tmin    0.0014     1     0.0005    16     0.0006    15     0.0000     1 
Redistribution  Tmax    0.0034    17     0.0019    17     0.0017     1     0.0000    18 
Redistribution  Tmid    0.0019           0.0009           0.0011           0.0000       
--- The execution characteristics --- 
                                1          2          3          4          5          6          7          8          9         10         11         12         13         14         15         16         17         18 
Lost time                  0.0136     0.0136     0.0135     0.0135     0.0135     0.0135     0.0136     0.0136     0.0136     0.0136     0.0135     0.0135     0.0135     0.0136     0.0135     0.0135     0.0138     0.0138 
User insufficient par.     0.0072     0.0072     0.0072     0.0072     0.0073     0.0073     0.0073     0.0072     0.0072     0.0072     0.0072     0.0072     0.0073     0.0072     0.0073     0.0074     0.0063     0.0062 
Sys.insufficient par.      0.0033     0.0031     0.0033     0.0033     0.0034     0.0033     0.0032     0.0033     0.0031     0.0033     0.0033     0.0033     0.0034     0.0033     0.0033     0.0034     0.0024     0.0025 
Idle time                  0.0001     0.0001     0.0000     0.0000     0.0001     0.0001     0.0000     0.0001     0.0000     0.0000     0.0000     0.0001     0.0000     0.0000     0.0000     0.0000     0.0000     0.0000 
Communication              0.0030     0.0032     0.0030     0.0031     0.0028     0.0029     0.0029     0.0030     0.0032     0.0031     0.0031     0.0029     0.0028     0.0030     0.0029     0.0027     0.0051     0.0050 
Synchronization            0.0013     0.0013     0.0013     0.0013     0.0010     0.0011     0.0012     0.0011     0.0013     0.0013     0.0011     0.0010     0.0009     0.0010     0.0008     0.0007     0.0024     0.0022 
Variation                  0.0020     0.0021     0.0021     0.0019     0.0015     0.0015     0.0018     0.0016     0.0019     0.0018     0.0015     0.0014     0.0013     0.0012     0.0011     0.0012     0.0019     0.0019 
Overlap                    0.0000     0.0000     0.0000     0.0000     0.0000     0.0000     0.0000     0.0000     0.0000     0.0000     0.0000     0.0000     0.0000     0.0000     0.0000     0.0000     0.0000     0.0000 
Load imbalance             0.0001     0.0001     0.0000     0.0000     0.0000     0.0000     0.0001     0.0001     0.0001     0.0001     0.0000     0.0000     0.0000     0.0001     0.0000     0.0000     0.0003     0.0003 
Execution time             0.0147     0.0147     0.0148     0.0148     0.0147     0.0147     0.0148     0.0147     0.0148     0.0148     0.0148     0.0147     0.0148     0.0148     0.0148     0.0148     0.0148     0.0148 
User CPU time              0.0010     0.0010     0.0011     0.0011     0.0011     0.0011     0.0011     0.0010     0.0010     0.0010     0.0011     0.0011     0.0011     0.0010     0.0011     0.0011     0.0009     0.0009 
Sys. CPU time              0.0002     0.0002     0.0002     0.0002     0.0002     0.0002     0.0002     0.0002     0.0002     0.0002     0.0002     0.0002     0.0002     0.0002     0.0002     0.0002     0.0001     0.0001 
I/O time                   0.0000     0.0000     0.0000     0.0000     0.0000     0.0000     0.0000     0.0000     0.0000     0.0000     0.0000     0.0000     0.0000     0.0000     0.0000     0.0000     0.0000     0.0000 
Processors                     18         18         18         18         18         18         18         18         18         18         18         18         18         18         18         18         18         18 
           Communication          
Reduction                  0.0016     0.0016     0.0015     0.0014     0.0011     0.0012     0.0012     0.0012     0.0015     0.0013     0.0012     0.0011     0.0010     0.0010     0.0009     0.0010     0.0017     0.0018 
Redistribution             0.0014     0.0017     0.0015     0.0017     0.0017     0.0017     0.0017     0.0018     0.0017     0.0017     0.0019     0.0018     0.0018     0.0020     0.0020     0.0018     0.0034     0.0033 
           Synchronization        
I/O                        0.0002     0.0002     0.0002     0.0002     0.0001     0.0002     0.0002     0.0001     0.0002     0.0002     0.0002     0.0002     0.0001     0.0002     0.0001     0.0001     0.0002     0.0002 
Reduction                  0.0001     0.0001     0.0001     0.0001     0.0001     0.0001     0.0001     0.0001     0.0001     0.0001     0.0001     0.0001     0.0001     0.0001     0.0001     0.0001     0.0001     0.0001 
Remote access              0.0000     0.0001     0.0001     0.0001     0.0001     0.0000     0.0001     0.0001     0.0001     0.0001     0.0001     0.0000     0.0001     0.0000     0.0000     0.0000     0.0001     0.0001 
Redistribution             0.0009     0.0010     0.0010     0.0009     0.0007     0.0008     0.0009     0.0008     0.0010     0.0009     0.0008     0.0007     0.0006     0.0007     0.0006     0.0005     0.0019     0.0019 
           Variation              
I/O                        0.0001     0.0004     0.0004     0.0004     0.0003     0.0004     0.0004     0.0003     0.0004     0.0004     0.0004     0.0004     0.0003     0.0004     0.0003     0.0003     0.0004     0.0004 
Reduction                  0.0001     0.0001     0.0001     0.0001     0.0001     0.0001     0.0001     0.0001     0.0001     0.0001     0.0001     0.0001     0.0001     0.0001     0.0001     0.0001     0.0001     0.0001 
Remote access              0.0000     0.0001     0.0001     0.0001     0.0001     0.0001     0.0001     0.0001     0.0001     0.0001     0.0001     0.0001     0.0001     0.0001     0.0000     0.0000     0.0002     0.0001 
Redistribution             0.0017     0.0015     0.0016     0.0013     0.0010     0.0011     0.0012     0.0011     0.0014     0.0012     0.0009     0.0009     0.0008     0.0007     0.0006     0.0007     0.0012     0.0013 
           Overlap                
Reduction                  0.0000     0.0000     0.0000     0.0000     0.0000     0.0000     0.0000     0.0000     0.0000     0.0000     0.0000     0.0000     0.0000     0.0000     0.0000     0.0000     0.0000     0.0000 


-------------------------------------------------------------------------
Name (number) and performance time of processors
omp.keldysh.ru(1) 0.933948
omp.keldysh.ru(2) 0.933849
omp.keldysh.ru(3) 0.957287
omp.keldysh.ru(4) 0.957427
omp.keldysh.ru(5) 0.956977
omp.keldysh.ru(6) 0.956951
omp.keldysh.ru(7) 0.956020
omp.keldysh.ru(8) 0.955717
omp.keldysh.ru(9) 0.952707
omp.keldysh.ru(10) 0.952712
omp.keldysh.ru(11) 0.955583
omp.keldysh.ru(12) 0.955594
omp.keldysh.ru(13) 0.953596
omp.keldysh.ru(14) 0.953601
omp.keldysh.ru(15) 0.954447
omp.keldysh.ru(16) 0.954445
omp.keldysh.ru(17) 0.953001
omp.keldysh.ru(18) 0.952968
min - omp.keldysh.ru(2) 0.933849; max - omp.keldysh.ru(4) 0.957427; mid - 0.952602
