Processor system=3*2*1*3
Statistics has been accumulated on DVM-system version 5.0, platform DVM
Analyzer is executing on DVM-system version 5.0, platform DVM
-------------------------------------------------------------------------
INTERVAL ( NLINE=7 SOURCE=rem43.f ) LEVEL=0  EXE_COUNT=2
--- The main characteristics --- 
Parallelization efficiency      0.0486 
Execution time                  0.4852 
Processors                          18
Threads amount                      18
Total time                      8.7336
Productive time                 0.4248 ( CPU= 0.0141 Sys= 0.4107 I/O= 0.0000 )
Lost  time                      8.3088 
   Insufficient parallelism     7.1826 ( User= 0.2004 Sys= 6.9822 )
   Communication                1.1246 ( Real_sync= 0.0000 Starts= 0.0000 )
   Idle time                    0.0016
Load imbalance                  0.0267
Synchronization                 1.4807
Time variation                  1.1738
Overlap                         0.0005
                  Nop   Communic    Synchro  Variation    Overlap 
I/O                17     0.0000     0.0068     0.0100     0.0000 
Reduction           8     0.0117     0.0009     0.0009     0.0000 
Remote access    4155     1.1130     1.4729     1.1628     0.0005 
--- The comparative characteristics --- 
                              Tmin N proc      Tmax N proc      Tmid
Lost time                   0.4601    16     0.4705    18     0.4616 
User insufficient par.      0.0070    18     0.0125     5     0.0111 
Sys.insufficient par.       0.2406    17     0.4119    16     0.3879 
Idle time                   0.0000    15     0.0014    18     0.0001 
Communication               0.0360    16     0.2216    17     0.0625 
Synchronization             0.0223    16     0.2432    17     0.0823 
Variation                   0.0163    15     0.1708    17     0.0652 
Overlap                     0.0000     3     0.0001     1     0.0000 
Load imbalance              0.0000    16     0.0104    18     0.0015 
Execution time              0.4838    18     0.4852    15     0.4851 
User CPU time               0.0005    18     0.0009     5     0.0008 
Sys. CPU time               0.0142    17     0.0242    16     0.0228 
I/O time                    0.0000     8     0.0000     1     0.0000 
Processors                      18     1         18    18         18 
                      Communic          Synchro        Variation          Overlap  
I/O             Tmin    0.0000     1     0.0002    13     0.0002     1     0.0000     1 
I/O             Tmax    0.0000    18     0.0007    17     0.0009    17     0.0000    18 
I/O             Tmid    0.0000           0.0004           0.0006           0.0000       
Reduction       Tmin    0.0004    16     0.0000    18     0.0000     6     0.0000     1 
Reduction       Tmax    0.0013    17     0.0001     8     0.0001    14     0.0000    18 
Reduction       Tmid    0.0006           0.0001           0.0001           0.0000       
Remote access   Tmin    0.0356    16     0.0220    16     0.0158    15     0.0000     3 
Remote access   Tmax    0.2203    17     0.2424    17     0.1698    17     0.0001     1 
Remote access   Tmid    0.0618           0.0818           0.0646           0.0000       
--- The execution characteristics --- 
                                1          2          3          4          5          6          7          8          9         10         11         12         13         14         15         16         17         18 
Lost time                  0.4606     0.4607     0.4608     0.4604     0.4602     0.4603     0.4607     0.4607     0.4608     0.4603     0.4602     0.4602     0.4606     0.4607     0.4607     0.4601     0.4705     0.4705 
User insufficient par.     0.0111     0.0110     0.0114     0.0121     0.0125     0.0124     0.0112     0.0110     0.0109     0.0119     0.0122     0.0120     0.0111     0.0110     0.0112     0.0122     0.0082     0.0070 
Sys.insufficient par.      0.4043     0.4040     0.4012     0.4075     0.4098     0.4095     0.4038     0.4035     0.4019     0.4093     0.4107     0.4107     0.4045     0.4040     0.4037     0.4119     0.2406     0.2412 
Idle time                  0.0000     0.0000     0.0000     0.0000     0.0000     0.0000     0.0000     0.0000     0.0000     0.0000     0.0000     0.0000     0.0000     0.0000     0.0000     0.0000     0.0000     0.0014 
Communication              0.0452     0.0456     0.0482     0.0408     0.0379     0.0384     0.0457     0.0461     0.0479     0.0391     0.0372     0.0375     0.0450     0.0456     0.0457     0.0360     0.2216     0.2209 
Synchronization            0.0718     0.0708     0.0882     0.0762     0.0590     0.0593     0.0762     0.0758     0.0772     0.0675     0.0509     0.0506     0.0556     0.0600     0.0344     0.0223     0.2432     0.2416 
Variation                  0.0517     0.0497     0.0675     0.0751     0.0611     0.0609     0.0582     0.0574     0.0569     0.0682     0.0530     0.0520     0.0379     0.0423     0.0163     0.0258     0.1708     0.1691 
Overlap                    0.0001     0.0001     0.0000     0.0000     0.0000     0.0000     0.0000     0.0000     0.0000     0.0000     0.0000     0.0000     0.0000     0.0000     0.0000     0.0000     0.0000     0.0000 
Load imbalance             0.0005     0.0005     0.0007     0.0003     0.0001     0.0001     0.0005     0.0006     0.0007     0.0002     0.0001     0.0001     0.0005     0.0005     0.0005     0.0000     0.0103     0.0104 
Execution time             0.4852     0.4852     0.4852     0.4852     0.4852     0.4852     0.4852     0.4852     0.4852     0.4852     0.4852     0.4852     0.4852     0.4852     0.4852     0.4852     0.4852     0.4838 
User CPU time              0.0008     0.0008     0.0008     0.0008     0.0009     0.0009     0.0008     0.0008     0.0008     0.0008     0.0009     0.0008     0.0008     0.0008     0.0008     0.0009     0.0006     0.0005 
Sys. CPU time              0.0238     0.0238     0.0236     0.0240     0.0241     0.0241     0.0238     0.0237     0.0236     0.0241     0.0242     0.0242     0.0238     0.0238     0.0237     0.0242     0.0142     0.0142 
I/O time                   0.0000     0.0000     0.0000     0.0000     0.0000     0.0000     0.0000     0.0000     0.0000     0.0000     0.0000     0.0000     0.0000     0.0000     0.0000     0.0000     0.0000     0.0000 
Processors                     18         18         18         18         18         18         18         18         18         18         18         18         18         18         18         18         18         18 
           Communication          
Reduction                  0.0007     0.0007     0.0007     0.0007     0.0006     0.0006     0.0006     0.0006     0.0006     0.0006     0.0004     0.0005     0.0006     0.0005     0.0005     0.0004     0.0013     0.0012 
Remote access              0.0445     0.0450     0.0476     0.0401     0.0373     0.0378     0.0451     0.0455     0.0473     0.0385     0.0368     0.0371     0.0444     0.0451     0.0452     0.0356     0.2203     0.2197 
           Synchronization        
I/O                        0.0003     0.0004     0.0004     0.0004     0.0004     0.0004     0.0004     0.0004     0.0004     0.0004     0.0004     0.0004     0.0002     0.0003     0.0002     0.0002     0.0007     0.0007 
Reduction                  0.0001     0.0001     0.0000     0.0001     0.0001     0.0000     0.0001     0.0001     0.0000     0.0000     0.0001     0.0000     0.0000     0.0001     0.0000     0.0001     0.0001     0.0000 
Remote access              0.0715     0.0704     0.0878     0.0757     0.0585     0.0589     0.0758     0.0754     0.0768     0.0671     0.0505     0.0501     0.0554     0.0597     0.0342     0.0220     0.2424     0.2409 
           Variation              
I/O                        0.0002     0.0005     0.0006     0.0006     0.0006     0.0006     0.0006     0.0006     0.0006     0.0006     0.0006     0.0006     0.0004     0.0005     0.0004     0.0004     0.0009     0.0009 
Reduction                  0.0001     0.0001     0.0000     0.0001     0.0001     0.0000     0.0001     0.0001     0.0000     0.0000     0.0001     0.0000     0.0000     0.0001     0.0000     0.0001     0.0001     0.0000 
Remote access              0.0514     0.0491     0.0668     0.0745     0.0605     0.0602     0.0576     0.0567     0.0563     0.0676     0.0524     0.0514     0.0375     0.0418     0.0158     0.0254     0.1698     0.1681 
           Overlap                
Reduction                  0.0000     0.0000     0.0000     0.0000     0.0000     0.0000     0.0000     0.0000     0.0000     0.0000     0.0000     0.0000     0.0000     0.0000     0.0000     0.0000     0.0000     0.0000 
Remote access              0.0001     0.0001     0.0000     0.0000     0.0000     0.0000     0.0000     0.0000     0.0000     0.0000     0.0000     0.0000     0.0000     0.0000     0.0000     0.0000     0.0000     0.0000 


-------------------------------------------------------------------------
Name (number) and performance time of processors
omp.keldysh.ru(1) 0.935409
omp.keldysh.ru(2) 0.935354
omp.keldysh.ru(3) 0.952084
omp.keldysh.ru(4) 0.952254
omp.keldysh.ru(5) 0.952225
omp.keldysh.ru(6) 0.952193
omp.keldysh.ru(7) 0.951996
omp.keldysh.ru(8) 0.952009
omp.keldysh.ru(9) 0.952196
omp.keldysh.ru(10) 0.952198
omp.keldysh.ru(11) 0.953219
omp.keldysh.ru(12) 0.953221
omp.keldysh.ru(13) 0.955860
omp.keldysh.ru(14) 0.956107
omp.keldysh.ru(15) 0.956261
omp.keldysh.ru(16) 0.956268
omp.keldysh.ru(17) 0.952225
omp.keldysh.ru(18) 0.952276
min - omp.keldysh.ru(2) 0.935354; max - omp.keldysh.ru(16) 0.956268; mid - 0.951297
