Processor system=3*3*2*1
Statistics has been accumulated on DVM-system version 5.0, platform DVM
Analyzer is executing on DVM-system version 5.0, platform DVM
-------------------------------------------------------------------------
INTERVAL ( NLINE=5 SOURCE=prf42.f ) LEVEL=0  EXE_COUNT=2
--- The main characteristics --- 
Parallelization efficiency      0.0459 
Execution time                  0.0154 
Processors                          18
Threads amount                      18
Total time                      0.2780
Productive time                 0.0128 ( CPU= 0.0106 Sys= 0.0021 I/O= 0.0000 )
Lost  time                      0.2652 
   Insufficient parallelism     0.2168 ( User= 0.1809 Sys= 0.0359 )
   Communication                0.0080 ( Real_sync= 0.0000 Starts= 0.0000 )
   Idle time                    0.0405
Load imbalance                  0.0025
Synchronization                 0.2013
Time variation                  0.2036
Overlap                         0.0128
                  Nop   Communic    Synchro  Variation    Overlap 
I/O                12     0.0000     0.0314     0.0338     0.0000 
Reduction          22     0.0080     0.0711     0.0711     0.0000 
Remote access     180     0.0000     0.0987     0.0987     0.0128 
--- The comparative characteristics --- 
                              Tmin N proc      Tmax N proc      Tmid
Lost time                   0.0146     4     0.0151    17     0.0147 
User insufficient par.      0.0043    17     0.0123     4     0.0100 
Sys.insufficient par.       0.0013    17     0.0023     1     0.0020 
Idle time                   0.0000     4     0.0082    17     0.0023 
Communication               0.0002     3     0.0013    17     0.0004 
Synchronization             0.0004     6     0.0595    17     0.0112 
Variation                   0.0006     6     0.0596    17     0.0113 
Overlap                     0.0000    17     0.0013     5     0.0007 
Load imbalance              0.0000     4     0.0005    17     0.0001 
Execution time              0.0073    17     0.0154     4     0.0132 
User CPU time               0.0003    17     0.0007     4     0.0006 
Sys. CPU time               0.0001    17     0.0001     2     0.0001 
I/O time                    0.0000     2     0.0000     1     0.0000 
Processors                      18     1         18    18         18 
                      Communic          Synchro        Variation          Overlap  
I/O             Tmin    0.0000     1     0.0000     6     0.0002     6     0.0000     1 
I/O             Tmax    0.0000    18     0.0092    17     0.0094    17     0.0000    18 
I/O             Tmid    0.0000           0.0017           0.0019           0.0000       
Reduction       Tmin    0.0002     3     0.0002     6     0.0002     6     0.0000     2 
Reduction       Tmax    0.0013    17     0.0216    17     0.0216    17     0.0000     4 
Reduction       Tmid    0.0004           0.0040           0.0040           0.0000       
Remote access   Tmin    0.0000     1     0.0002     6     0.0002     6     0.0000    17 
Remote access   Tmax    0.0000    18     0.0286    17     0.0286    17     0.0013     5 
Remote access   Tmid    0.0000           0.0055           0.0055           0.0007       
--- The execution characteristics --- 
                                1          2          3          4          5          6          7          8          9         10         11         12         13         14         15         16         17         18 
Lost time                  0.0147     0.0147     0.0147     0.0146     0.0147     0.0147     0.0147     0.0147     0.0147     0.0147     0.0147     0.0147     0.0147     0.0146     0.0146     0.0146     0.0151     0.0151 
User insufficient par.     0.0107     0.0109     0.0102     0.0123     0.0108     0.0107     0.0102     0.0102     0.0101     0.0102     0.0101     0.0102     0.0100     0.0117     0.0119     0.0115     0.0043     0.0050 
Sys.insufficient par.      0.0023     0.0021     0.0021     0.0021     0.0021     0.0021     0.0020     0.0021     0.0021     0.0020     0.0020     0.0020     0.0020     0.0020     0.0021     0.0021     0.0013     0.0015 
Idle time                  0.0012     0.0012     0.0022     0.0000     0.0016     0.0016     0.0023     0.0022     0.0022     0.0022     0.0023     0.0022     0.0022     0.0004     0.0004     0.0008     0.0082     0.0074 
Communication              0.0005     0.0005     0.0002     0.0002     0.0003     0.0003     0.0003     0.0003     0.0003     0.0003     0.0003     0.0003     0.0005     0.0006     0.0003     0.0003     0.0013     0.0011 
Synchronization            0.0075     0.0068     0.0014     0.0013     0.0006     0.0004     0.0039     0.0040     0.0077     0.0077     0.0071     0.0070     0.0108     0.0121     0.0051     0.0055     0.0595     0.0529 
Variation                  0.0073     0.0070     0.0016     0.0014     0.0007     0.0006     0.0041     0.0041     0.0078     0.0079     0.0073     0.0071     0.0109     0.0122     0.0053     0.0056     0.0596     0.0531 
Overlap                    0.0006     0.0006     0.0012     0.0012     0.0013     0.0013     0.0009     0.0009     0.0006     0.0006     0.0006     0.0006     0.0005     0.0005     0.0009     0.0009     0.0000     0.0000 
Load imbalance             0.0001     0.0001     0.0001     0.0000     0.0001     0.0001     0.0001     0.0001     0.0001     0.0001     0.0001     0.0001     0.0001     0.0000     0.0000     0.0000     0.0005     0.0005 
Execution time             0.0143     0.0143     0.0132     0.0154     0.0139     0.0139     0.0132     0.0132     0.0132     0.0132     0.0132     0.0132     0.0132     0.0151     0.0151     0.0147     0.0073     0.0080 
User CPU time              0.0006     0.0006     0.0006     0.0007     0.0006     0.0006     0.0006     0.0006     0.0006     0.0006     0.0006     0.0006     0.0006     0.0007     0.0007     0.0007     0.0003     0.0003 
Sys. CPU time              0.0001     0.0001     0.0001     0.0001     0.0001     0.0001     0.0001     0.0001     0.0001     0.0001     0.0001     0.0001     0.0001     0.0001     0.0001     0.0001     0.0001     0.0001 
I/O time                   0.0000     0.0000     0.0000     0.0000     0.0000     0.0000     0.0000     0.0000     0.0000     0.0000     0.0000     0.0000     0.0000     0.0000     0.0000     0.0000     0.0000     0.0000 
Processors                     18         18         18         18         18         18         18         18         18         18         18         18         18         18         18         18         18         18 
           Communication          
Reduction                  0.0005     0.0005     0.0002     0.0002     0.0003     0.0003     0.0003     0.0003     0.0003     0.0003     0.0003     0.0003     0.0005     0.0006     0.0003     0.0003     0.0013     0.0011 
           Synchronization        
I/O                        0.0011     0.0010     0.0003     0.0002     0.0000     0.0000     0.0007     0.0007     0.0012     0.0012     0.0011     0.0011     0.0017     0.0019     0.0008     0.0009     0.0092     0.0081 
Reduction                  0.0025     0.0028     0.0006     0.0005     0.0002     0.0002     0.0014     0.0014     0.0029     0.0029     0.0029     0.0029     0.0032     0.0031     0.0013     0.0013     0.0216     0.0193 
Remote access              0.0038     0.0031     0.0006     0.0006     0.0003     0.0002     0.0019     0.0019     0.0035     0.0036     0.0031     0.0030     0.0059     0.0070     0.0030     0.0033     0.0286     0.0255 
           Variation              
I/O                        0.0010     0.0011     0.0004     0.0004     0.0002     0.0002     0.0008     0.0008     0.0014     0.0014     0.0012     0.0012     0.0019     0.0021     0.0010     0.0010     0.0094     0.0083 
Reduction                  0.0025     0.0028     0.0006     0.0005     0.0002     0.0002     0.0014     0.0014     0.0029     0.0029     0.0029     0.0029     0.0032     0.0032     0.0013     0.0013     0.0216     0.0193 
Remote access              0.0038     0.0031     0.0006     0.0006     0.0003     0.0002     0.0019     0.0019     0.0035     0.0036     0.0031     0.0030     0.0059     0.0070     0.0030     0.0033     0.0286     0.0255 
           Overlap                
Reduction                  0.0000     0.0000     0.0000     0.0000     0.0000     0.0000     0.0000     0.0000     0.0000     0.0000     0.0000     0.0000     0.0000     0.0000     0.0000     0.0000     0.0000     0.0000 
Remote access              0.0006     0.0006     0.0012     0.0012     0.0013     0.0013     0.0009     0.0009     0.0006     0.0006     0.0006     0.0006     0.0005     0.0005     0.0009     0.0009     0.0000     0.0000 


-------------------------------------------------------------------------
Name (number) and performance time of processors
omp.keldysh.ru(1) 0.933971
omp.keldysh.ru(2) 0.933912
omp.keldysh.ru(3) 0.955869
omp.keldysh.ru(4) 0.955892
omp.keldysh.ru(5) 0.955936
omp.keldysh.ru(6) 0.956003
omp.keldysh.ru(7) 0.954602
omp.keldysh.ru(8) 0.954607
omp.keldysh.ru(9) 0.956350
omp.keldysh.ru(10) 0.956517
omp.keldysh.ru(11) 0.955292
omp.keldysh.ru(12) 0.955284
omp.keldysh.ru(13) 0.956012
omp.keldysh.ru(14) 0.956014
omp.keldysh.ru(15) 0.958123
omp.keldysh.ru(16) 0.958128
omp.keldysh.ru(17) 0.954899
omp.keldysh.ru(18) 0.955257
min - omp.keldysh.ru(2) 0.933912; max - omp.keldysh.ru(16) 0.958128; mid - 0.953482
