Processor system=6*3
Statistics has been accumulated on DVM-system version 5.0, platform DVM
Analyzer is executing on DVM-system version 5.0, platform DVM
-------------------------------------------------------------------------
INTERVAL ( NLINE=6 SOURCE=cons22.f ) LEVEL=0  EXE_COUNT=2
--- The main characteristics --- 
Parallelization efficiency      0.0003 
Execution time                  6.3330 
Processors                          18
Threads amount                      18
Total time                    113.9942
Productive time                 0.0385 ( CPU= 0.0355 Sys= 0.0028 I/O= 0.0002 )
Lost  time                    113.9556 
   Insufficient parallelism     0.4754 ( User= 0.4238 Sys= 0.0516 )
   Communication              112.4070 ( Real_sync= 0.0000 Starts= 0.0000 )
   Idle time                    1.0732
Load imbalance                  0.0519
Synchronization                21.7581
Time variation                 21.7541
Overlap                         0.0000
                  Nop   Communic    Synchro  Variation    Overlap 
I/O                19     0.0000     6.3066     6.3024     0.0000 
Reduction          17    11.4615     5.6130     5.6130     0.0000 
Remote access      96   100.9456     9.8386     9.8387     0.0000 
--- The comparative characteristics --- 
                              Tmin N proc      Tmax N proc      Tmid
Lost time                   6.3278     1     6.3319     8     6.3309 
User insufficient par.      0.0055     8     0.0715     1     0.0235 
Sys.insufficient par.       0.0019    17     0.0065     1     0.0029 
Idle time                   0.0000     1     0.0918    14     0.0596 
Communication               6.2302    10     6.2633    13     6.2448 
Synchronization             0.5354     7     1.5248     2     1.2088 
Variation                   0.5354     7     1.5248     2     1.2086 
Overlap                     0.0000     2     0.0000     7     0.0000 
Load imbalance              0.0000     1     0.0039     8     0.0029 
Execution time              6.2412    14     6.3330     1     6.2734 
User CPU time               0.0009     8     0.0049     1     0.0020 
Sys. CPU time               0.0001    17     0.0002     2     0.0002 
I/O time                    0.0000    18     0.0002     1     0.0000 
Processors                      18     1         18    18         18 
                      Communic          Synchro        Variation          Overlap  
I/O             Tmin    0.0000     1     0.1430     7     0.1430     7     0.0000     1 
I/O             Tmax    0.0000    18     0.4493     2     0.4493     2     0.0000    18 
I/O             Tmid    0.0000           0.3504           0.3501           0.0000       
Reduction       Tmin    0.4122     1     0.1040     7     0.1040     7     0.0000     1 
Reduction       Tmax    0.7725    16     0.3930    11     0.3930    12     0.0000     7 
Reduction       Tmid    0.6367           0.3118           0.3118           0.0000       
Remote access   Tmin    5.4667    16     0.2107    13     0.2107    13     0.0000     2 
Remote access   Tmax    5.8375     1     0.6825     2     0.6824     2     0.0000    13 
Remote access   Tmid    5.6081           0.5466           0.5466           0.0000       
--- The execution characteristics --- 
                                1          2          3          4          5          6          7          8          9         10         11         12         13         14         15         16         17         18 
Lost time                  6.3278     6.3319     6.3319     6.3304     6.3310     6.3319     6.3296     6.3319     6.3304     6.3307     6.3319     6.3319     6.3300     6.3319     6.3310     6.3286     6.3316     6.3312 
User insufficient par.     0.0715     0.0057     0.0058     0.0320     0.0211     0.0056     0.0447     0.0055     0.0324     0.0259     0.0056     0.0056     0.0381     0.0055     0.0220     0.0628     0.0133     0.0206 
Sys.insufficient par.      0.0065     0.0029     0.0027     0.0027     0.0027     0.0028     0.0026     0.0028     0.0027     0.0027     0.0028     0.0028     0.0027     0.0027     0.0028     0.0027     0.0019     0.0019 
Idle time                  0.0000     0.0699     0.0852     0.0395     0.0620     0.0789     0.0290     0.0788     0.0420     0.0719     0.0809     0.0809     0.0260     0.0918     0.0744     0.0240     0.0730     0.0650 
Communication              6.2497     6.2534     6.2382     6.2562     6.2452     6.2447     6.2533     6.2448     6.2533     6.2302     6.2426     6.2426     6.2633     6.2318     6.2318     6.2391     6.2434     6.2436 
Synchronization            1.1980     1.5248     1.0808     0.9699     1.1435     1.5116     0.5354     1.5115     1.0427     1.1077     1.5095     1.5094     0.5414     1.4983     1.4983     1.1438     1.1415     1.2897 
Variation                  1.1939     1.5248     1.0808     0.9698     1.1435     1.5116     0.5354     1.5114     1.0427     1.1077     1.5094     1.5094     0.5414     1.4983     1.4983     1.1438     1.1419     1.2901 
Overlap                    0.0000     0.0000     0.0000     0.0000     0.0000     0.0000     0.0000     0.0000     0.0000     0.0000     0.0000     0.0000     0.0000     0.0000     0.0000     0.0000     0.0000     0.0000 
Load imbalance             0.0000     0.0039     0.0039     0.0024     0.0030     0.0039     0.0016     0.0039     0.0024     0.0027     0.0039     0.0039     0.0020     0.0039     0.0030     0.0006     0.0036     0.0032 
Execution time             6.3330     6.2632     6.2478     6.2936     6.2710     6.2541     6.3040     6.2542     6.2910     6.2611     6.2521     6.2521     6.3070     6.2412     6.2586     6.3091     6.2600     6.2680 
User CPU time              0.0049     0.0010     0.0009     0.0025     0.0018     0.0009     0.0032     0.0009     0.0025     0.0021     0.0010     0.0010     0.0028     0.0009     0.0019     0.0043     0.0012     0.0017 
Sys. CPU time              0.0002     0.0002     0.0002     0.0002     0.0002     0.0002     0.0002     0.0002     0.0002     0.0002     0.0002     0.0002     0.0002     0.0002     0.0002     0.0002     0.0001     0.0001 
I/O time                   0.0002     0.0000     0.0000     0.0000     0.0000     0.0000     0.0000     0.0000     0.0000     0.0000     0.0000     0.0000     0.0000     0.0000     0.0000     0.0000     0.0000     0.0000 
Processors                     18         18         18         18         18         18         18         18         18         18         18         18         18         18         18         18         18         18 
           Communication          
Reduction                  0.4122     0.6478     0.6233     0.6873     0.6771     0.6477     0.6241     0.6476     0.6433     0.6413     0.6476     0.6476     0.5205     0.6476     0.6475     0.7725     0.5697     0.7570 
Remote access              5.8375     5.6056     5.6148     5.5689     5.5680     5.5970     5.6292     5.5972     5.6100     5.5889     5.5950     5.5950     5.7428     5.5842     5.5843     5.4667     5.6737     5.4866 
           Synchronization        
I/O                        0.4493     0.4493     0.3239     0.2490     0.3249     0.4403     0.1430     0.4403     0.3099     0.3189     0.4383     0.4383     0.1669     0.4273     0.4273     0.2710     0.3604     0.3280 
Reduction                  0.3930     0.3930     0.2839     0.2270     0.2779     0.3930     0.1040     0.3930     0.2749     0.2889     0.3930     0.3930     0.1639     0.3930     0.3930     0.2480     0.3161     0.2840 
Remote access              0.3557     0.6825     0.4729     0.4939     0.5407     0.6783     0.2884     0.6781     0.4578     0.4998     0.6781     0.6781     0.2107     0.6780     0.6780     0.6248     0.4650     0.6778 
           Variation              
I/O                        0.4452     0.4493     0.3239     0.2490     0.3249     0.4403     0.1430     0.4403     0.3099     0.3189     0.4383     0.4383     0.1669     0.4273     0.4273     0.2710     0.3605     0.3280 
Reduction                  0.3930     0.3930     0.2840     0.2270     0.2779     0.3930     0.1040     0.3930     0.2749     0.2889     0.3930     0.3930     0.1639     0.3930     0.3930     0.2480     0.3161     0.2840 
Remote access              0.3557     0.6824     0.4729     0.4938     0.5406     0.6782     0.2884     0.6781     0.4578     0.4998     0.6780     0.6780     0.2107     0.6779     0.6779     0.6248     0.4653     0.6782 
           Overlap                
Reduction                  0.0000     0.0000     0.0000     0.0000     0.0000     0.0000     0.0000     0.0000     0.0000     0.0000     0.0000     0.0000     0.0000     0.0000     0.0000     0.0000     0.0000     0.0000 
Remote access              0.0000     0.0000     0.0000     0.0000     0.0000     0.0000     0.0000     0.0000     0.0000     0.0000     0.0000     0.0000     0.0000     0.0000     0.0000     0.0000     0.0000     0.0000 


-------------------------------------------------------------------------
Name (number) and performance time of processors
omp.keldysh.ru(1) 9.155003
omp.keldysh.ru(2) 0.896200
omp.keldysh.ru(3) 5.583599
omp.keldysh.ru(4) 5.610762
omp.keldysh.ru(5) 5.044467
omp.keldysh.ru(6) 0.935619
omp.keldysh.ru(7) 9.155360
omp.keldysh.ru(8) 0.914172
omp.keldysh.ru(9) 5.584622
omp.keldysh.ru(10) 5.617277
omp.keldysh.ru(11) 0.935549
omp.keldysh.ru(12) 0.935354
omp.keldysh.ru(13) 9.159377
omp.keldysh.ru(14) 0.935882
omp.keldysh.ru(15) 0.874376
omp.keldysh.ru(16) 5.094829
omp.keldysh.ru(17) 5.017081
omp.keldysh.ru(18) 0.893938
min - omp.keldysh.ru(15) 0.874376; max - omp.keldysh.ru(13) 9.159377; mid - 4.019082
