Processor system=4*2*2*1
Statistics has been accumulated on DVM-system version 5.0, platform DVM
Analyzer is executing on DVM-system version 5.0, platform DVM
-------------------------------------------------------------------------
INTERVAL ( NLINE=5 SOURCE=parallel4.f ) LEVEL=0  EXE_COUNT=1
--- The main characteristics --- 
Parallelization efficiency      0.0746 
Execution time                  0.0053 
Processors                          16
Threads amount                      16
Total time                      0.0846
Productive time                 0.0063 ( CPU= 0.0060 Sys= 0.0003 I/O= 0.0000 )
Lost  time                      0.0783 
   Insufficient parallelism     0.0677 ( User= 0.0631 Sys= 0.0046 )
   Communication                0.0099 ( Real_sync= 0.0000 Starts= 0.0000 )
   Idle time                    0.0007
Load imbalance                  0.0004
Synchronization                 0.0008
Time variation                  0.0039
Overlap                         0.0000
                  Nop   Communic    Synchro  Variation    Overlap 
I/O                 7     0.0000     0.0006     0.0036     0.0000 
Reduction           5     0.0099     0.0001     0.0002     0.0000 
--- The comparative characteristics --- 
                              Tmin N proc      Tmax N proc      Tmid
Lost time                   0.0049     5     0.0049    15     0.0049 
User insufficient par.      0.0037    15     0.0041     2     0.0039 
Sys.insufficient par.       0.0002    13     0.0005     1     0.0003 
Idle time                   0.0000    14     0.0002    16     0.0000 
Communication               0.0004     1     0.0008    14     0.0006 
Synchronization             0.0000    10     0.0001    15     0.0000 
Variation                   0.0000     1     0.0003    15     0.0002 
Overlap                     0.0000     1     0.0000    12     0.0000 
Load imbalance              0.0000     5     0.0001    15     0.0000 
Execution time              0.0051    16     0.0053    14     0.0052 
User CPU time               0.0004    15     0.0004     5     0.0004 
Sys. CPU time               0.0000    13     0.0000     6     0.0000 
I/O time                    0.0000     6     0.0000     1     0.0000 
Processors                      16     1         16    16         16 
                      Communic          Synchro        Variation          Overlap  
I/O             Tmin    0.0000     1     0.0000    10     0.0000     1     0.0000     1 
I/O             Tmax    0.0000    16     0.0001    15     0.0003    15     0.0000    16 
I/O             Tmid    0.0000           0.0000           0.0002           0.0000       
Reduction       Tmin    0.0004     1     0.0000     4     0.0000    12     0.0000     1 
Reduction       Tmax    0.0008    14     0.0000    13     0.0000    15     0.0000    12 
Reduction       Tmid    0.0006           0.0000           0.0000           0.0000       
--- The execution characteristics --- 
                                1          2          3          4          5          6          7          8          9         10         11         12         13         14         15         16 
Lost time                  0.0049     0.0049     0.0049     0.0049     0.0049     0.0049     0.0049     0.0049     0.0049     0.0049     0.0049     0.0049     0.0049     0.0049     0.0049     0.0049 
User insufficient par.     0.0040     0.0041     0.0039     0.0039     0.0040     0.0040     0.0040     0.0040     0.0040     0.0040     0.0040     0.0040     0.0039     0.0039     0.0037     0.0037 
Sys.insufficient par.      0.0005     0.0003     0.0003     0.0003     0.0003     0.0003     0.0003     0.0003     0.0003     0.0003     0.0003     0.0003     0.0002     0.0002     0.0002     0.0003 
Idle time                  0.0000     0.0000     0.0001     0.0001     0.0000     0.0000     0.0000     0.0000     0.0000     0.0000     0.0000     0.0000     0.0000     0.0000     0.0002     0.0002 
Communication              0.0004     0.0005     0.0006     0.0006     0.0005     0.0005     0.0006     0.0006     0.0006     0.0006     0.0006     0.0006     0.0008     0.0008     0.0008     0.0007 
Synchronization            0.0001     0.0000     0.0001     0.0000     0.0001     0.0000     0.0001     0.0000     0.0001     0.0000     0.0001     0.0000     0.0001     0.0000     0.0001     0.0000 
Variation                  0.0000     0.0002     0.0003     0.0002     0.0003     0.0002     0.0003     0.0002     0.0003     0.0002     0.0003     0.0002     0.0003     0.0002     0.0003     0.0002 
Overlap                    0.0000     0.0000     0.0000     0.0000     0.0000     0.0000     0.0000     0.0000     0.0000     0.0000     0.0000     0.0000     0.0000     0.0000     0.0000     0.0000 
Load imbalance             0.0000     0.0000     0.0000     0.0000     0.0000     0.0000     0.0000     0.0000     0.0000     0.0000     0.0000     0.0000     0.0000     0.0000     0.0001     0.0000 
Execution time             0.0053     0.0053     0.0052     0.0052     0.0053     0.0053     0.0053     0.0053     0.0053     0.0053     0.0053     0.0053     0.0053     0.0053     0.0051     0.0051 
User CPU time              0.0004     0.0004     0.0004     0.0004     0.0004     0.0004     0.0004     0.0004     0.0004     0.0004     0.0004     0.0004     0.0004     0.0004     0.0004     0.0004 
Sys. CPU time              0.0000     0.0000     0.0000     0.0000     0.0000     0.0000     0.0000     0.0000     0.0000     0.0000     0.0000     0.0000     0.0000     0.0000     0.0000     0.0000 
I/O time                   0.0000     0.0000     0.0000     0.0000     0.0000     0.0000     0.0000     0.0000     0.0000     0.0000     0.0000     0.0000     0.0000     0.0000     0.0000     0.0000 
Processors                     16         16         16         16         16         16         16         16         16         16         16         16         16         16         16         16 
           Communication          
Reduction                  0.0004     0.0005     0.0006     0.0006     0.0005     0.0005     0.0006     0.0006     0.0006     0.0006     0.0006     0.0006     0.0008     0.0008     0.0008     0.0007 
           Synchronization        
I/O                        0.0001     0.0000     0.0001     0.0000     0.0000     0.0000     0.0001     0.0000     0.0001     0.0000     0.0001     0.0000     0.0001     0.0000     0.0001     0.0000 
Reduction                  0.0000     0.0000     0.0000     0.0000     0.0000     0.0000     0.0000     0.0000     0.0000     0.0000     0.0000     0.0000     0.0000     0.0000     0.0000     0.0000 
           Variation              
I/O                        0.0000     0.0002     0.0003     0.0002     0.0002     0.0002     0.0003     0.0002     0.0003     0.0002     0.0003     0.0002     0.0003     0.0002     0.0003     0.0002 
Reduction                  0.0000     0.0000     0.0000     0.0000     0.0000     0.0000     0.0000     0.0000     0.0000     0.0000     0.0000     0.0000     0.0000     0.0000     0.0000     0.0000 
           Overlap                
Reduction                  0.0000     0.0000     0.0000     0.0000     0.0000     0.0000     0.0000     0.0000     0.0000     0.0000     0.0000     0.0000     0.0000     0.0000     0.0000     0.0000 


-------------------------------------------------------------------------
Name (number) and performance time of processors
omp.keldysh.ru(1) 0.933854
omp.keldysh.ru(2) 0.933786
omp.keldysh.ru(3) 0.958607
omp.keldysh.ru(4) 0.958904
omp.keldysh.ru(5) 0.959124
omp.keldysh.ru(6) 0.959117
omp.keldysh.ru(7) 0.956677
omp.keldysh.ru(8) 0.956646
omp.keldysh.ru(9) 0.957835
omp.keldysh.ru(10) 0.957850
omp.keldysh.ru(11) 0.959438
omp.keldysh.ru(12) 0.959433
omp.keldysh.ru(13) 0.957824
omp.keldysh.ru(14) 0.957821
omp.keldysh.ru(15) 0.958364
omp.keldysh.ru(16) 0.958365
min - omp.keldysh.ru(2) 0.933786; max - omp.keldysh.ru(11) 0.959438; mid - 0.955228
