Processor system=6*3
Statistics has been accumulated on DVM-system version 5.0, platform DVM
Analyzer is executing on DVM-system version 5.0, platform DVM
-------------------------------------------------------------------------
INTERVAL ( NLINE=12 SOURCE=distrmix2.f ) LEVEL=0  EXE_COUNT=2
--- The main characteristics --- 
Parallelization efficiency      0.0801 
Execution time                  0.0053 
Processors                          18
Threads amount                      18
Total time                      0.0956
Productive time                 0.0077 ( CPU= 0.0071 Sys= 0.0005 I/O= 0.0000 )
Lost  time                      0.0880 
   Insufficient parallelism     0.0825 ( User= 0.0731 Sys= 0.0094 )
   Communication                0.0047 ( Real_sync= 0.0000 Starts= 0.0000 )
   Idle time                    0.0007
Load imbalance                  0.0006
Synchronization                 0.0060
Time variation                  0.0078
Overlap                         0.0000
                  Nop   Communic    Synchro  Variation    Overlap 
I/O                 5     0.0000     0.0003     0.0028     0.0000 
Reduction           3     0.0025     0.0000     0.0001     0.0000 
Remote access       3     0.0000     0.0024     0.0023     0.0000 
Redistribution      6     0.0022     0.0033     0.0026     0.0000 
--- The comparative characteristics --- 
                              Tmin N proc      Tmax N proc      Tmid
Lost time                   0.0049     6     0.0050    18     0.0049 
User insufficient par.      0.0039    17     0.0041     6     0.0041 
Sys.insufficient par.       0.0004    18     0.0006     1     0.0005 
Idle time                   0.0000     6     0.0001    14     0.0000 
Communication               0.0002     6     0.0005    17     0.0003 
Synchronization             0.0001     1     0.0006    18     0.0003 
Variation                   0.0002     1     0.0006    18     0.0004 
Overlap                     0.0000     1     0.0000    17     0.0000 
Load imbalance              0.0000     6     0.0001    18     0.0000 
Execution time              0.0052    14     0.0053     6     0.0053 
User CPU time               0.0003    18     0.0004     6     0.0004 
Sys. CPU time               0.0000    18     0.0000    11     0.0000 
I/O time                    0.0000    16     0.0000     1     0.0000 
Processors                      18     1         18    18         18 
                      Communic          Synchro        Variation          Overlap  
I/O             Tmin    0.0000     1     0.0000    11     0.0000     1     0.0000     1 
I/O             Tmax    0.0000    18     0.0000    17     0.0002    17     0.0000    18 
I/O             Tmid    0.0000           0.0000           0.0002           0.0000       
Reduction       Tmin    0.0001     8     0.0000    15     0.0000     2     0.0000     1 
Reduction       Tmax    0.0003    18     0.0000    14     0.0000     6     0.0000    17 
Reduction       Tmid    0.0001           0.0000           0.0000           0.0000       
Remote access   Tmin    0.0000     1     0.0000     1     0.0000     1     0.0000     1 
Remote access   Tmax    0.0000    18     0.0002    17     0.0002    17     0.0000    18 
Remote access   Tmid    0.0000           0.0001           0.0001           0.0000       
Redistribution  Tmin    0.0000     1     0.0001     1     0.0001    11     0.0000     1 
Redistribution  Tmax    0.0003    17     0.0004    18     0.0003    18     0.0000    18 
Redistribution  Tmid    0.0001           0.0002           0.0001           0.0000       
--- The execution characteristics --- 
                                1          2          3          4          5          6          7          8          9         10         11         12         13         14         15         16         17         18 
Lost time                  0.0049     0.0049     0.0049     0.0049     0.0049     0.0049     0.0049     0.0049     0.0049     0.0049     0.0049     0.0049     0.0049     0.0049     0.0049     0.0049     0.0049     0.0050 
User insufficient par.     0.0041     0.0041     0.0041     0.0041     0.0041     0.0041     0.0040     0.0041     0.0041     0.0041     0.0041     0.0041     0.0040     0.0040     0.0041     0.0041     0.0039     0.0040 
Sys.insufficient par.      0.0006     0.0005     0.0005     0.0005     0.0006     0.0005     0.0005     0.0005     0.0006     0.0005     0.0006     0.0006     0.0005     0.0005     0.0005     0.0005     0.0004     0.0004 
Idle time                  0.0000     0.0001     0.0000     0.0000     0.0000     0.0000     0.0001     0.0000     0.0000     0.0000     0.0000     0.0000     0.0001     0.0001     0.0000     0.0001     0.0001     0.0000 
Communication              0.0002     0.0002     0.0002     0.0002     0.0002     0.0002     0.0002     0.0002     0.0003     0.0002     0.0002     0.0002     0.0002     0.0002     0.0003     0.0003     0.0005     0.0005 
Synchronization            0.0001     0.0003     0.0003     0.0003     0.0003     0.0003     0.0003     0.0003     0.0003     0.0003     0.0002     0.0003     0.0003     0.0003     0.0003     0.0004     0.0006     0.0006 
Variation                  0.0002     0.0004     0.0005     0.0004     0.0004     0.0004     0.0005     0.0004     0.0004     0.0005     0.0003     0.0004     0.0004     0.0004     0.0005     0.0005     0.0006     0.0006 
Overlap                    0.0000     0.0000     0.0000     0.0000     0.0000     0.0000     0.0000     0.0000     0.0000     0.0000     0.0000     0.0000     0.0000     0.0000     0.0000     0.0000     0.0000     0.0000 
Load imbalance             0.0000     0.0000     0.0000     0.0000     0.0000     0.0000     0.0000     0.0000     0.0000     0.0000     0.0000     0.0000     0.0000     0.0000     0.0000     0.0000     0.0001     0.0001 
Execution time             0.0053     0.0052     0.0053     0.0053     0.0053     0.0053     0.0053     0.0053     0.0053     0.0053     0.0053     0.0053     0.0052     0.0052     0.0053     0.0053     0.0052     0.0053 
User CPU time              0.0004     0.0004     0.0004     0.0004     0.0004     0.0004     0.0004     0.0004     0.0004     0.0004     0.0004     0.0004     0.0004     0.0004     0.0004     0.0004     0.0003     0.0003 
Sys. CPU time              0.0000     0.0000     0.0000     0.0000     0.0000     0.0000     0.0000     0.0000     0.0000     0.0000     0.0000     0.0000     0.0000     0.0000     0.0000     0.0000     0.0000     0.0000 
I/O time                   0.0000     0.0000     0.0000     0.0000     0.0000     0.0000     0.0000     0.0000     0.0000     0.0000     0.0000     0.0000     0.0000     0.0000     0.0000     0.0000     0.0000     0.0000 
Processors                     18         18         18         18         18         18         18         18         18         18         18         18         18         18         18         18         18         18 
           Communication          
Reduction                  0.0002     0.0001     0.0001     0.0001     0.0001     0.0001     0.0002     0.0001     0.0001     0.0001     0.0001     0.0001     0.0001     0.0001     0.0002     0.0001     0.0003     0.0003 
Redistribution             0.0000     0.0001     0.0001     0.0001     0.0001     0.0001     0.0001     0.0001     0.0002     0.0001     0.0001     0.0001     0.0001     0.0001     0.0001     0.0002     0.0003     0.0003 
           Synchronization        
I/O                        0.0000     0.0000     0.0000     0.0000     0.0000     0.0000     0.0000     0.0000     0.0000     0.0000     0.0000     0.0000     0.0000     0.0000     0.0000     0.0000     0.0000     0.0000 
Reduction                  0.0000     0.0000     0.0000     0.0000     0.0000     0.0000     0.0000     0.0000     0.0000     0.0000     0.0000     0.0000     0.0000     0.0000     0.0000     0.0000     0.0000     0.0000 
Remote access              0.0000     0.0001     0.0001     0.0001     0.0001     0.0001     0.0001     0.0001     0.0001     0.0001     0.0001     0.0001     0.0001     0.0001     0.0001     0.0002     0.0002     0.0002 
Redistribution             0.0001     0.0001     0.0002     0.0002     0.0002     0.0001     0.0002     0.0001     0.0002     0.0002     0.0001     0.0001     0.0002     0.0002     0.0002     0.0002     0.0004     0.0004 
           Variation              
I/O                        0.0000     0.0002     0.0002     0.0002     0.0002     0.0002     0.0002     0.0002     0.0002     0.0002     0.0002     0.0002     0.0002     0.0002     0.0002     0.0002     0.0002     0.0002 
Reduction                  0.0000     0.0000     0.0000     0.0000     0.0000     0.0000     0.0000     0.0000     0.0000     0.0000     0.0000     0.0000     0.0000     0.0000     0.0000     0.0000     0.0000     0.0000 
Remote access              0.0000     0.0001     0.0001     0.0001     0.0001     0.0001     0.0001     0.0001     0.0001     0.0001     0.0001     0.0001     0.0001     0.0001     0.0001     0.0002     0.0002     0.0002 
Redistribution             0.0002     0.0001     0.0002     0.0001     0.0001     0.0001     0.0002     0.0001     0.0001     0.0002     0.0001     0.0001     0.0001     0.0001     0.0002     0.0002     0.0002     0.0003 
           Overlap                
Reduction                  0.0000     0.0000     0.0000     0.0000     0.0000     0.0000     0.0000     0.0000     0.0000     0.0000     0.0000     0.0000     0.0000     0.0000     0.0000     0.0000     0.0000     0.0000 


-------------------------------------------------------------------------
Name (number) and performance time of processors
omp.keldysh.ru(1) 0.935433
omp.keldysh.ru(2) 0.935363
omp.keldysh.ru(3) 0.953751
omp.keldysh.ru(4) 0.953468
omp.keldysh.ru(5) 0.953896
omp.keldysh.ru(6) 0.953889
omp.keldysh.ru(7) 0.954870
omp.keldysh.ru(8) 0.954871
omp.keldysh.ru(9) 0.955440
omp.keldysh.ru(10) 0.955429
omp.keldysh.ru(11) 0.955555
omp.keldysh.ru(12) 0.955551
omp.keldysh.ru(13) 0.953423
omp.keldysh.ru(14) 0.953418
omp.keldysh.ru(15) 0.935430
omp.keldysh.ru(16) 0.935467
omp.keldysh.ru(17) 0.952897
omp.keldysh.ru(18) 0.952982
min - omp.keldysh.ru(2) 0.935363; max - omp.keldysh.ru(11) 0.955555; mid - 0.950063
