Processor system=1*6*3
Statistics has been accumulated on DVM-system version 5.0, platform DVM
Analyzer is executing on DVM-system version 5.0, platform DVM
-------------------------------------------------------------------------
INTERVAL ( NLINE=5 SOURCE=inoutlocal32.f ) LEVEL=0  EXE_COUNT=2
--- The main characteristics --- 
Parallelization efficiency      0.0578 
Execution time                  0.0080 
Processors                          18
Threads amount                      18
Total time                      0.1442
Productive time                 0.0083 ( CPU= 0.0074 Sys= 0.0009 I/O= 0.0000 )
Lost  time                      0.1359 
   Insufficient parallelism     0.1083 ( User= 0.0922 Sys= 0.0161 )
   Communication                0.0235 ( Real_sync= 0.0000 Starts= 0.0000 )
   Idle time                    0.0041
Load imbalance                  0.0018
Synchronization                 0.1019
Time variation                  0.1039
Overlap                         0.0000
                  Nop   Communic    Synchro  Variation    Overlap 
I/O                19     0.0000     0.0552     0.0571     0.0000 
Reduction          17     0.0235     0.0467     0.0467     0.0000 
--- The comparative characteristics --- 
                              Tmin N proc      Tmax N proc      Tmid
Lost time                   0.0074    17     0.0076     2     0.0075 
User insufficient par.      0.0043    10     0.0059    16     0.0051 
Sys.insufficient par.       0.0008    11     0.0011    17     0.0009 
Idle time                   0.0000     6     0.0017    10     0.0002 
Communication               0.0006    18     0.0022     2     0.0013 
Synchronization             0.0004    17     0.0150     7     0.0057 
Variation                   0.0006    17     0.0152     7     0.0058 
Overlap                     0.0000     1     0.0000    18     0.0000 
Load imbalance              0.0000    17     0.0002     2     0.0001 
Execution time              0.0063    10     0.0080     6     0.0078 
User CPU time               0.0003     2     0.0005    17     0.0004 
Sys. CPU time               0.0000     1     0.0001    17     0.0001 
I/O time                    0.0000    13     0.0000     1     0.0000 
Processors                      18     1         18    18         18 
                      Communic          Synchro        Variation          Overlap  
I/O             Tmin    0.0000     1     0.0002    17     0.0004    17     0.0000     1 
I/O             Tmax    0.0000    18     0.0081     7     0.0082     7     0.0000    18 
I/O             Tmid    0.0000           0.0031           0.0032           0.0000       
Reduction       Tmin    0.0006    18     0.0002    17     0.0002    17     0.0000     1 
Reduction       Tmax    0.0022     2     0.0070    10     0.0070    10     0.0000    18 
Reduction       Tmid    0.0013           0.0026           0.0026           0.0000       
--- The execution characteristics --- 
                                1          2          3          4          5          6          7          8          9         10         11         12         13         14         15         16         17         18 
Lost time                  0.0076     0.0076     0.0076     0.0075     0.0076     0.0075     0.0076     0.0076     0.0075     0.0076     0.0076     0.0075     0.0075     0.0076     0.0075     0.0075     0.0074     0.0075 
User insufficient par.     0.0053     0.0045     0.0047     0.0057     0.0049     0.0051     0.0043     0.0050     0.0052     0.0043     0.0048     0.0051     0.0058     0.0049     0.0052     0.0059     0.0057     0.0057 
Sys.insufficient par.      0.0010     0.0010     0.0009     0.0008     0.0009     0.0009     0.0008     0.0009     0.0008     0.0008     0.0008     0.0008     0.0008     0.0008     0.0009     0.0009     0.0011     0.0011 
Idle time                  0.0000     0.0000     0.0001     0.0001     0.0000     0.0000     0.0017     0.0001     0.0000     0.0017     0.0002     0.0001     0.0000     0.0000     0.0000     0.0000     0.0000     0.0000 
Communication              0.0013     0.0022     0.0020     0.0009     0.0018     0.0015     0.0008     0.0016     0.0015     0.0008     0.0018     0.0015     0.0008     0.0017     0.0014     0.0007     0.0006     0.0006 
Synchronization            0.0150     0.0005     0.0015     0.0150     0.0005     0.0015     0.0150     0.0005     0.0015     0.0150     0.0005     0.0015     0.0150     0.0005     0.0015     0.0150     0.0004     0.0015 
Variation                  0.0148     0.0007     0.0016     0.0151     0.0007     0.0017     0.0152     0.0006     0.0016     0.0151     0.0006     0.0016     0.0151     0.0006     0.0016     0.0151     0.0006     0.0016 
Overlap                    0.0000     0.0000     0.0000     0.0000     0.0000     0.0000     0.0000     0.0000     0.0000     0.0000     0.0000     0.0000     0.0000     0.0000     0.0000     0.0000     0.0000     0.0000 
Load imbalance             0.0002     0.0002     0.0002     0.0001     0.0001     0.0001     0.0001     0.0001     0.0001     0.0001     0.0001     0.0001     0.0001     0.0001     0.0001     0.0000     0.0000     0.0000 
Execution time             0.0080     0.0080     0.0080     0.0080     0.0080     0.0080     0.0063     0.0079     0.0080     0.0063     0.0078     0.0080     0.0080     0.0080     0.0080     0.0080     0.0080     0.0080 
User CPU time              0.0004     0.0003     0.0003     0.0005     0.0004     0.0004     0.0004     0.0004     0.0004     0.0004     0.0004     0.0004     0.0005     0.0004     0.0004     0.0005     0.0005     0.0005 
Sys. CPU time              0.0000     0.0001     0.0001     0.0000     0.0001     0.0001     0.0000     0.0000     0.0000     0.0000     0.0000     0.0000     0.0000     0.0000     0.0001     0.0000     0.0001     0.0001 
I/O time                   0.0000     0.0000     0.0000     0.0000     0.0000     0.0000     0.0000     0.0000     0.0000     0.0000     0.0000     0.0000     0.0000     0.0000     0.0000     0.0000     0.0000     0.0000 
Processors                     18         18         18         18         18         18         18         18         18         18         18         18         18         18         18         18         18         18 
           Communication          
Reduction                  0.0013     0.0022     0.0020     0.0009     0.0018     0.0015     0.0008     0.0016     0.0015     0.0008     0.0018     0.0015     0.0008     0.0017     0.0014     0.0007     0.0006     0.0006 
           Synchronization        
I/O                        0.0080     0.0003     0.0009     0.0080     0.0003     0.0009     0.0081     0.0003     0.0009     0.0080     0.0003     0.0009     0.0080     0.0003     0.0009     0.0080     0.0002     0.0009 
Reduction                  0.0070     0.0002     0.0006     0.0070     0.0002     0.0006     0.0070     0.0002     0.0006     0.0070     0.0002     0.0006     0.0070     0.0002     0.0006     0.0070     0.0002     0.0006 
           Variation              
I/O                        0.0079     0.0004     0.0010     0.0081     0.0004     0.0011     0.0082     0.0004     0.0010     0.0081     0.0004     0.0010     0.0081     0.0004     0.0010     0.0081     0.0004     0.0010 
Reduction                  0.0070     0.0002     0.0006     0.0070     0.0002     0.0006     0.0070     0.0002     0.0006     0.0070     0.0002     0.0006     0.0070     0.0002     0.0006     0.0070     0.0002     0.0006 
           Overlap                
Reduction                  0.0000     0.0000     0.0000     0.0000     0.0000     0.0000     0.0000     0.0000     0.0000     0.0000     0.0000     0.0000     0.0000     0.0000     0.0000     0.0000     0.0000     0.0000 


-------------------------------------------------------------------------
Name (number) and performance time of processors
omp.keldysh.ru(1) 0.933819
omp.keldysh.ru(2) 0.933674
omp.keldysh.ru(3) 0.959244
omp.keldysh.ru(4) 0.959541
omp.keldysh.ru(5) 0.959247
omp.keldysh.ru(6) 0.959232
omp.keldysh.ru(7) 0.959342
omp.keldysh.ru(8) 0.959335
omp.keldysh.ru(9) 0.959317
omp.keldysh.ru(10) 0.959311
omp.keldysh.ru(11) 0.957708
omp.keldysh.ru(12) 0.957731
omp.keldysh.ru(13) 0.933923
omp.keldysh.ru(14) 0.933911
omp.keldysh.ru(15) 0.957261
omp.keldysh.ru(16) 0.957171
omp.keldysh.ru(17) 0.956179
omp.keldysh.ru(18) 0.956174
min - omp.keldysh.ru(2) 0.933674; max - omp.keldysh.ru(4) 0.959541; mid - 0.952896
