Processor system=3*2*3*1
Statistics has been accumulated on DVM-system version 5.0, platform DVM
Analyzer is executing on DVM-system version 5.0, platform DVM
-------------------------------------------------------------------------
INTERVAL ( NLINE=7 SOURCE=acr42.f ) LEVEL=0  EXE_COUNT=2
--- The main characteristics --- 
Parallelization efficiency      0.0530 
Execution time                  0.8801 
Processors                          18
Threads amount                      18
Total time                     15.8411
Productive time                 0.8390 ( CPU= 0.8329 Sys= 0.0060 I/O= 0.0000 )
Lost  time                     15.0021 
   Insufficient parallelism    14.2623 ( User= 14.1593 Sys= 0.1029 )
   Communication                0.0048 ( Real_sync= 0.0000 Starts= 0.0000 )
   Idle time                    0.7351
Load imbalance                  0.0409
Synchronization                 4.3822
Time variation                  4.3838
Overlap                         0.0039
                  Nop   Communic    Synchro  Variation    Overlap 
I/O                12     0.0000     1.4217     1.4234     0.0000 
Reduction          10     0.0048     0.7108     0.7107     0.0000 
Shadow             28     0.0000     2.2497     2.2497     0.0039 
--- The comparative characteristics --- 
                              Tmin N proc      Tmax N proc      Tmid
Lost time                   0.8312     1     0.8491    17     0.8335 
User insufficient par.      0.5237    17     0.8236     2     0.7866 
Sys.insufficient par.       0.0025    18     0.0076     1     0.0057 
Idle time                   0.0000     3     0.3224    17     0.0408 
Communication               0.0002     1     0.0004    17     0.0003 
Synchronization             0.0003    16     1.9531    17     0.2435 
Variation                   0.0004    16     1.9532    17     0.2435 
Overlap                     0.0000    18     0.0006    16     0.0002 
Load imbalance              0.0000    15     0.0179    17     0.0023 
Execution time              0.5577    17     0.8801     3     0.8392 
User CPU time               0.0308    17     0.0484     2     0.0463 
Sys. CPU time               0.0001    18     0.0004     4     0.0003 
I/O time                    0.0000     6     0.0000     1     0.0000 
Processors                      18     1         18    18         18 
                      Communic          Synchro        Variation          Overlap  
I/O             Tmin    0.0000     1     0.0001    16     0.0002    16     0.0000     1 
I/O             Tmax    0.0000    18     0.6478    17     0.6479    17     0.0000    18 
I/O             Tmid    0.0000           0.0790           0.0791           0.0000       
Reduction       Tmin    0.0002     1     0.0000    16     0.0000    16     0.0000     1 
Reduction       Tmax    0.0004    17     0.3258    17     0.3257    17     0.0000    16 
Reduction       Tmid    0.0003           0.0395           0.0395           0.0000       
Shadow          Tmin    0.0000     1     0.0002    16     0.0002    16     0.0000    18 
Shadow          Tmax    0.0000    18     0.9795    17     0.9795    17     0.0006    16 
Shadow          Tmid    0.0000           0.1250           0.1250           0.0002       
--- The execution characteristics --- 
                                1          2          3          4          5          6          7          8          9         10         11         12         13         14         15         16         17         18 
Lost time                  0.8312     0.8312     0.8312     0.8312     0.8315     0.8313     0.8315     0.8316     0.8314     0.8314     0.8322     0.8316     0.8323     0.8322     0.8312     0.8312     0.8491     0.8490 
User insufficient par.     0.8234     0.8236     0.8234     0.8234     0.8197     0.8232     0.8198     0.8198     0.8203     0.8200     0.8106     0.8205     0.8067     0.8088     0.8235     0.8236     0.5237     0.5253 
Sys.insufficient par.      0.0076     0.0073     0.0075     0.0075     0.0064     0.0062     0.0059     0.0047     0.0072     0.0071     0.0037     0.0033     0.0046     0.0039     0.0074     0.0074     0.0026     0.0025 
Idle time                  0.0000     0.0000     0.0000     0.0000     0.0052     0.0016     0.0056     0.0067     0.0036     0.0040     0.0176     0.0075     0.0208     0.0192     0.0000     0.0000     0.3224     0.3209 
Communication              0.0002     0.0002     0.0003     0.0003     0.0003     0.0002     0.0003     0.0003     0.0003     0.0003     0.0003     0.0002     0.0002     0.0002     0.0002     0.0002     0.0004     0.0004 
Synchronization            0.0155     0.0166     0.0093     0.0064     0.0277     0.0268     0.0288     0.0333     0.0211     0.0213     0.0728     0.0350     0.0966     0.0819     0.0039     0.0003     1.9531     1.9319 
Variation                  0.0153     0.0167     0.0094     0.0065     0.0278     0.0269     0.0290     0.0334     0.0212     0.0214     0.0729     0.0351     0.0967     0.0820     0.0040     0.0004     1.9532     1.9320 
Overlap                    0.0001     0.0001     0.0003     0.0003     0.0002     0.0002     0.0002     0.0003     0.0001     0.0001     0.0002     0.0002     0.0003     0.0003     0.0004     0.0006     0.0000     0.0000 
Load imbalance             0.0000     0.0000     0.0000     0.0000     0.0003     0.0001     0.0003     0.0004     0.0002     0.0002     0.0010     0.0004     0.0012     0.0011     0.0000     0.0000     0.0179     0.0178 
Execution time             0.8801     0.8801     0.8801     0.8801     0.8749     0.8785     0.8745     0.8734     0.8765     0.8761     0.8625     0.8725     0.8592     0.8608     0.8801     0.8801     0.5577     0.5592 
User CPU time              0.0484     0.0484     0.0484     0.0484     0.0482     0.0484     0.0482     0.0482     0.0483     0.0482     0.0477     0.0483     0.0475     0.0476     0.0484     0.0484     0.0308     0.0309 
Sys. CPU time              0.0004     0.0004     0.0004     0.0004     0.0004     0.0004     0.0003     0.0003     0.0004     0.0004     0.0002     0.0002     0.0003     0.0002     0.0004     0.0004     0.0002     0.0001 
I/O time                   0.0000     0.0000     0.0000     0.0000     0.0000     0.0000     0.0000     0.0000     0.0000     0.0000     0.0000     0.0000     0.0000     0.0000     0.0000     0.0000     0.0000     0.0000 
Processors                     18         18         18         18         18         18         18         18         18         18         18         18         18         18         18         18         18         18 
           Communication          
Reduction                  0.0002     0.0002     0.0003     0.0003     0.0003     0.0002     0.0003     0.0003     0.0003     0.0003     0.0003     0.0002     0.0002     0.0002     0.0002     0.0002     0.0004     0.0004 
           Synchronization        
I/O                        0.0021     0.0022     0.0011     0.0007     0.0049     0.0048     0.0055     0.0077     0.0030     0.0031     0.0245     0.0098     0.0341     0.0286     0.0002     0.0001     0.6478     0.6415 
Reduction                  0.0017     0.0017     0.0009     0.0007     0.0029     0.0028     0.0033     0.0035     0.0023     0.0023     0.0093     0.0039     0.0150     0.0118     0.0002     0.0000     0.3258     0.3226 
Shadow                     0.0117     0.0126     0.0073     0.0050     0.0199     0.0192     0.0201     0.0221     0.0158     0.0159     0.0390     0.0213     0.0475     0.0415     0.0035     0.0002     0.9795     0.9677 
           Variation              
I/O                        0.0019     0.0023     0.0012     0.0008     0.0050     0.0049     0.0057     0.0078     0.0031     0.0032     0.0246     0.0099     0.0341     0.0287     0.0003     0.0002     0.6479     0.6416 
Reduction                  0.0017     0.0017     0.0009     0.0006     0.0029     0.0028     0.0032     0.0035     0.0023     0.0023     0.0093     0.0039     0.0150     0.0118     0.0002     0.0000     0.3257     0.3226 
Shadow                     0.0117     0.0126     0.0073     0.0050     0.0199     0.0192     0.0201     0.0221     0.0158     0.0159     0.0390     0.0213     0.0475     0.0415     0.0035     0.0002     0.9795     0.9677 
           Overlap                
Reduction                  0.0000     0.0000     0.0000     0.0000     0.0000     0.0000     0.0000     0.0000     0.0000     0.0000     0.0000     0.0000     0.0000     0.0000     0.0000     0.0000     0.0000     0.0000 
Shadow                     0.0001     0.0001     0.0003     0.0003     0.0002     0.0002     0.0002     0.0003     0.0001     0.0001     0.0002     0.0002     0.0003     0.0003     0.0004     0.0006     0.0000     0.0000 


-------------------------------------------------------------------------
Name (number) and performance time of processors
omp.keldysh.ru(1) 0.934042
omp.keldysh.ru(2) 0.933932
omp.keldysh.ru(3) 0.953424
omp.keldysh.ru(4) 0.953345
omp.keldysh.ru(5) 0.958660
omp.keldysh.ru(6) 0.958640
omp.keldysh.ru(7) 0.953234
omp.keldysh.ru(8) 0.952900
omp.keldysh.ru(9) 0.953419
omp.keldysh.ru(10) 0.953434
omp.keldysh.ru(11) 0.934033
omp.keldysh.ru(12) 0.934039
omp.keldysh.ru(13) 0.954693
omp.keldysh.ru(14) 0.954720
omp.keldysh.ru(15) 0.952539
omp.keldysh.ru(16) 0.952510
omp.keldysh.ru(17) 0.953986
omp.keldysh.ru(18) 0.954015
min - omp.keldysh.ru(2) 0.933932; max - omp.keldysh.ru(5) 0.958660; mid - 0.949753
