Processor system=2*3*3*1
Statistics has been accumulated on DVM-system version 5.0, platform DVM
Analyzer is executing on DVM-system version 5.0, platform DVM
-------------------------------------------------------------------------
INTERVAL ( NLINE=5 SOURCE=prf41.f ) LEVEL=0  EXE_COUNT=2
--- The main characteristics --- 
Parallelization efficiency      0.0438 
Execution time                  0.0391 
Processors                          18
Threads amount                      18
Total time                      0.7036
Productive time                 0.0308 ( CPU= 0.0077 Sys= 0.0231 I/O= 0.0000 )
Lost  time                      0.6728 
   Insufficient parallelism     0.4908 ( User= 0.0973 Sys= 0.3935 )
   Communication                0.1350 ( Real_sync= 0.0000 Starts= 0.0000 )
   Idle time                    0.0470
Load imbalance                  0.0044
Synchronization                 0.2261
Time variation                  0.1845
Overlap                         0.0875
                  Nop   Communic    Synchro  Variation    Overlap 
I/O                12     0.0000     0.0300     0.0326     0.0000 
Reduction          22     0.0475     0.0008     0.0008     0.0000 
Remote access     180     0.0875     0.1954     0.1511     0.0874 
--- The comparative characteristics --- 
                              Tmin N proc      Tmax N proc      Tmid
Lost time                   0.0371     9     0.0379    17     0.0374 
User insufficient par.      0.0027    15     0.0079    14     0.0054 
Sys.insufficient par.       0.0140    17     0.0248     9     0.0219 
Idle time                   0.0000    14     0.0054    15     0.0026 
Communication               0.0043     9     0.0159    17     0.0075 
Synchronization             0.0009     9     0.0222    17     0.0126 
Variation                   0.0011     9     0.0204    17     0.0103 
Overlap                     0.0030    17     0.0095     9     0.0049 
Load imbalance              0.0000     9     0.0008    17     0.0002 
Execution time              0.0337    15     0.0391    14     0.0365 
User CPU time               0.0003     1     0.0006    14     0.0004 
Sys. CPU time               0.0008    17     0.0015     9     0.0013 
I/O time                    0.0000    16     0.0000     1     0.0000 
Processors                      18     1         18    18         18 
                      Communic          Synchro        Variation          Overlap  
I/O             Tmin    0.0000     1     0.0001     9     0.0002     9     0.0000     1 
I/O             Tmax    0.0000    18     0.0034    17     0.0036    17     0.0000    18 
I/O             Tmid    0.0000           0.0017           0.0018           0.0000       
Reduction       Tmin    0.0006     9     0.0000     5     0.0000     5     0.0000     3 
Reduction       Tmax    0.0064    17     0.0001    18     0.0001    18     0.0000    16 
Reduction       Tmid    0.0026           0.0000           0.0000           0.0000       
Remote access   Tmin    0.0037     9     0.0008     9     0.0008     9     0.0030    17 
Remote access   Tmax    0.0098    18     0.0188    17     0.0168    17     0.0095     9 
Remote access   Tmid    0.0049           0.0109           0.0084           0.0049       
--- The execution characteristics --- 
                                1          2          3          4          5          6          7          8          9         10         11         12         13         14         15         16         17         18 
Lost time                  0.0375     0.0373     0.0373     0.0373     0.0373     0.0373     0.0372     0.0373     0.0371     0.0374     0.0374     0.0372     0.0375     0.0372     0.0374     0.0373     0.0379     0.0377 
User insufficient par.     0.0034     0.0057     0.0057     0.0072     0.0061     0.0039     0.0061     0.0049     0.0064     0.0064     0.0042     0.0076     0.0028     0.0079     0.0027     0.0053     0.0044     0.0066 
Sys.insufficient par.      0.0223     0.0224     0.0232     0.0223     0.0227     0.0238     0.0233     0.0238     0.0248     0.0215     0.0219     0.0228     0.0219     0.0220     0.0233     0.0228     0.0140     0.0148 
Idle time                  0.0047     0.0023     0.0023     0.0008     0.0019     0.0043     0.0019     0.0031     0.0016     0.0016     0.0039     0.0004     0.0054     0.0000     0.0054     0.0027     0.0035     0.0012 
Communication              0.0071     0.0069     0.0061     0.0070     0.0066     0.0053     0.0060     0.0054     0.0043     0.0079     0.0074     0.0064     0.0074     0.0073     0.0059     0.0065     0.0159     0.0151 
Synchronization            0.0148     0.0144     0.0108     0.0139     0.0117     0.0073     0.0109     0.0080     0.0009     0.0161     0.0145     0.0111     0.0148     0.0138     0.0097     0.0115     0.0222     0.0197 
Variation                  0.0117     0.0116     0.0092     0.0109     0.0091     0.0062     0.0093     0.0068     0.0011     0.0120     0.0109     0.0090     0.0110     0.0102     0.0074     0.0090     0.0204     0.0190 
Overlap                    0.0041     0.0041     0.0052     0.0041     0.0049     0.0064     0.0052     0.0061     0.0095     0.0036     0.0040     0.0050     0.0038     0.0041     0.0054     0.0050     0.0030     0.0042 
Load imbalance             0.0004     0.0002     0.0002     0.0001     0.0001     0.0002     0.0001     0.0001     0.0000     0.0002     0.0003     0.0001     0.0004     0.0001     0.0003     0.0002     0.0008     0.0006 
Execution time             0.0344     0.0368     0.0368     0.0383     0.0371     0.0348     0.0372     0.0360     0.0375     0.0375     0.0352     0.0387     0.0337     0.0391     0.0337     0.0364     0.0356     0.0379 
User CPU time              0.0003     0.0004     0.0004     0.0005     0.0005     0.0004     0.0005     0.0004     0.0005     0.0005     0.0004     0.0005     0.0003     0.0006     0.0003     0.0004     0.0004     0.0005 
Sys. CPU time              0.0013     0.0013     0.0014     0.0013     0.0013     0.0014     0.0014     0.0014     0.0015     0.0013     0.0013     0.0013     0.0013     0.0013     0.0014     0.0013     0.0008     0.0009 
I/O time                   0.0000     0.0000     0.0000     0.0000     0.0000     0.0000     0.0000     0.0000     0.0000     0.0000     0.0000     0.0000     0.0000     0.0000     0.0000     0.0000     0.0000     0.0000 
Processors                     18         18         18         18         18         18         18         18         18         18         18         18         18         18         18         18         18         18 
           Communication          
Reduction                  0.0030     0.0028     0.0022     0.0026     0.0022     0.0014     0.0021     0.0015     0.0006     0.0030     0.0028     0.0023     0.0026     0.0024     0.0018     0.0022     0.0064     0.0054 
Remote access              0.0042     0.0042     0.0039     0.0044     0.0044     0.0039     0.0039     0.0039     0.0037     0.0049     0.0047     0.0041     0.0048     0.0049     0.0041     0.0043     0.0096     0.0098 
           Synchronization        
I/O                        0.0019     0.0019     0.0015     0.0017     0.0015     0.0010     0.0015     0.0012     0.0001     0.0020     0.0017     0.0014     0.0018     0.0017     0.0011     0.0014     0.0034     0.0034 
Reduction                  0.0000     0.0001     0.0001     0.0001     0.0000     0.0000     0.0000     0.0000     0.0000     0.0000     0.0000     0.0000     0.0000     0.0000     0.0000     0.0000     0.0000     0.0001 
Remote access              0.0128     0.0125     0.0092     0.0121     0.0102     0.0063     0.0094     0.0068     0.0008     0.0141     0.0127     0.0097     0.0130     0.0121     0.0085     0.0101     0.0188     0.0162 
           Variation              
I/O                        0.0018     0.0020     0.0016     0.0019     0.0016     0.0011     0.0017     0.0013     0.0002     0.0021     0.0019     0.0015     0.0019     0.0018     0.0013     0.0015     0.0036     0.0035 
Reduction                  0.0000     0.0000     0.0000     0.0000     0.0000     0.0000     0.0000     0.0000     0.0000     0.0000     0.0000     0.0000     0.0000     0.0000     0.0000     0.0000     0.0000     0.0001 
Remote access              0.0098     0.0095     0.0075     0.0090     0.0074     0.0050     0.0075     0.0055     0.0008     0.0099     0.0089     0.0074     0.0090     0.0083     0.0061     0.0074     0.0168     0.0154 
           Overlap                
Reduction                  0.0000     0.0000     0.0000     0.0000     0.0000     0.0000     0.0000     0.0000     0.0000     0.0000     0.0000     0.0000     0.0000     0.0000     0.0000     0.0000     0.0000     0.0000 
Remote access              0.0041     0.0041     0.0052     0.0041     0.0049     0.0064     0.0052     0.0061     0.0095     0.0036     0.0039     0.0050     0.0038     0.0041     0.0054     0.0050     0.0030     0.0042 


-------------------------------------------------------------------------
Name (number) and performance time of processors
omp.keldysh.ru(1) 0.936225
omp.keldysh.ru(2) 0.935894
omp.keldysh.ru(3) 0.957422
omp.keldysh.ru(4) 0.957465
omp.keldysh.ru(5) 0.957427
omp.keldysh.ru(6) 0.957320
omp.keldysh.ru(7) 0.961054
omp.keldysh.ru(8) 0.961008
omp.keldysh.ru(9) 0.959689
omp.keldysh.ru(10) 0.960109
omp.keldysh.ru(11) 0.958535
omp.keldysh.ru(12) 0.958594
omp.keldysh.ru(13) 0.959979
omp.keldysh.ru(14) 0.959948
omp.keldysh.ru(15) 0.960382
omp.keldysh.ru(16) 0.960623
omp.keldysh.ru(17) 0.960858
omp.keldysh.ru(18) 0.961290
min - omp.keldysh.ru(2) 0.935894; max - omp.keldysh.ru(18) 0.961290; mid - 0.956879
