Processor system=3*2*3*1
Statistics has been accumulated on DVM-system version 5.0, platform DVM
Analyzer is executing on DVM-system version 5.0, platform DVM
-------------------------------------------------------------------------
INTERVAL ( NLINE=5 SOURCE=realign44.f ) LEVEL=0  EXE_COUNT=2
--- The main characteristics --- 
Parallelization efficiency      0.0743 
Execution time                  0.0054 
Processors                          18
Threads amount                      18
Total time                      0.0966
Productive time                 0.0072 ( CPU= 0.0068 Sys= 0.0004 I/O= 0.0000 )
Lost  time                      0.0894 
   Insufficient parallelism     0.0804 ( User= 0.0735 Sys= 0.0068 )
   Communication                0.0087 ( Real_sync= 0.0000 Starts= 0.0000 )
   Idle time                    0.0004
Load imbalance                  0.0007
Synchronization                 0.0045
Time variation                  0.0093
Overlap                         0.0000
                  Nop   Communic    Synchro  Variation    Overlap 
I/O                 6     0.0000     0.0007     0.0035     0.0000 
Reduction           5     0.0077     0.0000     0.0001     0.0000 
Redistribution      5     0.0009     0.0038     0.0057     0.0000 
--- The comparative characteristics --- 
                              Tmin N proc      Tmax N proc      Tmid
Lost time                   0.0049     1     0.0050    17     0.0050 
User insufficient par.      0.0040    17     0.0042     2     0.0041 
Sys.insufficient par.       0.0003    17     0.0006     1     0.0004 
Idle time                   0.0000     1     0.0001     8     0.0000 
Communication               0.0002     1     0.0007    17     0.0005 
Synchronization             0.0001     1     0.0004    17     0.0003 
Variation                   0.0001     1     0.0008    17     0.0005 
Overlap                     0.0000     1     0.0000    16     0.0000 
Load imbalance              0.0000     5     0.0001    17     0.0000 
Execution time              0.0053     7     0.0054     1     0.0053 
User CPU time               0.0003    17     0.0004     5     0.0004 
Sys. CPU time               0.0000    17     0.0000     2     0.0000 
I/O time                    0.0000     5     0.0000     1     0.0000 
Processors                      18     1         18    18         18 
                      Communic          Synchro        Variation          Overlap  
I/O             Tmin    0.0000     1     0.0000    15     0.0000     1     0.0000     1 
I/O             Tmax    0.0000    18     0.0001    18     0.0002    18     0.0000    18 
I/O             Tmid    0.0000           0.0000           0.0002           0.0000       
Reduction       Tmin    0.0001     7     0.0000    15     0.0000    11     0.0000     1 
Reduction       Tmax    0.0007    17     0.0000    18     0.0000    18     0.0000    16 
Reduction       Tmid    0.0004           0.0000           0.0000           0.0000       
Redistribution  Tmin    0.0000    14     0.0000     1     0.0000     7     0.0000     1 
Redistribution  Tmax    0.0003     7     0.0004    17     0.0006    17     0.0000    18 
Redistribution  Tmid    0.0001           0.0002           0.0003           0.0000       
--- The execution characteristics --- 
                                1          2          3          4          5          6          7          8          9         10         11         12         13         14         15         16         17         18 
Lost time                  0.0049     0.0049     0.0050     0.0049     0.0049     0.0050     0.0050     0.0050     0.0050     0.0050     0.0049     0.0050     0.0050     0.0050     0.0050     0.0050     0.0050     0.0050 
User insufficient par.     0.0041     0.0042     0.0041     0.0041     0.0041     0.0041     0.0041     0.0041     0.0041     0.0041     0.0041     0.0041     0.0041     0.0041     0.0041     0.0041     0.0040     0.0040 
Sys.insufficient par.      0.0006     0.0004     0.0004     0.0004     0.0004     0.0004     0.0004     0.0004     0.0004     0.0004     0.0004     0.0003     0.0003     0.0003     0.0003     0.0003     0.0003     0.0003 
Idle time                  0.0000     0.0000     0.0000     0.0000     0.0000     0.0000     0.0001     0.0001     0.0000     0.0000     0.0000     0.0000     0.0000     0.0000     0.0000     0.0000     0.0000     0.0000 
Communication              0.0002     0.0003     0.0005     0.0004     0.0004     0.0005     0.0003     0.0004     0.0005     0.0005     0.0005     0.0005     0.0006     0.0006     0.0005     0.0005     0.0007     0.0007 
Synchronization            0.0001     0.0002     0.0002     0.0002     0.0002     0.0003     0.0002     0.0002     0.0002     0.0003     0.0003     0.0003     0.0003     0.0003     0.0002     0.0002     0.0004     0.0004 
Variation                  0.0001     0.0004     0.0005     0.0005     0.0005     0.0006     0.0002     0.0004     0.0005     0.0005     0.0005     0.0006     0.0006     0.0007     0.0006     0.0006     0.0008     0.0008 
Overlap                    0.0000     0.0000     0.0000     0.0000     0.0000     0.0000     0.0000     0.0000     0.0000     0.0000     0.0000     0.0000     0.0000     0.0000     0.0000     0.0000     0.0000     0.0000 
Load imbalance             0.0000     0.0000     0.0000     0.0000     0.0000     0.0000     0.0000     0.0000     0.0001     0.0000     0.0000     0.0000     0.0001     0.0001     0.0001     0.0001     0.0001     0.0001 
Execution time             0.0054     0.0054     0.0054     0.0054     0.0054     0.0054     0.0053     0.0053     0.0053     0.0053     0.0054     0.0054     0.0054     0.0054     0.0054     0.0054     0.0053     0.0053 
User CPU time              0.0004     0.0004     0.0004     0.0004     0.0004     0.0004     0.0004     0.0004     0.0004     0.0004     0.0004     0.0004     0.0004     0.0003     0.0004     0.0004     0.0003     0.0003 
Sys. CPU time              0.0000     0.0000     0.0000     0.0000     0.0000     0.0000     0.0000     0.0000     0.0000     0.0000     0.0000     0.0000     0.0000     0.0000     0.0000     0.0000     0.0000     0.0000 
I/O time                   0.0000     0.0000     0.0000     0.0000     0.0000     0.0000     0.0000     0.0000     0.0000     0.0000     0.0000     0.0000     0.0000     0.0000     0.0000     0.0000     0.0000     0.0000 
Processors                     18         18         18         18         18         18         18         18         18         18         18         18         18         18         18         18         18         18 
           Communication          
Reduction                  0.0002     0.0002     0.0004     0.0004     0.0003     0.0005     0.0001     0.0003     0.0005     0.0004     0.0004     0.0005     0.0005     0.0006     0.0005     0.0005     0.0007     0.0007 
Redistribution             0.0000     0.0001     0.0000     0.0001     0.0001     0.0000     0.0003     0.0001     0.0000     0.0001     0.0001     0.0000     0.0001     0.0000     0.0000     0.0000     0.0000     0.0000 
           Synchronization        
I/O                        0.0000     0.0000     0.0000     0.0000     0.0000     0.0001     0.0000     0.0000     0.0000     0.0000     0.0001     0.0000     0.0001     0.0000     0.0000     0.0000     0.0001     0.0001 
Reduction                  0.0000     0.0000     0.0000     0.0000     0.0000     0.0000     0.0000     0.0000     0.0000     0.0000     0.0000     0.0000     0.0000     0.0000     0.0000     0.0000     0.0000     0.0000 
Redistribution             0.0000     0.0002     0.0002     0.0002     0.0002     0.0002     0.0002     0.0002     0.0002     0.0002     0.0002     0.0002     0.0003     0.0003     0.0002     0.0002     0.0004     0.0003 
           Variation              
I/O                        0.0000     0.0002     0.0002     0.0002     0.0002     0.0002     0.0002     0.0002     0.0002     0.0002     0.0002     0.0002     0.0002     0.0002     0.0002     0.0002     0.0002     0.0002 
Reduction                  0.0000     0.0000     0.0000     0.0000     0.0000     0.0000     0.0000     0.0000     0.0000     0.0000     0.0000     0.0000     0.0000     0.0000     0.0000     0.0000     0.0000     0.0000 
Redistribution             0.0001     0.0001     0.0003     0.0003     0.0003     0.0003     0.0000     0.0002     0.0003     0.0003     0.0003     0.0004     0.0004     0.0005     0.0004     0.0004     0.0006     0.0005 
           Overlap                
Reduction                  0.0000     0.0000     0.0000     0.0000     0.0000     0.0000     0.0000     0.0000     0.0000     0.0000     0.0000     0.0000     0.0000     0.0000     0.0000     0.0000     0.0000     0.0000 


-------------------------------------------------------------------------
Name (number) and performance time of processors
omp.keldysh.ru(1) 0.935343
omp.keldysh.ru(2) 0.935268
omp.keldysh.ru(3) 0.959819
omp.keldysh.ru(4) 0.959853
omp.keldysh.ru(5) 0.935321
omp.keldysh.ru(6) 0.935289
omp.keldysh.ru(7) 0.960522
omp.keldysh.ru(8) 0.960556
omp.keldysh.ru(9) 0.960855
omp.keldysh.ru(10) 0.960852
omp.keldysh.ru(11) 0.958997
omp.keldysh.ru(12) 0.958979
omp.keldysh.ru(13) 0.958120
omp.keldysh.ru(14) 0.958134
omp.keldysh.ru(15) 0.960087
omp.keldysh.ru(16) 0.959763
omp.keldysh.ru(17) 0.958782
omp.keldysh.ru(18) 0.958766
min - omp.keldysh.ru(2) 0.935268; max - omp.keldysh.ru(9) 0.960855; mid - 0.954184
