Processor system=2*1*3*3
Statistics has been accumulated on DVM-system version 5.0, platform DVM
Analyzer is executing on DVM-system version 5.0, platform DVM
-------------------------------------------------------------------------
INTERVAL ( NLINE=8 SOURCE=red43.f ) LEVEL=0  EXE_COUNT=2
--- The main characteristics --- 
Parallelization efficiency      0.0522 
Execution time                  0.0128 
Processors                          18
Threads amount                      18
Total time                      0.2305
Productive time                 0.0120 ( CPU= 0.0110 Sys= 0.0010 I/O= 0.0000 )
Lost  time                      0.2185 
   Insufficient parallelism     0.1630 ( User= 0.1455 Sys= 0.0175 )
   Communication                0.0217 ( Real_sync= 0.0000 Starts= 0.0000 )
   Idle time                    0.0337
Load imbalance                  0.0021
Synchronization                 0.0135
Time variation                  0.0106
Overlap                         0.0000
                  Nop   Communic    Synchro  Variation    Overlap 
I/O                17     0.0000     0.0017     0.0053     0.0000 
Reduction          15     0.0134     0.0021     0.0013     0.0000 
Remote access      37     0.0083     0.0096     0.0041     0.0000 
--- The comparative characteristics --- 
                              Tmin N proc      Tmax N proc      Tmid
Lost time                   0.0120    16     0.0122    18     0.0121 
User insufficient par.      0.0070    18     0.0099    16     0.0081 
Sys.insufficient par.       0.0008    17     0.0012     1     0.0010 
Idle time                   0.0000    16     0.0027     3     0.0019 
Communication               0.0010     1     0.0020    17     0.0012 
Synchronization             0.0002     1     0.0012    17     0.0007 
Variation                   0.0002     1     0.0008     6     0.0006 
Overlap                     0.0000     3     0.0000     2     0.0000 
Load imbalance              0.0000    16     0.0002    18     0.0001 
Execution time              0.0101     3     0.0128    16     0.0109 
User CPU time               0.0005    18     0.0007    16     0.0006 
Sys. CPU time               0.0000    17     0.0001     2     0.0001 
I/O time                    0.0000    17     0.0000     1     0.0000 
Processors                      18     1         18    18         18 
                      Communic          Synchro        Variation          Overlap  
I/O             Tmin    0.0000     1     0.0001    13     0.0000     1     0.0000     1 
I/O             Tmax    0.0000    18     0.0002     3     0.0004     3     0.0000    18 
I/O             Tmid    0.0000           0.0001           0.0003           0.0000       
Reduction       Tmin    0.0006    15     0.0000     1     0.0000    13     0.0000     1 
Reduction       Tmax    0.0011    17     0.0002    17     0.0001     3     0.0000    17 
Reduction       Tmid    0.0007           0.0001           0.0001           0.0000       
Remote access   Tmin    0.0003     4     0.0001     2     0.0001     2     0.0000     3 
Remote access   Tmax    0.0010    17     0.0010    17     0.0004     4     0.0000     2 
Remote access   Tmid    0.0005           0.0005           0.0002           0.0000       
--- The execution characteristics --- 
                                1          2          3          4          5          6          7          8          9         10         11         12         13         14         15         16         17         18 
Lost time                  0.0122     0.0122     0.0122     0.0121     0.0121     0.0121     0.0122     0.0122     0.0121     0.0121     0.0122     0.0122     0.0122     0.0121     0.0121     0.0120     0.0121     0.0122 
User insufficient par.     0.0074     0.0075     0.0074     0.0088     0.0081     0.0081     0.0075     0.0075     0.0092     0.0091     0.0074     0.0075     0.0074     0.0084     0.0085     0.0099     0.0089     0.0070 
Sys.insufficient par.      0.0012     0.0010     0.0010     0.0010     0.0010     0.0010     0.0009     0.0009     0.0010     0.0010     0.0010     0.0010     0.0010     0.0010     0.0010     0.0010     0.0008     0.0009 
Idle time                  0.0026     0.0026     0.0027     0.0012     0.0020     0.0020     0.0026     0.0026     0.0008     0.0008     0.0026     0.0026     0.0026     0.0016     0.0016     0.0000     0.0004     0.0026 
Communication              0.0010     0.0011     0.0012     0.0011     0.0011     0.0011     0.0011     0.0011     0.0012     0.0012     0.0012     0.0011     0.0011     0.0012     0.0011     0.0011     0.0020     0.0018 
Synchronization            0.0002     0.0003     0.0005     0.0008     0.0008     0.0009     0.0007     0.0008     0.0009     0.0008     0.0008     0.0008     0.0007     0.0007     0.0008     0.0006     0.0012     0.0011 
Variation                  0.0002     0.0005     0.0007     0.0008     0.0008     0.0008     0.0007     0.0007     0.0007     0.0006     0.0006     0.0006     0.0005     0.0005     0.0006     0.0004     0.0005     0.0005 
Overlap                    0.0000     0.0000     0.0000     0.0000     0.0000     0.0000     0.0000     0.0000     0.0000     0.0000     0.0000     0.0000     0.0000     0.0000     0.0000     0.0000     0.0000     0.0000 
Load imbalance             0.0002     0.0002     0.0002     0.0001     0.0001     0.0001     0.0001     0.0001     0.0001     0.0001     0.0002     0.0002     0.0001     0.0001     0.0001     0.0000     0.0001     0.0002 
Execution time             0.0102     0.0102     0.0101     0.0116     0.0109     0.0109     0.0102     0.0102     0.0120     0.0120     0.0102     0.0102     0.0102     0.0112     0.0112     0.0128     0.0124     0.0102 
User CPU time              0.0006     0.0006     0.0006     0.0007     0.0006     0.0006     0.0006     0.0006     0.0007     0.0007     0.0006     0.0006     0.0006     0.0006     0.0006     0.0007     0.0006     0.0005 
Sys. CPU time              0.0001     0.0001     0.0001     0.0001     0.0001     0.0001     0.0001     0.0001     0.0001     0.0001     0.0001     0.0001     0.0001     0.0001     0.0001     0.0001     0.0000     0.0001 
I/O time                   0.0000     0.0000     0.0000     0.0000     0.0000     0.0000     0.0000     0.0000     0.0000     0.0000     0.0000     0.0000     0.0000     0.0000     0.0000     0.0000     0.0000     0.0000 
Processors                     18         18         18         18         18         18         18         18         18         18         18         18         18         18         18         18         18         18 
           Communication          
Reduction                  0.0006     0.0006     0.0007     0.0009     0.0008     0.0008     0.0008     0.0008     0.0007     0.0008     0.0007     0.0007     0.0007     0.0007     0.0006     0.0006     0.0011     0.0009 
Remote access              0.0005     0.0005     0.0005     0.0003     0.0003     0.0003     0.0003     0.0003     0.0004     0.0004     0.0004     0.0005     0.0004     0.0005     0.0005     0.0005     0.0010     0.0008 
           Synchronization        
I/O                        0.0001     0.0001     0.0002     0.0001     0.0001     0.0001     0.0001     0.0001     0.0001     0.0001     0.0001     0.0001     0.0001     0.0001     0.0001     0.0001     0.0001     0.0002 
Reduction                  0.0000     0.0001     0.0001     0.0001     0.0001     0.0002     0.0001     0.0001     0.0001     0.0001     0.0001     0.0001     0.0001     0.0001     0.0001     0.0001     0.0002     0.0001 
Remote access              0.0001     0.0001     0.0002     0.0006     0.0006     0.0006     0.0006     0.0005     0.0006     0.0006     0.0006     0.0006     0.0005     0.0005     0.0005     0.0005     0.0010     0.0008 
           Variation              
I/O                        0.0000     0.0003     0.0004     0.0003     0.0003     0.0004     0.0003     0.0003     0.0004     0.0003     0.0003     0.0003     0.0003     0.0003     0.0003     0.0003     0.0003     0.0004 
Reduction                  0.0001     0.0001     0.0001     0.0001     0.0001     0.0001     0.0001     0.0001     0.0001     0.0000     0.0001     0.0001     0.0000     0.0001     0.0001     0.0000     0.0001     0.0001 
Remote access              0.0001     0.0001     0.0002     0.0004     0.0004     0.0004     0.0003     0.0003     0.0003     0.0003     0.0002     0.0002     0.0002     0.0002     0.0001     0.0001     0.0001     0.0001 
           Overlap                
Reduction                  0.0000     0.0000     0.0000     0.0000     0.0000     0.0000     0.0000     0.0000     0.0000     0.0000     0.0000     0.0000     0.0000     0.0000     0.0000     0.0000     0.0000     0.0000 
Remote access              0.0000     0.0000     0.0000     0.0000     0.0000     0.0000     0.0000     0.0000     0.0000     0.0000     0.0000     0.0000     0.0000     0.0000     0.0000     0.0000     0.0000     0.0000 


-------------------------------------------------------------------------
Name (number) and performance time of processors
omp.keldysh.ru(1) 0.934005
omp.keldysh.ru(2) 0.933909
omp.keldysh.ru(3) 0.933847
omp.keldysh.ru(4) 0.933891
omp.keldysh.ru(5) 0.951077
omp.keldysh.ru(6) 0.950843
omp.keldysh.ru(7) 0.951553
omp.keldysh.ru(8) 0.951546
omp.keldysh.ru(9) 0.953684
omp.keldysh.ru(10) 0.953669
omp.keldysh.ru(11) 0.953455
omp.keldysh.ru(12) 0.953480
omp.keldysh.ru(13) 0.954268
omp.keldysh.ru(14) 0.954248
omp.keldysh.ru(15) 0.954891
omp.keldysh.ru(16) 0.954892
omp.keldysh.ru(17) 0.951122
omp.keldysh.ru(18) 0.950811
min - omp.keldysh.ru(3) 0.933847; max - omp.keldysh.ru(16) 0.954892; mid - 0.948622
