Processor system=2*4*2
Statistics has been accumulated on DVM-system version 5.0, platform DVM
Analyzer is executing on DVM-system version 5.0, platform DVM
-------------------------------------------------------------------------
INTERVAL ( NLINE=9 SOURCE=jac3d.f ) LEVEL=0  EXE_COUNT=1
--- The main characteristics --- 
Parallelization efficiency      0.8493 
Execution time                  6.8547 
Processors                          16
Threads amount                      16
Total time                    109.6748
Productive time                93.1455 ( CPU= 92.6366 Sys= 0.5067 I/O= 0.0021 )
Lost  time                     16.5294 
   Insufficient parallelism     8.3511 ( User= 0.7187 Sys= 7.6324 )
   Communication                8.1305 ( Real_sync= 0.0050 Starts= 0.0000 )
   Idle time                    0.0478
Load imbalance                  6.4180
Synchronization                 8.3564
Time variation                 10.2453
Overlap                         0.0008
                  Nop   Communic  Real_sync    Synchro  Variation    Overlap 
I/O               107     0.0000     0.0000     7.4972     7.4757     0.0000 
Reduction         100     7.2155     0.0000     0.0030     0.0029     0.0003 
Shadow            100     0.8395     0.0000     0.8561     2.7667     0.0005 
--- The comparative characteristics --- 
                              Tmin N proc      Tmax N proc      Tmid
Lost time                   0.6320     7     2.1268    16     1.0331 
User insufficient par.      0.0318    13     0.0595     9     0.0449 
Sys.insufficient par.       0.2754    16     0.6152    12     0.4770 
Idle time                   0.0000    12     0.0057    16     0.0030 
Communication               0.0614     5     1.8050    16     0.5082 
Real synchronization        0.0000     4     0.0012    16     0.0003 
Synchronization             0.0263     4     1.6745    16     0.5223 
Variation                   0.0404     4     1.9107    15     0.6403 
Overlap                     0.0000     1     0.0002     4     0.0000 
Load imbalance              0.0000     7     1.4947    16     0.4011 
Execution time              6.8490    16     6.8547    12     6.8517 
User CPU time               4.7095    16     6.1917     7     5.7898 
Sys. CPU time               0.0183    16     0.0410    12     0.0317 
I/O time                    0.0000    13     0.0013     1     0.0001 
Processors                      16     1         16    16         16 
                      Communic        Real_sync          Synchro        Variation          Overlap  
I/O             Tmin    0.0000     1     0.0000     1     0.0183     3     0.0183     3     0.0000     1 
I/O             Tmax    0.0000    16     0.0000    16     1.5325    16     1.5323    16     0.0000    16 
I/O             Tmid    0.0000           0.0000           0.4686           0.4672           0.0000       
Reduction       Tmin    0.0030     5     0.0000     1     0.0000    14     0.0000    16     0.0000     1 
Reduction       Tmax    1.7213    16     0.0000    16     0.0002    12     0.0002    10     0.0001    14 
Reduction       Tmid    0.4510           0.0000           0.0002           0.0002           0.0000       
Shadow          Tmin    0.0342     1     0.0000     1     0.0057     4     0.0190     5     0.0000     1 
Shadow          Tmax    0.0661     6     0.0000    16     0.1428    15     0.3794    14     0.0002     4 
Shadow          Tmid    0.0525           0.0000           0.0535           0.1729           0.0000       
--- The execution characteristics --- 
                                1          2          3          4          5          6          7          8          9         10         11         12         13         14         15         16 
Lost time                  0.6522     0.6417     0.7179     0.7239     0.7196     0.7158     0.6320     0.6513     0.6546     0.6569     0.6919     0.7297     2.0272     2.0726     2.1151     2.1268 
User insufficient par.     0.0449     0.0582     0.0437     0.0445     0.0453     0.0454     0.0449     0.0408     0.0595     0.0473     0.0502     0.0466     0.0318     0.0325     0.0425     0.0406 
Sys.insufficient par.      0.5150     0.4545     0.6085     0.6109     0.6128     0.5946     0.4647     0.4955     0.4772     0.4927     0.5748     0.6152     0.2818     0.2820     0.2768     0.2754 
Idle time                  0.0001     0.0046     0.0030     0.0027     0.0000     0.0016     0.0039     0.0046     0.0012     0.0035     0.0000     0.0000     0.0057     0.0056     0.0057     0.0057 
Communication              0.0923     0.1245     0.0626     0.0659     0.0614     0.0742     0.1186     0.1105     0.1167     0.1134     0.0670     0.0678     1.7080     1.7524     1.7901     1.8050 
Real synchronization       0.0001     0.0001     0.0000     0.0000     0.0000     0.0000     0.0000     0.0000     0.0001     0.0001     0.0000     0.0000     0.0011     0.0011     0.0012     0.0012 
Synchronization            0.2273     0.2756     0.0278     0.0263     0.0294     0.0458     0.2472     0.2254     0.2714     0.2470     0.0962     0.0615     1.5999     1.6267     1.6745     1.6745 
Variation                  0.3381     0.4343     0.0441     0.0404     0.0406     0.0659     0.3829     0.3436     0.4127     0.3771     0.1448     0.0789     1.8489     1.8764     1.9107     1.9060 
Overlap                    0.0000     0.0000     0.0001     0.0002     0.0001     0.0000     0.0000     0.0000     0.0000     0.0000     0.0000     0.0001     0.0001     0.0001     0.0001     0.0001 
Load imbalance             0.0214     0.0097     0.0858     0.0919     0.0876     0.0838     0.0000     0.0193     0.0226     0.0249     0.0599     0.0976     1.3951     1.4405     1.4831     1.4947 
Execution time             6.8546     6.8501     6.8516     6.8520     6.8547     6.8531     6.8508     6.8501     6.8535     6.8512     6.8547     6.8547     6.8490     6.8490     6.8490     6.8490 
User CPU time              6.1681     6.1827     6.0962     6.0900     6.0942     6.0992     6.1917     6.1703     6.1682     6.1649     6.1244     6.0840     4.8087     4.7633     4.7211     4.7095 
Sys. CPU time              0.0331     0.0302     0.0405     0.0407     0.0408     0.0396     0.0309     0.0330     0.0317     0.0328     0.0383     0.0410     0.0187     0.0188     0.0184     0.0183 
I/O time                   0.0013     0.0001     0.0000     0.0000     0.0000     0.0001     0.0001     0.0000     0.0001     0.0001     0.0001     0.0000     0.0000     0.0000     0.0001     0.0001 
Processors                     16         16         16         16         16         16         16         16         16         16         16         16         16         16         16         16 
           Communication          
Reduction                  0.0572     0.0769     0.0058     0.0062     0.0030     0.0080     0.0643     0.0603     0.0743     0.0719     0.0128     0.0159     1.6383     1.6855     1.7138     1.7213 
Shadow                     0.0342     0.0466     0.0567     0.0597     0.0581     0.0661     0.0536     0.0496     0.0414     0.0403     0.0540     0.0518     0.0529     0.0498     0.0587     0.0660 
           Real synchronization   
           Synchronization        
I/O                        0.1892     0.2262     0.0183     0.0203     0.0214     0.0345     0.1977     0.1896     0.2243     0.2080     0.0790     0.0551     1.4727     1.4968     1.5317     1.5325 
Reduction                  0.0002     0.0002     0.0002     0.0002     0.0002     0.0002     0.0002     0.0002     0.0002     0.0002     0.0002     0.0002     0.0001     0.0000     0.0000     0.0000 
Shadow                     0.0379     0.0492     0.0092     0.0057     0.0078     0.0111     0.0493     0.0355     0.0469     0.0388     0.0170     0.0062     0.1271     0.1298     0.1428     0.1420 
           Variation              
I/O                        0.1695     0.2256     0.0183     0.0203     0.0214     0.0344     0.1975     0.1896     0.2236     0.2079     0.0789     0.0551     1.4728     1.4969     1.5315     1.5323 
Reduction                  0.0002     0.0002     0.0002     0.0002     0.0002     0.0002     0.0002     0.0002     0.0002     0.0002     0.0002     0.0002     0.0001     0.0000     0.0000     0.0000 
Shadow                     0.1684     0.2085     0.0255     0.0199     0.0190     0.0313     0.1851     0.1537     0.1888     0.1689     0.0657     0.0236     0.3760     0.3794     0.3792     0.3736 
           Overlap                
Reduction                  0.0000     0.0000     0.0000     0.0000     0.0000     0.0000     0.0000     0.0000     0.0000     0.0000     0.0000     0.0000     0.0001     0.0001     0.0001     0.0001 
Shadow                     0.0000     0.0000     0.0001     0.0002     0.0001     0.0000     0.0000     0.0000     0.0000     0.0000     0.0000     0.0001     0.0000     0.0000     0.0000     0.0000 


-------------------------------------------------------------------------
Name (number) and performance time of processors
omp.keldysh.ru(1) 0.935424
omp.keldysh.ru(2) 0.935350
omp.keldysh.ru(3) 0.935382
omp.keldysh.ru(4) 0.935389
omp.keldysh.ru(5) 0.950806
omp.keldysh.ru(6) 0.951095
omp.keldysh.ru(7) 0.955819
omp.keldysh.ru(8) 0.955832
omp.keldysh.ru(9) 0.954865
omp.keldysh.ru(10) 0.954883
omp.keldysh.ru(11) 0.955449
omp.keldysh.ru(12) 0.955435
omp.keldysh.ru(13) 0.956649
omp.keldysh.ru(14) 0.956646
omp.keldysh.ru(15) 0.955118
omp.keldysh.ru(16) 0.955112
min - omp.keldysh.ru(2) 0.935350; max - omp.keldysh.ru(13) 0.956649; mid - 0.949953
