Processor system=4*2*1*2
Statistics has been accumulated on DVM-system version 5.0, platform DVM
Analyzer is executing on DVM-system version 5.0, platform DVM
-------------------------------------------------------------------------
INTERVAL ( NLINE=8 SOURCE=red42.f ) LEVEL=0  EXE_COUNT=1
--- The main characteristics --- 
Parallelization efficiency      0.0471 
Execution time                  0.0101 
Processors                          16
Threads amount                      16
Total time                      0.1623
Productive time                 0.0076 ( CPU= 0.0068 Sys= 0.0008 I/O= 0.0000 )
Lost  time                      0.1547 
   Insufficient parallelism     0.1147 ( User= 0.1021 Sys= 0.0127 )
   Communication                0.0036 ( Real_sync= 0.0000 Starts= 0.0000 )
   Idle time                    0.0363
Load imbalance                  0.0023
Synchronization                 0.1232
Time variation                  0.1249
Overlap                         0.0000
                  Nop   Communic    Synchro  Variation    Overlap 
I/O                16     0.0000     0.0451     0.0470     0.0000 
Reduction          14     0.0036     0.0388     0.0388     0.0000 
Remote access      36     0.0000     0.0392     0.0392     0.0000 
--- The comparative characteristics --- 
                              Tmin N proc      Tmax N proc      Tmid
Lost time                   0.0095     8     0.0099    15     0.0097 
User insufficient par.      0.0036    15     0.0085     8     0.0064 
Sys.insufficient par.       0.0006    13     0.0010     1     0.0008 
Idle time                   0.0000     8     0.0054    15     0.0023 
Communication               0.0002     1     0.0003    14     0.0002 
Synchronization             0.0000     4     0.0282    13     0.0077 
Variation                   0.0001     4     0.0284    13     0.0078 
Overlap                     0.0000     2     0.0000     5     0.0000 
Load imbalance              0.0000     8     0.0003    15     0.0001 
Execution time              0.0048    15     0.0101     8     0.0079 
User CPU time               0.0002    15     0.0006     8     0.0004 
Sys. CPU time               0.0000    13     0.0001     7     0.0001 
I/O time                    0.0000    16     0.0000     1     0.0000 
Processors                      16     1         16    16         16 
                      Communic          Synchro        Variation          Overlap  
I/O             Tmin    0.0000     1     0.0000     3     0.0001     3     0.0000     1 
I/O             Tmax    0.0000    16     0.0104    13     0.0105    13     0.0000    16 
I/O             Tmid    0.0000           0.0028           0.0029           0.0000       
Reduction       Tmin    0.0002     1     0.0000     4     0.0000     4     0.0000     2 
Reduction       Tmax    0.0003    14     0.0089    13     0.0089    13     0.0000     5 
Reduction       Tmid    0.0002           0.0024           0.0024           0.0000       
Remote access   Tmin    0.0000     1     0.0000     3     0.0000     3     0.0000     1 
Remote access   Tmax    0.0000    16     0.0090    13     0.0090    13     0.0000     3 
Remote access   Tmid    0.0000           0.0024           0.0024           0.0000       
--- The execution characteristics --- 
                                1          2          3          4          5          6          7          8          9         10         11         12         13         14         15         16 
Lost time                  0.0096     0.0096     0.0097     0.0096     0.0097     0.0096     0.0096     0.0095     0.0096     0.0095     0.0095     0.0097     0.0099     0.0099     0.0099     0.0098 
User insufficient par.     0.0077     0.0077     0.0063     0.0070     0.0055     0.0074     0.0074     0.0085     0.0066     0.0081     0.0081     0.0059     0.0036     0.0036     0.0036     0.0049 
Sys.insufficient par.      0.0010     0.0008     0.0008     0.0008     0.0008     0.0008     0.0009     0.0009     0.0008     0.0008     0.0008     0.0008     0.0006     0.0006     0.0006     0.0008 
Idle time                  0.0008     0.0008     0.0023     0.0016     0.0031     0.0012     0.0012     0.0000     0.0020     0.0004     0.0004     0.0027     0.0054     0.0054     0.0054     0.0038 
Communication              0.0002     0.0002     0.0002     0.0002     0.0002     0.0002     0.0002     0.0002     0.0002     0.0002     0.0002     0.0002     0.0003     0.0003     0.0003     0.0002 
Synchronization            0.0063     0.0061     0.0000     0.0000     0.0010     0.0010     0.0004     0.0004     0.0006     0.0006     0.0014     0.0012     0.0282     0.0280     0.0273     0.0206 
Variation                  0.0062     0.0062     0.0001     0.0001     0.0011     0.0011     0.0005     0.0005     0.0007     0.0007     0.0015     0.0014     0.0284     0.0281     0.0275     0.0207 
Overlap                    0.0000     0.0000     0.0000     0.0000     0.0000     0.0000     0.0000     0.0000     0.0000     0.0000     0.0000     0.0000     0.0000     0.0000     0.0000     0.0000 
Load imbalance             0.0001     0.0001     0.0001     0.0001     0.0002     0.0001     0.0001     0.0000     0.0001     0.0000     0.0000     0.0002     0.0003     0.0003     0.0003     0.0002 
Execution time             0.0094     0.0094     0.0078     0.0086     0.0070     0.0090     0.0090     0.0101     0.0082     0.0098     0.0098     0.0074     0.0048     0.0048     0.0048     0.0063 
User CPU time              0.0005     0.0005     0.0004     0.0005     0.0004     0.0005     0.0005     0.0006     0.0004     0.0005     0.0005     0.0004     0.0002     0.0002     0.0002     0.0003 
Sys. CPU time              0.0000     0.0001     0.0001     0.0001     0.0001     0.0001     0.0001     0.0001     0.0001     0.0001     0.0001     0.0001     0.0000     0.0000     0.0000     0.0000 
I/O time                   0.0000     0.0000     0.0000     0.0000     0.0000     0.0000     0.0000     0.0000     0.0000     0.0000     0.0000     0.0000     0.0000     0.0000     0.0000     0.0000 
Processors                     16         16         16         16         16         16         16         16         16         16         16         16         16         16         16         16 
           Communication          
Reduction                  0.0002     0.0002     0.0002     0.0002     0.0002     0.0002     0.0002     0.0002     0.0002     0.0002     0.0002     0.0002     0.0003     0.0003     0.0003     0.0002 
           Synchronization        
I/O                        0.0022     0.0022     0.0000     0.0000     0.0004     0.0004     0.0001     0.0002     0.0002     0.0002     0.0005     0.0004     0.0104     0.0103     0.0101     0.0075 
Reduction                  0.0020     0.0020     0.0000     0.0000     0.0003     0.0003     0.0001     0.0002     0.0002     0.0002     0.0004     0.0004     0.0089     0.0088     0.0086     0.0065 
Remote access              0.0020     0.0019     0.0000     0.0000     0.0003     0.0003     0.0001     0.0001     0.0002     0.0002     0.0004     0.0004     0.0090     0.0089     0.0087     0.0066 
           Variation              
I/O                        0.0021     0.0023     0.0001     0.0001     0.0005     0.0005     0.0003     0.0003     0.0003     0.0003     0.0007     0.0006     0.0105     0.0105     0.0102     0.0077 
Reduction                  0.0020     0.0020     0.0000     0.0000     0.0003     0.0003     0.0001     0.0001     0.0002     0.0002     0.0004     0.0004     0.0089     0.0088     0.0086     0.0065 
Remote access              0.0020     0.0019     0.0000     0.0000     0.0003     0.0003     0.0001     0.0001     0.0002     0.0002     0.0004     0.0004     0.0090     0.0089     0.0087     0.0066 
           Overlap                
Reduction                  0.0000     0.0000     0.0000     0.0000     0.0000     0.0000     0.0000     0.0000     0.0000     0.0000     0.0000     0.0000     0.0000     0.0000     0.0000     0.0000 
Remote access              0.0000     0.0000     0.0000     0.0000     0.0000     0.0000     0.0000     0.0000     0.0000     0.0000     0.0000     0.0000     0.0000     0.0000     0.0000     0.0000 


-------------------------------------------------------------------------
Name (number) and performance time of processors
omp.keldysh.ru(1) 0.935384
omp.keldysh.ru(2) 0.935334
omp.keldysh.ru(3) 0.958203
omp.keldysh.ru(4) 0.958188
omp.keldysh.ru(5) 0.958006
omp.keldysh.ru(6) 0.957991
omp.keldysh.ru(7) 0.935355
omp.keldysh.ru(8) 0.935341
omp.keldysh.ru(9) 0.961566
omp.keldysh.ru(10) 0.961321
omp.keldysh.ru(11) 0.958384
omp.keldysh.ru(12) 0.958379
omp.keldysh.ru(13) 0.959218
omp.keldysh.ru(14) 0.959219
omp.keldysh.ru(15) 0.958788
omp.keldysh.ru(16) 0.958800
min - omp.keldysh.ru(2) 0.935334; max - omp.keldysh.ru(9) 0.961566; mid - 0.953092
