Processor system=6*1*3
Statistics has been accumulated on DVM-system version 5.0, platform DVM
Analyzer is executing on DVM-system version 5.0, platform DVM
-------------------------------------------------------------------------
INTERVAL ( NLINE=6 SOURCE=distrwgt3.f ) LEVEL=0  EXE_COUNT=2
--- The main characteristics --- 
Parallelization efficiency      0.0632 
Execution time                  0.0133 
Processors                          18
Threads amount                      18
Total time                      0.2386
Productive time                 0.0151 ( CPU= 0.0136 Sys= 0.0014 I/O= 0.0000 )
Lost  time                      0.2235 
   Insufficient parallelism     0.1626 ( User= 0.1377 Sys= 0.0248 )
   Communication                0.0286 ( Real_sync= 0.0000 Starts= 0.0000 )
   Idle time                    0.0323
Load imbalance                  0.0022
Synchronization                 0.0062
Time variation                  0.0114
Overlap                         0.0000
                  Nop   Communic    Synchro  Variation    Overlap 
I/O                14     0.0000     0.0008     0.0036     0.0000 
Reduction          12     0.0176     0.0007     0.0006     0.0000 
Remote access       5     0.0000     0.0004     0.0005     0.0000 
Redistribution     14     0.0110     0.0043     0.0066     0.0000 
--- The comparative characteristics --- 
                              Tmin N proc      Tmax N proc      Tmid
Lost time                   0.0123    13     0.0126    18     0.0124 
User insufficient par.      0.0065    18     0.0095    13     0.0077 
Sys.insufficient par.       0.0010    17     0.0015     7     0.0014 
Idle time                   0.0000    13     0.0027     6     0.0018 
Communication               0.0014    13     0.0025    17     0.0016 
Synchronization             0.0002    14     0.0008    17     0.0003 
Variation                   0.0004    14     0.0012    17     0.0006 
Overlap                     0.0000     1     0.0000    13     0.0000 
Load imbalance              0.0000    13     0.0003    18     0.0001 
Execution time              0.0106     6     0.0133    14     0.0115 
User CPU time               0.0006    18     0.0009    13     0.0008 
Sys. CPU time               0.0001    17     0.0001     7     0.0001 
I/O time                    0.0000    18     0.0000     1     0.0000 
Processors                      18     1         18    18         18 
                      Communic          Synchro        Variation          Overlap  
I/O             Tmin    0.0000     1     0.0000    14     0.0000     1     0.0000     1 
I/O             Tmax    0.0000    18     0.0001    18     0.0003    18     0.0000    18 
I/O             Tmid    0.0000           0.0000           0.0002           0.0000       
Reduction       Tmin    0.0008    13     0.0000    14     0.0000    14     0.0000     1 
Reduction       Tmax    0.0017    17     0.0001    18     0.0001    18     0.0000    13 
Reduction       Tmid    0.0010           0.0000           0.0000           0.0000       
Remote access   Tmin    0.0000     1     0.0000     1     0.0000     2     0.0000     1 
Remote access   Tmax    0.0000    18     0.0001    17     0.0001    17     0.0000    18 
Remote access   Tmid    0.0000           0.0000           0.0000           0.0000       
Redistribution  Tmin    0.0004     1     0.0001    13     0.0001    14     0.0000     1 
Redistribution  Tmax    0.0009    18     0.0007    17     0.0008    17     0.0000    18 
Redistribution  Tmid    0.0006           0.0002           0.0004           0.0000       
--- The execution characteristics --- 
                                1          2          3          4          5          6          7          8          9         10         11         12         13         14         15         16         17         18 
Lost time                  0.0125     0.0124     0.0124     0.0125     0.0125     0.0125     0.0124     0.0123     0.0124     0.0125     0.0123     0.0124     0.0123     0.0123     0.0124     0.0124     0.0125     0.0126 
User insufficient par.     0.0068     0.0075     0.0075     0.0069     0.0069     0.0069     0.0069     0.0090     0.0086     0.0069     0.0087     0.0083     0.0095     0.0094     0.0069     0.0069     0.0075     0.0065 
Sys.insufficient par.      0.0015     0.0014     0.0013     0.0014     0.0014     0.0014     0.0015     0.0015     0.0014     0.0015     0.0014     0.0015     0.0014     0.0015     0.0015     0.0013     0.0010     0.0010 
Idle time                  0.0027     0.0019     0.0019     0.0026     0.0026     0.0027     0.0026     0.0004     0.0008     0.0026     0.0008     0.0012     0.0000     0.0000     0.0026     0.0026     0.0016     0.0027 
Communication              0.0015     0.0016     0.0016     0.0015     0.0015     0.0015     0.0014     0.0015     0.0015     0.0015     0.0014     0.0014     0.0014     0.0014     0.0014     0.0016     0.0025     0.0023 
Synchronization            0.0003     0.0003     0.0004     0.0004     0.0002     0.0003     0.0003     0.0002     0.0004     0.0004     0.0003     0.0003     0.0002     0.0002     0.0002     0.0003     0.0008     0.0007 
Variation                  0.0006     0.0007     0.0009     0.0007     0.0005     0.0006     0.0005     0.0004     0.0006     0.0006     0.0005     0.0006     0.0004     0.0004     0.0004     0.0006     0.0012     0.0011 
Overlap                    0.0000     0.0000     0.0000     0.0000     0.0000     0.0000     0.0000     0.0000     0.0000     0.0000     0.0000     0.0000     0.0000     0.0000     0.0000     0.0000     0.0000     0.0000 
Load imbalance             0.0002     0.0001     0.0001     0.0002     0.0002     0.0002     0.0002     0.0000     0.0001     0.0002     0.0000     0.0001     0.0000     0.0000     0.0001     0.0001     0.0002     0.0003 
Execution time             0.0106     0.0113     0.0113     0.0106     0.0106     0.0106     0.0106     0.0129     0.0125     0.0106     0.0125     0.0121     0.0133     0.0133     0.0106     0.0106     0.0117     0.0106 
User CPU time              0.0007     0.0008     0.0008     0.0007     0.0007     0.0007     0.0007     0.0008     0.0008     0.0007     0.0008     0.0008     0.0009     0.0009     0.0008     0.0007     0.0007     0.0006 
Sys. CPU time              0.0001     0.0001     0.0001     0.0001     0.0001     0.0001     0.0001     0.0001     0.0001     0.0001     0.0001     0.0001     0.0001     0.0001     0.0001     0.0001     0.0001     0.0001 
I/O time                   0.0000     0.0000     0.0000     0.0000     0.0000     0.0000     0.0000     0.0000     0.0000     0.0000     0.0000     0.0000     0.0000     0.0000     0.0000     0.0000     0.0000     0.0000 
Processors                     18         18         18         18         18         18         18         18         18         18         18         18         18         18         18         18         18         18 
           Communication          
Reduction                  0.0011     0.0011     0.0012     0.0010     0.0009     0.0010     0.0008     0.0008     0.0009     0.0008     0.0008     0.0008     0.0008     0.0008     0.0008     0.0010     0.0017     0.0015 
Redistribution             0.0004     0.0005     0.0005     0.0005     0.0006     0.0005     0.0006     0.0006     0.0006     0.0006     0.0007     0.0006     0.0006     0.0006     0.0007     0.0006     0.0009     0.0009 
           Synchronization        
I/O                        0.0000     0.0000     0.0001     0.0001     0.0000     0.0000     0.0001     0.0000     0.0001     0.0000     0.0000     0.0001     0.0000     0.0000     0.0000     0.0000     0.0001     0.0001 
Reduction                  0.0000     0.0000     0.0000     0.0001     0.0000     0.0000     0.0000     0.0000     0.0001     0.0000     0.0000     0.0000     0.0000     0.0000     0.0000     0.0000     0.0000     0.0001 
Remote access              0.0000     0.0000     0.0000     0.0000     0.0000     0.0000     0.0000     0.0000     0.0000     0.0000     0.0000     0.0000     0.0000     0.0000     0.0000     0.0000     0.0001     0.0001 
Redistribution             0.0002     0.0003     0.0003     0.0002     0.0001     0.0002     0.0002     0.0002     0.0002     0.0003     0.0002     0.0002     0.0001     0.0001     0.0001     0.0002     0.0007     0.0005 
           Variation              
I/O                        0.0000     0.0002     0.0002     0.0002     0.0002     0.0002     0.0002     0.0002     0.0002     0.0002     0.0002     0.0002     0.0002     0.0002     0.0002     0.0002     0.0002     0.0003 
Reduction                  0.0000     0.0000     0.0000     0.0001     0.0000     0.0000     0.0000     0.0000     0.0000     0.0000     0.0000     0.0000     0.0000     0.0000     0.0000     0.0000     0.0000     0.0001 
Remote access              0.0000     0.0000     0.0000     0.0000     0.0000     0.0000     0.0000     0.0000     0.0000     0.0000     0.0000     0.0000     0.0000     0.0000     0.0000     0.0000     0.0001     0.0001 
Redistribution             0.0006     0.0005     0.0006     0.0004     0.0003     0.0004     0.0002     0.0002     0.0003     0.0003     0.0002     0.0003     0.0002     0.0001     0.0001     0.0004     0.0008     0.0007 
           Overlap                
Reduction                  0.0000     0.0000     0.0000     0.0000     0.0000     0.0000     0.0000     0.0000     0.0000     0.0000     0.0000     0.0000     0.0000     0.0000     0.0000     0.0000     0.0000     0.0000 


-------------------------------------------------------------------------
Name (number) and performance time of processors
omp.keldysh.ru(1) 0.935513
omp.keldysh.ru(2) 0.935444
omp.keldysh.ru(3) 0.952938
omp.keldysh.ru(4) 0.952964
omp.keldysh.ru(5) 0.955300
omp.keldysh.ru(6) 0.955295
omp.keldysh.ru(7) 0.951190
omp.keldysh.ru(8) 0.951159
omp.keldysh.ru(9) 0.952017
omp.keldysh.ru(10) 0.951962
omp.keldysh.ru(11) 0.954024
omp.keldysh.ru(12) 0.954050
omp.keldysh.ru(13) 0.948654
omp.keldysh.ru(14) 0.948636
omp.keldysh.ru(15) 0.935519
omp.keldysh.ru(16) 0.935648
omp.keldysh.ru(17) 0.957230
omp.keldysh.ru(18) 0.957508
min - omp.keldysh.ru(2) 0.935444; max - omp.keldysh.ru(18) 0.957508; mid - 0.949169
