Processor system=1*3*2*3
Statistics has been accumulated on DVM-system version 5.0, platform DVM
Analyzer is executing on DVM-system version 5.0, platform DVM
-------------------------------------------------------------------------
INTERVAL ( NLINE=8 SOURCE=red41.f ) LEVEL=0  EXE_COUNT=2
--- The main characteristics --- 
Parallelization efficiency      0.0698 
Execution time                  0.0126 
Processors                          18
Threads amount                      18
Total time                      0.2262
Productive time                 0.0158 ( CPU= 0.0147 Sys= 0.0010 I/O= 0.0000 )
Lost  time                      0.2104 
   Insufficient parallelism     0.1522 ( User= 0.1344 Sys= 0.0177 )
   Communication                0.0163 ( Real_sync= 0.0000 Starts= 0.0000 )
   Idle time                    0.0419
Load imbalance                  0.0025
Synchronization                 0.0095
Time variation                  0.0100
Overlap                         0.0001
                  Nop   Communic    Synchro  Variation    Overlap 
I/O                17     0.0000     0.0012     0.0046     0.0000 
Reduction          15     0.0135     0.0021     0.0008     0.0000 
Remote access      37     0.0028     0.0062     0.0046     0.0000 
--- The comparative characteristics --- 
                              Tmin N proc      Tmax N proc      Tmid
Lost time                   0.0116    13     0.0118     1     0.0117 
User insufficient par.      0.0061    18     0.0096    10     0.0075 
Sys.insufficient par.       0.0008    17     0.0012     1     0.0010 
Idle time                   0.0000    10     0.0035    11     0.0023 
Communication               0.0003    13     0.0018    17     0.0009 
Synchronization             0.0002    14     0.0011    17     0.0005 
Variation                   0.0003     1     0.0007     2     0.0006 
Overlap                     0.0000     2     0.0000    14     0.0000 
Load imbalance              0.0000    13     0.0003     1     0.0001 
Execution time              0.0091    11     0.0126    10     0.0102 
User CPU time               0.0007     1     0.0010    10     0.0008 
Sys. CPU time               0.0000    17     0.0001    13     0.0001 
I/O time                    0.0000     2     0.0000     1     0.0000 
Processors                      18     1         18    18         18 
                      Communic          Synchro        Variation          Overlap  
I/O             Tmin    0.0000     1     0.0000    11     0.0001     1     0.0000     1 
I/O             Tmax    0.0000    18     0.0001     2     0.0003     2     0.0000    18 
I/O             Tmid    0.0000           0.0001           0.0003           0.0000       
Reduction       Tmin    0.0002    13     0.0000    13     0.0000    11     0.0000     1 
Reduction       Tmax    0.0012    17     0.0002    17     0.0001     1     0.0000    13 
Reduction       Tmid    0.0008           0.0001           0.0000           0.0000       
Remote access   Tmin    0.0001    14     0.0001    14     0.0001    14     0.0000     2 
Remote access   Tmax    0.0006    17     0.0008    17     0.0004     2     0.0000    14 
Remote access   Tmid    0.0002           0.0003           0.0003           0.0000       
--- The execution characteristics --- 
                                1          2          3          4          5          6          7          8          9         10         11         12         13         14         15         16         17         18 
Lost time                  0.0118     0.0118     0.0117     0.0118     0.0117     0.0117     0.0117     0.0116     0.0117     0.0116     0.0117     0.0117     0.0116     0.0117     0.0116     0.0116     0.0117     0.0118 
User insufficient par.     0.0063     0.0064     0.0082     0.0065     0.0064     0.0075     0.0075     0.0089     0.0071     0.0096     0.0064     0.0065     0.0089     0.0068     0.0086     0.0094     0.0073     0.0061 
Sys.insufficient par.      0.0012     0.0010     0.0010     0.0009     0.0010     0.0010     0.0010     0.0010     0.0010     0.0010     0.0010     0.0010     0.0011     0.0011     0.0010     0.0010     0.0008     0.0010 
Idle time                  0.0034     0.0034     0.0016     0.0034     0.0034     0.0023     0.0023     0.0008     0.0027     0.0000     0.0035     0.0034     0.0012     0.0034     0.0012     0.0004     0.0019     0.0034 
Communication              0.0009     0.0010     0.0009     0.0009     0.0009     0.0009     0.0009     0.0009     0.0009     0.0010     0.0009     0.0009     0.0003     0.0004     0.0008     0.0009     0.0018     0.0012 
Synchronization            0.0004     0.0006     0.0006     0.0006     0.0006     0.0006     0.0005     0.0005     0.0005     0.0006     0.0005     0.0005     0.0002     0.0002     0.0004     0.0004     0.0011     0.0006 
Variation                  0.0003     0.0007     0.0007     0.0007     0.0007     0.0007     0.0006     0.0006     0.0006     0.0006     0.0005     0.0006     0.0003     0.0003     0.0005     0.0005     0.0005     0.0005 
Overlap                    0.0000     0.0000     0.0000     0.0000     0.0000     0.0000     0.0000     0.0000     0.0000     0.0000     0.0000     0.0000     0.0000     0.0000     0.0000     0.0000     0.0000     0.0000 
Load imbalance             0.0003     0.0002     0.0001     0.0002     0.0002     0.0002     0.0002     0.0000     0.0001     0.0000     0.0002     0.0002     0.0000     0.0001     0.0000     0.0001     0.0002     0.0002 
Execution time             0.0091     0.0091     0.0110     0.0091     0.0091     0.0102     0.0102     0.0118     0.0098     0.0126     0.0091     0.0092     0.0114     0.0091     0.0114     0.0122     0.0106     0.0091 
User CPU time              0.0007     0.0007     0.0008     0.0007     0.0008     0.0008     0.0008     0.0009     0.0008     0.0010     0.0008     0.0008     0.0009     0.0008     0.0009     0.0009     0.0008     0.0008 
Sys. CPU time              0.0001     0.0001     0.0001     0.0001     0.0001     0.0001     0.0001     0.0001     0.0001     0.0001     0.0001     0.0001     0.0001     0.0001     0.0001     0.0001     0.0000     0.0001 
I/O time                   0.0000     0.0000     0.0000     0.0000     0.0000     0.0000     0.0000     0.0000     0.0000     0.0000     0.0000     0.0000     0.0000     0.0000     0.0000     0.0000     0.0000     0.0000 
Processors                     18         18         18         18         18         18         18         18         18         18         18         18         18         18         18         18         18         18 
           Communication          
Reduction                  0.0007     0.0008     0.0008     0.0008     0.0008     0.0008     0.0008     0.0008     0.0008     0.0008     0.0008     0.0008     0.0002     0.0003     0.0007     0.0007     0.0012     0.0009 
Remote access              0.0002     0.0001     0.0001     0.0001     0.0001     0.0001     0.0001     0.0001     0.0001     0.0001     0.0001     0.0001     0.0001     0.0001     0.0001     0.0001     0.0006     0.0003 
           Synchronization        
I/O                        0.0001     0.0001     0.0001     0.0001     0.0001     0.0001     0.0001     0.0001     0.0001     0.0001     0.0000     0.0001     0.0000     0.0000     0.0000     0.0000     0.0001     0.0000 
Reduction                  0.0001     0.0001     0.0001     0.0002     0.0001     0.0001     0.0001     0.0002     0.0001     0.0001     0.0001     0.0001     0.0000     0.0000     0.0001     0.0001     0.0002     0.0001 
Remote access              0.0002     0.0004     0.0004     0.0004     0.0004     0.0004     0.0003     0.0003     0.0003     0.0004     0.0003     0.0003     0.0001     0.0001     0.0003     0.0003     0.0008     0.0004 
           Variation              
I/O                        0.0001     0.0003     0.0003     0.0003     0.0003     0.0003     0.0003     0.0003     0.0003     0.0003     0.0002     0.0003     0.0002     0.0002     0.0002     0.0002     0.0003     0.0002 
Reduction                  0.0001     0.0001     0.0001     0.0001     0.0001     0.0001     0.0000     0.0001     0.0000     0.0000     0.0000     0.0000     0.0000     0.0000     0.0000     0.0000     0.0000     0.0000 
Remote access              0.0002     0.0004     0.0003     0.0003     0.0003     0.0003     0.0003     0.0003     0.0003     0.0003     0.0003     0.0003     0.0001     0.0001     0.0002     0.0002     0.0003     0.0002 
           Overlap                
Reduction                  0.0000     0.0000     0.0000     0.0000     0.0000     0.0000     0.0000     0.0000     0.0000     0.0000     0.0000     0.0000     0.0000     0.0000     0.0000     0.0000     0.0000     0.0000 
Remote access              0.0000     0.0000     0.0000     0.0000     0.0000     0.0000     0.0000     0.0000     0.0000     0.0000     0.0000     0.0000     0.0000     0.0000     0.0000     0.0000     0.0000     0.0000 


-------------------------------------------------------------------------
Name (number) and performance time of processors
omp.keldysh.ru(1) 0.934037
omp.keldysh.ru(2) 0.933963
omp.keldysh.ru(3) 0.951399
omp.keldysh.ru(4) 0.951457
omp.keldysh.ru(5) 0.952442
omp.keldysh.ru(6) 0.952435
omp.keldysh.ru(7) 0.953298
omp.keldysh.ru(8) 0.953284
omp.keldysh.ru(9) 0.944731
omp.keldysh.ru(10) 0.944719
omp.keldysh.ru(11) 0.949709
omp.keldysh.ru(12) 0.949713
omp.keldysh.ru(13) 0.951752
omp.keldysh.ru(14) 0.951771
omp.keldysh.ru(15) 0.950294
omp.keldysh.ru(16) 0.950286
omp.keldysh.ru(17) 0.954478
omp.keldysh.ru(18) 0.954749
min - omp.keldysh.ru(2) 0.933963; max - omp.keldysh.ru(18) 0.954749; mid - 0.949140
