Processor system=6*1*3*1
Statistics has been accumulated on DVM-system version 5.0, platform DVM
Analyzer is executing on DVM-system version 5.0, platform DVM
-------------------------------------------------------------------------
INTERVAL ( NLINE=7 SOURCE=acr42.f ) LEVEL=0  EXE_COUNT=2
--- The main characteristics --- 
Parallelization efficiency      0.0530 
Execution time                  0.8869 
Processors                          18
Threads amount                      18
Total time                     15.9637
Productive time                 0.8462 ( CPU= 0.8389 Sys= 0.0073 I/O= 0.0000 )
Lost  time                     15.1175 
   Insufficient parallelism    14.3861 ( User= 14.2616 Sys= 0.1246 )
   Communication                0.0047 ( Real_sync= 0.0000 Starts= 0.0000 )
   Idle time                    0.7266
Load imbalance                  0.0404
Synchronization                 4.2636
Time variation                  4.2658
Overlap                         0.0042
                  Nop   Communic    Synchro  Variation    Overlap 
I/O                12     0.0000     1.3760     1.3782     0.0000 
Reduction          10     0.0047     0.6939     0.6939     0.0000 
Shadow             28     0.0000     2.1936     2.1936     0.0042 
--- The comparative characteristics --- 
                              Tmin N proc      Tmax N proc      Tmid
Lost time                   0.8376     2     0.8557    17     0.8399 
User insufficient par.      0.5278    18     0.8287     2     0.7923 
Sys.insufficient par.       0.0027    17     0.0091     1     0.0069 
Idle time                   0.0000     2     0.3248    17     0.0404 
Communication               0.0002     1     0.0004    18     0.0003 
Synchronization             0.0005     3     1.9478    18     0.2369 
Variation                   0.0006     3     1.9480    18     0.2370 
Overlap                     0.0000    18     0.0006     3     0.0002 
Load imbalance              0.0000     2     0.0180    18     0.0022 
Execution time              0.5621    17     0.8869     2     0.8465 
User CPU time               0.0310    18     0.0487     2     0.0466 
Sys. CPU time               0.0002    17     0.0005     1     0.0004 
I/O time                    0.0000     4     0.0000     1     0.0000 
Processors                      18     1         18    18         18 
                      Communic          Synchro        Variation          Overlap  
I/O             Tmin    0.0000     1     0.0001     4     0.0002     4     0.0000     1 
I/O             Tmax    0.0000    18     0.6491    18     0.6492    18     0.0000    18 
I/O             Tmid    0.0000           0.0764           0.0766           0.0000       
Reduction       Tmin    0.0002     1     0.0000     3     0.0000     3     0.0000     1 
Reduction       Tmax    0.0004    18     0.3252    18     0.3252    18     0.0000     3 
Reduction       Tmid    0.0003           0.0386           0.0386           0.0000       
Shadow          Tmin    0.0000     1     0.0003     3     0.0003     3     0.0000    18 
Shadow          Tmax    0.0000    18     0.9736    18     0.9736    18     0.0006     3 
Shadow          Tmid    0.0000           0.1219           0.1219           0.0002       
--- The execution characteristics --- 
                                1          2          3          4          5          6          7          8          9         10         11         12         13         14         15         16         17         18 
Lost time                  0.8377     0.8376     0.8377     0.8377     0.8379     0.8380     0.8379     0.8379     0.8380     0.8380     0.8382     0.8382     0.8379     0.8379     0.8378     0.8378     0.8557     0.8557 
User insufficient par.     0.8276     0.8287     0.8280     0.8279     0.8248     0.8239     0.8249     0.8243     0.8241     0.8245     0.8235     0.8238     0.8246     0.8249     0.8253     0.8249     0.5279     0.5278 
Sys.insufficient par.      0.0091     0.0087     0.0086     0.0088     0.0085     0.0071     0.0072     0.0082     0.0066     0.0068     0.0037     0.0033     0.0072     0.0080     0.0087     0.0087     0.0027     0.0027 
Idle time                  0.0007     0.0000     0.0007     0.0007     0.0044     0.0067     0.0055     0.0051     0.0071     0.0063     0.0108     0.0108     0.0059     0.0048     0.0036     0.0040     0.3248     0.3247 
Communication              0.0002     0.0003     0.0002     0.0003     0.0002     0.0002     0.0003     0.0003     0.0003     0.0003     0.0003     0.0003     0.0002     0.0002     0.0002     0.0002     0.0004     0.0004 
Synchronization            0.0036     0.0050     0.0005     0.0005     0.0176     0.0353     0.0291     0.0279     0.0405     0.0351     0.0533     0.0465     0.0333     0.0236     0.0114     0.0078     1.9446     1.9478 
Variation                  0.0034     0.0051     0.0006     0.0007     0.0178     0.0354     0.0292     0.0281     0.0407     0.0352     0.0534     0.0466     0.0335     0.0237     0.0116     0.0080     1.9448     1.9480 
Overlap                    0.0004     0.0001     0.0006     0.0006     0.0002     0.0002     0.0002     0.0002     0.0002     0.0002     0.0001     0.0001     0.0002     0.0002     0.0003     0.0003     0.0000     0.0000 
Load imbalance             0.0001     0.0000     0.0000     0.0000     0.0002     0.0004     0.0003     0.0003     0.0004     0.0004     0.0006     0.0006     0.0003     0.0003     0.0002     0.0002     0.0180     0.0180 
Execution time             0.8861     0.8869     0.8861     0.8861     0.8825     0.8802     0.8813     0.8817     0.8798     0.8806     0.8761     0.8761     0.8810     0.8821     0.8833     0.8829     0.5621     0.5621 
User CPU time              0.0487     0.0487     0.0487     0.0487     0.0485     0.0485     0.0485     0.0485     0.0485     0.0485     0.0484     0.0485     0.0485     0.0485     0.0485     0.0485     0.0311     0.0310 
Sys. CPU time              0.0005     0.0005     0.0005     0.0005     0.0005     0.0004     0.0004     0.0005     0.0004     0.0004     0.0002     0.0002     0.0004     0.0005     0.0005     0.0005     0.0002     0.0002 
I/O time                   0.0000     0.0000     0.0000     0.0000     0.0000     0.0000     0.0000     0.0000     0.0000     0.0000     0.0000     0.0000     0.0000     0.0000     0.0000     0.0000     0.0000     0.0000 
Processors                     18         18         18         18         18         18         18         18         18         18         18         18         18         18         18         18         18         18 
           Communication          
Reduction                  0.0002     0.0003     0.0002     0.0003     0.0002     0.0002     0.0003     0.0003     0.0003     0.0003     0.0003     0.0003     0.0002     0.0002     0.0002     0.0002     0.0004     0.0004 
           Synchronization        
I/O                        0.0008     0.0010     0.0001     0.0001     0.0031     0.0067     0.0055     0.0047     0.0085     0.0069     0.0154     0.0130     0.0064     0.0043     0.0014     0.0011     0.6479     0.6491 
Reduction                  0.0008     0.0009     0.0000     0.0001     0.0023     0.0039     0.0031     0.0031     0.0050     0.0040     0.0064     0.0054     0.0038     0.0028     0.0011     0.0009     0.3251     0.3252 
Shadow                     0.0020     0.0031     0.0003     0.0004     0.0122     0.0247     0.0204     0.0201     0.0271     0.0242     0.0315     0.0280     0.0232     0.0165     0.0089     0.0058     0.9716     0.9736 
           Variation              
I/O                        0.0006     0.0011     0.0003     0.0002     0.0033     0.0068     0.0057     0.0048     0.0086     0.0070     0.0155     0.0132     0.0066     0.0044     0.0016     0.0013     0.6481     0.6492 
Reduction                  0.0008     0.0009     0.0000     0.0001     0.0023     0.0039     0.0031     0.0031     0.0050     0.0040     0.0064     0.0054     0.0038     0.0028     0.0011     0.0009     0.3251     0.3252 
Shadow                     0.0020     0.0031     0.0003     0.0004     0.0122     0.0247     0.0204     0.0201     0.0271     0.0242     0.0315     0.0280     0.0232     0.0165     0.0089     0.0058     0.9716     0.9736 
           Overlap                
Reduction                  0.0000     0.0000     0.0000     0.0000     0.0000     0.0000     0.0000     0.0000     0.0000     0.0000     0.0000     0.0000     0.0000     0.0000     0.0000     0.0000     0.0000     0.0000 
Shadow                     0.0004     0.0001     0.0006     0.0006     0.0002     0.0002     0.0002     0.0002     0.0002     0.0002     0.0001     0.0001     0.0002     0.0002     0.0003     0.0003     0.0000     0.0000 


-------------------------------------------------------------------------
Name (number) and performance time of processors
omp.keldysh.ru(1) 0.933787
omp.keldysh.ru(2) 0.933680
omp.keldysh.ru(3) 0.959746
omp.keldysh.ru(4) 0.959783
omp.keldysh.ru(5) 0.955243
omp.keldysh.ru(6) 0.955505
omp.keldysh.ru(7) 0.956175
omp.keldysh.ru(8) 0.956150
omp.keldysh.ru(9) 0.956858
omp.keldysh.ru(10) 0.956919
omp.keldysh.ru(11) 0.958238
omp.keldysh.ru(12) 0.958245
omp.keldysh.ru(13) 0.949833
omp.keldysh.ru(14) 0.949813
omp.keldysh.ru(15) 0.933950
omp.keldysh.ru(16) 0.933958
omp.keldysh.ru(17) 0.956102
omp.keldysh.ru(18) 0.956079
min - omp.keldysh.ru(2) 0.933680; max - omp.keldysh.ru(4) 0.959783; mid - 0.951115
