Processor system=2*1*1*7
Statistics has been accumulated on DVM-system version 5.0, platform DVM
Analyzer is executing on DVM-system version 5.0, platform DVM
-------------------------------------------------------------------------
INTERVAL ( NLINE=7 SOURCE=sh42.f ) LEVEL=0  EXE_COUNT=1
--- The main characteristics --- 
Parallelization efficiency      0.0561 
Execution time                  0.1232 
Processors                          14
Threads amount                      14
Total time                      1.7244
Productive time                 0.0967 ( CPU= 0.0953 Sys= 0.0014 I/O= 0.0000 )
Lost  time                      1.6276 
   Insufficient parallelism     1.2577 ( User= 1.2384 Sys= 0.0193 )
   Communication                0.0039 ( Real_sync= 0.0000 Starts= 0.0000 )
   Idle time                    0.3660
Load imbalance                  0.0262
Synchronization                 1.7656
Time variation                  1.7671
Overlap                         0.0000
                  Nop   Communic    Synchro  Variation    Overlap 
I/O                11     0.0000     0.8323     0.8338     0.0000 
Reduction           9     0.0039     0.4734     0.4733     0.0000 
Shadow              9     0.0000     0.4599     0.4600     0.0000 
--- The comparative characteristics --- 
                              Tmin N proc      Tmax N proc      Tmid
Lost time                   0.1144     4     0.1186    11     0.1163 
User insufficient par.      0.0581    11     0.1128     4     0.0885 
Sys.insufficient par.       0.0010    14     0.0018     1     0.0014 
Idle time                   0.0000     7     0.0588     9     0.0261 
Communication               0.0002     1     0.0004    11     0.0003 
Synchronization             0.0009     7     0.2986    11     0.1261 
Variation                   0.0010     7     0.2987    11     0.1262 
Overlap                     0.0000     2     0.0000     7     0.0000 
Load imbalance              0.0000     4     0.0042    11     0.0019 
Execution time              0.0643     9     0.1232     7     0.0970 
User CPU time               0.0045    11     0.0087     4     0.0068 
Sys. CPU time               0.0001    14     0.0001     6     0.0001 
I/O time                    0.0000    14     0.0000     1     0.0000 
Processors                      14     1         14    14         14 
                      Communic          Synchro        Variation          Overlap  
I/O             Tmin    0.0000     1     0.0003     7     0.0004     7     0.0000     1 
I/O             Tmax    0.0000    14     0.1407    11     0.1409    11     0.0000    14 
I/O             Tmid    0.0000           0.0594           0.0596           0.0000       
Reduction       Tmin    0.0002     1     0.0003     7     0.0003     7     0.0000     1 
Reduction       Tmax    0.0004    11     0.0801    11     0.0801    11     0.0000     5 
Reduction       Tmid    0.0003           0.0338           0.0338           0.0000       
Shadow          Tmin    0.0000     1     0.0002     7     0.0002     7     0.0000     2 
Shadow          Tmax    0.0000    14     0.0777    11     0.0777    11     0.0000     7 
Shadow          Tmid    0.0000           0.0329           0.0329           0.0000       
--- The execution characteristics --- 
                                1          2          3          4          5          6          7          8          9         10         11         12         13         14 
Lost time                  0.1145     0.1146     0.1144     0.1144     0.1150     0.1150     0.1144     0.1144     0.1186     0.1186     0.1186     0.1184     0.1184     0.1184 
User insufficient par.     0.1108     0.1103     0.1126     0.1128     0.1041     0.1043     0.1127     0.1126     0.0583     0.0584     0.0581     0.0611     0.0608     0.0615 
Sys.insufficient par.      0.0018     0.0016     0.0015     0.0014     0.0017     0.0017     0.0015     0.0015     0.0011     0.0010     0.0013     0.0011     0.0011     0.0010 
Idle time                  0.0017     0.0023     0.0000     0.0000     0.0090     0.0087     0.0000     0.0000     0.0588     0.0588     0.0588     0.0559     0.0562     0.0556 
Communication              0.0002     0.0003     0.0002     0.0002     0.0002     0.0002     0.0002     0.0002     0.0003     0.0003     0.0004     0.0003     0.0003     0.0003 
Synchronization            0.0096     0.0098     0.0018     0.0019     0.0304     0.0307     0.0009     0.0014     0.2899     0.2889     0.2986     0.2638     0.2707     0.2672 
Variation                  0.0094     0.0100     0.0019     0.0020     0.0306     0.0309     0.0010     0.0015     0.2900     0.2890     0.2987     0.2639     0.2708     0.2673 
Overlap                    0.0000     0.0000     0.0000     0.0000     0.0000     0.0000     0.0000     0.0000     0.0000     0.0000     0.0000     0.0000     0.0000     0.0000 
Load imbalance             0.0001     0.0002     0.0000     0.0000     0.0006     0.0006     0.0000     0.0000     0.0042     0.0042     0.0042     0.0040     0.0040     0.0040 
Execution time             0.1215     0.1209     0.1232     0.1232     0.1141     0.1144     0.1232     0.1232     0.0643     0.0643     0.0643     0.0673     0.0670     0.0676 
User CPU time              0.0085     0.0085     0.0087     0.0087     0.0080     0.0080     0.0087     0.0087     0.0045     0.0045     0.0045     0.0047     0.0047     0.0047 
Sys. CPU time              0.0001     0.0001     0.0001     0.0001     0.0001     0.0001     0.0001     0.0001     0.0001     0.0001     0.0001     0.0001     0.0001     0.0001 
I/O time                   0.0000     0.0000     0.0000     0.0000     0.0000     0.0000     0.0000     0.0000     0.0000     0.0000     0.0000     0.0000     0.0000     0.0000 
Processors                     14         14         14         14         14         14         14         14         14         14         14         14         14         14 
           Communication          
Reduction                  0.0002     0.0003     0.0002     0.0002     0.0002     0.0002     0.0002     0.0002     0.0003     0.0003     0.0004     0.0003     0.0003     0.0003 
           Synchronization        
I/O                        0.0041     0.0042     0.0007     0.0009     0.0143     0.0144     0.0003     0.0005     0.1367     0.1362     0.1407     0.1251     0.1277     0.1264 
Reduction                  0.0027     0.0027     0.0006     0.0006     0.0074     0.0075     0.0003     0.0004     0.0778     0.0776     0.0801     0.0708     0.0730     0.0719 
Shadow                     0.0027     0.0030     0.0005     0.0005     0.0088     0.0089     0.0002     0.0004     0.0754     0.0750     0.0777     0.0679     0.0700     0.0689 
           Variation              
I/O                        0.0039     0.0043     0.0008     0.0010     0.0145     0.0146     0.0004     0.0006     0.1368     0.1364     0.1409     0.1252     0.1278     0.1266 
Reduction                  0.0027     0.0027     0.0006     0.0006     0.0074     0.0075     0.0003     0.0004     0.0778     0.0776     0.0801     0.0708     0.0730     0.0719 
Shadow                     0.0027     0.0030     0.0005     0.0005     0.0088     0.0089     0.0002     0.0004     0.0754     0.0750     0.0777     0.0679     0.0700     0.0689 
           Overlap                
Reduction                  0.0000     0.0000     0.0000     0.0000     0.0000     0.0000     0.0000     0.0000     0.0000     0.0000     0.0000     0.0000     0.0000     0.0000 
Shadow                     0.0000     0.0000     0.0000     0.0000     0.0000     0.0000     0.0000     0.0000     0.0000     0.0000     0.0000     0.0000     0.0000     0.0000 


-------------------------------------------------------------------------
Name (number) and performance time of processors
omp.keldysh.ru(1) 0.935346
omp.keldysh.ru(2) 0.935293
omp.keldysh.ru(3) 0.954859
omp.keldysh.ru(4) 0.954904
omp.keldysh.ru(5) 0.935305
omp.keldysh.ru(6) 0.935292
omp.keldysh.ru(7) 0.954252
omp.keldysh.ru(8) 0.954510
omp.keldysh.ru(9) 0.956212
omp.keldysh.ru(10) 0.956222
omp.keldysh.ru(11) 0.955842
omp.keldysh.ru(12) 0.955817
omp.keldysh.ru(13) 0.957014
omp.keldysh.ru(14) 0.957012
min - omp.keldysh.ru(6) 0.935292; max - omp.keldysh.ru(13) 0.957014; mid - 0.949849
