Processor system=6*3*1*1
Statistics has been accumulated on DVM-system version 5.0, platform DVM
Analyzer is executing on DVM-system version 5.0, platform DVM
-------------------------------------------------------------------------
INTERVAL ( NLINE=8 SOURCE=red41.f ) LEVEL=0  EXE_COUNT=2
--- The main characteristics --- 
Parallelization efficiency      0.0711 
Execution time                  0.0121 
Processors                          18
Threads amount                      18
Total time                      0.2181
Productive time                 0.0155 ( CPU= 0.0145 Sys= 0.0010 I/O= 0.0000 )
Lost  time                      0.2025 
   Insufficient parallelism     0.1536 ( User= 0.1359 Sys= 0.0176 )
   Communication                0.0111 ( Real_sync= 0.0000 Starts= 0.0000 )
   Idle time                    0.0379
Load imbalance                  0.0028
Synchronization                 0.0073
Time variation                  0.0084
Overlap                         0.0000
                  Nop   Communic    Synchro  Variation    Overlap 
I/O                17     0.0000     0.0009     0.0049     0.0000 
Reduction          15     0.0072     0.0008     0.0006     0.0000 
Remote access      37     0.0039     0.0055     0.0029     0.0000 
--- The comparative characteristics --- 
                              Tmin N proc      Tmax N proc      Tmid
Lost time                   0.0111     3     0.0114    17     0.0113 
User insufficient par.      0.0062    17     0.0096     3     0.0076 
Sys.insufficient par.       0.0009    17     0.0012     1     0.0010 
Idle time                   0.0000     3     0.0030     2     0.0021 
Communication               0.0005     2     0.0013    17     0.0006 
Synchronization             0.0002     1     0.0008    17     0.0004 
Variation                   0.0002     1     0.0006     2     0.0005 
Overlap                     0.0000     3     0.0000     1     0.0000 
Load imbalance              0.0000     3     0.0003    17     0.0002 
Execution time              0.0091     2     0.0121     3     0.0100 
User CPU time               0.0007    17     0.0010     3     0.0008 
Sys. CPU time               0.0000    17     0.0001    12     0.0001 
I/O time                    0.0000    14     0.0000     1     0.0000 
Processors                      18     1         18    18         18 
                      Communic          Synchro        Variation          Overlap  
I/O             Tmin    0.0000     1     0.0000    16     0.0001     1     0.0000     1 
I/O             Tmax    0.0000    18     0.0001     2     0.0003     2     0.0000    18 
I/O             Tmid    0.0000           0.0000           0.0003           0.0000       
Reduction       Tmin    0.0003     1     0.0000    15     0.0000    11     0.0000     3 
Reduction       Tmax    0.0007    17     0.0001    17     0.0001     1     0.0000    18 
Reduction       Tmid    0.0004           0.0000           0.0000           0.0000       
Remote access   Tmin    0.0001     2     0.0000     1     0.0000     1     0.0000     2 
Remote access   Tmax    0.0006    17     0.0007    17     0.0003     2     0.0000     1 
Remote access   Tmid    0.0002           0.0003           0.0002           0.0000       
--- The execution characteristics --- 
                                1          2          3          4          5          6          7          8          9         10         11         12         13         14         15         16         17         18 
Lost time                  0.0113     0.0113     0.0111     0.0112     0.0113     0.0111     0.0113     0.0113     0.0113     0.0113     0.0113     0.0113     0.0113     0.0112     0.0112     0.0113     0.0114     0.0113 
User insufficient par.     0.0067     0.0068     0.0096     0.0085     0.0068     0.0092     0.0069     0.0068     0.0074     0.0074     0.0067     0.0067     0.0068     0.0088     0.0089     0.0078     0.0062     0.0077 
Sys.insufficient par.      0.0012     0.0010     0.0010     0.0010     0.0010     0.0010     0.0010     0.0010     0.0009     0.0010     0.0010     0.0010     0.0010     0.0010     0.0010     0.0010     0.0009     0.0009 
Idle time                  0.0029     0.0030     0.0000     0.0012     0.0030     0.0004     0.0029     0.0029     0.0023     0.0023     0.0030     0.0030     0.0029     0.0008     0.0008     0.0019     0.0030     0.0016 
Communication              0.0005     0.0005     0.0005     0.0005     0.0005     0.0005     0.0005     0.0005     0.0006     0.0006     0.0005     0.0006     0.0006     0.0006     0.0005     0.0005     0.0013     0.0012 
Synchronization            0.0002     0.0004     0.0004     0.0004     0.0004     0.0004     0.0004     0.0004     0.0004     0.0004     0.0004     0.0004     0.0004     0.0004     0.0003     0.0003     0.0008     0.0007 
Variation                  0.0002     0.0006     0.0006     0.0006     0.0006     0.0006     0.0005     0.0005     0.0005     0.0005     0.0004     0.0005     0.0004     0.0004     0.0004     0.0003     0.0004     0.0004 
Overlap                    0.0000     0.0000     0.0000     0.0000     0.0000     0.0000     0.0000     0.0000     0.0000     0.0000     0.0000     0.0000     0.0000     0.0000     0.0000     0.0000     0.0000     0.0000 
Load imbalance             0.0003     0.0002     0.0000     0.0001     0.0002     0.0000     0.0002     0.0002     0.0002     0.0002     0.0002     0.0002     0.0002     0.0001     0.0001     0.0002     0.0003     0.0002 
Execution time             0.0092     0.0091     0.0121     0.0109     0.0091     0.0117     0.0092     0.0092     0.0098     0.0098     0.0091     0.0091     0.0092     0.0113     0.0113     0.0102     0.0091     0.0106 
User CPU time              0.0007     0.0008     0.0010     0.0009     0.0008     0.0009     0.0007     0.0008     0.0008     0.0008     0.0008     0.0008     0.0008     0.0009     0.0009     0.0008     0.0007     0.0008 
Sys. CPU time              0.0001     0.0001     0.0001     0.0001     0.0001     0.0001     0.0001     0.0001     0.0001     0.0001     0.0001     0.0001     0.0001     0.0001     0.0001     0.0001     0.0000     0.0001 
I/O time                   0.0000     0.0000     0.0000     0.0000     0.0000     0.0000     0.0000     0.0000     0.0000     0.0000     0.0000     0.0000     0.0000     0.0000     0.0000     0.0000     0.0000     0.0000 
Processors                     18         18         18         18         18         18         18         18         18         18         18         18         18         18         18         18         18         18 
           Communication          
Reduction                  0.0003     0.0004     0.0004     0.0004     0.0004     0.0004     0.0004     0.0004     0.0004     0.0004     0.0004     0.0004     0.0003     0.0003     0.0003     0.0003     0.0007     0.0007 
Remote access              0.0003     0.0001     0.0001     0.0001     0.0001     0.0001     0.0001     0.0002     0.0002     0.0002     0.0002     0.0002     0.0002     0.0002     0.0002     0.0002     0.0006     0.0005 
           Synchronization        
I/O                        0.0001     0.0001     0.0001     0.0001     0.0001     0.0001     0.0001     0.0001     0.0000     0.0000     0.0000     0.0000     0.0000     0.0000     0.0000     0.0000     0.0001     0.0000 
Reduction                  0.0000     0.0001     0.0000     0.0000     0.0000     0.0001     0.0000     0.0000     0.0000     0.0000     0.0001     0.0001     0.0000     0.0000     0.0000     0.0000     0.0001     0.0001 
Remote access              0.0000     0.0003     0.0003     0.0003     0.0003     0.0003     0.0003     0.0003     0.0003     0.0003     0.0003     0.0003     0.0003     0.0003     0.0003     0.0002     0.0007     0.0005 
           Variation              
I/O                        0.0001     0.0003     0.0003     0.0003     0.0003     0.0003     0.0003     0.0003     0.0003     0.0003     0.0003     0.0003     0.0003     0.0003     0.0003     0.0003     0.0003     0.0003 
Reduction                  0.0001     0.0001     0.0001     0.0001     0.0000     0.0000     0.0000     0.0000     0.0000     0.0000     0.0000     0.0000     0.0000     0.0000     0.0000     0.0000     0.0000     0.0000 
Remote access              0.0000     0.0003     0.0002     0.0002     0.0002     0.0002     0.0002     0.0002     0.0002     0.0002     0.0002     0.0001     0.0001     0.0001     0.0001     0.0001     0.0001     0.0001 
           Overlap                
Reduction                  0.0000     0.0000     0.0000     0.0000     0.0000     0.0000     0.0000     0.0000     0.0000     0.0000     0.0000     0.0000     0.0000     0.0000     0.0000     0.0000     0.0000     0.0000 
Remote access              0.0000     0.0000     0.0000     0.0000     0.0000     0.0000     0.0000     0.0000     0.0000     0.0000     0.0000     0.0000     0.0000     0.0000     0.0000     0.0000     0.0000     0.0000 


-------------------------------------------------------------------------
Name (number) and performance time of processors
omp.keldysh.ru(1) 0.933910
omp.keldysh.ru(2) 0.933841
omp.keldysh.ru(3) 0.952729
omp.keldysh.ru(4) 0.953145
omp.keldysh.ru(5) 0.934027
omp.keldysh.ru(6) 0.933982
omp.keldysh.ru(7) 0.950557
omp.keldysh.ru(8) 0.950570
omp.keldysh.ru(9) 0.953942
omp.keldysh.ru(10) 0.953932
omp.keldysh.ru(11) 0.952571
omp.keldysh.ru(12) 0.952560
omp.keldysh.ru(13) 0.954795
omp.keldysh.ru(14) 0.954790
omp.keldysh.ru(15) 0.933732
omp.keldysh.ru(16) 0.933723
omp.keldysh.ru(17) 0.953405
omp.keldysh.ru(18) 0.953332
min - omp.keldysh.ru(16) 0.933723; max - omp.keldysh.ru(13) 0.954795; mid - 0.946641
