Processor system=3*3*2*1
Statistics has been accumulated on DVM-system version 5.0, platform DVM
Analyzer is executing on DVM-system version 5.0, platform DVM
-------------------------------------------------------------------------
INTERVAL ( NLINE=8 SOURCE=red43.f ) LEVEL=0  EXE_COUNT=2
--- The main characteristics --- 
Parallelization efficiency      0.0762 
Execution time                  0.0103 
Processors                          18
Threads amount                      18
Total time                      0.1846
Productive time                 0.0141 ( CPU= 0.0130 Sys= 0.0010 I/O= 0.0000 )
Lost  time                      0.1705 
   Insufficient parallelism     0.1274 ( User= 0.1099 Sys= 0.0175 )
   Communication                0.0120 ( Real_sync= 0.0000 Starts= 0.0000 )
   Idle time                    0.0312
Load imbalance                  0.0021
Synchronization                 0.0081
Time variation                  0.0087
Overlap                         0.0000
                  Nop   Communic    Synchro  Variation    Overlap 
I/O                17     0.0000     0.0014     0.0044     0.0000 
Reduction          15     0.0085     0.0012     0.0010     0.0000 
Remote access      37     0.0034     0.0055     0.0033     0.0000 
--- The comparative characteristics --- 
                              Tmin N proc      Tmax N proc      Tmid
Lost time                   0.0094    16     0.0096    17     0.0095 
User insufficient par.      0.0042    11     0.0078    16     0.0061 
Sys.insufficient par.       0.0008    18     0.0012     1     0.0010 
Idle time                   0.0000    16     0.0039    11     0.0017 
Communication               0.0005    16     0.0014    18     0.0007 
Synchronization             0.0003    16     0.0009    17     0.0005 
Variation                   0.0003     1     0.0007     2     0.0005 
Overlap                     0.0000     2     0.0000    10     0.0000 
Load imbalance              0.0000    16     0.0002    17     0.0001 
Execution time              0.0064    11     0.0103    16     0.0085 
User CPU time               0.0006    17     0.0008    16     0.0007 
Sys. CPU time               0.0000    18     0.0001    15     0.0001 
I/O time                    0.0000     4     0.0000     1     0.0000 
Processors                      18     1         18    18         18 
                      Communic          Synchro        Variation          Overlap  
I/O             Tmin    0.0000     1     0.0000    10     0.0001     1     0.0000     1 
I/O             Tmax    0.0000    18     0.0001     1     0.0003     2     0.0000    18 
I/O             Tmid    0.0000           0.0001           0.0002           0.0000       
Reduction       Tmin    0.0003    15     0.0000    15     0.0000    10     0.0000     1 
Reduction       Tmax    0.0009    18     0.0001    18     0.0001     1     0.0000    10 
Reduction       Tmid    0.0005           0.0001           0.0001           0.0000       
Remote access   Tmin    0.0001     3     0.0001     1     0.0001    16     0.0000     2 
Remote access   Tmax    0.0006    17     0.0007    17     0.0003     2     0.0000    16 
Remote access   Tmid    0.0002           0.0003           0.0002           0.0000       
--- The execution characteristics --- 
                                1          2          3          4          5          6          7          8          9         10         11         12         13         14         15         16         17         18 
Lost time                  0.0095     0.0094     0.0095     0.0095     0.0094     0.0094     0.0096     0.0094     0.0094     0.0095     0.0096     0.0095     0.0095     0.0094     0.0094     0.0094     0.0096     0.0095 
User insufficient par.     0.0066     0.0068     0.0050     0.0056     0.0063     0.0063     0.0042     0.0073     0.0066     0.0048     0.0042     0.0061     0.0058     0.0076     0.0076     0.0078     0.0047     0.0065 
Sys.insufficient par.      0.0012     0.0010     0.0010     0.0010     0.0010     0.0010     0.0010     0.0010     0.0010     0.0009     0.0010     0.0009     0.0010     0.0010     0.0010     0.0010     0.0008     0.0008 
Idle time                  0.0010     0.0010     0.0029     0.0024     0.0016     0.0016     0.0039     0.0005     0.0013     0.0032     0.0039     0.0018     0.0021     0.0002     0.0003     0.0000     0.0026     0.0008 
Communication              0.0007     0.0006     0.0006     0.0006     0.0005     0.0005     0.0005     0.0006     0.0006     0.0006     0.0006     0.0006     0.0006     0.0006     0.0005     0.0005     0.0014     0.0014 
Synchronization            0.0003     0.0005     0.0005     0.0005     0.0004     0.0004     0.0004     0.0005     0.0004     0.0004     0.0004     0.0004     0.0004     0.0003     0.0003     0.0003     0.0009     0.0009 
Variation                  0.0003     0.0007     0.0006     0.0006     0.0006     0.0006     0.0005     0.0006     0.0005     0.0004     0.0005     0.0004     0.0004     0.0004     0.0004     0.0004     0.0004     0.0004 
Overlap                    0.0000     0.0000     0.0000     0.0000     0.0000     0.0000     0.0000     0.0000     0.0000     0.0000     0.0000     0.0000     0.0000     0.0000     0.0000     0.0000     0.0000     0.0000 
Load imbalance             0.0001     0.0000     0.0002     0.0001     0.0001     0.0001     0.0002     0.0000     0.0001     0.0002     0.0002     0.0001     0.0001     0.0000     0.0000     0.0000     0.0002     0.0002 
Execution time             0.0092     0.0092     0.0073     0.0079     0.0087     0.0087     0.0064     0.0097     0.0090     0.0070     0.0064     0.0084     0.0081     0.0100     0.0100     0.0103     0.0076     0.0095 
User CPU time              0.0007     0.0008     0.0007     0.0007     0.0007     0.0008     0.0006     0.0008     0.0008     0.0007     0.0006     0.0007     0.0007     0.0008     0.0008     0.0008     0.0006     0.0007 
Sys. CPU time              0.0001     0.0001     0.0001     0.0001     0.0001     0.0001     0.0001     0.0001     0.0001     0.0001     0.0001     0.0001     0.0001     0.0001     0.0001     0.0001     0.0000     0.0000 
I/O time                   0.0000     0.0000     0.0000     0.0000     0.0000     0.0000     0.0000     0.0000     0.0000     0.0000     0.0000     0.0000     0.0000     0.0000     0.0000     0.0000     0.0000     0.0000 
Processors                     18         18         18         18         18         18         18         18         18         18         18         18         18         18         18         18         18         18 
           Communication          
Reduction                  0.0004     0.0005     0.0005     0.0005     0.0004     0.0004     0.0004     0.0004     0.0004     0.0005     0.0004     0.0004     0.0004     0.0004     0.0003     0.0004     0.0008     0.0009 
Remote access              0.0002     0.0001     0.0001     0.0001     0.0001     0.0001     0.0001     0.0002     0.0002     0.0002     0.0002     0.0002     0.0002     0.0001     0.0002     0.0002     0.0006     0.0006 
           Synchronization        
I/O                        0.0001     0.0001     0.0001     0.0001     0.0001     0.0001     0.0001     0.0001     0.0001     0.0000     0.0001     0.0001     0.0001     0.0001     0.0000     0.0000     0.0001     0.0001 
Reduction                  0.0001     0.0000     0.0001     0.0001     0.0001     0.0001     0.0001     0.0001     0.0001     0.0001     0.0000     0.0000     0.0001     0.0000     0.0000     0.0000     0.0001     0.0001 
Remote access              0.0001     0.0003     0.0003     0.0003     0.0003     0.0003     0.0002     0.0003     0.0003     0.0003     0.0003     0.0003     0.0003     0.0002     0.0002     0.0002     0.0007     0.0007 
           Variation              
I/O                        0.0001     0.0003     0.0003     0.0003     0.0003     0.0003     0.0003     0.0003     0.0003     0.0002     0.0003     0.0002     0.0002     0.0002     0.0002     0.0002     0.0003     0.0002 
Reduction                  0.0001     0.0001     0.0001     0.0001     0.0001     0.0001     0.0001     0.0001     0.0001     0.0000     0.0001     0.0000     0.0000     0.0000     0.0000     0.0000     0.0000     0.0000 
Remote access              0.0001     0.0003     0.0003     0.0003     0.0002     0.0002     0.0002     0.0002     0.0002     0.0002     0.0002     0.0002     0.0001     0.0001     0.0001     0.0001     0.0002     0.0002 
           Overlap                
Reduction                  0.0000     0.0000     0.0000     0.0000     0.0000     0.0000     0.0000     0.0000     0.0000     0.0000     0.0000     0.0000     0.0000     0.0000     0.0000     0.0000     0.0000     0.0000 
Remote access              0.0000     0.0000     0.0000     0.0000     0.0000     0.0000     0.0000     0.0000     0.0000     0.0000     0.0000     0.0000     0.0000     0.0000     0.0000     0.0000     0.0000     0.0000 


-------------------------------------------------------------------------
Name (number) and performance time of processors
omp.keldysh.ru(1) 0.933942
omp.keldysh.ru(2) 0.933879
omp.keldysh.ru(3) 0.933788
omp.keldysh.ru(4) 0.933761
omp.keldysh.ru(5) 0.958864
omp.keldysh.ru(6) 0.958872
omp.keldysh.ru(7) 0.955735
omp.keldysh.ru(8) 0.955725
omp.keldysh.ru(9) 0.956253
omp.keldysh.ru(10) 0.956256
omp.keldysh.ru(11) 0.958423
omp.keldysh.ru(12) 0.958435
omp.keldysh.ru(13) 0.957958
omp.keldysh.ru(14) 0.957935
omp.keldysh.ru(15) 0.957771
omp.keldysh.ru(16) 0.958077
omp.keldysh.ru(17) 0.956528
omp.keldysh.ru(18) 0.956512
min - omp.keldysh.ru(4) 0.933761; max - omp.keldysh.ru(6) 0.958872; mid - 0.952151
