Processor system=6*1*3
Statistics has been accumulated on DVM-system version 5.0, platform DVM
Analyzer is executing on DVM-system version 5.0, platform DVM
-------------------------------------------------------------------------
INTERVAL ( NLINE=5 SOURCE=inoutlocal32.f ) LEVEL=0  EXE_COUNT=2
--- The main characteristics --- 
Parallelization efficiency      0.0626 
Execution time                  0.0079 
Processors                          18
Threads amount                      18
Total time                      0.1414
Productive time                 0.0089 ( CPU= 0.0080 Sys= 0.0009 I/O= 0.0000 )
Lost  time                      0.1326 
   Insufficient parallelism     0.1173 ( User= 0.1020 Sys= 0.0154 )
   Communication                0.0145 ( Real_sync= 0.0000 Starts= 0.0000 )
   Idle time                    0.0007
Load imbalance                  0.0004
Synchronization                 0.0053
Time variation                  0.0095
Overlap                         0.0000
                  Nop   Communic    Synchro  Variation    Overlap 
I/O                19     0.0000     0.0030     0.0072     0.0000 
Reduction          17     0.0145     0.0023     0.0023     0.0000 
--- The comparative characteristics --- 
                              Tmin N proc      Tmax N proc      Tmid
Lost time                   0.0073     8     0.0074    17     0.0074 
User insufficient par.      0.0052    17     0.0058     8     0.0057 
Sys.insufficient par.       0.0007    17     0.0011     1     0.0009 
Idle time                   0.0000    17     0.0001    13     0.0000 
Communication               0.0006     8     0.0015    17     0.0008 
Synchronization             0.0001     1     0.0006    18     0.0003 
Variation                   0.0000     1     0.0008    18     0.0005 
Overlap                     0.0000     1     0.0000    17     0.0000 
Load imbalance              0.0000     8     0.0001    17     0.0000 
Execution time              0.0077    13     0.0079    17     0.0078 
User CPU time               0.0004    17     0.0005     8     0.0004 
Sys. CPU time               0.0000    17     0.0001     2     0.0000 
I/O time                    0.0000    18     0.0000     1     0.0000 
Processors                      18     1         18    18         18 
                      Communic          Synchro        Variation          Overlap  
I/O             Tmin    0.0000     1     0.0000     1     0.0000     1     0.0000     1 
I/O             Tmax    0.0000    18     0.0003    18     0.0006    18     0.0000    18 
I/O             Tmid    0.0000           0.0002           0.0004           0.0000       
Reduction       Tmin    0.0006     8     0.0000     4     0.0000    16     0.0000     1 
Reduction       Tmax    0.0015    17     0.0003     9     0.0003     9     0.0000    17 
Reduction       Tmid    0.0008           0.0001           0.0001           0.0000       
--- The execution characteristics --- 
                                1          2          3          4          5          6          7          8          9         10         11         12         13         14         15         16         17         18 
Lost time                  0.0074     0.0074     0.0074     0.0074     0.0074     0.0073     0.0074     0.0073     0.0074     0.0074     0.0074     0.0073     0.0074     0.0074     0.0073     0.0074     0.0074     0.0074 
User insufficient par.     0.0056     0.0057     0.0056     0.0057     0.0057     0.0058     0.0058     0.0058     0.0057     0.0057     0.0057     0.0058     0.0057     0.0057     0.0058     0.0057     0.0052     0.0053 
Sys.insufficient par.      0.0011     0.0009     0.0009     0.0008     0.0008     0.0009     0.0008     0.0009     0.0009     0.0008     0.0008     0.0009     0.0009     0.0009     0.0009     0.0009     0.0007     0.0007 
Idle time                  0.0000     0.0000     0.0001     0.0000     0.0000     0.0000     0.0000     0.0000     0.0001     0.0001     0.0000     0.0000     0.0001     0.0001     0.0000     0.0000     0.0000     0.0000 
Communication              0.0007     0.0008     0.0008     0.0008     0.0008     0.0006     0.0007     0.0006     0.0007     0.0008     0.0008     0.0007     0.0007     0.0007     0.0007     0.0007     0.0015     0.0015 
Synchronization            0.0001     0.0002     0.0006     0.0001     0.0002     0.0006     0.0001     0.0002     0.0006     0.0001     0.0002     0.0005     0.0001     0.0002     0.0006     0.0001     0.0003     0.0006 
Variation                  0.0000     0.0005     0.0008     0.0003     0.0005     0.0008     0.0003     0.0005     0.0008     0.0003     0.0005     0.0008     0.0003     0.0005     0.0008     0.0003     0.0005     0.0008 
Overlap                    0.0000     0.0000     0.0000     0.0000     0.0000     0.0000     0.0000     0.0000     0.0000     0.0000     0.0000     0.0000     0.0000     0.0000     0.0000     0.0000     0.0000     0.0000 
Load imbalance             0.0000     0.0000     0.0000     0.0000     0.0000     0.0000     0.0000     0.0000     0.0000     0.0000     0.0000     0.0000     0.0000     0.0000     0.0000     0.0000     0.0001     0.0001 
Execution time             0.0078     0.0078     0.0078     0.0078     0.0078     0.0078     0.0079     0.0078     0.0077     0.0078     0.0078     0.0078     0.0077     0.0078     0.0079     0.0078     0.0079     0.0079 
User CPU time              0.0004     0.0004     0.0004     0.0004     0.0004     0.0005     0.0005     0.0005     0.0004     0.0004     0.0004     0.0005     0.0005     0.0005     0.0005     0.0004     0.0004     0.0004 
Sys. CPU time              0.0000     0.0001     0.0001     0.0000     0.0000     0.0001     0.0000     0.0001     0.0001     0.0000     0.0000     0.0001     0.0000     0.0001     0.0001     0.0001     0.0000     0.0000 
I/O time                   0.0000     0.0000     0.0000     0.0000     0.0000     0.0000     0.0000     0.0000     0.0000     0.0000     0.0000     0.0000     0.0000     0.0000     0.0000     0.0000     0.0000     0.0000 
Processors                     18         18         18         18         18         18         18         18         18         18         18         18         18         18         18         18         18         18 
           Communication          
Reduction                  0.0007     0.0008     0.0008     0.0008     0.0008     0.0006     0.0007     0.0006     0.0007     0.0008     0.0008     0.0007     0.0007     0.0007     0.0007     0.0007     0.0015     0.0015 
           Synchronization        
I/O                        0.0000     0.0001     0.0003     0.0001     0.0002     0.0003     0.0001     0.0002     0.0003     0.0001     0.0001     0.0003     0.0001     0.0002     0.0003     0.0000     0.0002     0.0003 
Reduction                  0.0000     0.0001     0.0003     0.0000     0.0001     0.0003     0.0000     0.0001     0.0003     0.0000     0.0001     0.0003     0.0000     0.0001     0.0003     0.0000     0.0001     0.0003 
           Variation              
I/O                        0.0000     0.0004     0.0005     0.0003     0.0004     0.0005     0.0003     0.0004     0.0005     0.0003     0.0004     0.0005     0.0003     0.0004     0.0006     0.0003     0.0004     0.0006 
Reduction                  0.0000     0.0001     0.0003     0.0000     0.0001     0.0003     0.0000     0.0001     0.0003     0.0000     0.0001     0.0003     0.0000     0.0001     0.0003     0.0000     0.0001     0.0003 
           Overlap                
Reduction                  0.0000     0.0000     0.0000     0.0000     0.0000     0.0000     0.0000     0.0000     0.0000     0.0000     0.0000     0.0000     0.0000     0.0000     0.0000     0.0000     0.0000     0.0000 


-------------------------------------------------------------------------
Name (number) and performance time of processors
omp.keldysh.ru(1) 0.934016
omp.keldysh.ru(2) 0.933926
omp.keldysh.ru(3) 0.958934
omp.keldysh.ru(4) 0.959009
omp.keldysh.ru(5) 0.933615
omp.keldysh.ru(6) 0.933593
omp.keldysh.ru(7) 0.956892
omp.keldysh.ru(8) 0.956874
omp.keldysh.ru(9) 0.956926
omp.keldysh.ru(10) 0.956934
omp.keldysh.ru(11) 0.955329
omp.keldysh.ru(12) 0.955315
omp.keldysh.ru(13) 0.957231
omp.keldysh.ru(14) 0.957235
omp.keldysh.ru(15) 0.957816
omp.keldysh.ru(16) 0.958116
omp.keldysh.ru(17) 0.959267
omp.keldysh.ru(18) 0.959242
min - omp.keldysh.ru(6) 0.933593; max - omp.keldysh.ru(17) 0.959267; mid - 0.952237
