Processor system=4*4*1*1
Statistics has been accumulated on DVM-system version 5.0, platform DVM
Analyzer is executing on DVM-system version 5.0, platform DVM
-------------------------------------------------------------------------
INTERVAL ( NLINE=7 SOURCE=rem43.f ) LEVEL=0  EXE_COUNT=1
--- The main characteristics --- 
Parallelization efficiency      0.0506 
Execution time                  0.4362 
Processors                          16
Threads amount                      16
Total time                      6.9793
Productive time                 0.3531 ( CPU= 0.0169 Sys= 0.3362 I/O= 0.0000 )
Lost  time                      6.6262 
   Insufficient parallelism     5.2081 ( User= 0.1650 Sys= 5.0431 )
   Communication                1.4179 ( Real_sync= 0.0000 Starts= 0.0000 )
   Idle time                    0.0002
Load imbalance                  0.0523
Synchronization                 2.1830
Time variation                  1.6697
Overlap                         0.0003
                  Nop   Communic    Synchro  Variation    Overlap 
I/O                16     0.0000     0.0074     0.0104     0.0000 
Reduction           7     0.0052     0.0001     0.0001     0.0000 
Remote access    4155     1.4126     2.1755     1.6592     0.0003 
--- The comparative characteristics --- 
                              Tmin N proc      Tmax N proc      Tmid
Lost time                   0.4109     8     0.4217    13     0.4141 
User insufficient par.      0.0075    15     0.0120     8     0.0103 
Sys.insufficient par.       0.2060    13     0.3621     8     0.3152 
Idle time                   0.0000    16     0.0000    10     0.0000 
Communication               0.0367     8     0.2081    13     0.0886 
Synchronization             0.0565     5     0.2534    13     0.1364 
Variation                   0.0369     6     0.1788    13     0.1044 
Overlap                     0.0000     4     0.0001     6     0.0000 
Load imbalance              0.0000     8     0.0108    13     0.0033 
Execution time              0.4362    10     0.4362    16     0.4362 
User CPU time               0.0008    13     0.0012    12     0.0011 
Sys. CPU time               0.0137    13     0.0241     8     0.0210 
I/O time                    0.0000    15     0.0000     1     0.0000 
Processors                      16     1         16    16         16 
                      Communic          Synchro        Variation          Overlap  
I/O             Tmin    0.0000     1     0.0002    10     0.0003     1     0.0000     1 
I/O             Tmax    0.0000    16     0.0007    13     0.0009    13     0.0000    16 
I/O             Tmid    0.0000           0.0005           0.0007           0.0000       
Reduction       Tmin    0.0001     5     0.0000    12     0.0000    12     0.0000     1 
Reduction       Tmax    0.0009    13     0.0000     2     0.0000     2     0.0000    16 
Reduction       Tmid    0.0003           0.0000           0.0000           0.0000       
Remote access   Tmin    0.0366     8     0.0562     5     0.0364     6     0.0000     4 
Remote access   Tmax    0.2072    13     0.2526    13     0.1779    13     0.0001     6 
Remote access   Tmid    0.0883           0.1360           0.1037           0.0000       
--- The execution characteristics --- 
                                1          2          3          4          5          6          7          8          9         10         11         12         13         14         15         16 
Lost time                  0.4119     0.4120     0.4120     0.4116     0.4116     0.4116     0.4117     0.4109     0.4119     0.4117     0.4120     0.4114     0.4217     0.4216     0.4213     0.4212 
User insufficient par.     0.0108     0.0108     0.0110     0.0120     0.0110     0.0108     0.0111     0.0120     0.0109     0.0109     0.0108     0.0120     0.0076     0.0076     0.0075     0.0082 
Sys.insufficient par.      0.3477     0.3471     0.3461     0.3515     0.3518     0.3515     0.3501     0.3621     0.3477     0.3512     0.3460     0.3533     0.2060     0.2070     0.2116     0.2125 
Idle time                  0.0000     0.0000     0.0000     0.0000     0.0000     0.0000     0.0000     0.0000     0.0000     0.0000     0.0000     0.0000     0.0000     0.0000     0.0000     0.0000 
Communication              0.0535     0.0541     0.0549     0.0481     0.0488     0.0493     0.0505     0.0367     0.0533     0.0495     0.0553     0.0461     0.2081     0.2070     0.2021     0.2005 
Synchronization            0.1178     0.1178     0.1172     0.1026     0.0565     0.0566     0.1089     0.0862     0.1163     0.0866     0.1172     0.1060     0.2534     0.2517     0.2464     0.2418 
Variation                  0.0927     0.0922     0.0927     0.0902     0.0372     0.0369     0.0897     0.0864     0.0921     0.0636     0.0916     0.0952     0.1788     0.1777     0.1740     0.1787 
Overlap                    0.0000     0.0000     0.0000     0.0000     0.0001     0.0001     0.0000     0.0001     0.0000     0.0000     0.0000     0.0000     0.0000     0.0000     0.0000     0.0000 
Load imbalance             0.0011     0.0011     0.0011     0.0007     0.0008     0.0008     0.0009     0.0000     0.0010     0.0008     0.0011     0.0006     0.0108     0.0107     0.0104     0.0103 
Execution time             0.4362     0.4362     0.4362     0.4362     0.4362     0.4362     0.4362     0.4362     0.4362     0.4362     0.4362     0.4362     0.4362     0.4362     0.4362     0.4362 
User CPU time              0.0011     0.0011     0.0011     0.0012     0.0011     0.0011     0.0011     0.0012     0.0011     0.0011     0.0011     0.0012     0.0008     0.0008     0.0008     0.0008 
Sys. CPU time              0.0232     0.0231     0.0231     0.0234     0.0235     0.0234     0.0233     0.0241     0.0232     0.0234     0.0231     0.0236     0.0137     0.0138     0.0141     0.0142 
I/O time                   0.0000     0.0000     0.0000     0.0000     0.0000     0.0000     0.0000     0.0000     0.0000     0.0000     0.0000     0.0000     0.0000     0.0000     0.0000     0.0000 
Processors                     16         16         16         16         16         16         16         16         16         16         16         16         16         16         16         16 
           Communication          
Reduction                  0.0001     0.0001     0.0002     0.0002     0.0001     0.0001     0.0001     0.0001     0.0002     0.0002     0.0001     0.0001     0.0009     0.0009     0.0009     0.0009 
Remote access              0.0533     0.0540     0.0547     0.0479     0.0487     0.0492     0.0504     0.0366     0.0531     0.0494     0.0551     0.0460     0.2072     0.2061     0.2012     0.1996 
           Synchronization        
I/O                        0.0004     0.0004     0.0004     0.0004     0.0003     0.0003     0.0004     0.0004     0.0004     0.0002     0.0004     0.0004     0.0007     0.0007     0.0007     0.0007 
Reduction                  0.0000     0.0000     0.0000     0.0000     0.0000     0.0000     0.0000     0.0000     0.0000     0.0000     0.0000     0.0000     0.0000     0.0000     0.0000     0.0000 
Remote access              0.1174     0.1173     0.1167     0.1022     0.0562     0.0563     0.1085     0.0858     0.1159     0.0864     0.1168     0.1056     0.2526     0.2510     0.2457     0.2411 
           Variation              
I/O                        0.0003     0.0006     0.0007     0.0006     0.0005     0.0005     0.0006     0.0006     0.0006     0.0005     0.0006     0.0006     0.0009     0.0009     0.0009     0.0009 
Reduction                  0.0000     0.0000     0.0000     0.0000     0.0000     0.0000     0.0000     0.0000     0.0000     0.0000     0.0000     0.0000     0.0000     0.0000     0.0000     0.0000 
Remote access              0.0924     0.0916     0.0920     0.0895     0.0367     0.0364     0.0891     0.0858     0.0915     0.0631     0.0910     0.0946     0.1779     0.1767     0.1731     0.1778 
           Overlap                
Remote access              0.0000     0.0000     0.0000     0.0000     0.0001     0.0001     0.0000     0.0001     0.0000     0.0000     0.0000     0.0000     0.0000     0.0000     0.0000     0.0000 


-------------------------------------------------------------------------
Name (number) and performance time of processors
omp.keldysh.ru(1) 0.935370
omp.keldysh.ru(2) 0.935318
omp.keldysh.ru(3) 0.961302
omp.keldysh.ru(4) 0.961320
omp.keldysh.ru(5) 0.961428
omp.keldysh.ru(6) 0.961403
omp.keldysh.ru(7) 0.962429
omp.keldysh.ru(8) 0.962432
omp.keldysh.ru(9) 0.959304
omp.keldysh.ru(10) 0.959297
omp.keldysh.ru(11) 0.958825
omp.keldysh.ru(12) 0.958844
omp.keldysh.ru(13) 0.957178
omp.keldysh.ru(14) 0.957453
omp.keldysh.ru(15) 0.958342
omp.keldysh.ru(16) 0.958307
min - omp.keldysh.ru(2) 0.935318; max - omp.keldysh.ru(8) 0.962432; mid - 0.956784
