Processor system=4*4*1
Statistics has been accumulated on DVM-system version 5.0, platform DVM
Analyzer is executing on DVM-system version 5.0, platform DVM
-------------------------------------------------------------------------
INTERVAL ( NLINE=7 SOURCE=sc31.f ) LEVEL=0  EXE_COUNT=1
--- The main characteristics --- 
Parallelization efficiency      0.1702 
Execution time                  0.0441 
Processors                          16
Threads amount                      16
Total time                      0.7061
Productive time                 0.1202 ( CPU= 0.1194 Sys= 0.0007 I/O= 0.0000 )
Lost  time                      0.5859 
   Insufficient parallelism     0.4785 ( User= 0.4676 Sys= 0.0109 )
   Communication                0.0725 ( Real_sync= 0.0000 Starts= 0.0000 )
   Idle time                    0.0349
Load imbalance                  0.0346
Synchronization                 0.0027
Time variation                  0.0062
Overlap                         0.0000
                  Nop   Communic    Synchro  Variation    Overlap 
I/O                11     0.0000     0.0026     0.0061     0.0000 
Reduction           9     0.0725     0.0001     0.0001     0.0000 
--- The comparative characteristics --- 
                              Tmin N proc      Tmax N proc      Tmid
Lost time                   0.0345    10     0.0398    16     0.0366 
User insufficient par.      0.0200    13     0.0339     1     0.0292 
Sys.insufficient par.       0.0006    15     0.0009     1     0.0007 
Idle time                   0.0000    10     0.0042    16     0.0022 
Communication               0.0002     6     0.0149    13     0.0045 
Synchronization             0.0000     1     0.0008    16     0.0002 
Variation                   0.0000     1     0.0011    16     0.0004 
Overlap                     0.0000     1     0.0000    16     0.0000 
Load imbalance              0.0000    10     0.0053    16     0.0022 
Execution time              0.0399    16     0.0441    10     0.0419 
User CPU time               0.0043    16     0.0096    10     0.0075 
Sys. CPU time               0.0000    15     0.0000     8     0.0000 
I/O time                    0.0000    16     0.0000     1     0.0000 
Processors                      16     1         16    16         16 
                      Communic          Synchro        Variation          Overlap  
I/O             Tmin    0.0000     1     0.0000     1     0.0000     1     0.0000     1 
I/O             Tmax    0.0000    16     0.0008    16     0.0011    16     0.0000    16 
I/O             Tmid    0.0000           0.0002           0.0004           0.0000       
Reduction       Tmin    0.0002     6     0.0000    12     0.0000    16     0.0000     1 
Reduction       Tmax    0.0149    13     0.0000     2     0.0000     2     0.0000    16 
Reduction       Tmid    0.0045           0.0000           0.0000           0.0000       
--- The execution characteristics --- 
                                1          2          3          4          5          6          7          8          9         10         11         12         13         14         15         16 
Lost time                  0.0375     0.0365     0.0367     0.0376     0.0361     0.0346     0.0346     0.0359     0.0359     0.0345     0.0345     0.0361     0.0397     0.0380     0.0380     0.0398 
User insufficient par.     0.0339     0.0316     0.0317     0.0306     0.0314     0.0329     0.0306     0.0324     0.0331     0.0332     0.0317     0.0304     0.0200     0.0216     0.0218     0.0206 
Sys.insufficient par.      0.0009     0.0007     0.0007     0.0007     0.0007     0.0007     0.0007     0.0007     0.0007     0.0007     0.0007     0.0007     0.0006     0.0006     0.0006     0.0006 
Idle time                  0.0004     0.0030     0.0019     0.0031     0.0024     0.0008     0.0031     0.0012     0.0000     0.0000     0.0016     0.0030     0.0042     0.0031     0.0030     0.0042 
Communication              0.0023     0.0012     0.0023     0.0032     0.0016     0.0002     0.0002     0.0016     0.0021     0.0006     0.0005     0.0019     0.0149     0.0127     0.0126     0.0144 
Synchronization            0.0000     0.0001     0.0001     0.0001     0.0001     0.0000     0.0002     0.0000     0.0001     0.0001     0.0001     0.0001     0.0007     0.0001     0.0001     0.0008 
Variation                  0.0000     0.0003     0.0003     0.0004     0.0004     0.0003     0.0004     0.0003     0.0003     0.0003     0.0003     0.0004     0.0009     0.0003     0.0003     0.0011 
Overlap                    0.0000     0.0000     0.0000     0.0000     0.0000     0.0000     0.0000     0.0000     0.0000     0.0000     0.0000     0.0000     0.0000     0.0000     0.0000     0.0000 
Load imbalance             0.0031     0.0021     0.0022     0.0031     0.0016     0.0001     0.0001     0.0014     0.0015     0.0000     0.0001     0.0016     0.0052     0.0035     0.0036     0.0053 
Execution time             0.0437     0.0411     0.0422     0.0411     0.0418     0.0434     0.0411     0.0430     0.0441     0.0441     0.0426     0.0411     0.0399     0.0411     0.0411     0.0399 
User CPU time              0.0066     0.0075     0.0074     0.0065     0.0080     0.0095     0.0095     0.0082     0.0081     0.0096     0.0096     0.0080     0.0044     0.0061     0.0061     0.0043 
Sys. CPU time              0.0000     0.0000     0.0000     0.0000     0.0000     0.0000     0.0000     0.0000     0.0000     0.0000     0.0000     0.0000     0.0000     0.0000     0.0000     0.0000 
I/O time                   0.0000     0.0000     0.0000     0.0000     0.0000     0.0000     0.0000     0.0000     0.0000     0.0000     0.0000     0.0000     0.0000     0.0000     0.0000     0.0000 
Processors                     16         16         16         16         16         16         16         16         16         16         16         16         16         16         16         16 
           Communication          
Reduction                  0.0023     0.0012     0.0023     0.0032     0.0016     0.0002     0.0002     0.0016     0.0021     0.0006     0.0005     0.0019     0.0149     0.0127     0.0126     0.0144 
           Synchronization        
I/O                        0.0000     0.0001     0.0001     0.0001     0.0001     0.0000     0.0002     0.0000     0.0001     0.0000     0.0001     0.0001     0.0007     0.0001     0.0001     0.0008 
Reduction                  0.0000     0.0000     0.0000     0.0000     0.0000     0.0000     0.0000     0.0000     0.0000     0.0000     0.0000     0.0000     0.0000     0.0000     0.0000     0.0000 
           Variation              
I/O                        0.0000     0.0003     0.0003     0.0004     0.0004     0.0003     0.0004     0.0003     0.0003     0.0003     0.0003     0.0004     0.0009     0.0003     0.0003     0.0011 
Reduction                  0.0000     0.0000     0.0000     0.0000     0.0000     0.0000     0.0000     0.0000     0.0000     0.0000     0.0000     0.0000     0.0000     0.0000     0.0000     0.0000 
           Overlap                
Reduction                  0.0000     0.0000     0.0000     0.0000     0.0000     0.0000     0.0000     0.0000     0.0000     0.0000     0.0000     0.0000     0.0000     0.0000     0.0000     0.0000 


-------------------------------------------------------------------------
Name (number) and performance time of processors
omp.keldysh.ru(1) 0.933916
omp.keldysh.ru(2) 0.933842
omp.keldysh.ru(3) 0.956974
omp.keldysh.ru(4) 0.956990
omp.keldysh.ru(5) 0.952809
omp.keldysh.ru(6) 0.952799
omp.keldysh.ru(7) 0.955013
omp.keldysh.ru(8) 0.955007
omp.keldysh.ru(9) 0.955217
omp.keldysh.ru(10) 0.955200
omp.keldysh.ru(11) 0.950951
omp.keldysh.ru(12) 0.950952
omp.keldysh.ru(13) 0.950317
omp.keldysh.ru(14) 0.950318
omp.keldysh.ru(15) 0.933886
omp.keldysh.ru(16) 0.933591
min - omp.keldysh.ru(16) 0.933591; max - omp.keldysh.ru(4) 0.956990; mid - 0.948611
