Processor system=6*1*3*1
Statistics has been accumulated on DVM-system version 5.0, platform DVM
Analyzer is executing on DVM-system version 5.0, platform DVM
-------------------------------------------------------------------------
INTERVAL ( NLINE=5 SOURCE=distr4.f ) LEVEL=0  EXE_COUNT=2
--- The main characteristics --- 
Parallelization efficiency      0.0571 
Execution time                  0.0065 
Processors                          18
Threads amount                      18
Total time                      0.1169
Productive time                 0.0067 ( CPU= 0.0058 Sys= 0.0008 I/O= 0.0000 )
Lost  time                      0.1103 
   Insufficient parallelism     0.0925 ( User= 0.0782 Sys= 0.0144 )
   Communication                0.0137 ( Real_sync= 0.0000 Starts= 0.0000 )
   Idle time                    0.0040
Load imbalance                  0.0005
Synchronization                 0.0071
Time variation                  0.0110
Overlap                         0.0000
                  Nop   Communic    Synchro  Variation    Overlap 
I/O                 6     0.0000     0.0024     0.0045     0.0000 
Reduction           5     0.0079     0.0009     0.0010     0.0000 
Redistribution      5     0.0058     0.0038     0.0055     0.0000 
--- The comparative characteristics --- 
                              Tmin N proc      Tmax N proc      Tmid
Lost time                   0.0061     2     0.0063    18     0.0061 
User insufficient par.      0.0026    17     0.0047     5     0.0043 
Sys.insufficient par.       0.0006    18     0.0009     1     0.0008 
Idle time                   0.0000    11     0.0017    18     0.0002 
Communication               0.0006     6     0.0014    17     0.0008 
Synchronization             0.0002     1     0.0009    17     0.0004 
Variation                   0.0004    16     0.0010    17     0.0006 
Overlap                     0.0000     1     0.0000    18     0.0000 
Load imbalance              0.0000     2     0.0002    18     0.0000 
Execution time              0.0048    17     0.0065    11     0.0063 
User CPU time               0.0002    18     0.0004     2     0.0003 
Sys. CPU time               0.0000    18     0.0001    11     0.0000 
I/O time                    0.0000    18     0.0000     1     0.0000 
Processors                      18     1         18    18         18 
                      Communic          Synchro        Variation          Overlap  
I/O             Tmin    0.0000     1     0.0000     2     0.0000     1     0.0000     1 
I/O             Tmax    0.0000    18     0.0002     9     0.0003     9     0.0000    18 
I/O             Tmid    0.0000           0.0001           0.0002           0.0000       
Reduction       Tmin    0.0003     6     0.0000     2     0.0000    15     0.0000     1 
Reduction       Tmax    0.0009    17     0.0001     8     0.0001     8     0.0000    18 
Reduction       Tmid    0.0004           0.0001           0.0001           0.0000       
Redistribution  Tmin    0.0002     1     0.0000     1     0.0001    16     0.0000     1 
Redistribution  Tmax    0.0005    17     0.0007    17     0.0007    17     0.0000    18 
Redistribution  Tmid    0.0003           0.0002           0.0003           0.0000       
--- The execution characteristics --- 
                                1          2          3          4          5          6          7          8          9         10         11         12         13         14         15         16         17         18 
Lost time                  0.0061     0.0061     0.0061     0.0061     0.0061     0.0061     0.0061     0.0061     0.0061     0.0061     0.0061     0.0061     0.0061     0.0061     0.0061     0.0061     0.0062     0.0063 
User insufficient par.     0.0045     0.0045     0.0045     0.0046     0.0047     0.0046     0.0046     0.0046     0.0046     0.0046     0.0045     0.0046     0.0045     0.0045     0.0045     0.0044     0.0026     0.0027 
Sys.insufficient par.      0.0009     0.0009     0.0009     0.0008     0.0008     0.0009     0.0008     0.0008     0.0008     0.0008     0.0009     0.0008     0.0008     0.0008     0.0008     0.0008     0.0006     0.0006 
Idle time                  0.0000     0.0000     0.0001     0.0001     0.0000     0.0000     0.0000     0.0000     0.0000     0.0000     0.0000     0.0000     0.0001     0.0002     0.0001     0.0001     0.0017     0.0017 
Communication              0.0006     0.0007     0.0006     0.0007     0.0006     0.0006     0.0007     0.0006     0.0007     0.0007     0.0007     0.0007     0.0007     0.0007     0.0008     0.0008     0.0014     0.0013 
Synchronization            0.0002     0.0002     0.0002     0.0004     0.0004     0.0004     0.0004     0.0004     0.0004     0.0004     0.0004     0.0004     0.0003     0.0003     0.0003     0.0003     0.0009     0.0007 
Variation                  0.0004     0.0005     0.0006     0.0007     0.0007     0.0005     0.0007     0.0007     0.0007     0.0007     0.0006     0.0006     0.0005     0.0005     0.0004     0.0004     0.0010     0.0009 
Overlap                    0.0000     0.0000     0.0000     0.0000     0.0000     0.0000     0.0000     0.0000     0.0000     0.0000     0.0000     0.0000     0.0000     0.0000     0.0000     0.0000     0.0000     0.0000 
Load imbalance             0.0000     0.0000     0.0000     0.0000     0.0000     0.0000     0.0000     0.0000     0.0000     0.0000     0.0000     0.0000     0.0000     0.0000     0.0000     0.0000     0.0002     0.0002 
Execution time             0.0065     0.0065     0.0064     0.0064     0.0065     0.0065     0.0065     0.0065     0.0065     0.0065     0.0065     0.0065     0.0064     0.0063     0.0064     0.0064     0.0048     0.0048 
User CPU time              0.0003     0.0004     0.0003     0.0003     0.0003     0.0003     0.0003     0.0003     0.0003     0.0003     0.0003     0.0003     0.0003     0.0003     0.0003     0.0003     0.0002     0.0002 
Sys. CPU time              0.0000     0.0000     0.0000     0.0000     0.0000     0.0001     0.0000     0.0000     0.0000     0.0000     0.0001     0.0000     0.0000     0.0000     0.0000     0.0000     0.0000     0.0000 
I/O time                   0.0000     0.0000     0.0000     0.0000     0.0000     0.0000     0.0000     0.0000     0.0000     0.0000     0.0000     0.0000     0.0000     0.0000     0.0000     0.0000     0.0000     0.0000 
Processors                     18         18         18         18         18         18         18         18         18         18         18         18         18         18         18         18         18         18 
           Communication          
Reduction                  0.0005     0.0005     0.0004     0.0004     0.0004     0.0003     0.0004     0.0004     0.0004     0.0004     0.0004     0.0004     0.0003     0.0003     0.0004     0.0003     0.0009     0.0008 
Redistribution             0.0002     0.0002     0.0002     0.0002     0.0002     0.0004     0.0002     0.0002     0.0003     0.0003     0.0003     0.0003     0.0004     0.0004     0.0004     0.0005     0.0005     0.0005 
           Synchronization        
I/O                        0.0001     0.0000     0.0001     0.0002     0.0001     0.0002     0.0002     0.0002     0.0002     0.0002     0.0001     0.0001     0.0001     0.0001     0.0001     0.0001     0.0001     0.0001 
Reduction                  0.0000     0.0000     0.0000     0.0001     0.0001     0.0001     0.0001     0.0001     0.0001     0.0001     0.0001     0.0001     0.0000     0.0000     0.0000     0.0000     0.0001     0.0001 
Redistribution             0.0000     0.0002     0.0001     0.0002     0.0002     0.0001     0.0002     0.0002     0.0002     0.0002     0.0002     0.0002     0.0002     0.0001     0.0002     0.0002     0.0007     0.0006 
           Variation              
I/O                        0.0000     0.0002     0.0002     0.0003     0.0003     0.0003     0.0003     0.0003     0.0003     0.0003     0.0003     0.0003     0.0003     0.0002     0.0002     0.0002     0.0003     0.0002 
Reduction                  0.0000     0.0000     0.0001     0.0001     0.0001     0.0001     0.0001     0.0001     0.0001     0.0001     0.0001     0.0001     0.0000     0.0000     0.0000     0.0000     0.0001     0.0001 
Redistribution             0.0003     0.0003     0.0003     0.0003     0.0003     0.0002     0.0003     0.0003     0.0003     0.0003     0.0003     0.0003     0.0002     0.0002     0.0002     0.0001     0.0007     0.0006 
           Overlap                
Reduction                  0.0000     0.0000     0.0000     0.0000     0.0000     0.0000     0.0000     0.0000     0.0000     0.0000     0.0000     0.0000     0.0000     0.0000     0.0000     0.0000     0.0000     0.0000 


-------------------------------------------------------------------------
Name (number) and performance time of processors
omp.keldysh.ru(1) 0.933765
omp.keldysh.ru(2) 0.933821
omp.keldysh.ru(3) 0.933642
omp.keldysh.ru(4) 0.933685
omp.keldysh.ru(5) 0.955900
omp.keldysh.ru(6) 0.955882
omp.keldysh.ru(7) 0.956824
omp.keldysh.ru(8) 0.957060
omp.keldysh.ru(9) 0.956314
omp.keldysh.ru(10) 0.956313
omp.keldysh.ru(11) 0.958029
omp.keldysh.ru(12) 0.958014
omp.keldysh.ru(13) 0.958496
omp.keldysh.ru(14) 0.958582
omp.keldysh.ru(15) 0.959719
omp.keldysh.ru(16) 0.959746
omp.keldysh.ru(17) 0.949083
omp.keldysh.ru(18) 0.949061
min - omp.keldysh.ru(3) 0.933642; max - omp.keldysh.ru(16) 0.959746; mid - 0.951330
