Processor system=1*1*4*4
Statistics has been accumulated on DVM-system version 5.0, platform DVM
Analyzer is executing on DVM-system version 5.0, platform DVM
-------------------------------------------------------------------------
INTERVAL ( NLINE=5 SOURCE=prf43.f ) LEVEL=0  EXE_COUNT=1
--- The main characteristics --- 
Parallelization efficiency      0.0493 
Execution time                  0.0486 
Processors                          16
Threads amount                      16
Total time                      0.7782
Productive time                 0.0383 ( CPU= 0.0084 Sys= 0.0299 I/O= 0.0000 )
Lost  time                      0.7398 
   Insufficient parallelism     0.5468 ( User= 0.0975 Sys= 0.4494 )
   Communication                0.1630 ( Real_sync= 0.0000 Starts= 0.0000 )
   Idle time                    0.0300
Load imbalance                  0.0054
Synchronization                 0.1542
Time variation                  0.1520
Overlap                         0.1940
                  Nop   Communic    Synchro  Variation    Overlap 
I/O                11     0.0000     0.0248     0.0267     0.0000 
Reduction          21     0.0516     0.0131     0.0131     0.0000 
Remote access     180     0.1114     0.1163     0.1121     0.1940 
--- The comparative characteristics --- 
                              Tmin N proc      Tmax N proc      Tmid
Lost time                   0.0459     1     0.0470    15     0.0462 
User insufficient par.      0.0043    15     0.0079     2     0.0061 
Sys.insufficient par.       0.0189    13     0.0313     1     0.0281 
Idle time                   0.0000     2     0.0035    11     0.0019 
Communication               0.0066     5     0.0204    15     0.0102 
Synchronization             0.0020     4     0.0245    13     0.0096 
Variation                   0.0018     4     0.0256    13     0.0095 
Overlap                     0.0085    13     0.0150     4     0.0121 
Load imbalance              0.0000     2     0.0011    15     0.0003 
Execution time              0.0452    11     0.0486     2     0.0468 
User CPU time               0.0004    15     0.0007     2     0.0005 
Sys. CPU time               0.0013    13     0.0021     2     0.0019 
I/O time                    0.0000     8     0.0000     1     0.0000 
Processors                      16     1         16    16         16 
                      Communic          Synchro        Variation          Overlap  
I/O             Tmin    0.0000     1     0.0002    11     0.0003    11     0.0000     1 
I/O             Tmax    0.0000    16     0.0050    13     0.0051    13     0.0000    16 
I/O             Tmid    0.0000           0.0015           0.0017           0.0000       
Reduction       Tmin    0.0006     2     0.0001    12     0.0001    12     0.0000     1 
Reduction       Tmax    0.0068    13     0.0015    13     0.0015    13     0.0000     8 
Reduction       Tmid    0.0032           0.0008           0.0008           0.0000       
Remote access   Tmin    0.0039     5     0.0017     4     0.0013     4     0.0085    13 
Remote access   Tmax    0.0136    15     0.0180    13     0.0190    13     0.0150     4 
Remote access   Tmid    0.0070           0.0073           0.0070           0.0121       
--- The execution characteristics --- 
                                1          2          3          4          5          6          7          8          9         10         11         12         13         14         15         16 
Lost time                  0.0459     0.0459     0.0461     0.0460     0.0459     0.0459     0.0461     0.0461     0.0459     0.0461     0.0461     0.0460     0.0469     0.0469     0.0470     0.0470 
User insufficient par.     0.0079     0.0079     0.0057     0.0060     0.0074     0.0073     0.0047     0.0046     0.0077     0.0055     0.0047     0.0064     0.0065     0.0065     0.0043     0.0043 
Sys.insufficient par.      0.0313     0.0312     0.0310     0.0311     0.0312     0.0311     0.0311     0.0311     0.0311     0.0311     0.0311     0.0311     0.0189     0.0190     0.0190     0.0190 
Idle time                  0.0000     0.0000     0.0023     0.0020     0.0008     0.0008     0.0034     0.0035     0.0004     0.0027     0.0035     0.0016     0.0012     0.0012     0.0034     0.0034 
Communication              0.0067     0.0067     0.0070     0.0070     0.0066     0.0067     0.0069     0.0069     0.0068     0.0068     0.0069     0.0069     0.0202     0.0202     0.0204     0.0204 
Synchronization            0.0054     0.0046     0.0024     0.0020     0.0073     0.0073     0.0055     0.0050     0.0077     0.0074     0.0044     0.0049     0.0245     0.0237     0.0214     0.0209 
Variation                  0.0049     0.0042     0.0023     0.0018     0.0068     0.0066     0.0049     0.0043     0.0070     0.0067     0.0037     0.0041     0.0256     0.0247     0.0225     0.0219 
Overlap                    0.0142     0.0144     0.0149     0.0150     0.0123     0.0123     0.0124     0.0125     0.0122     0.0123     0.0127     0.0128     0.0085     0.0089     0.0092     0.0094 
Load imbalance             0.0000     0.0000     0.0002     0.0001     0.0000     0.0000     0.0002     0.0002     0.0000     0.0002     0.0002     0.0001     0.0010     0.0010     0.0011     0.0011 
Execution time             0.0486     0.0486     0.0463     0.0467     0.0478     0.0479     0.0453     0.0452     0.0482     0.0459     0.0452     0.0471     0.0475     0.0475     0.0453     0.0453 
User CPU time              0.0006     0.0007     0.0005     0.0005     0.0006     0.0006     0.0005     0.0005     0.0006     0.0005     0.0005     0.0006     0.0005     0.0005     0.0004     0.0004 
Sys. CPU time              0.0021     0.0021     0.0021     0.0021     0.0021     0.0021     0.0021     0.0021     0.0021     0.0021     0.0021     0.0021     0.0013     0.0013     0.0013     0.0013 
I/O time                   0.0000     0.0000     0.0000     0.0000     0.0000     0.0000     0.0000     0.0000     0.0000     0.0000     0.0000     0.0000     0.0000     0.0000     0.0000     0.0000 
Processors                     16         16         16         16         16         16         16         16         16         16         16         16         16         16         16         16 
           Communication          
Reduction                  0.0007     0.0006     0.0008     0.0007     0.0027     0.0026     0.0028     0.0028     0.0026     0.0026     0.0028     0.0027     0.0068     0.0066     0.0068     0.0068 
Remote access              0.0060     0.0061     0.0062     0.0062     0.0039     0.0041     0.0040     0.0041     0.0041     0.0041     0.0041     0.0042     0.0134     0.0136     0.0136     0.0136 
           Synchronization        
I/O                        0.0009     0.0007     0.0004     0.0002     0.0007     0.0007     0.0004     0.0003     0.0008     0.0007     0.0002     0.0003     0.0050     0.0048     0.0044     0.0043 
Reduction                  0.0015     0.0015     0.0002     0.0001     0.0015     0.0015     0.0002     0.0001     0.0015     0.0015     0.0002     0.0001     0.0015     0.0015     0.0002     0.0001 
Remote access              0.0029     0.0024     0.0019     0.0017     0.0050     0.0051     0.0049     0.0046     0.0054     0.0051     0.0040     0.0046     0.0180     0.0174     0.0168     0.0165 
           Variation              
I/O                        0.0008     0.0008     0.0005     0.0004     0.0009     0.0008     0.0006     0.0004     0.0009     0.0009     0.0003     0.0004     0.0051     0.0049     0.0046     0.0044 
Reduction                  0.0015     0.0015     0.0002     0.0001     0.0015     0.0015     0.0002     0.0001     0.0015     0.0015     0.0002     0.0001     0.0015     0.0015     0.0002     0.0001 
Remote access              0.0026     0.0019     0.0016     0.0013     0.0044     0.0043     0.0042     0.0038     0.0046     0.0043     0.0032     0.0036     0.0190     0.0182     0.0178     0.0174 
           Overlap                
Reduction                  0.0000     0.0000     0.0000     0.0000     0.0000     0.0000     0.0000     0.0000     0.0000     0.0000     0.0000     0.0000     0.0000     0.0000     0.0000     0.0000 
Remote access              0.0142     0.0144     0.0149     0.0150     0.0123     0.0123     0.0124     0.0125     0.0122     0.0123     0.0127     0.0128     0.0085     0.0089     0.0092     0.0094 


-------------------------------------------------------------------------
Name (number) and performance time of processors
omp.keldysh.ru(1) 0.933565
omp.keldysh.ru(2) 0.933833
omp.keldysh.ru(3) 0.954373
omp.keldysh.ru(4) 0.954346
omp.keldysh.ru(5) 0.957130
omp.keldysh.ru(6) 0.957102
omp.keldysh.ru(7) 0.957055
omp.keldysh.ru(8) 0.957055
omp.keldysh.ru(9) 0.957450
omp.keldysh.ru(10) 0.957462
omp.keldysh.ru(11) 0.955975
omp.keldysh.ru(12) 0.955966
omp.keldysh.ru(13) 0.954704
omp.keldysh.ru(14) 0.954720
omp.keldysh.ru(15) 0.948811
omp.keldysh.ru(16) 0.948821
min - omp.keldysh.ru(1) 0.933565; max - omp.keldysh.ru(10) 0.957462; mid - 0.952398
