Processor system=6*3
Statistics has been accumulated on DVM-system version 5.0, platform DVM
Analyzer is executing on DVM-system version 5.0, platform DVM
-------------------------------------------------------------------------
INTERVAL ( NLINE=5 SOURCE=prf21.f ) LEVEL=0  EXE_COUNT=2
--- The main characteristics --- 
Parallelization efficiency      0.0341 
Execution time                  0.0141 
Processors                          18
Threads amount                      18
Total time                      0.2542
Productive time                 0.0087 ( CPU= 0.0070 Sys= 0.0016 I/O= 0.0000 )
Lost  time                      0.2455 
   Insufficient parallelism     0.1444 ( User= 0.1168 Sys= 0.0277 )
   Communication                0.0682 ( Real_sync= 0.0000 Starts= 0.0000 )
   Idle time                    0.0329
Load imbalance                  0.0014
Synchronization                 0.1170
Time variation                  0.0907
Overlap                         0.0185
                  Nop   Communic    Synchro  Variation    Overlap 
I/O                12     0.0000     0.0140     0.0165     0.0000 
Reduction          28     0.0158     0.0003     0.0003     0.0000 
Remote access     196     0.0524     0.1026     0.0739     0.0185 
--- The comparative characteristics --- 
                              Tmin N proc      Tmax N proc      Tmid
Lost time                   0.0136    15     0.0137    17     0.0136 
User insufficient par.      0.0057    17     0.0082    15     0.0065 
Sys.insufficient par.       0.0009    17     0.0019     1     0.0015 
Idle time                   0.0000    15     0.0027     7     0.0018 
Communication               0.0034     1     0.0045    17     0.0038 
Synchronization             0.0009    12     0.0087     2     0.0065 
Variation                   0.0006    12     0.0073     2     0.0050 
Overlap                     0.0003    17     0.0034    12     0.0010 
Load imbalance              0.0000    15     0.0002    17     0.0001 
Execution time              0.0114     7     0.0141    15     0.0123 
User CPU time               0.0003    17     0.0005    15     0.0004 
Sys. CPU time               0.0001    17     0.0001    10     0.0001 
I/O time                    0.0000    16     0.0000     1     0.0000 
Processors                      18     1         18    18         18 
                      Communic          Synchro        Variation          Overlap  
I/O             Tmin    0.0000     1     0.0000    12     0.0002    12     0.0000     1 
I/O             Tmax    0.0000    18     0.0016     2     0.0017     2     0.0000    18 
I/O             Tmid    0.0000           0.0008           0.0009           0.0000       
Reduction       Tmin    0.0004    12     0.0000     9     0.0000    12     0.0000     1 
Reduction       Tmax    0.0017    17     0.0000     2     0.0000     2     0.0000    12 
Reduction       Tmid    0.0009           0.0000           0.0000           0.0000       
Remote access   Tmin    0.0026    15     0.0009    12     0.0004    12     0.0003    17 
Remote access   Tmax    0.0032    12     0.0071     5     0.0055     2     0.0034    12 
Remote access   Tmid    0.0029           0.0057           0.0041           0.0010       
--- The execution characteristics --- 
                                1          2          3          4          5          6          7          8          9         10         11         12         13         14         15         16         17         18 
Lost time                  0.0136     0.0137     0.0136     0.0136     0.0137     0.0137     0.0137     0.0137     0.0136     0.0136     0.0137     0.0137     0.0137     0.0136     0.0136     0.0136     0.0137     0.0136 
User insufficient par.     0.0071     0.0057     0.0071     0.0068     0.0057     0.0057     0.0057     0.0057     0.0064     0.0063     0.0057     0.0057     0.0057     0.0082     0.0082     0.0078     0.0057     0.0074 
Sys.insufficient par.      0.0019     0.0018     0.0017     0.0017     0.0017     0.0017     0.0017     0.0017     0.0017     0.0018     0.0017     0.0017     0.0013     0.0012     0.0013     0.0012     0.0009     0.0010 
Idle time                  0.0012     0.0026     0.0012     0.0016     0.0026     0.0026     0.0027     0.0027     0.0020     0.0020     0.0027     0.0026     0.0026     0.0000     0.0000     0.0004     0.0027     0.0008 
Communication              0.0034     0.0035     0.0036     0.0035     0.0036     0.0037     0.0036     0.0036     0.0036     0.0036     0.0036     0.0036     0.0041     0.0041     0.0041     0.0041     0.0045     0.0044 
Synchronization            0.0020     0.0087     0.0015     0.0080     0.0086     0.0085     0.0080     0.0085     0.0076     0.0033     0.0079     0.0009     0.0073     0.0073     0.0071     0.0071     0.0074     0.0072 
Variation                  0.0018     0.0073     0.0014     0.0066     0.0070     0.0069     0.0064     0.0068     0.0061     0.0026     0.0063     0.0006     0.0054     0.0053     0.0051     0.0051     0.0051     0.0050 
Overlap                    0.0030     0.0006     0.0031     0.0007     0.0005     0.0006     0.0007     0.0005     0.0008     0.0023     0.0007     0.0034     0.0003     0.0003     0.0003     0.0003     0.0003     0.0003 
Load imbalance             0.0000     0.0001     0.0000     0.0000     0.0001     0.0001     0.0001     0.0001     0.0001     0.0001     0.0001     0.0001     0.0001     0.0000     0.0000     0.0000     0.0002     0.0001 
Execution time             0.0129     0.0115     0.0130     0.0125     0.0115     0.0115     0.0114     0.0115     0.0122     0.0122     0.0115     0.0115     0.0115     0.0141     0.0141     0.0137     0.0115     0.0133 
User CPU time              0.0004     0.0004     0.0004     0.0004     0.0004     0.0003     0.0003     0.0003     0.0004     0.0004     0.0003     0.0003     0.0003     0.0005     0.0005     0.0005     0.0003     0.0004 
Sys. CPU time              0.0001     0.0001     0.0001     0.0001     0.0001     0.0001     0.0001     0.0001     0.0001     0.0001     0.0001     0.0001     0.0001     0.0001     0.0001     0.0001     0.0001     0.0001 
I/O time                   0.0000     0.0000     0.0000     0.0000     0.0000     0.0000     0.0000     0.0000     0.0000     0.0000     0.0000     0.0000     0.0000     0.0000     0.0000     0.0000     0.0000     0.0000 
Processors                     18         18         18         18         18         18         18         18         18         18         18         18         18         18         18         18         18         18 
           Communication          
Reduction                  0.0005     0.0007     0.0006     0.0006     0.0007     0.0006     0.0005     0.0006     0.0005     0.0004     0.0005     0.0004     0.0015     0.0015     0.0015     0.0015     0.0017     0.0016 
Remote access              0.0028     0.0029     0.0030     0.0029     0.0030     0.0031     0.0031     0.0030     0.0030     0.0032     0.0031     0.0032     0.0026     0.0026     0.0026     0.0026     0.0029     0.0028 
           Synchronization        
I/O                        0.0003     0.0016     0.0002     0.0014     0.0015     0.0015     0.0014     0.0015     0.0013     0.0005     0.0014     0.0000     0.0003     0.0002     0.0002     0.0002     0.0002     0.0002 
Reduction                  0.0000     0.0000     0.0000     0.0000     0.0000     0.0000     0.0000     0.0000     0.0000     0.0000     0.0000     0.0000     0.0000     0.0000     0.0000     0.0000     0.0000     0.0000 
Remote access              0.0017     0.0071     0.0013     0.0065     0.0071     0.0070     0.0066     0.0070     0.0063     0.0028     0.0064     0.0009     0.0071     0.0070     0.0069     0.0068     0.0071     0.0069 
           Variation              
I/O                        0.0003     0.0017     0.0003     0.0016     0.0016     0.0017     0.0015     0.0016     0.0015     0.0007     0.0016     0.0002     0.0004     0.0004     0.0004     0.0004     0.0004     0.0004 
Reduction                  0.0000     0.0000     0.0000     0.0000     0.0000     0.0000     0.0000     0.0000     0.0000     0.0000     0.0000     0.0000     0.0000     0.0000     0.0000     0.0000     0.0000     0.0000 
Remote access              0.0015     0.0055     0.0011     0.0050     0.0053     0.0053     0.0049     0.0051     0.0046     0.0019     0.0047     0.0004     0.0049     0.0048     0.0048     0.0047     0.0047     0.0046 
           Overlap                
Reduction                  0.0000     0.0000     0.0000     0.0000     0.0000     0.0000     0.0000     0.0000     0.0000     0.0000     0.0000     0.0000     0.0000     0.0000     0.0000     0.0000     0.0000     0.0000 
Remote access              0.0030     0.0006     0.0031     0.0007     0.0005     0.0006     0.0007     0.0005     0.0008     0.0023     0.0007     0.0034     0.0003     0.0003     0.0003     0.0003     0.0003     0.0003 


-------------------------------------------------------------------------
Name (number) and performance time of processors
omp.keldysh.ru(1) 0.933961
omp.keldysh.ru(2) 0.933922
omp.keldysh.ru(3) 0.934053
omp.keldysh.ru(4) 0.934052
omp.keldysh.ru(5) 0.951720
omp.keldysh.ru(6) 0.951699
omp.keldysh.ru(7) 0.933746
omp.keldysh.ru(8) 0.933726
omp.keldysh.ru(9) 0.952124
omp.keldysh.ru(10) 0.952129
omp.keldysh.ru(11) 0.954178
omp.keldysh.ru(12) 0.954180
omp.keldysh.ru(13) 0.952200
omp.keldysh.ru(14) 0.952206
omp.keldysh.ru(15) 0.951545
omp.keldysh.ru(16) 0.951561
omp.keldysh.ru(17) 0.952675
omp.keldysh.ru(18) 0.952388
min - omp.keldysh.ru(8) 0.933726; max - omp.keldysh.ru(12) 0.954180; mid - 0.946226
