Processor system=1*4*2*2
Statistics has been accumulated on DVM-system version 5.0, platform DVM
Analyzer is executing on DVM-system version 5.0, platform DVM
-------------------------------------------------------------------------
INTERVAL ( NLINE=7 SOURCE=rem41.f ) LEVEL=0  EXE_COUNT=1
--- The main characteristics --- 
Parallelization efficiency      0.0505 
Execution time                  0.3005 
Processors                          16
Threads amount                      16
Total time                      4.8076
Productive time                 0.2430 ( CPU= 0.0165 Sys= 0.2264 I/O= 0.0000 )
Lost  time                      4.5647 
   Insufficient parallelism     3.5568 ( User= 0.1603 Sys= 3.3965 )
   Communication                0.9897 ( Real_sync= 0.0000 Starts= 0.0000 )
   Idle time                    0.0183
Load imbalance                  0.0361
Synchronization                 4.6667
Time variation                  4.2652
Overlap                         0.0003
                  Nop   Communic    Synchro  Variation    Overlap 
I/O                16     0.0000     0.0274     0.0304     0.0000 
Reduction           7     0.0045     0.0006     0.0006     0.0000 
Remote access    4155     0.9852     4.6387     4.2342     0.0003 
--- The comparative characteristics --- 
                              Tmin N proc      Tmax N proc      Tmid
Lost time                   0.2830    12     0.2904    13     0.2853 
User insufficient par.      0.0072    13     0.0125     4     0.0100 
Sys.insufficient par.       0.1406    13     0.2443     8     0.2123 
Idle time                   0.0000    16     0.0017     6     0.0011 
Communication               0.0257     8     0.1410    13     0.0619 
Synchronization             0.0549     2     0.8877    13     0.2917 
Variation                   0.0412     2     0.8338    16     0.2666 
Overlap                     0.0000    10     0.0001     8     0.0000 
Load imbalance              0.0000    12     0.0073    13     0.0023 
Execution time              0.2988     6     0.3005    16     0.2993 
User CPU time               0.0008    13     0.0012     4     0.0010 
Sys. CPU time               0.0094    13     0.0163     8     0.0142 
I/O time                    0.0000    15     0.0000     1     0.0000 
Processors                      16     1         16    16         16 
                      Communic          Synchro        Variation          Overlap  
I/O             Tmin    0.0000     1     0.0002     1     0.0002     1     0.0000     1 
I/O             Tmax    0.0000    16     0.0054    13     0.0056    14     0.0000    16 
I/O             Tmid    0.0000           0.0017           0.0019           0.0000       
Reduction       Tmin    0.0001    10     0.0000     8     0.0000     8     0.0000     1 
Reduction       Tmax    0.0007    13     0.0000     2     0.0000    16     0.0000    12 
Reduction       Tmid    0.0003           0.0000           0.0000           0.0000       
Remote access   Tmin    0.0256     8     0.0546     2     0.0406     2     0.0000     4 
Remote access   Tmax    0.1402    13     0.8823    13     0.8282    16     0.0001     8 
Remote access   Tmid    0.0616           0.2899           0.2646           0.0000       
--- The execution characteristics --- 
                                1          2          3          4          5          6          7          8          9         10         11         12         13         14         15         16 
Lost time                  0.2843     0.2836     0.2839     0.2830     0.2844     0.2836     0.2838     0.2831     0.2845     0.2836     0.2839     0.2830     0.2904     0.2899     0.2902     0.2896 
User insufficient par.     0.0096     0.0110     0.0100     0.0125     0.0096     0.0102     0.0106     0.0114     0.0098     0.0103     0.0109     0.0114     0.0072     0.0079     0.0077     0.0101 
Sys.insufficient par.      0.2277     0.2372     0.2327     0.2432     0.2261     0.2366     0.2330     0.2443     0.2245     0.2371     0.2319     0.2441     0.1406     0.1462     0.1419     0.1493 
Idle time                  0.0008     0.0008     0.0017     0.0003     0.0010     0.0017     0.0010     0.0017     0.0005     0.0017     0.0005     0.0017     0.0017     0.0017     0.0017     0.0000 
Communication              0.0462     0.0346     0.0396     0.0270     0.0475     0.0352     0.0392     0.0257     0.0496     0.0345     0.0406     0.0259     0.1410     0.1341     0.1389     0.1301 
Synchronization            0.0759     0.0549     0.1102     0.0889     0.1206     0.0995     0.1051     0.0621     0.1341     0.1169     0.0948     0.0774     0.8877     0.8810     0.8838     0.8739 
Variation                  0.0432     0.0412     0.0901     0.0879     0.0886     0.0861     0.0856     0.0623     0.1004     0.1041     0.0731     0.0769     0.8279     0.8326     0.8314     0.8338 
Overlap                    0.0000     0.0000     0.0000     0.0000     0.0000     0.0000     0.0000     0.0001     0.0000     0.0000     0.0000     0.0000     0.0000     0.0000     0.0000     0.0000 
Load imbalance             0.0013     0.0005     0.0009     0.0000     0.0013     0.0006     0.0008     0.0000     0.0014     0.0006     0.0009     0.0000     0.0073     0.0069     0.0072     0.0065 
Execution time             0.2997     0.2997     0.2988     0.3002     0.2994     0.2988     0.2994     0.2988     0.3000     0.2988     0.3000     0.2988     0.2988     0.2988     0.2988     0.3005 
User CPU time              0.0010     0.0011     0.0010     0.0012     0.0010     0.0011     0.0011     0.0011     0.0011     0.0011     0.0011     0.0012     0.0008     0.0008     0.0008     0.0010 
Sys. CPU time              0.0152     0.0158     0.0155     0.0162     0.0151     0.0158     0.0155     0.0163     0.0150     0.0158     0.0155     0.0163     0.0094     0.0097     0.0095     0.0100 
I/O time                   0.0000     0.0000     0.0000     0.0000     0.0000     0.0000     0.0000     0.0000     0.0000     0.0000     0.0000     0.0000     0.0000     0.0000     0.0000     0.0000 
Processors                     16         16         16         16         16         16         16         16         16         16         16         16         16         16         16         16 
           Communication          
Reduction                  0.0002     0.0002     0.0001     0.0002     0.0001     0.0001     0.0001     0.0001     0.0001     0.0001     0.0001     0.0001     0.0007     0.0007     0.0007     0.0007 
Remote access              0.0460     0.0344     0.0395     0.0269     0.0474     0.0350     0.0390     0.0256     0.0495     0.0344     0.0405     0.0257     0.1402     0.1333     0.1382     0.1294 
           Synchronization        
I/O                        0.0002     0.0003     0.0006     0.0006     0.0005     0.0005     0.0005     0.0004     0.0006     0.0006     0.0005     0.0005     0.0054     0.0054     0.0054     0.0054 
Reduction                  0.0000     0.0000     0.0000     0.0000     0.0000     0.0000     0.0000     0.0000     0.0000     0.0000     0.0000     0.0000     0.0000     0.0000     0.0000     0.0000 
Remote access              0.0756     0.0546     0.1096     0.0883     0.1200     0.0990     0.1045     0.0617     0.1335     0.1162     0.0942     0.0768     0.8823     0.8756     0.8784     0.8685 
           Variation              
I/O                        0.0002     0.0005     0.0008     0.0008     0.0007     0.0007     0.0007     0.0006     0.0008     0.0008     0.0007     0.0007     0.0056     0.0056     0.0056     0.0056 
Reduction                  0.0000     0.0000     0.0000     0.0000     0.0000     0.0000     0.0000     0.0000     0.0000     0.0000     0.0000     0.0000     0.0000     0.0000     0.0000     0.0000 
Remote access              0.0430     0.0406     0.0893     0.0871     0.0879     0.0854     0.0849     0.0617     0.0995     0.1032     0.0724     0.0762     0.8222     0.8270     0.8258     0.8282 
           Overlap                
Reduction                  0.0000     0.0000     0.0000     0.0000     0.0000     0.0000     0.0000     0.0000     0.0000     0.0000     0.0000     0.0000     0.0000     0.0000     0.0000     0.0000 
Remote access              0.0000     0.0000     0.0000     0.0000     0.0000     0.0000     0.0000     0.0001     0.0000     0.0000     0.0000     0.0000     0.0000     0.0000     0.0000     0.0000 


-------------------------------------------------------------------------
Name (number) and performance time of processors
omp.keldysh.ru(1) 0.935557
omp.keldysh.ru(2) 0.935486
omp.keldysh.ru(3) 0.954738
omp.keldysh.ru(4) 0.954773
omp.keldysh.ru(5) 0.952761
omp.keldysh.ru(6) 0.952710
omp.keldysh.ru(7) 0.953139
omp.keldysh.ru(8) 0.953147
omp.keldysh.ru(9) 0.956124
omp.keldysh.ru(10) 0.956130
omp.keldysh.ru(11) 0.954678
omp.keldysh.ru(12) 0.954446
omp.keldysh.ru(13) 0.935545
omp.keldysh.ru(14) 0.935537
omp.keldysh.ru(15) 0.956450
omp.keldysh.ru(16) 0.956422
min - omp.keldysh.ru(2) 0.935486; max - omp.keldysh.ru(15) 0.956450; mid - 0.949853
