Processor system=1*3*6*1
Statistics has been accumulated on DVM-system version 5.0, platform DVM
Analyzer is executing on DVM-system version 5.0, platform DVM
-------------------------------------------------------------------------
INTERVAL ( NLINE=5 SOURCE=prf43.f ) LEVEL=0  EXE_COUNT=2
--- The main characteristics --- 
Parallelization efficiency      0.0478 
Execution time                  0.0417 
Processors                          18
Threads amount                      18
Total time                      0.7500
Productive time                 0.0358 ( CPU= 0.0081 Sys= 0.0277 I/O= 0.0000 )
Lost  time                      0.7141 
   Insufficient parallelism     0.5496 ( User= 0.0783 Sys= 0.4713 )
   Communication                0.1638 ( Real_sync= 0.0000 Starts= 0.0000 )
   Idle time                    0.0007
Load imbalance                  0.0021
Synchronization                 0.2651
Time variation                  0.2329
Overlap                         0.1573
                  Nop   Communic    Synchro  Variation    Overlap 
I/O                12     0.0000     0.0394     0.0421     0.0000 
Reduction          22     0.0610     0.0006     0.0007     0.0000 
Remote access     180     0.1028     0.2250     0.1901     0.1573 
--- The comparative characteristics --- 
                              Tmin N proc      Tmax N proc      Tmid
Lost time                   0.0396    15     0.0401    18     0.0397 
User insufficient par.      0.0041    14     0.0046     4     0.0043 
Sys.insufficient par.       0.0190    18     0.0278    14     0.0262 
Idle time                   0.0000    18     0.0002    14     0.0000 
Communication               0.0075    14     0.0169    18     0.0091 
Synchronization             0.0027    15     0.0209     5     0.0147 
Variation                   0.0017    15     0.0218    18     0.0129 
Overlap                     0.0060     3     0.0142    15     0.0087 
Load imbalance              0.0000    15     0.0006    18     0.0001 
Execution time              0.0415    14     0.0417    18     0.0416 
User CPU time               0.0004     1     0.0005     9     0.0005 
Sys. CPU time               0.0011    18     0.0016    14     0.0015 
I/O time                    0.0000     7     0.0000     1     0.0000 
Processors                      18     1         18    18         18 
                      Communic          Synchro        Variation          Overlap  
I/O             Tmin    0.0000     1     0.0002    15     0.0004    15     0.0000     1 
I/O             Tmax    0.0000    18     0.0032     5     0.0034     5     0.0000    18 
I/O             Tmid    0.0000           0.0022           0.0023           0.0000       
Reduction       Tmin    0.0009    15     0.0000    12     0.0000    12     0.0000     2 
Reduction       Tmax    0.0079    18     0.0000    18     0.0000    18     0.0000    17 
Reduction       Tmid    0.0034           0.0000           0.0000           0.0000       
Remote access   Tmin    0.0046     3     0.0025    15     0.0013    15     0.0060     3 
Remote access   Tmax    0.0090    18     0.0177     3     0.0183    18     0.0142    15 
Remote access   Tmid    0.0057           0.0125           0.0106           0.0087       
--- The execution characteristics --- 
                                1          2          3          4          5          6          7          8          9         10         11         12         13         14         15         16         17         18 
Lost time                  0.0397     0.0397     0.0397     0.0397     0.0397     0.0397     0.0397     0.0396     0.0396     0.0396     0.0396     0.0396     0.0396     0.0396     0.0396     0.0396     0.0397     0.0401 
User insufficient par.     0.0043     0.0046     0.0044     0.0046     0.0044     0.0043     0.0044     0.0043     0.0044     0.0044     0.0045     0.0042     0.0041     0.0041     0.0043     0.0043     0.0044     0.0042 
Sys.insufficient par.      0.0263     0.0263     0.0263     0.0261     0.0262     0.0268     0.0263     0.0267     0.0266     0.0264     0.0264     0.0274     0.0270     0.0278     0.0274     0.0272     0.0253     0.0190 
Idle time                  0.0000     0.0000     0.0000     0.0000     0.0000     0.0000     0.0001     0.0001     0.0000     0.0000     0.0000     0.0000     0.0002     0.0002     0.0000     0.0000     0.0000     0.0000 
Communication              0.0091     0.0088     0.0090     0.0090     0.0091     0.0086     0.0089     0.0085     0.0086     0.0088     0.0087     0.0080     0.0083     0.0075     0.0079     0.0082     0.0101     0.0169 
Synchronization            0.0204     0.0206     0.0208     0.0201     0.0209     0.0118     0.0202     0.0188     0.0192     0.0199     0.0189     0.0069     0.0062     0.0044     0.0027     0.0060     0.0078     0.0196 
Variation                  0.0174     0.0178     0.0182     0.0173     0.0182     0.0102     0.0174     0.0163     0.0167     0.0169     0.0166     0.0059     0.0047     0.0033     0.0017     0.0044     0.0081     0.0218 
Overlap                    0.0066     0.0061     0.0060     0.0061     0.0060     0.0100     0.0060     0.0064     0.0063     0.0060     0.0064     0.0121     0.0126     0.0132     0.0142     0.0126     0.0122     0.0086 
Load imbalance             0.0002     0.0001     0.0001     0.0001     0.0002     0.0001     0.0001     0.0001     0.0000     0.0001     0.0001     0.0000     0.0001     0.0000     0.0000     0.0000     0.0001     0.0006 
Execution time             0.0417     0.0417     0.0417     0.0417     0.0417     0.0417     0.0416     0.0416     0.0417     0.0417     0.0417     0.0417     0.0415     0.0415     0.0417     0.0417     0.0417     0.0417 
User CPU time              0.0004     0.0004     0.0004     0.0004     0.0004     0.0004     0.0005     0.0005     0.0005     0.0005     0.0005     0.0005     0.0005     0.0004     0.0005     0.0005     0.0005     0.0004 
Sys. CPU time              0.0015     0.0015     0.0015     0.0015     0.0015     0.0016     0.0015     0.0016     0.0016     0.0016     0.0016     0.0016     0.0016     0.0016     0.0016     0.0016     0.0015     0.0011 
I/O time                   0.0000     0.0000     0.0000     0.0000     0.0000     0.0000     0.0000     0.0000     0.0000     0.0000     0.0000     0.0000     0.0000     0.0000     0.0000     0.0000     0.0000     0.0000 
Processors                     18         18         18         18         18         18         18         18         18         18         18         18         18         18         18         18         18         18 
           Communication          
Reduction                  0.0035     0.0041     0.0044     0.0043     0.0042     0.0028     0.0041     0.0038     0.0039     0.0040     0.0038     0.0018     0.0018     0.0011     0.0009     0.0016     0.0031     0.0079 
Remote access              0.0056     0.0047     0.0046     0.0047     0.0050     0.0057     0.0048     0.0047     0.0047     0.0048     0.0049     0.0062     0.0066     0.0064     0.0070     0.0066     0.0070     0.0090 
           Synchronization        
I/O                        0.0032     0.0030     0.0031     0.0029     0.0032     0.0017     0.0030     0.0029     0.0030     0.0029     0.0031     0.0011     0.0006     0.0005     0.0002     0.0006     0.0011     0.0032 
Reduction                  0.0000     0.0000     0.0000     0.0000     0.0000     0.0000     0.0000     0.0000     0.0000     0.0000     0.0000     0.0000     0.0000     0.0000     0.0000     0.0000     0.0000     0.0000 
Remote access              0.0172     0.0175     0.0177     0.0172     0.0176     0.0100     0.0171     0.0158     0.0162     0.0169     0.0158     0.0058     0.0055     0.0038     0.0025     0.0054     0.0067     0.0163 
           Variation              
I/O                        0.0031     0.0032     0.0033     0.0031     0.0034     0.0019     0.0032     0.0031     0.0031     0.0031     0.0032     0.0012     0.0008     0.0007     0.0004     0.0008     0.0012     0.0034 
Reduction                  0.0000     0.0000     0.0000     0.0000     0.0000     0.0000     0.0000     0.0000     0.0000     0.0000     0.0000     0.0000     0.0000     0.0000     0.0000     0.0000     0.0000     0.0000 
Remote access              0.0143     0.0146     0.0148     0.0142     0.0148     0.0083     0.0142     0.0132     0.0135     0.0137     0.0134     0.0046     0.0039     0.0026     0.0013     0.0036     0.0068     0.0183 
           Overlap                
Reduction                  0.0000     0.0000     0.0000     0.0000     0.0000     0.0000     0.0000     0.0000     0.0000     0.0000     0.0000     0.0000     0.0000     0.0000     0.0000     0.0000     0.0000     0.0000 
Remote access              0.0066     0.0061     0.0060     0.0061     0.0060     0.0100     0.0060     0.0064     0.0063     0.0060     0.0064     0.0121     0.0126     0.0132     0.0142     0.0126     0.0121     0.0086 


-------------------------------------------------------------------------
Name (number) and performance time of processors
omp.keldysh.ru(1) 0.933928
omp.keldysh.ru(2) 0.933871
omp.keldysh.ru(3) 0.952160
omp.keldysh.ru(4) 0.952161
omp.keldysh.ru(5) 0.952720
omp.keldysh.ru(6) 0.952685
omp.keldysh.ru(7) 0.933959
omp.keldysh.ru(8) 0.933928
omp.keldysh.ru(9) 0.957120
omp.keldysh.ru(10) 0.957105
omp.keldysh.ru(11) 0.954996
omp.keldysh.ru(12) 0.955024
omp.keldysh.ru(13) 0.952017
omp.keldysh.ru(14) 0.952024
omp.keldysh.ru(15) 0.952343
omp.keldysh.ru(16) 0.952631
omp.keldysh.ru(17) 0.955384
omp.keldysh.ru(18) 0.955366
min - omp.keldysh.ru(2) 0.933871; max - omp.keldysh.ru(9) 0.957120; mid - 0.949412
