Processor system=1*2*7
Statistics has been accumulated on DVM-system version 5.0, platform DVM
Analyzer is executing on DVM-system version 5.0, platform DVM
-------------------------------------------------------------------------
INTERVAL ( NLINE=8 SOURCE=adi3d.f ) LEVEL=0  EXE_COUNT=1
--- The main characteristics --- 
Parallelization efficiency      0.8134 
Execution time                 20.6417 
Processors                          14
Threads amount                      14
Total time                    288.9841
Productive time               235.0503 ( CPU= 234.7671 Sys= 0.2827 I/O= 0.0005 )
Lost  time                     53.9338 
   Insufficient parallelism     4.1094 ( User= 0.4272 Sys= 3.6822 )
   Communication               49.7743 ( Real_sync= 0.0046 Starts= 0.0000 )
   Idle time                    0.0501
Load imbalance                 33.8531
Synchronization                10.7974
Time variation                  8.3047
Overlap                         0.0068
                  Nop   Communic  Real_sync    Synchro  Variation    Overlap 
I/O               107     0.0000     0.0000     0.0110     0.0707     0.0000 
Reduction         100    10.1464     0.0000     0.0038     0.0032     0.0002 
Shadow            505    39.5410     0.0000    10.7826     8.2308     0.0066 
--- The comparative characteristics --- 
                              Tmin N proc      Tmax N proc      Tmid
Lost time                   1.4344     3     6.3784    11     3.8524 
User insufficient par.      0.0243    12     0.0349     2     0.0305 
Sys.insufficient par.       0.2042    14     0.3324     2     0.2630 
Idle time                   0.0000     5     0.0069     9     0.0036 
Communication               1.0779     3     6.1253    11     3.5553 
Real synchronization        0.0000     3     0.0007    11     0.0003 
Synchronization             0.3727     3     1.3495     1     0.7712 
Variation                   0.4233     3     1.3579     1     0.5932 
Overlap                     0.0000    13     0.0030     1     0.0005 
Load imbalance              0.0000     3     4.9440    11     2.4181 
Execution time             20.6348     9    20.6417     5    20.6381 
User CPU time              14.2465    11    19.1825     3    16.7691 
Sys. CPU time               0.0157    14     0.0256     2     0.0202 
I/O time                    0.0000    12     0.0004     1     0.0000 
Processors                      14     1         14    14         14 
                      Communic        Real_sync          Synchro        Variation          Overlap  
I/O             Tmin    0.0000     1     0.0000     1     0.0001     8     0.0000     1     0.0000     1 
I/O             Tmax    0.0000    14     0.0000    14     0.0011     6     0.0056     6     0.0000    14 
I/O             Tmid    0.0000           0.0000           0.0008           0.0050           0.0000       
Reduction       Tmin    0.0012     7     0.0000     1     0.0000     8     0.0000     8     0.0000     2 
Reduction       Tmax    1.5314     8     0.0000    14     0.0004     6     0.0003     5     0.0001     8 
Reduction       Tmid    0.7247           0.0000           0.0003           0.0002           0.0000       
Shadow          Tmin    0.5901     3     0.0000     1     0.3712     3     0.4173     3     0.0000     9 
Shadow          Tmax    5.3723    14     0.0000    14     1.3489     1     1.3577     1     0.0030     1 
Shadow          Tmid    2.8244           0.0000           0.7702           0.5879           0.0005       
--- The execution characteristics --- 
                                1          2          3          4          5          6          7          8          9         10         11         12         13         14 
Lost time                  1.9026     2.2193     1.4344     2.0466     1.5073     2.2556     2.1163     2.8039     6.3257     6.3248     6.3784     6.1150     6.2707     6.2335 
User insufficient par.     0.0314     0.0349     0.0338     0.0331     0.0335     0.0330     0.0302     0.0316     0.0259     0.0288     0.0287     0.0243     0.0281     0.0299 
Sys.insufficient par.      0.2665     0.3324     0.3226     0.3233     0.3113     0.3006     0.2245     0.2248     0.2578     0.2379     0.2197     0.2306     0.2260     0.2042 
Idle time                  0.0000     0.0055     0.0000     0.0047     0.0000     0.0051     0.0027     0.0024     0.0069     0.0027     0.0046     0.0050     0.0038     0.0069 
Communication              1.6047     1.8465     1.0779     1.6855     1.1625     1.9170     1.8589     2.5451     6.0351     6.0554     6.1253     5.8551     6.0128     5.9925 
Real synchronization       0.0000     0.0000     0.0000     0.0000     0.0000     0.0000     0.0000     0.0001     0.0007     0.0007     0.0007     0.0007     0.0007     0.0007 
Synchronization            1.3495     1.3043     0.3727     0.7307     0.4700     1.1128     0.7062     0.6999     1.1524     0.3971     0.6086     0.3863     0.9215     0.5855 
Variation                  1.3579     0.4539     0.4233     0.5332     0.5028     0.6760     0.7427     0.7274     0.4299     0.4514     0.4751     0.4233     0.4870     0.6207 
Overlap                    0.0030     0.0006     0.0005     0.0005     0.0005     0.0005     0.0004     0.0007     0.0000     0.0001     0.0000     0.0000     0.0000     0.0000 
Load imbalance             0.4686     0.7849     0.0000     0.6122     0.0729     0.8212     0.6820     1.3695     4.8913     4.8904     4.9440     4.6806     4.8363     4.7991 
Execution time            20.6417    20.6363    20.6417    20.6371    20.6417    20.6367    20.6390    20.6394    20.6348    20.6391    20.6371    20.6367    20.6379    20.6348 
User CPU time             18.7186    18.3969    19.1825    18.5703    19.1105    18.3630    18.5081    17.8206    14.2962    14.2987    14.2465    14.5090    14.3536    14.3925 
Sys. CPU time              0.0201     0.0256     0.0248     0.0248     0.0239     0.0231     0.0172     0.0173     0.0198     0.0183     0.0169     0.0177     0.0174     0.0157 
I/O time                   0.0004     0.0000     0.0000     0.0000     0.0000     0.0000     0.0000     0.0000     0.0000     0.0000     0.0000     0.0000     0.0000     0.0000 
Processors                     14         14         14         14         14         14         14         14         14         14         14         14         14         14 
           Communication          
Reduction                  0.8309     0.6316     0.4877     0.3625     0.2361     0.1166     0.0012     1.5314     1.3776     1.2248     1.0708     0.9100     0.7546     0.6107 
Shadow                     0.7732     1.2146     0.5901     1.3228     0.9263     1.8001     1.8574     1.0128     4.6480     4.8211     5.0180     4.9356     5.2487     5.3723 
           Real synchronization   
           Synchronization        
I/O                        0.0004     0.0009     0.0011     0.0011     0.0011     0.0011     0.0011     0.0001     0.0007     0.0007     0.0006     0.0006     0.0007     0.0008 
Reduction                  0.0002     0.0004     0.0004     0.0004     0.0004     0.0004     0.0004     0.0000     0.0002     0.0002     0.0002     0.0002     0.0002     0.0003 
Shadow                     1.3489     1.3030     0.3712     0.7292     0.4685     1.1113     0.7047     0.6998     1.1515     0.3963     0.6078     0.3855     0.9205     0.5844 
           Variation              
I/O                        0.0000     0.0056     0.0056     0.0056     0.0056     0.0056     0.0056     0.0047     0.0053     0.0053     0.0053     0.0053     0.0054     0.0055 
Reduction                  0.0002     0.0003     0.0003     0.0003     0.0003     0.0003     0.0003     0.0000     0.0002     0.0002     0.0002     0.0002     0.0002     0.0002 
Shadow                     1.3577     0.4480     0.4173     0.5272     0.4969     0.6700     0.7368     0.7227     0.4244     0.4459     0.4696     0.4179     0.4814     0.6149 
           Overlap                
Reduction                  0.0000     0.0000     0.0000     0.0000     0.0000     0.0000     0.0000     0.0001     0.0000     0.0000     0.0000     0.0000     0.0000     0.0000 
Shadow                     0.0030     0.0006     0.0005     0.0005     0.0005     0.0005     0.0004     0.0005     0.0000     0.0001     0.0000     0.0000     0.0000     0.0000 


-------------------------------------------------------------------------
Name (number) and performance time of processors
omp.keldysh.ru(1) 0.933733
omp.keldysh.ru(2) 0.933663
omp.keldysh.ru(3) 0.959299
omp.keldysh.ru(4) 0.959370
omp.keldysh.ru(5) 0.960165
omp.keldysh.ru(6) 0.960165
omp.keldysh.ru(7) 0.933862
omp.keldysh.ru(8) 0.933878
omp.keldysh.ru(9) 0.958211
omp.keldysh.ru(10) 0.958474
omp.keldysh.ru(11) 0.959743
omp.keldysh.ru(12) 0.959735
omp.keldysh.ru(13) 0.959379
omp.keldysh.ru(14) 0.959372
min - omp.keldysh.ru(2) 0.933663; max - omp.keldysh.ru(5) 0.960165; mid - 0.952075
