Processor system=2*3*3
Statistics has been accumulated on DVM-system version 5.0, platform DVM
Analyzer is executing on DVM-system version 5.0, platform DVM
-------------------------------------------------------------------------
INTERVAL ( NLINE=5 SOURCE=align33.f ) LEVEL=0  EXE_COUNT=2
--- The main characteristics --- 
Parallelization efficiency      0.0646 
Execution time                  0.0042 
Processors                          18
Threads amount                      18
Total time                      0.0752
Productive time                 0.0049 ( CPU= 0.0047 Sys= 0.0001 I/O= 0.0000 )
Lost  time                      0.0703 
   Insufficient parallelism     0.0658 ( User= 0.0632 Sys= 0.0026 )
   Communication                0.0020 ( Real_sync= 0.0000 Starts= 0.0000 )
   Idle time                    0.0025
Load imbalance                  0.0009
Synchronization                 0.0005
Time variation                  0.0026
Overlap                         0.0000
                  Nop   Communic    Synchro  Variation    Overlap 
I/O                 3     0.0000     0.0004     0.0026     0.0000 
Reduction           2     0.0020     0.0001     0.0000     0.0000 
--- The comparative characteristics --- 
                              Tmin N proc      Tmax N proc      Tmid
Lost time                   0.0039     2     0.0040     5     0.0039 
User insufficient par.      0.0021     5     0.0036     8     0.0035 
Sys.insufficient par.       0.0001    18     0.0003     1     0.0001 
Idle time                   0.0000     2     0.0017     5     0.0001 
Communication               0.0000     1     0.0001    18     0.0001 
Synchronization             0.0000     8     0.0000    17     0.0000 
Variation                   0.0000     1     0.0002    17     0.0001 
Overlap                     0.0000     1     0.0000    18     0.0000 
Load imbalance              0.0000     2     0.0001     5     0.0000 
Execution time              0.0025     5     0.0042     2     0.0040 
User CPU time               0.0002     5     0.0003     2     0.0003 
Sys. CPU time               0.0000     1     0.0000     4     0.0000 
I/O time                    0.0000     2     0.0000     1     0.0000 
Processors                      18     1         18    18         18 
                      Communic          Synchro        Variation          Overlap  
I/O             Tmin    0.0000     1     0.0000     8     0.0000     1     0.0000     1 
I/O             Tmax    0.0000    18     0.0000    17     0.0002    17     0.0000    18 
I/O             Tmid    0.0000           0.0000           0.0001           0.0000       
Reduction       Tmin    0.0000     1     0.0000    18     0.0000    18     0.0000     1 
Reduction       Tmax    0.0001    18     0.0000    17     0.0000    17     0.0000    18 
Reduction       Tmid    0.0001           0.0000           0.0000           0.0000       
--- The execution characteristics --- 
                                1          2          3          4          5          6          7          8          9         10         11         12         13         14         15         16         17         18 
Lost time                  0.0039     0.0039     0.0039     0.0039     0.0040     0.0039     0.0039     0.0039     0.0039     0.0039     0.0039     0.0039     0.0039     0.0039     0.0039     0.0039     0.0039     0.0039 
User insufficient par.     0.0036     0.0036     0.0036     0.0036     0.0021     0.0035     0.0036     0.0036     0.0036     0.0036     0.0036     0.0036     0.0036     0.0036     0.0036     0.0036     0.0035     0.0035 
Sys.insufficient par.      0.0003     0.0002     0.0001     0.0002     0.0001     0.0001     0.0001     0.0001     0.0001     0.0002     0.0001     0.0001     0.0001     0.0001     0.0001     0.0001     0.0001     0.0001 
Idle time                  0.0000     0.0000     0.0001     0.0001     0.0017     0.0001     0.0000     0.0000     0.0000     0.0000     0.0000     0.0000     0.0000     0.0000     0.0001     0.0001     0.0002     0.0001 
Communication              0.0000     0.0001     0.0001     0.0001     0.0001     0.0001     0.0001     0.0001     0.0001     0.0001     0.0001     0.0001     0.0001     0.0001     0.0001     0.0001     0.0001     0.0001 
Synchronization            0.0000     0.0000     0.0000     0.0000     0.0000     0.0000     0.0000     0.0000     0.0000     0.0000     0.0000     0.0000     0.0000     0.0000     0.0000     0.0000     0.0000     0.0000 
Variation                  0.0000     0.0002     0.0001     0.0002     0.0002     0.0002     0.0001     0.0001     0.0001     0.0001     0.0002     0.0001     0.0002     0.0001     0.0002     0.0002     0.0002     0.0002 
Overlap                    0.0000     0.0000     0.0000     0.0000     0.0000     0.0000     0.0000     0.0000     0.0000     0.0000     0.0000     0.0000     0.0000     0.0000     0.0000     0.0000     0.0000     0.0000 
Load imbalance             0.0000     0.0000     0.0000     0.0000     0.0001     0.0001     0.0001     0.0001     0.0000     0.0000     0.0001     0.0001     0.0001     0.0000     0.0001     0.0001     0.0001     0.0001 
Execution time             0.0042     0.0042     0.0041     0.0041     0.0025     0.0040     0.0042     0.0042     0.0042     0.0042     0.0042     0.0042     0.0042     0.0042     0.0041     0.0041     0.0040     0.0040 
User CPU time              0.0003     0.0003     0.0003     0.0003     0.0002     0.0003     0.0003     0.0003     0.0003     0.0003     0.0003     0.0003     0.0003     0.0003     0.0003     0.0003     0.0003     0.0003 
Sys. CPU time              0.0000     0.0000     0.0000     0.0000     0.0000     0.0000     0.0000     0.0000     0.0000     0.0000     0.0000     0.0000     0.0000     0.0000     0.0000     0.0000     0.0000     0.0000 
I/O time                   0.0000     0.0000     0.0000     0.0000     0.0000     0.0000     0.0000     0.0000     0.0000     0.0000     0.0000     0.0000     0.0000     0.0000     0.0000     0.0000     0.0000     0.0000 
Processors                     18         18         18         18         18         18         18         18         18         18         18         18         18         18         18         18         18         18 
           Communication          
Reduction                  0.0000     0.0001     0.0001     0.0001     0.0001     0.0001     0.0001     0.0001     0.0001     0.0001     0.0001     0.0001     0.0001     0.0001     0.0001     0.0001     0.0001     0.0001 
           Synchronization        
I/O                        0.0000     0.0000     0.0000     0.0000     0.0000     0.0000     0.0000     0.0000     0.0000     0.0000     0.0000     0.0000     0.0000     0.0000     0.0000     0.0000     0.0000     0.0000 
Reduction                  0.0000     0.0000     0.0000     0.0000     0.0000     0.0000     0.0000     0.0000     0.0000     0.0000     0.0000     0.0000     0.0000     0.0000     0.0000     0.0000     0.0000     0.0000 
           Variation              
I/O                        0.0000     0.0002     0.0001     0.0002     0.0002     0.0002     0.0001     0.0001     0.0001     0.0001     0.0002     0.0001     0.0002     0.0001     0.0002     0.0002     0.0002     0.0002 
Reduction                  0.0000     0.0000     0.0000     0.0000     0.0000     0.0000     0.0000     0.0000     0.0000     0.0000     0.0000     0.0000     0.0000     0.0000     0.0000     0.0000     0.0000     0.0000 
           Overlap                
Reduction                  0.0000     0.0000     0.0000     0.0000     0.0000     0.0000     0.0000     0.0000     0.0000     0.0000     0.0000     0.0000     0.0000     0.0000     0.0000     0.0000     0.0000     0.0000 


-------------------------------------------------------------------------
Name (number) and performance time of processors
omp.keldysh.ru(1) 0.933978
omp.keldysh.ru(2) 0.933912
omp.keldysh.ru(3) 0.954654
omp.keldysh.ru(4) 0.954672
omp.keldysh.ru(5) 0.952831
omp.keldysh.ru(6) 0.952817
omp.keldysh.ru(7) 0.955534
omp.keldysh.ru(8) 0.955208
omp.keldysh.ru(9) 0.957256
omp.keldysh.ru(10) 0.957269
omp.keldysh.ru(11) 0.954006
omp.keldysh.ru(12) 0.954003
omp.keldysh.ru(13) 0.955433
omp.keldysh.ru(14) 0.955498
omp.keldysh.ru(15) 0.956841
omp.keldysh.ru(16) 0.956822
omp.keldysh.ru(17) 0.934031
omp.keldysh.ru(18) 0.934035
min - omp.keldysh.ru(2) 0.933912; max - omp.keldysh.ru(10) 0.957269; mid - 0.950489
