Processor system=2*1*3*3
Statistics has been accumulated on DVM-system version 5.0, platform DVM
Analyzer is executing on DVM-system version 5.0, platform DVM
-------------------------------------------------------------------------
INTERVAL ( NLINE=5 SOURCE=align44.f ) LEVEL=0  EXE_COUNT=2
--- The main characteristics --- 
Parallelization efficiency      0.0577 
Execution time                  0.0098 
Processors                          18
Threads amount                      18
Total time                      0.1760
Productive time                 0.0102 ( CPU= 0.0097 Sys= 0.0004 I/O= 0.0000 )
Lost  time                      0.1658 
   Insufficient parallelism     0.1181 ( User= 0.1103 Sys= 0.0078 )
   Communication                0.0126 ( Real_sync= 0.0000 Starts= 0.0000 )
   Idle time                    0.0351
Load imbalance                  0.0019
Synchronization                 0.0008
Time variation                  0.0035
Overlap                         0.0000
                  Nop   Communic    Synchro  Variation    Overlap 
I/O                10     0.0000     0.0006     0.0033     0.0000 
Reduction           8     0.0126     0.0002     0.0002     0.0000 
--- The comparative characteristics --- 
                              Tmin N proc      Tmax N proc      Tmid
Lost time                   0.0091    14     0.0093    17     0.0092 
User insufficient par.      0.0050    17     0.0080     9     0.0061 
Sys.insufficient par.       0.0003    17     0.0006     1     0.0004 
Idle time                   0.0000     9     0.0031    11     0.0019 
Communication               0.0006    11     0.0010    17     0.0007 
Synchronization             0.0000     6     0.0001    17     0.0000 
Variation                   0.0000     1     0.0003    17     0.0002 
Overlap                     0.0000    10     0.0000    14     0.0000 
Load imbalance              0.0000    14     0.0002    17     0.0001 
Execution time              0.0067    11     0.0098     9     0.0078 
User CPU time               0.0004    17     0.0006    14     0.0005 
Sys. CPU time               0.0000    17     0.0000    16     0.0000 
I/O time                    0.0000     6     0.0000     1     0.0000 
Processors                      18     1         18    18         18 
                      Communic          Synchro        Variation          Overlap  
I/O             Tmin    0.0000     1     0.0000     6     0.0000     1     0.0000     1 
I/O             Tmax    0.0000    18     0.0001    17     0.0002    17     0.0000    18 
I/O             Tmid    0.0000           0.0000           0.0002           0.0000       
Reduction       Tmin    0.0006    11     0.0000    14     0.0000     4     0.0000    10 
Reduction       Tmax    0.0010    17     0.0000    18     0.0000    18     0.0000    14 
Reduction       Tmid    0.0007           0.0000           0.0000           0.0000       
--- The execution characteristics --- 
                                1          2          3          4          5          6          7          8          9         10         11         12         13         14         15         16         17         18 
Lost time                  0.0092     0.0092     0.0093     0.0092     0.0091     0.0092     0.0093     0.0093     0.0091     0.0092     0.0092     0.0092     0.0092     0.0091     0.0092     0.0093     0.0093     0.0092 
User insufficient par.     0.0064     0.0065     0.0052     0.0061     0.0069     0.0069     0.0052     0.0052     0.0080     0.0058     0.0052     0.0052     0.0076     0.0076     0.0052     0.0052     0.0050     0.0071 
Sys.insufficient par.      0.0006     0.0004     0.0004     0.0004     0.0004     0.0004     0.0004     0.0004     0.0004     0.0004     0.0004     0.0004     0.0004     0.0004     0.0004     0.0005     0.0003     0.0004 
Idle time                  0.0016     0.0016     0.0030     0.0019     0.0012     0.0012     0.0030     0.0030     0.0000     0.0023     0.0031     0.0030     0.0004     0.0004     0.0029     0.0029     0.0030     0.0008 
Communication              0.0006     0.0007     0.0006     0.0006     0.0006     0.0007     0.0007     0.0007     0.0007     0.0007     0.0006     0.0006     0.0007     0.0007     0.0007     0.0007     0.0010     0.0009 
Synchronization            0.0000     0.0000     0.0000     0.0000     0.0000     0.0000     0.0000     0.0001     0.0001     0.0000     0.0000     0.0000     0.0000     0.0000     0.0000     0.0000     0.0001     0.0001 
Variation                  0.0000     0.0002     0.0002     0.0002     0.0002     0.0002     0.0002     0.0002     0.0002     0.0002     0.0002     0.0002     0.0002     0.0002     0.0002     0.0002     0.0003     0.0003 
Overlap                    0.0000     0.0000     0.0000     0.0000     0.0000     0.0000     0.0000     0.0000     0.0000     0.0000     0.0000     0.0000     0.0000     0.0000     0.0000     0.0000     0.0000     0.0000 
Load imbalance             0.0001     0.0000     0.0002     0.0000     0.0000     0.0001     0.0002     0.0002     0.0000     0.0001     0.0001     0.0001     0.0000     0.0000     0.0001     0.0002     0.0002     0.0001 
Execution time             0.0082     0.0082     0.0068     0.0078     0.0086     0.0086     0.0068     0.0068     0.0098     0.0074     0.0067     0.0068     0.0094     0.0094     0.0069     0.0069     0.0068     0.0090 
User CPU time              0.0005     0.0006     0.0005     0.0006     0.0006     0.0006     0.0005     0.0005     0.0006     0.0005     0.0005     0.0005     0.0006     0.0006     0.0005     0.0005     0.0004     0.0006 
Sys. CPU time              0.0000     0.0000     0.0000     0.0000     0.0000     0.0000     0.0000     0.0000     0.0000     0.0000     0.0000     0.0000     0.0000     0.0000     0.0000     0.0000     0.0000     0.0000 
I/O time                   0.0000     0.0000     0.0000     0.0000     0.0000     0.0000     0.0000     0.0000     0.0000     0.0000     0.0000     0.0000     0.0000     0.0000     0.0000     0.0000     0.0000     0.0000 
Processors                     18         18         18         18         18         18         18         18         18         18         18         18         18         18         18         18         18         18 
           Communication          
Reduction                  0.0006     0.0007     0.0006     0.0006     0.0006     0.0007     0.0007     0.0007     0.0007     0.0007     0.0006     0.0006     0.0007     0.0007     0.0007     0.0007     0.0010     0.0009 
           Synchronization        
I/O                        0.0000     0.0000     0.0000     0.0000     0.0000     0.0000     0.0000     0.0000     0.0000     0.0000     0.0000     0.0000     0.0000     0.0000     0.0000     0.0000     0.0001     0.0001 
Reduction                  0.0000     0.0000     0.0000     0.0000     0.0000     0.0000     0.0000     0.0000     0.0000     0.0000     0.0000     0.0000     0.0000     0.0000     0.0000     0.0000     0.0000     0.0000 
           Variation              
I/O                        0.0000     0.0002     0.0002     0.0002     0.0002     0.0002     0.0002     0.0002     0.0002     0.0002     0.0002     0.0002     0.0002     0.0002     0.0002     0.0002     0.0002     0.0002 
Reduction                  0.0000     0.0000     0.0000     0.0000     0.0000     0.0000     0.0000     0.0000     0.0000     0.0000     0.0000     0.0000     0.0000     0.0000     0.0000     0.0000     0.0000     0.0000 
           Overlap                
Reduction                  0.0000     0.0000     0.0000     0.0000     0.0000     0.0000     0.0000     0.0000     0.0000     0.0000     0.0000     0.0000     0.0000     0.0000     0.0000     0.0000     0.0000     0.0000 


-------------------------------------------------------------------------
Name (number) and performance time of processors
omp.keldysh.ru(1) 0.934024
omp.keldysh.ru(2) 0.933933
omp.keldysh.ru(3) 0.949566
omp.keldysh.ru(4) 0.949902
omp.keldysh.ru(5) 0.954724
omp.keldysh.ru(6) 0.954752
omp.keldysh.ru(7) 0.954925
omp.keldysh.ru(8) 0.955218
omp.keldysh.ru(9) 0.954811
omp.keldysh.ru(10) 0.954811
omp.keldysh.ru(11) 0.956493
omp.keldysh.ru(12) 0.956474
omp.keldysh.ru(13) 0.954918
omp.keldysh.ru(14) 0.954927
omp.keldysh.ru(15) 0.955365
omp.keldysh.ru(16) 0.955381
omp.keldysh.ru(17) 0.933936
omp.keldysh.ru(18) 0.933930
min - omp.keldysh.ru(18) 0.933930; max - omp.keldysh.ru(11) 0.956493; mid - 0.949894
