Processor system=2*1*4*2
Statistics has been accumulated on DVM-system version 5.0, platform DVM
Analyzer is executing on DVM-system version 5.0, platform DVM
-------------------------------------------------------------------------
INTERVAL ( NLINE=7 SOURCE=rem41.f ) LEVEL=0  EXE_COUNT=1
--- The main characteristics --- 
Parallelization efficiency      0.0481 
Execution time                  0.3235 
Processors                          16
Threads amount                      16
Total time                      5.1763
Productive time                 0.2492 ( CPU= 0.0154 Sys= 0.2338 I/O= 0.0000 )
Lost  time                      4.9271 
   Insufficient parallelism     3.6443 ( User= 0.1375 Sys= 3.5068 )
   Communication                1.2798 ( Real_sync= 0.0000 Starts= 0.0000 )
   Idle time                    0.0030
Load imbalance                  0.0465
Synchronization                 1.8345
Time variation                  1.2100
Overlap                         0.0004
                  Nop   Communic    Synchro  Variation    Overlap 
I/O                16     0.0000     0.0050     0.0079     0.0000 
Reduction           7     0.0054     0.0001     0.0001     0.0000 
Remote access    4155     1.2744     1.8294     1.2020     0.0004 
--- The comparative characteristics --- 
                              Tmin N proc      Tmax N proc      Tmid
Lost time                   0.3050     8     0.3138    13     0.3079 
User insufficient par.      0.0051    15     0.0115     8     0.0086 
Sys.insufficient par.       0.1351    13     0.2595     8     0.2192 
Idle time                   0.0000     6     0.0014    15     0.0002 
Communication               0.0340     8     0.1730    13     0.0800 
Synchronization             0.0542    10     0.2070    13     0.1147 
Variation                   0.0282    10     0.1240    16     0.0756 
Overlap                     0.0000    13     0.0001    10     0.0000 
Load imbalance              0.0000     8     0.0088    13     0.0029 
Execution time              0.3221    15     0.3235     6     0.3233 
User CPU time               0.0007    15     0.0012     8     0.0010 
Sys. CPU time               0.0090    13     0.0173     8     0.0146 
I/O time                    0.0000    15     0.0000     1     0.0000 
Processors                      16     1         16    16         16 
                      Communic          Synchro        Variation          Overlap  
I/O             Tmin    0.0000     1     0.0002     6     0.0002     1     0.0000     1 
I/O             Tmax    0.0000    16     0.0005    13     0.0007    13     0.0000    16 
I/O             Tmid    0.0000           0.0003           0.0005           0.0000       
Reduction       Tmin    0.0002     5     0.0000     6     0.0000     6     0.0000     1 
Reduction       Tmax    0.0008    13     0.0000     2     0.0000    13     0.0000     6 
Reduction       Tmid    0.0003           0.0000           0.0000           0.0000       
Remote access   Tmin    0.0338     8     0.0540    10     0.0278    10     0.0000    13 
Remote access   Tmax    0.1722    13     0.2065    13     0.1233    16     0.0001    10 
Remote access   Tmid    0.0796           0.1143           0.0751           0.0000       
--- The execution characteristics --- 
                                1          2          3          4          5          6          7          8          9         10         11         12         13         14         15         16 
Lost time                  0.3065     0.3058     0.3065     0.3058     0.3065     0.3057     0.3058     0.3050     0.3071     0.3059     0.3070     0.3061     0.3138     0.3133     0.3134     0.3128 
User insufficient par.     0.0090     0.0103     0.0078     0.0102     0.0091     0.0104     0.0102     0.0115     0.0080     0.0093     0.0079     0.0094     0.0057     0.0064     0.0051     0.0071 
Sys.insufficient par.      0.2402     0.2499     0.2402     0.2495     0.2399     0.2499     0.2494     0.2595     0.2327     0.2490     0.2332     0.2451     0.1351     0.1422     0.1420     0.1489 
Idle time                  0.0000     0.0000     0.0014     0.0001     0.0000     0.0000     0.0000     0.0000     0.0000     0.0000     0.0000     0.0000     0.0000     0.0000     0.0014     0.0001 
Communication              0.0572     0.0456     0.0571     0.0460     0.0574     0.0455     0.0461     0.0340     0.0664     0.0477     0.0658     0.0516     0.1730     0.1646     0.1649     0.1567 
Synchronization            0.1102     0.0893     0.1083     0.0884     0.0769     0.0572     0.0859     0.0655     0.1092     0.0542     0.1092     0.0942     0.2070     0.1973     0.1958     0.1860 
Variation                  0.0736     0.0711     0.0720     0.0704     0.0412     0.0401     0.0670     0.0654     0.0627     0.0282     0.0619     0.0676     0.1208     0.1235     0.1207     0.1240 
Overlap                    0.0000     0.0000     0.0000     0.0000     0.0001     0.0001     0.0001     0.0001     0.0000     0.0001     0.0000     0.0000     0.0000     0.0000     0.0000     0.0000 
Load imbalance             0.0015     0.0007     0.0015     0.0007     0.0014     0.0007     0.0008     0.0000     0.0021     0.0009     0.0020     0.0010     0.0088     0.0083     0.0084     0.0078 
Execution time             0.3235     0.3235     0.3221     0.3234     0.3235     0.3235     0.3235     0.3235     0.3235     0.3235     0.3235     0.3235     0.3235     0.3235     0.3221     0.3234 
User CPU time              0.0010     0.0011     0.0010     0.0011     0.0011     0.0011     0.0011     0.0012     0.0009     0.0010     0.0010     0.0011     0.0007     0.0007     0.0007     0.0008 
Sys. CPU time              0.0160     0.0167     0.0160     0.0166     0.0160     0.0167     0.0166     0.0173     0.0155     0.0166     0.0155     0.0163     0.0090     0.0095     0.0095     0.0099 
I/O time                   0.0000     0.0000     0.0000     0.0000     0.0000     0.0000     0.0000     0.0000     0.0000     0.0000     0.0000     0.0000     0.0000     0.0000     0.0000     0.0000 
Processors                     16         16         16         16         16         16         16         16         16         16         16         16         16         16         16         16 
           Communication          
Reduction                  0.0002     0.0002     0.0002     0.0002     0.0002     0.0002     0.0002     0.0002     0.0002     0.0002     0.0002     0.0002     0.0008     0.0008     0.0008     0.0008 
Remote access              0.0570     0.0453     0.0569     0.0458     0.0572     0.0454     0.0459     0.0338     0.0661     0.0475     0.0656     0.0515     0.1722     0.1639     0.1642     0.1560 
           Synchronization        
I/O                        0.0003     0.0003     0.0003     0.0003     0.0002     0.0002     0.0003     0.0003     0.0003     0.0002     0.0003     0.0003     0.0005     0.0005     0.0005     0.0005 
Reduction                  0.0000     0.0000     0.0000     0.0000     0.0000     0.0000     0.0000     0.0000     0.0000     0.0000     0.0000     0.0000     0.0000     0.0000     0.0000     0.0000 
Remote access              0.1100     0.0890     0.1080     0.0881     0.0767     0.0570     0.0856     0.0652     0.1089     0.0540     0.1089     0.0939     0.2065     0.1968     0.1953     0.1855 
           Variation              
I/O                        0.0002     0.0005     0.0005     0.0005     0.0004     0.0004     0.0005     0.0005     0.0005     0.0004     0.0005     0.0005     0.0007     0.0007     0.0007     0.0007 
Reduction                  0.0000     0.0000     0.0000     0.0000     0.0000     0.0000     0.0000     0.0000     0.0000     0.0000     0.0000     0.0000     0.0000     0.0000     0.0000     0.0000 
Remote access              0.0734     0.0706     0.0716     0.0699     0.0408     0.0397     0.0665     0.0649     0.0622     0.0278     0.0614     0.0671     0.1201     0.1228     0.1201     0.1233 
           Overlap                
Reduction                  0.0000     0.0000     0.0000     0.0000     0.0000     0.0000     0.0000     0.0000     0.0000     0.0000     0.0000     0.0000     0.0000     0.0000     0.0000     0.0000 
Remote access              0.0000     0.0000     0.0000     0.0000     0.0001     0.0001     0.0001     0.0001     0.0000     0.0001     0.0000     0.0000     0.0000     0.0000     0.0000     0.0000 


-------------------------------------------------------------------------
Name (number) and performance time of processors
omp.keldysh.ru(1) 0.935350
omp.keldysh.ru(2) 0.935301
omp.keldysh.ru(3) 0.960663
omp.keldysh.ru(4) 0.960677
omp.keldysh.ru(5) 0.959134
omp.keldysh.ru(6) 0.959140
omp.keldysh.ru(7) 0.959507
omp.keldysh.ru(8) 0.959510
omp.keldysh.ru(9) 0.959268
omp.keldysh.ru(10) 0.959273
omp.keldysh.ru(11) 0.961014
omp.keldysh.ru(12) 0.960987
omp.keldysh.ru(13) 0.958748
omp.keldysh.ru(14) 0.959015
omp.keldysh.ru(15) 0.960655
omp.keldysh.ru(16) 0.960614
min - omp.keldysh.ru(2) 0.935301; max - omp.keldysh.ru(11) 0.961014; mid - 0.956804
