Processor system=6*3*1*1
Statistics has been accumulated on DVM-system version 5.0, platform DVM
Analyzer is executing on DVM-system version 5.0, platform DVM
-------------------------------------------------------------------------
INTERVAL ( NLINE=7 SOURCE=rem42.f ) LEVEL=0  EXE_COUNT=2
--- The main characteristics --- 
Parallelization efficiency      0.0433 
Execution time                  0.0456 
Processors                          18
Threads amount                      18
Total time                      0.8207
Productive time                 0.0355 ( CPU= 0.0128 Sys= 0.0227 I/O= 0.0000 )
Lost  time                      0.7852 
   Insufficient parallelism     0.6035 ( User= 0.2169 Sys= 0.3865 )
   Communication                0.1585 ( Real_sync= 0.0000 Starts= 0.0000 )
   Idle time                    0.0233
Load imbalance                  0.0099
Synchronization               119.0807
Time variation                119.0850
Overlap                         0.0002
                  Nop   Communic    Synchro  Variation    Overlap 
I/O                17     0.0000     0.4874     0.4898     0.0000 
Reduction           8     0.1585     0.0225     0.0225     0.0000 
Remote access    4155     0.0000   118.5708   118.5727     0.0002 
--- The comparative characteristics --- 
                              Tmin N proc      Tmax N proc      Tmid
Lost time                   0.0431    12     0.0442    17     0.0436 
User insufficient par.      0.0092    17     0.0152    12     0.0121 
Sys.insufficient par.       0.0153    17     0.0277    11     0.0215 
Idle time                   0.0000    12     0.0020     3     0.0013 
Communication               0.0002    11     0.0177    17     0.0088 
Synchronization             0.0001    12    12.8887    17     6.6156 
Variation                   0.0003    12    12.8891    17     6.6158 
Overlap                     0.0000     1     0.0002    12     0.0000 
Load imbalance              0.0000    12     0.0011    17     0.0005 
Execution time              0.0436     3     0.0456    12     0.0443 
User CPU time               0.0005    17     0.0009    12     0.0007 
Sys. CPU time               0.0009    17     0.0016    11     0.0013 
I/O time                    0.0000    14     0.0000     1     0.0000 
Processors                      18     1         18    18         18 
                      Communic          Synchro        Variation          Overlap  
I/O             Tmin    0.0000     1     0.0000    12     0.0002    12     0.0000     1 
I/O             Tmax    0.0000    18     0.0517    17     0.0519    17     0.0000    18 
I/O             Tmid    0.0000           0.0271           0.0272           0.0000       
Reduction       Tmin    0.0002    11     0.0000    12     0.0000    11     0.0000     1 
Reduction       Tmax    0.0177    17     0.0017    17     0.0017    17     0.0000    12 
Reduction       Tmid    0.0088           0.0013           0.0012           0.0000       
Remote access   Tmin    0.0000     1     0.0001    12     0.0001    12     0.0000     1 
Remote access   Tmax    0.0000    18    12.8353    17    12.8355    17     0.0002    12 
Remote access   Tmid    0.0000           6.5873           6.5874           0.0000       
--- The execution characteristics --- 
                                1          2          3          4          5          6          7          8          9         10         11         12         13         14         15         16         17         18 
Lost time                  0.0436     0.0437     0.0437     0.0437     0.0437     0.0436     0.0436     0.0436     0.0436     0.0437     0.0431     0.0431     0.0435     0.0435     0.0437     0.0437     0.0442     0.0441 
User insufficient par.     0.0124     0.0115     0.0115     0.0115     0.0114     0.0129     0.0127     0.0120     0.0122     0.0114     0.0142     0.0152     0.0131     0.0131     0.0115     0.0116     0.0092     0.0094 
Sys.insufficient par.      0.0217     0.0214     0.0213     0.0213     0.0215     0.0214     0.0212     0.0211     0.0215     0.0215     0.0277     0.0276     0.0218     0.0218     0.0213     0.0213     0.0153     0.0159 
Idle time                  0.0008     0.0019     0.0020     0.0019     0.0019     0.0005     0.0005     0.0013     0.0011     0.0019     0.0011     0.0000     0.0003     0.0003     0.0019     0.0019     0.0019     0.0019 
Communication              0.0087     0.0088     0.0089     0.0089     0.0088     0.0088     0.0091     0.0092     0.0088     0.0088     0.0002     0.0002     0.0084     0.0084     0.0089     0.0089     0.0177     0.0169 
Synchronization            6.5773     6.5774     6.8124     6.7862     6.6792     6.6761     6.9616     6.9654     6.7110     6.7110     0.0156     0.0001     6.4817     6.4686     6.7407     6.7422    12.8887    12.2854 
Variation                  6.5773     6.5776     6.8126     6.7864     6.6794     6.6763     6.9618     6.9657     6.7113     6.7113     0.0158     0.0003     6.4820     6.4689     6.7410     6.7425    12.8891    12.2858 
Overlap                    0.0000     0.0000     0.0000     0.0000     0.0000     0.0000     0.0000     0.0000     0.0000     0.0000     0.0000     0.0002     0.0000     0.0000     0.0000     0.0000     0.0000     0.0000 
Load imbalance             0.0005     0.0006     0.0006     0.0006     0.0006     0.0005     0.0005     0.0006     0.0005     0.0006     0.0001     0.0000     0.0005     0.0005     0.0006     0.0006     0.0011     0.0010 
Execution time             0.0448     0.0437     0.0436     0.0436     0.0437     0.0451     0.0451     0.0443     0.0445     0.0437     0.0445     0.0456     0.0453     0.0453     0.0437     0.0437     0.0436     0.0437 
User CPU time              0.0007     0.0007     0.0007     0.0007     0.0007     0.0008     0.0007     0.0007     0.0007     0.0007     0.0008     0.0009     0.0008     0.0008     0.0007     0.0007     0.0005     0.0006 
Sys. CPU time              0.0013     0.0013     0.0013     0.0013     0.0013     0.0013     0.0012     0.0012     0.0013     0.0013     0.0016     0.0016     0.0013     0.0013     0.0013     0.0013     0.0009     0.0009 
I/O time                   0.0000     0.0000     0.0000     0.0000     0.0000     0.0000     0.0000     0.0000     0.0000     0.0000     0.0000     0.0000     0.0000     0.0000     0.0000     0.0000     0.0000     0.0000 
Processors                     18         18         18         18         18         18         18         18         18         18         18         18         18         18         18         18         18         18 
           Communication          
Reduction                  0.0087     0.0088     0.0089     0.0089     0.0088     0.0088     0.0091     0.0092     0.0088     0.0088     0.0002     0.0002     0.0084     0.0084     0.0089     0.0089     0.0177     0.0169 
           Synchronization        
I/O                        0.0271     0.0271     0.0281     0.0280     0.0275     0.0275     0.0286     0.0286     0.0277     0.0277     0.0001     0.0000     0.0267     0.0267     0.0276     0.0277     0.0517     0.0490 
Reduction                  0.0013     0.0013     0.0014     0.0014     0.0014     0.0014     0.0014     0.0014     0.0014     0.0014     0.0000     0.0000     0.0014     0.0014     0.0013     0.0013     0.0017     0.0014 
Remote access              6.5489     6.5489     6.7829     6.7568     6.6503     6.6472     6.9315     6.9354     6.6820     6.6820     0.0155     0.0001     6.4536     6.4406     6.7118     6.7132    12.8353    12.2349 
           Variation              
I/O                        0.0270     0.0273     0.0282     0.0281     0.0277     0.0277     0.0288     0.0288     0.0278     0.0278     0.0002     0.0002     0.0269     0.0268     0.0278     0.0278     0.0519     0.0492 
Reduction                  0.0013     0.0013     0.0014     0.0014     0.0014     0.0014     0.0014     0.0014     0.0014     0.0014     0.0000     0.0000     0.0014     0.0014     0.0013     0.0013     0.0017     0.0014 
Remote access              6.5490     6.5490     6.7830     6.7569     6.6503     6.6473     6.9316     6.9355     6.6821     6.6821     0.0155     0.0001     6.4537     6.4407     6.7119     6.7133    12.8355    12.2352 
           Overlap                
Reduction                  0.0000     0.0000     0.0000     0.0000     0.0000     0.0000     0.0000     0.0000     0.0000     0.0000     0.0000     0.0000     0.0000     0.0000     0.0000     0.0000     0.0000     0.0000 
Remote access              0.0000     0.0000     0.0000     0.0000     0.0000     0.0000     0.0000     0.0000     0.0000     0.0000     0.0000     0.0002     0.0000     0.0000     0.0000     0.0000     0.0000     0.0000 


-------------------------------------------------------------------------
Name (number) and performance time of processors
omp.keldysh.ru(1) 0.935458
omp.keldysh.ru(2) 0.935375
omp.keldysh.ru(3) 0.958466
omp.keldysh.ru(4) 0.958503
omp.keldysh.ru(5) 0.959593
omp.keldysh.ru(6) 0.959523
omp.keldysh.ru(7) 0.960593
omp.keldysh.ru(8) 0.960286
omp.keldysh.ru(9) 0.958307
omp.keldysh.ru(10) 0.958291
omp.keldysh.ru(11) 0.958138
omp.keldysh.ru(12) 0.958117
omp.keldysh.ru(13) 0.956030
omp.keldysh.ru(14) 0.956001
omp.keldysh.ru(15) 0.935315
omp.keldysh.ru(16) 0.935351
omp.keldysh.ru(17) 0.959168
omp.keldysh.ru(18) 0.959138
min - omp.keldysh.ru(15) 0.935315; max - omp.keldysh.ru(7) 0.960593; mid - 0.953425
