Processor system=1*1*3*6
Statistics has been accumulated on DVM-system version 5.0, platform DVM
Analyzer is executing on DVM-system version 5.0, platform DVM
-------------------------------------------------------------------------
INTERVAL ( NLINE=7 SOURCE=sh42.f ) LEVEL=0  EXE_COUNT=2
--- The main characteristics --- 
Parallelization efficiency      0.0490 
Execution time                  0.2411 
Processors                          18
Threads amount                      18
Total time                      4.3396
Productive time                 0.2128 ( CPU= 0.2108 Sys= 0.0019 I/O= 0.0000 )
Lost  time                      4.1268 
   Insufficient parallelism     3.6173 ( User= 3.5836 Sys= 0.0337 )
   Communication                0.0052 ( Real_sync= 0.0000 Starts= 0.0000 )
   Idle time                    0.5043
Load imbalance                  0.0280
Synchronization                 1.9923
Time variation                  1.9944
Overlap                         0.0000
                  Nop   Communic    Synchro  Variation    Overlap 
I/O                12     0.0000     0.9637     0.9658     0.0000 
Reduction          10     0.0052     0.5062     0.5062     0.0000 
Shadow             10     0.0000     0.5224     0.5224     0.0000 
--- The comparative characteristics --- 
                              Tmin N proc      Tmax N proc      Tmid
Lost time                   0.2277     4     0.2372    18     0.2293 
User insufficient par.      0.0642    18     0.2252     4     0.1991 
Sys.insufficient par.       0.0012    17     0.0023    16     0.0019 
Idle time                   0.0000     4     0.1714    18     0.0280 
Communication               0.0002     9     0.0004    18     0.0003 
Synchronization             0.0004    15     0.7203    18     0.1107 
Variation                   0.0006    15     0.7204    18     0.1108 
Overlap                     0.0000     2     0.0000    15     0.0000 
Load imbalance              0.0000     4     0.0095    18     0.0016 
Execution time              0.0696    18     0.2411     4     0.2131 
User CPU time               0.0038    18     0.0132     4     0.0117 
Sys. CPU time               0.0001    17     0.0001    16     0.0001 
I/O time                    0.0000     7     0.0000     1     0.0000 
Processors                      18     1         18    18         18 
                      Communic          Synchro        Variation          Overlap  
I/O             Tmin    0.0000     1     0.0002    15     0.0003    15     0.0000     1 
I/O             Tmax    0.0000    18     0.3536    18     0.3537    18     0.0000    18 
I/O             Tmid    0.0000           0.0535           0.0537           0.0000       
Reduction       Tmin    0.0002     9     0.0001    15     0.0001    15     0.0000     1 
Reduction       Tmax    0.0004    18     0.1842    18     0.1842    18     0.0000    15 
Reduction       Tmid    0.0003           0.0281           0.0281           0.0000       
Shadow          Tmin    0.0000     1     0.0002    15     0.0002    15     0.0000     2 
Shadow          Tmax    0.0000    18     0.1825    18     0.1825    18     0.0000    15 
Shadow          Tmid    0.0000           0.0290           0.0290           0.0000       
--- The execution characteristics --- 
                                1          2          3          4          5          6          7          8          9         10         11         12         13         14         15         16         17         18 
Lost time                  0.2306     0.2307     0.2279     0.2277     0.2280     0.2280     0.2278     0.2279     0.2279     0.2280     0.2281     0.2281     0.2279     0.2280     0.2278     0.2279     0.2372     0.2372 
User insufficient par.     0.1765     0.1747     0.2227     0.2252     0.2213     0.2205     0.2232     0.2221     0.2220     0.2210     0.2183     0.2188     0.2225     0.2209     0.2236     0.2219     0.0643     0.0642 
Sys.insufficient par.      0.0021     0.0022     0.0023     0.0022     0.0018     0.0016     0.0021     0.0018     0.0016     0.0015     0.0021     0.0015     0.0022     0.0019     0.0021     0.0023     0.0012     0.0012 
Idle time                  0.0518     0.0535     0.0026     0.0000     0.0045     0.0057     0.0022     0.0037     0.0041     0.0053     0.0075     0.0076     0.0030     0.0049     0.0018     0.0034     0.1714     0.1714 
Communication              0.0003     0.0003     0.0003     0.0003     0.0003     0.0003     0.0003     0.0003     0.0002     0.0003     0.0003     0.0003     0.0003     0.0003     0.0003     0.0003     0.0004     0.0004 
Synchronization            0.2007     0.2147     0.0038     0.0032     0.0058     0.0132     0.0064     0.0105     0.0112     0.0131     0.0340     0.0213     0.0043     0.0077     0.0004     0.0026     0.7191     0.7203 
Variation                  0.2004     0.2148     0.0039     0.0034     0.0059     0.0134     0.0066     0.0106     0.0114     0.0133     0.0341     0.0214     0.0044     0.0078     0.0006     0.0027     0.7192     0.7204 
Overlap                    0.0000     0.0000     0.0000     0.0000     0.0000     0.0000     0.0000     0.0000     0.0000     0.0000     0.0000     0.0000     0.0000     0.0000     0.0000     0.0000     0.0000     0.0000 
Load imbalance             0.0029     0.0030     0.0001     0.0000     0.0002     0.0003     0.0001     0.0002     0.0002     0.0003     0.0004     0.0004     0.0002     0.0003     0.0001     0.0002     0.0095     0.0095 
Execution time             0.1893     0.1876     0.2385     0.2411     0.2366     0.2354     0.2389     0.2374     0.2370     0.2358     0.2336     0.2335     0.2381     0.2362     0.2393     0.2377     0.0697     0.0696 
User CPU time              0.0104     0.0103     0.0131     0.0132     0.0130     0.0130     0.0131     0.0131     0.0131     0.0130     0.0128     0.0129     0.0131     0.0130     0.0132     0.0131     0.0038     0.0038 
Sys. CPU time              0.0001     0.0001     0.0001     0.0001     0.0001     0.0001     0.0001     0.0001     0.0001     0.0001     0.0001     0.0001     0.0001     0.0001     0.0001     0.0001     0.0001     0.0001 
I/O time                   0.0000     0.0000     0.0000     0.0000     0.0000     0.0000     0.0000     0.0000     0.0000     0.0000     0.0000     0.0000     0.0000     0.0000     0.0000     0.0000     0.0000     0.0000 
Processors                     18         18         18         18         18         18         18         18         18         18         18         18         18         18         18         18         18         18 
           Communication          
Reduction                  0.0003     0.0003     0.0003     0.0003     0.0003     0.0003     0.0003     0.0003     0.0002     0.0003     0.0003     0.0003     0.0003     0.0003     0.0003     0.0003     0.0004     0.0004 
           Synchronization        
I/O                        0.1000     0.1055     0.0007     0.0008     0.0023     0.0047     0.0024     0.0035     0.0041     0.0050     0.0126     0.0100     0.0015     0.0028     0.0002     0.0006     0.3534     0.3536 
Reduction                  0.0500     0.0541     0.0006     0.0008     0.0017     0.0030     0.0020     0.0026     0.0032     0.0035     0.0074     0.0052     0.0014     0.0021     0.0001     0.0004     0.1840     0.1842 
Shadow                     0.0507     0.0551     0.0024     0.0016     0.0018     0.0056     0.0020     0.0043     0.0039     0.0046     0.0140     0.0061     0.0015     0.0028     0.0002     0.0016     0.1817     0.1825 
           Variation              
I/O                        0.0997     0.1057     0.0009     0.0010     0.0024     0.0048     0.0026     0.0037     0.0043     0.0051     0.0127     0.0101     0.0016     0.0029     0.0003     0.0007     0.3535     0.3537 
Reduction                  0.0500     0.0541     0.0006     0.0008     0.0017     0.0030     0.0020     0.0026     0.0032     0.0035     0.0074     0.0052     0.0014     0.0021     0.0001     0.0004     0.1840     0.1842 
Shadow                     0.0507     0.0551     0.0024     0.0016     0.0018     0.0056     0.0020     0.0043     0.0039     0.0046     0.0140     0.0061     0.0015     0.0028     0.0002     0.0016     0.1817     0.1825 
           Overlap                
Reduction                  0.0000     0.0000     0.0000     0.0000     0.0000     0.0000     0.0000     0.0000     0.0000     0.0000     0.0000     0.0000     0.0000     0.0000     0.0000     0.0000     0.0000     0.0000 
Shadow                     0.0000     0.0000     0.0000     0.0000     0.0000     0.0000     0.0000     0.0000     0.0000     0.0000     0.0000     0.0000     0.0000     0.0000     0.0000     0.0000     0.0000     0.0000 


-------------------------------------------------------------------------
Name (number) and performance time of processors
omp.keldysh.ru(1) 0.935460
omp.keldysh.ru(2) 0.935372
omp.keldysh.ru(3) 0.957387
omp.keldysh.ru(4) 0.957398
omp.keldysh.ru(5) 0.957207
omp.keldysh.ru(6) 0.957525
omp.keldysh.ru(7) 0.953782
omp.keldysh.ru(8) 0.953678
omp.keldysh.ru(9) 0.958177
omp.keldysh.ru(10) 0.958152
omp.keldysh.ru(11) 0.956666
omp.keldysh.ru(12) 0.956659
omp.keldysh.ru(13) 0.956496
omp.keldysh.ru(14) 0.956498
omp.keldysh.ru(15) 0.957002
omp.keldysh.ru(16) 0.957001
omp.keldysh.ru(17) 0.956519
omp.keldysh.ru(18) 0.956413
min - omp.keldysh.ru(2) 0.935372; max - omp.keldysh.ru(9) 0.958177; mid - 0.954300
