Processor system=1*6*3*1
Statistics has been accumulated on DVM-system version 5.0, platform DVM
Analyzer is executing on DVM-system version 5.0, platform DVM
-------------------------------------------------------------------------
INTERVAL ( NLINE=5 SOURCE=parallel4.f ) LEVEL=0  EXE_COUNT=2
--- The main characteristics --- 
Parallelization efficiency      0.0721 
Execution time                  0.0053 
Processors                          18
Threads amount                      18
Total time                      0.0949
Productive time                 0.0068 ( CPU= 0.0065 Sys= 0.0003 I/O= 0.0000 )
Lost  time                      0.0881 
   Insufficient parallelism     0.0766 ( User= 0.0712 Sys= 0.0054 )
   Communication                0.0095 ( Real_sync= 0.0000 Starts= 0.0000 )
   Idle time                    0.0019
Load imbalance                  0.0006
Synchronization                 0.0017
Time variation                  0.0038
Overlap                         0.0000
                  Nop   Communic    Synchro  Variation    Overlap 
I/O                 8     0.0000     0.0013     0.0035     0.0000 
Reduction           5     0.0095     0.0004     0.0003     0.0000 
--- The comparative characteristics --- 
                              Tmin N proc      Tmax N proc      Tmid
Lost time                   0.0049    12     0.0049     3     0.0049 
User insufficient par.      0.0036     8     0.0041     2     0.0040 
Sys.insufficient par.       0.0002    18     0.0005     1     0.0003 
Idle time                   0.0000     2     0.0005     8     0.0001 
Communication               0.0005     1     0.0007    17     0.0005 
Synchronization             0.0000     8     0.0002    18     0.0001 
Variation                   0.0000     1     0.0003    18     0.0002 
Overlap                     0.0000     1     0.0000    17     0.0000 
Load imbalance              0.0000    12     0.0001     3     0.0000 
Execution time              0.0047     8     0.0053     2     0.0052 
User CPU time               0.0003     3     0.0004    12     0.0004 
Sys. CPU time               0.0000    18     0.0000     5     0.0000 
I/O time                    0.0000    18     0.0000     1     0.0000 
Processors                      18     1         18    18         18 
                      Communic          Synchro        Variation          Overlap  
I/O             Tmin    0.0000     1     0.0000     8     0.0000     1     0.0000     1 
I/O             Tmax    0.0000    18     0.0001    18     0.0003    18     0.0000    18 
I/O             Tmid    0.0000           0.0001           0.0002           0.0000       
Reduction       Tmin    0.0005     1     0.0000    17     0.0000    17     0.0000     1 
Reduction       Tmax    0.0007    17     0.0000     9     0.0000     6     0.0000    17 
Reduction       Tmid    0.0005           0.0000           0.0000           0.0000       
--- The execution characteristics --- 
                                1          2          3          4          5          6          7          8          9         10         11         12         13         14         15         16         17         18 
Lost time                  0.0049     0.0049     0.0049     0.0049     0.0049     0.0049     0.0049     0.0049     0.0049     0.0049     0.0049     0.0049     0.0049     0.0049     0.0049     0.0049     0.0049     0.0049 
User insufficient par.     0.0040     0.0041     0.0037     0.0036     0.0040     0.0041     0.0040     0.0036     0.0041     0.0040     0.0040     0.0041     0.0040     0.0039     0.0041     0.0040     0.0040     0.0040 
Sys.insufficient par.      0.0005     0.0003     0.0003     0.0003     0.0003     0.0003     0.0003     0.0003     0.0003     0.0003     0.0003     0.0003     0.0003     0.0003     0.0003     0.0003     0.0003     0.0002 
Idle time                  0.0000     0.0000     0.0005     0.0005     0.0000     0.0000     0.0001     0.0005     0.0000     0.0000     0.0000     0.0000     0.0001     0.0001     0.0000     0.0000     0.0000     0.0000 
Communication              0.0005     0.0005     0.0005     0.0005     0.0005     0.0005     0.0005     0.0005     0.0005     0.0005     0.0006     0.0005     0.0006     0.0006     0.0005     0.0005     0.0007     0.0007 
Synchronization            0.0001     0.0000     0.0002     0.0001     0.0001     0.0002     0.0001     0.0000     0.0001     0.0001     0.0000     0.0001     0.0001     0.0000     0.0002     0.0001     0.0001     0.0002 
Variation                  0.0000     0.0002     0.0003     0.0002     0.0002     0.0003     0.0002     0.0001     0.0003     0.0002     0.0002     0.0003     0.0002     0.0002     0.0003     0.0002     0.0002     0.0003 
Overlap                    0.0000     0.0000     0.0000     0.0000     0.0000     0.0000     0.0000     0.0000     0.0000     0.0000     0.0000     0.0000     0.0000     0.0000     0.0000     0.0000     0.0000     0.0000 
Load imbalance             0.0000     0.0000     0.0001     0.0000     0.0000     0.0000     0.0000     0.0000     0.0000     0.0000     0.0000     0.0000     0.0000     0.0000     0.0000     0.0000     0.0001     0.0001 
Execution time             0.0053     0.0053     0.0048     0.0048     0.0053     0.0053     0.0052     0.0047     0.0052     0.0052     0.0053     0.0053     0.0052     0.0052     0.0053     0.0053     0.0053     0.0053 
User CPU time              0.0003     0.0004     0.0003     0.0004     0.0004     0.0004     0.0004     0.0004     0.0004     0.0004     0.0004     0.0004     0.0003     0.0003     0.0004     0.0004     0.0003     0.0003 
Sys. CPU time              0.0000     0.0000     0.0000     0.0000     0.0000     0.0000     0.0000     0.0000     0.0000     0.0000     0.0000     0.0000     0.0000     0.0000     0.0000     0.0000     0.0000     0.0000 
I/O time                   0.0000     0.0000     0.0000     0.0000     0.0000     0.0000     0.0000     0.0000     0.0000     0.0000     0.0000     0.0000     0.0000     0.0000     0.0000     0.0000     0.0000     0.0000 
Processors                     18         18         18         18         18         18         18         18         18         18         18         18         18         18         18         18         18         18 
           Communication          
Reduction                  0.0005     0.0005     0.0005     0.0005     0.0005     0.0005     0.0005     0.0005     0.0005     0.0005     0.0006     0.0005     0.0006     0.0006     0.0005     0.0005     0.0007     0.0007 
           Synchronization        
I/O                        0.0001     0.0000     0.0001     0.0000     0.0001     0.0001     0.0001     0.0000     0.0001     0.0001     0.0000     0.0001     0.0001     0.0000     0.0001     0.0001     0.0001     0.0001 
Reduction                  0.0000     0.0000     0.0000     0.0000     0.0000     0.0000     0.0000     0.0000     0.0000     0.0000     0.0000     0.0000     0.0000     0.0000     0.0000     0.0000     0.0000     0.0000 
           Variation              
I/O                        0.0000     0.0002     0.0002     0.0002     0.0002     0.0002     0.0002     0.0001     0.0002     0.0002     0.0002     0.0002     0.0002     0.0002     0.0003     0.0002     0.0002     0.0003 
Reduction                  0.0000     0.0000     0.0000     0.0000     0.0000     0.0000     0.0000     0.0000     0.0000     0.0000     0.0000     0.0000     0.0000     0.0000     0.0000     0.0000     0.0000     0.0000 
           Overlap                
Reduction                  0.0000     0.0000     0.0000     0.0000     0.0000     0.0000     0.0000     0.0000     0.0000     0.0000     0.0000     0.0000     0.0000     0.0000     0.0000     0.0000     0.0000     0.0000 


-------------------------------------------------------------------------
Name (number) and performance time of processors
omp.keldysh.ru(1) 0.933926
omp.keldysh.ru(2) 0.933838
omp.keldysh.ru(3) 0.953947
omp.keldysh.ru(4) 0.953941
omp.keldysh.ru(5) 0.958671
omp.keldysh.ru(6) 0.958659
omp.keldysh.ru(7) 0.957130
omp.keldysh.ru(8) 0.957111
omp.keldysh.ru(9) 0.958375
omp.keldysh.ru(10) 0.958375
omp.keldysh.ru(11) 0.958071
omp.keldysh.ru(12) 0.958403
omp.keldysh.ru(13) 0.958540
omp.keldysh.ru(14) 0.958550
omp.keldysh.ru(15) 0.933722
omp.keldysh.ru(16) 0.933707
omp.keldysh.ru(17) 0.955212
omp.keldysh.ru(18) 0.955202
min - omp.keldysh.ru(16) 0.933707; max - omp.keldysh.ru(5) 0.958671; mid - 0.951966
