Processor system=3*6*1
Statistics has been accumulated on DVM-system version 5.0, platform DVM
Analyzer is executing on DVM-system version 5.0, platform DVM
-------------------------------------------------------------------------
INTERVAL ( NLINE=5 SOURCE=inoutlocal33.f ) LEVEL=0  EXE_COUNT=2
--- The main characteristics --- 
Parallelization efficiency      0.0423 
Execution time                  0.0122 
Processors                          18
Threads amount                      18
Total time                      0.2205
Productive time                 0.0093 ( CPU= 0.0084 Sys= 0.0009 I/O= 0.0000 )
Lost  time                      0.2112 
   Insufficient parallelism     0.1585 ( User= 0.1434 Sys= 0.0151 )
   Communication                0.0053 ( Real_sync= 0.0000 Starts= 0.0000 )
   Idle time                    0.0474
Load imbalance                  0.0026
Synchronization                 0.0682
Time variation                  0.0704
Overlap                         0.0000
                  Nop   Communic    Synchro  Variation    Overlap 
I/O                19     0.0000     0.0360     0.0382     0.0000 
Reduction          17     0.0053     0.0322     0.0321     0.0000 
--- The comparative characteristics --- 
                              Tmin N proc      Tmax N proc      Tmid
Lost time                   0.0116     4     0.0120    18     0.0117 
User insufficient par.      0.0041    18     0.0104     4     0.0080 
Sys.insufficient par.       0.0006    17     0.0011     1     0.0008 
Idle time                   0.0000     4     0.0068    17     0.0026 
Communication               0.0002     1     0.0003     3     0.0003 
Synchronization             0.0000    10     0.0167    17     0.0038 
Variation                   0.0002    10     0.0168    17     0.0039 
Overlap                     0.0000     1     0.0000    10     0.0000 
Load imbalance              0.0000     4     0.0004    18     0.0001 
Execution time              0.0055    17     0.0122     4     0.0096 
User CPU time               0.0002    18     0.0006     4     0.0005 
Sys. CPU time               0.0000    17     0.0001    10     0.0000 
I/O time                    0.0000     2     0.0000     1     0.0000 
Processors                      18     1         18    18         18 
                      Communic          Synchro        Variation          Overlap  
I/O             Tmin    0.0000     1     0.0000    10     0.0001    10     0.0000     1 
I/O             Tmax    0.0000    18     0.0089    17     0.0090    17     0.0000    18 
I/O             Tmid    0.0000           0.0020           0.0021           0.0000       
Reduction       Tmin    0.0002     1     0.0000    10     0.0000    10     0.0000     1 
Reduction       Tmax    0.0003     3     0.0078    17     0.0078    17     0.0000    10 
Reduction       Tmid    0.0003           0.0018           0.0018           0.0000       
--- The execution characteristics --- 
                                1          2          3          4          5          6          7          8          9         10         11         12         13         14         15         16         17         18 
Lost time                  0.0117     0.0118     0.0117     0.0116     0.0117     0.0116     0.0118     0.0117     0.0118     0.0118     0.0117     0.0116     0.0116     0.0116     0.0117     0.0118     0.0120     0.0120 
User insufficient par.     0.0088     0.0068     0.0089     0.0104     0.0093     0.0094     0.0072     0.0083     0.0061     0.0060     0.0086     0.0097     0.0101     0.0101     0.0078     0.0075     0.0043     0.0041 
Sys.insufficient par.      0.0011     0.0008     0.0009     0.0009     0.0009     0.0008     0.0008     0.0008     0.0008     0.0009     0.0008     0.0008     0.0008     0.0008     0.0009     0.0008     0.0006     0.0008 
Idle time                  0.0015     0.0039     0.0016     0.0000     0.0012     0.0012     0.0035     0.0023     0.0046     0.0046     0.0020     0.0008     0.0004     0.0004     0.0027     0.0031     0.0068     0.0068 
Communication              0.0002     0.0003     0.0003     0.0003     0.0003     0.0003     0.0003     0.0003     0.0003     0.0003     0.0003     0.0003     0.0003     0.0003     0.0003     0.0003     0.0003     0.0003 
Synchronization            0.0024     0.0024     0.0030     0.0031     0.0028     0.0027     0.0032     0.0032     0.0036     0.0000     0.0027     0.0027     0.0028     0.0029     0.0025     0.0025     0.0167     0.0092 
Variation                  0.0022     0.0025     0.0032     0.0032     0.0029     0.0029     0.0033     0.0033     0.0037     0.0002     0.0028     0.0028     0.0029     0.0030     0.0026     0.0026     0.0168     0.0093 
Overlap                    0.0000     0.0000     0.0000     0.0000     0.0000     0.0000     0.0000     0.0000     0.0000     0.0000     0.0000     0.0000     0.0000     0.0000     0.0000     0.0000     0.0000     0.0000 
Load imbalance             0.0001     0.0002     0.0001     0.0000     0.0001     0.0001     0.0002     0.0001     0.0003     0.0003     0.0001     0.0000     0.0000     0.0000     0.0002     0.0002     0.0004     0.0004 
Execution time             0.0107     0.0083     0.0107     0.0122     0.0111     0.0111     0.0087     0.0099     0.0076     0.0076     0.0103     0.0115     0.0118     0.0119     0.0095     0.0091     0.0055     0.0055 
User CPU time              0.0005     0.0004     0.0005     0.0006     0.0005     0.0006     0.0004     0.0005     0.0004     0.0004     0.0005     0.0006     0.0006     0.0006     0.0005     0.0004     0.0003     0.0002 
Sys. CPU time              0.0000     0.0000     0.0000     0.0000     0.0000     0.0000     0.0000     0.0000     0.0000     0.0001     0.0000     0.0000     0.0000     0.0000     0.0000     0.0000     0.0000     0.0000 
I/O time                   0.0000     0.0000     0.0000     0.0000     0.0000     0.0000     0.0000     0.0000     0.0000     0.0000     0.0000     0.0000     0.0000     0.0000     0.0000     0.0000     0.0000     0.0000 
Processors                     18         18         18         18         18         18         18         18         18         18         18         18         18         18         18         18         18         18 
           Communication          
Reduction                  0.0002     0.0003     0.0003     0.0003     0.0003     0.0003     0.0003     0.0003     0.0003     0.0003     0.0003     0.0003     0.0003     0.0003     0.0003     0.0003     0.0003     0.0003 
           Synchronization        
I/O                        0.0013     0.0012     0.0016     0.0016     0.0015     0.0014     0.0017     0.0017     0.0019     0.0000     0.0014     0.0014     0.0015     0.0015     0.0013     0.0013     0.0089     0.0049 
Reduction                  0.0011     0.0011     0.0014     0.0014     0.0013     0.0013     0.0015     0.0015     0.0017     0.0000     0.0013     0.0013     0.0013     0.0014     0.0012     0.0012     0.0078     0.0043 
           Variation              
I/O                        0.0011     0.0014     0.0017     0.0018     0.0016     0.0016     0.0018     0.0018     0.0020     0.0001     0.0015     0.0016     0.0016     0.0017     0.0014     0.0014     0.0090     0.0050 
Reduction                  0.0011     0.0011     0.0014     0.0014     0.0013     0.0013     0.0015     0.0015     0.0017     0.0000     0.0013     0.0013     0.0013     0.0014     0.0012     0.0012     0.0078     0.0043 
           Overlap                
Reduction                  0.0000     0.0000     0.0000     0.0000     0.0000     0.0000     0.0000     0.0000     0.0000     0.0000     0.0000     0.0000     0.0000     0.0000     0.0000     0.0000     0.0000     0.0000 


-------------------------------------------------------------------------
Name (number) and performance time of processors
omp.keldysh.ru(1) 0.935485
omp.keldysh.ru(2) 0.935400
omp.keldysh.ru(3) 0.960138
omp.keldysh.ru(4) 0.960153
omp.keldysh.ru(5) 0.957388
omp.keldysh.ru(6) 0.957372
omp.keldysh.ru(7) 0.956938
omp.keldysh.ru(8) 0.956937
omp.keldysh.ru(9) 0.958207
omp.keldysh.ru(10) 0.958210
omp.keldysh.ru(11) 0.954269
omp.keldysh.ru(12) 0.954270
omp.keldysh.ru(13) 0.935389
omp.keldysh.ru(14) 0.935356
omp.keldysh.ru(15) 0.956984
omp.keldysh.ru(16) 0.957046
omp.keldysh.ru(17) 0.955520
omp.keldysh.ru(18) 0.955776
min - omp.keldysh.ru(14) 0.935356; max - omp.keldysh.ru(4) 0.960153; mid - 0.952269
