Processor system=2*2*4
Statistics has been accumulated on DVM-system version 5.0, platform DVM
Analyzer is executing on DVM-system version 5.0, platform DVM
-------------------------------------------------------------------------
INTERVAL ( NLINE=7 SOURCE=rem32.f ) LEVEL=0  EXE_COUNT=1
--- The main characteristics --- 
Parallelization efficiency      0.0426 
Execution time                  0.0217 
Processors                          16
Threads amount                      16
Total time                      0.3473
Productive time                 0.0148 ( CPU= 0.0089 Sys= 0.0059 I/O= 0.0000 )
Lost  time                      0.3325 
   Insufficient parallelism     0.2073 ( User= 0.1186 Sys= 0.0887 )
   Communication                0.1005 ( Real_sync= 0.0000 Starts= 0.0000 )
   Idle time                    0.0246
Load imbalance                  0.0024
Synchronization                 0.0655
Time variation                  0.0476
Overlap                         0.0000
                  Nop   Communic    Synchro  Variation    Overlap 
I/O                15     0.0000     0.0035     0.0065     0.0000 
Reduction           6     0.0050     0.0010     0.0010     0.0000 
Remote access     384     0.0955     0.0610     0.0401     0.0000 
--- The comparative characteristics --- 
                              Tmin N proc      Tmax N proc      Tmid
Lost time                   0.0206     8     0.0210    14     0.0208 
User insufficient par.      0.0063    14     0.0090     8     0.0074 
Sys.insufficient par.       0.0035    13     0.0063     1     0.0055 
Idle time                   0.0000     8     0.0023     1     0.0015 
Communication               0.0054     1     0.0090    13     0.0063 
Synchronization             0.0020     8     0.0079    13     0.0041 
Variation                   0.0019     8     0.0038    13     0.0030 
Overlap                     0.0000    10     0.0000     7     0.0000 
Load imbalance              0.0000     8     0.0004    14     0.0002 
Execution time              0.0194     1     0.0217     8     0.0202 
User CPU time               0.0005    14     0.0007     8     0.0006 
Sys. CPU time               0.0002    13     0.0004    11     0.0004 
I/O time                    0.0000    14     0.0000     1     0.0000 
Processors                      16     1         16    16         16 
                      Communic          Synchro        Variation          Overlap  
I/O             Tmin    0.0000     1     0.0001     1     0.0001     1     0.0000     1 
I/O             Tmax    0.0000    16     0.0003    14     0.0005    14     0.0000    16 
I/O             Tmid    0.0000           0.0002           0.0004           0.0000       
Reduction       Tmin    0.0003     2     0.0000     1     0.0000     1     0.0000     2 
Reduction       Tmax    0.0005    13     0.0001    14     0.0001    14     0.0000     1 
Reduction       Tmid    0.0003           0.0001           0.0001           0.0000       
Remote access   Tmin    0.0051     1     0.0017     8     0.0014     8     0.0000    10 
Remote access   Tmax    0.0085    13     0.0077    13     0.0034     1     0.0000     7 
Remote access   Tmid    0.0060           0.0038           0.0025           0.0000       
--- The execution characteristics --- 
                                1          2          3          4          5          6          7          8          9         10         11         12         13         14         15         16 
Lost time                  0.0208     0.0208     0.0208     0.0208     0.0207     0.0208     0.0207     0.0206     0.0207     0.0207     0.0208     0.0208     0.0210     0.0210     0.0209     0.0209 
User insufficient par.     0.0068     0.0069     0.0069     0.0069     0.0083     0.0069     0.0083     0.0090     0.0086     0.0086     0.0069     0.0069     0.0069     0.0063     0.0070     0.0074 
Sys.insufficient par.      0.0063     0.0060     0.0062     0.0061     0.0061     0.0061     0.0062     0.0061     0.0061     0.0062     0.0062     0.0060     0.0035     0.0036     0.0042     0.0037 
Idle time                  0.0023     0.0022     0.0022     0.0022     0.0008     0.0023     0.0008     0.0000     0.0004     0.0004     0.0022     0.0023     0.0016     0.0023     0.0016     0.0012 
Communication              0.0054     0.0056     0.0054     0.0055     0.0055     0.0055     0.0054     0.0055     0.0056     0.0055     0.0054     0.0056     0.0090     0.0088     0.0082     0.0086 
Synchronization            0.0041     0.0041     0.0030     0.0034     0.0033     0.0037     0.0023     0.0020     0.0027     0.0030     0.0026     0.0023     0.0079     0.0076     0.0066     0.0069 
Variation                  0.0035     0.0038     0.0029     0.0031     0.0031     0.0033     0.0022     0.0019     0.0024     0.0027     0.0023     0.0020     0.0038     0.0038     0.0034     0.0032 
Overlap                    0.0000     0.0000     0.0000     0.0000     0.0000     0.0000     0.0000     0.0000     0.0000     0.0000     0.0000     0.0000     0.0000     0.0000     0.0000     0.0000 
Load imbalance             0.0002     0.0001     0.0001     0.0001     0.0001     0.0001     0.0001     0.0000     0.0000     0.0000     0.0001     0.0002     0.0003     0.0004     0.0003     0.0003 
Execution time             0.0194     0.0195     0.0195     0.0195     0.0209     0.0194     0.0209     0.0217     0.0213     0.0213     0.0195     0.0194     0.0202     0.0194     0.0201     0.0205 
User CPU time              0.0005     0.0005     0.0005     0.0005     0.0006     0.0005     0.0006     0.0007     0.0006     0.0006     0.0005     0.0005     0.0005     0.0005     0.0005     0.0005 
Sys. CPU time              0.0004     0.0004     0.0004     0.0004     0.0004     0.0004     0.0004     0.0004     0.0004     0.0004     0.0004     0.0004     0.0002     0.0002     0.0003     0.0002 
I/O time                   0.0000     0.0000     0.0000     0.0000     0.0000     0.0000     0.0000     0.0000     0.0000     0.0000     0.0000     0.0000     0.0000     0.0000     0.0000     0.0000 
Processors                     16         16         16         16         16         16         16         16         16         16         16         16         16         16         16         16 
           Communication          
Reduction                  0.0003     0.0003     0.0003     0.0003     0.0004     0.0003     0.0003     0.0003     0.0003     0.0003     0.0003     0.0003     0.0005     0.0004     0.0004     0.0004 
Remote access              0.0051     0.0053     0.0051     0.0052     0.0052     0.0052     0.0052     0.0052     0.0052     0.0052     0.0052     0.0053     0.0085     0.0084     0.0078     0.0082 
           Synchronization        
I/O                        0.0001     0.0002     0.0002     0.0002     0.0002     0.0002     0.0002     0.0002     0.0001     0.0002     0.0002     0.0002     0.0003     0.0003     0.0003     0.0003 
Reduction                  0.0000     0.0001     0.0001     0.0001     0.0000     0.0001     0.0001     0.0001     0.0000     0.0001     0.0001     0.0001     0.0000     0.0001     0.0001     0.0001 
Remote access              0.0040     0.0038     0.0027     0.0031     0.0032     0.0033     0.0020     0.0017     0.0025     0.0027     0.0024     0.0020     0.0077     0.0072     0.0062     0.0065 
           Variation              
I/O                        0.0001     0.0004     0.0004     0.0004     0.0004     0.0004     0.0004     0.0004     0.0003     0.0004     0.0004     0.0004     0.0005     0.0005     0.0005     0.0005 
Reduction                  0.0000     0.0001     0.0001     0.0001     0.0000     0.0001     0.0001     0.0001     0.0000     0.0001     0.0001     0.0001     0.0000     0.0001     0.0001     0.0001 
Remote access              0.0034     0.0033     0.0024     0.0026     0.0028     0.0028     0.0017     0.0014     0.0021     0.0022     0.0019     0.0015     0.0033     0.0032     0.0029     0.0027 
           Overlap                
Reduction                  0.0000     0.0000     0.0000     0.0000     0.0000     0.0000     0.0000     0.0000     0.0000     0.0000     0.0000     0.0000     0.0000     0.0000     0.0000     0.0000 
Remote access              0.0000     0.0000     0.0000     0.0000     0.0000     0.0000     0.0000     0.0000     0.0000     0.0000     0.0000     0.0000     0.0000     0.0000     0.0000     0.0000 


-------------------------------------------------------------------------
Name (number) and performance time of processors
omp.keldysh.ru(1) 0.935361
omp.keldysh.ru(2) 0.935276
omp.keldysh.ru(3) 0.935586
omp.keldysh.ru(4) 0.935632
omp.keldysh.ru(5) 0.959105
omp.keldysh.ru(6) 0.959410
omp.keldysh.ru(7) 0.958421
omp.keldysh.ru(8) 0.958415
omp.keldysh.ru(9) 0.960877
omp.keldysh.ru(10) 0.960869
omp.keldysh.ru(11) 0.960832
omp.keldysh.ru(12) 0.960828
omp.keldysh.ru(13) 0.958946
omp.keldysh.ru(14) 0.958923
omp.keldysh.ru(15) 0.958168
omp.keldysh.ru(16) 0.958157
min - omp.keldysh.ru(2) 0.935276; max - omp.keldysh.ru(9) 0.960877; mid - 0.953425
