Processor system=3*2*3*1
Statistics has been accumulated on DVM-system version 5.0, platform DVM
Analyzer is executing on DVM-system version 5.0, platform DVM
-------------------------------------------------------------------------
INTERVAL ( NLINE=8 SOURCE=sha43.f ) LEVEL=0  EXE_COUNT=2
--- The main characteristics --- 
Parallelization efficiency      0.0611 
Execution time                  0.0142 
Processors                          18
Threads amount                      18
Total time                      0.2557
Productive time                 0.0156 ( CPU= 0.0141 Sys= 0.0015 I/O= 0.0000 )
Lost  time                      0.2401 
   Insufficient parallelism     0.1466 ( User= 0.1203 Sys= 0.0263 )
   Communication                0.0421 ( Real_sync= 0.0000 Starts= 0.0000 )
   Idle time                    0.0514
Load imbalance                  0.0027
Synchronization                 0.0195
Time variation                  0.0158
Overlap                         0.0001
                  Nop   Communic    Synchro  Variation    Overlap 
I/O                 6     0.0000     0.0006     0.0036     0.0000 
Reduction           5     0.0135     0.0000     0.0000     0.0000 
Shadow              5     0.0286     0.0189     0.0123     0.0000 
--- The comparative characteristics --- 
                              Tmin N proc      Tmax N proc      Tmid
Lost time                   0.0132     3     0.0135    18     0.0133 
User insufficient par.      0.0054    18     0.0094     3     0.0067 
Sys.insufficient par.       0.0010    18     0.0021     8     0.0015 
Idle time                   0.0000     3     0.0037     9     0.0029 
Communication               0.0015     8     0.0035    17     0.0023 
Synchronization             0.0000     8     0.0025    18     0.0011 
Variation                   0.0002     8     0.0011    17     0.0009 
Overlap                     0.0000    18     0.0000     8     0.0000 
Load imbalance              0.0000     3     0.0003    18     0.0002 
Execution time              0.0105     9     0.0142     3     0.0113 
User CPU time               0.0006    18     0.0009     3     0.0008 
Sys. CPU time               0.0001    18     0.0001     8     0.0001 
I/O time                    0.0000    10     0.0000     1     0.0000 
Processors                      18     1         18    18         18 
                      Communic          Synchro        Variation          Overlap  
I/O             Tmin    0.0000     1     0.0000     7     0.0000     1     0.0000     1 
I/O             Tmax    0.0000    18     0.0001    18     0.0002    18     0.0000    18 
I/O             Tmid    0.0000           0.0000           0.0002           0.0000       
Reduction       Tmin    0.0000     8     0.0000     1     0.0000    13     0.0000    11 
Reduction       Tmax    0.0009    17     0.0000    18     0.0000    18     0.0000    17 
Reduction       Tmid    0.0007           0.0000           0.0000           0.0000       
Shadow          Tmin    0.0013     9     0.0000     8     0.0000     8     0.0000     1 
Shadow          Tmax    0.0026    18     0.0025    18     0.0009     5     0.0000     8 
Shadow          Tmid    0.0016           0.0010           0.0007           0.0000       
--- The execution characteristics --- 
                                1          2          3          4          5          6          7          8          9         10         11         12         13         14         15         16         17         18 
Lost time                  0.0134     0.0134     0.0132     0.0134     0.0133     0.0133     0.0134     0.0132     0.0133     0.0133     0.0133     0.0132     0.0134     0.0133     0.0133     0.0134     0.0134     0.0135 
User insufficient par.     0.0064     0.0059     0.0094     0.0059     0.0070     0.0070     0.0059     0.0075     0.0059     0.0072     0.0059     0.0080     0.0059     0.0067     0.0068     0.0060     0.0072     0.0054 
Sys.insufficient par.      0.0014     0.0015     0.0013     0.0012     0.0015     0.0013     0.0017     0.0021     0.0017     0.0017     0.0020     0.0017     0.0013     0.0015     0.0013     0.0013     0.0010     0.0010 
Idle time                  0.0031     0.0037     0.0000     0.0037     0.0026     0.0026     0.0037     0.0021     0.0037     0.0023     0.0037     0.0015     0.0037     0.0029     0.0029     0.0037     0.0018     0.0037 
Communication              0.0025     0.0022     0.0025     0.0026     0.0022     0.0025     0.0021     0.0015     0.0020     0.0021     0.0016     0.0020     0.0025     0.0021     0.0023     0.0024     0.0035     0.0035 
Synchronization            0.0013     0.0009     0.0013     0.0014     0.0008     0.0013     0.0008     0.0000     0.0006     0.0008     0.0001     0.0007     0.0012     0.0009     0.0011     0.0013     0.0025     0.0025 
Variation                  0.0008     0.0010     0.0010     0.0009     0.0011     0.0009     0.0009     0.0002     0.0009     0.0010     0.0003     0.0008     0.0010     0.0010     0.0010     0.0010     0.0011     0.0010 
Overlap                    0.0000     0.0000     0.0000     0.0000     0.0000     0.0000     0.0000     0.0000     0.0000     0.0000     0.0000     0.0000     0.0000     0.0000     0.0000     0.0000     0.0000     0.0000 
Load imbalance             0.0003     0.0002     0.0000     0.0002     0.0001     0.0001     0.0002     0.0000     0.0001     0.0001     0.0001     0.0000     0.0002     0.0001     0.0001     0.0002     0.0003     0.0003 
Execution time             0.0111     0.0105     0.0142     0.0105     0.0116     0.0116     0.0105     0.0121     0.0105     0.0119     0.0105     0.0127     0.0105     0.0113     0.0113     0.0105     0.0124     0.0105 
User CPU time              0.0007     0.0007     0.0009     0.0007     0.0008     0.0008     0.0007     0.0009     0.0008     0.0008     0.0008     0.0009     0.0007     0.0008     0.0008     0.0008     0.0007     0.0006 
Sys. CPU time              0.0001     0.0001     0.0001     0.0001     0.0001     0.0001     0.0001     0.0001     0.0001     0.0001     0.0001     0.0001     0.0001     0.0001     0.0001     0.0001     0.0001     0.0001 
I/O time                   0.0000     0.0000     0.0000     0.0000     0.0000     0.0000     0.0000     0.0000     0.0000     0.0000     0.0000     0.0000     0.0000     0.0000     0.0000     0.0000     0.0000     0.0000 
Processors                     18         18         18         18         18         18         18         18         18         18         18         18         18         18         18         18         18         18 
           Communication          
Reduction                  0.0009     0.0009     0.0009     0.0008     0.0009     0.0008     0.0008     0.0000     0.0007     0.0008     0.0001     0.0007     0.0009     0.0008     0.0008     0.0008     0.0009     0.0008 
Shadow                     0.0016     0.0014     0.0016     0.0018     0.0013     0.0016     0.0013     0.0015     0.0013     0.0013     0.0015     0.0013     0.0016     0.0013     0.0015     0.0016     0.0026     0.0026 
           Synchronization        
I/O                        0.0000     0.0000     0.0000     0.0000     0.0000     0.0000     0.0000     0.0000     0.0000     0.0000     0.0000     0.0000     0.0000     0.0000     0.0001     0.0000     0.0001     0.0001 
Reduction                  0.0000     0.0000     0.0000     0.0000     0.0000     0.0000     0.0000     0.0000     0.0000     0.0000     0.0000     0.0000     0.0000     0.0000     0.0000     0.0000     0.0000     0.0000 
Shadow                     0.0013     0.0009     0.0012     0.0014     0.0008     0.0012     0.0008     0.0000     0.0006     0.0007     0.0001     0.0006     0.0011     0.0009     0.0010     0.0012     0.0024     0.0025 
           Variation              
I/O                        0.0000     0.0002     0.0002     0.0002     0.0002     0.0002     0.0002     0.0002     0.0002     0.0002     0.0002     0.0002     0.0002     0.0002     0.0002     0.0002     0.0002     0.0002 
Reduction                  0.0000     0.0000     0.0000     0.0000     0.0000     0.0000     0.0000     0.0000     0.0000     0.0000     0.0000     0.0000     0.0000     0.0000     0.0000     0.0000     0.0000     0.0000 
Shadow                     0.0008     0.0008     0.0008     0.0007     0.0009     0.0007     0.0007     0.0000     0.0007     0.0007     0.0001     0.0006     0.0008     0.0008     0.0007     0.0007     0.0008     0.0007 
           Overlap                
Reduction                  0.0000     0.0000     0.0000     0.0000     0.0000     0.0000     0.0000     0.0000     0.0000     0.0000     0.0000     0.0000     0.0000     0.0000     0.0000     0.0000     0.0000     0.0000 
Shadow                     0.0000     0.0000     0.0000     0.0000     0.0000     0.0000     0.0000     0.0000     0.0000     0.0000     0.0000     0.0000     0.0000     0.0000     0.0000     0.0000     0.0000     0.0000 


-------------------------------------------------------------------------
Name (number) and performance time of processors
omp.keldysh.ru(1) 0.935365
omp.keldysh.ru(2) 0.935282
omp.keldysh.ru(3) 0.956703
omp.keldysh.ru(4) 0.956696
omp.keldysh.ru(5) 0.955132
omp.keldysh.ru(6) 0.955112
omp.keldysh.ru(7) 0.956997
omp.keldysh.ru(8) 0.956990
omp.keldysh.ru(9) 0.957463
omp.keldysh.ru(10) 0.957454
omp.keldysh.ru(11) 0.957780
omp.keldysh.ru(12) 0.957791
omp.keldysh.ru(13) 0.957726
omp.keldysh.ru(14) 0.957659
omp.keldysh.ru(15) 0.935313
omp.keldysh.ru(16) 0.935303
omp.keldysh.ru(17) 0.954723
omp.keldysh.ru(18) 0.954430
min - omp.keldysh.ru(2) 0.935282; max - omp.keldysh.ru(12) 0.957791; mid - 0.951885
