Processor system=2*3*3
Statistics has been accumulated on DVM-system version 5.0, platform DVM
Analyzer is executing on DVM-system version 5.0, platform DVM
-------------------------------------------------------------------------
INTERVAL ( NLINE=5 SOURCE=prf31.f ) LEVEL=0  EXE_COUNT=2
--- The main characteristics --- 
Parallelization efficiency      0.0328 
Execution time                  0.0140 
Processors                          18
Threads amount                      18
Total time                      0.2516
Productive time                 0.0083 ( CPU= 0.0058 Sys= 0.0024 I/O= 0.0000 )
Lost  time                      0.2433 
   Insufficient parallelism     0.1325 ( User= 0.0908 Sys= 0.0417 )
   Communication                0.0664 ( Real_sync= 0.0000 Starts= 0.0000 )
   Idle time                    0.0444
Load imbalance                  0.0026
Synchronization                 0.0924
Time variation                  0.0722
Overlap                         0.0143
                  Nop   Communic    Synchro  Variation    Overlap 
I/O                12     0.0000     0.0083     0.0114     0.0000 
Reduction          22     0.0154     0.0003     0.0004     0.0000 
Remote access     172     0.0511     0.0837     0.0605     0.0143 
--- The comparative characteristics --- 
                              Tmin N proc      Tmax N proc      Tmid
Lost time                   0.0134     8     0.0137    16     0.0135 
User insufficient par.      0.0023     7     0.0074     8     0.0050 
Sys.insufficient par.       0.0016    17     0.0026     9     0.0023 
Idle time                   0.0000     8     0.0054     7     0.0025 
Communication               0.0035     9     0.0045    17     0.0037 
Synchronization             0.0010     9     0.0071     2     0.0051 
Variation                   0.0009     9     0.0066     2     0.0040 
Overlap                     0.0005    17     0.0027     9     0.0008 
Load imbalance              0.0000     8     0.0003    16     0.0001 
Execution time              0.0086     7     0.0140     8     0.0115 
User CPU time               0.0002    16     0.0005     8     0.0003 
Sys. CPU time               0.0001    17     0.0001     9     0.0001 
I/O time                    0.0000    14     0.0000     1     0.0000 
Processors                      18     1         18    18         18 
                      Communic          Synchro        Variation          Overlap  
I/O             Tmin    0.0000     1     0.0001     9     0.0003     9     0.0000     1 
I/O             Tmax    0.0000    18     0.0012     2     0.0013     2     0.0000    18 
I/O             Tmid    0.0000           0.0005           0.0006           0.0000       
Reduction       Tmin    0.0005     9     0.0000    13     0.0000    13     0.0000     3 
Reduction       Tmax    0.0016     1     0.0000    18     0.0000    18     0.0000    16 
Reduction       Tmid    0.0009           0.0000           0.0000           0.0000       
Remote access   Tmin    0.0019     1     0.0008     9     0.0006     9     0.0005    17 
Remote access   Tmax    0.0036    17     0.0059     2     0.0053     2     0.0027     9 
Remote access   Tmid    0.0028           0.0047           0.0034           0.0008       
--- The execution characteristics --- 
                                1          2          3          4          5          6          7          8          9         10         11         12         13         14         15         16         17         18 
Lost time                  0.0135     0.0136     0.0135     0.0135     0.0136     0.0134     0.0137     0.0134     0.0134     0.0134     0.0136     0.0135     0.0134     0.0136     0.0134     0.0137     0.0135     0.0137 
User insufficient par.     0.0055     0.0030     0.0055     0.0048     0.0037     0.0063     0.0023     0.0074     0.0066     0.0066     0.0041     0.0051     0.0070     0.0044     0.0070     0.0023     0.0059     0.0033 
Sys.insufficient par.      0.0025     0.0024     0.0024     0.0024     0.0025     0.0025     0.0025     0.0024     0.0026     0.0023     0.0023     0.0023     0.0023     0.0022     0.0024     0.0024     0.0016     0.0019 
Idle time                  0.0019     0.0047     0.0020     0.0027     0.0039     0.0012     0.0054     0.0000     0.0008     0.0008     0.0035     0.0023     0.0004     0.0031     0.0004     0.0054     0.0016     0.0043 
Communication              0.0035     0.0036     0.0036     0.0036     0.0035     0.0035     0.0035     0.0036     0.0035     0.0037     0.0037     0.0037     0.0037     0.0038     0.0035     0.0036     0.0045     0.0042 
Synchronization            0.0068     0.0071     0.0061     0.0067     0.0053     0.0044     0.0047     0.0043     0.0010     0.0055     0.0055     0.0046     0.0052     0.0051     0.0045     0.0046     0.0060     0.0049 
Variation                  0.0064     0.0066     0.0058     0.0063     0.0040     0.0034     0.0037     0.0034     0.0009     0.0040     0.0039     0.0034     0.0036     0.0035     0.0031     0.0032     0.0039     0.0033 
Overlap                    0.0007     0.0006     0.0009     0.0006     0.0007     0.0009     0.0007     0.0009     0.0027     0.0005     0.0005     0.0007     0.0005     0.0006     0.0008     0.0007     0.0005     0.0007 
Load imbalance             0.0001     0.0003     0.0001     0.0002     0.0002     0.0001     0.0003     0.0000     0.0000     0.0001     0.0002     0.0001     0.0000     0.0002     0.0000     0.0003     0.0001     0.0003 
Execution time             0.0120     0.0093     0.0120     0.0112     0.0101     0.0128     0.0086     0.0140     0.0132     0.0132     0.0105     0.0116     0.0136     0.0109     0.0136     0.0086     0.0124     0.0097 
User CPU time              0.0003     0.0002     0.0004     0.0003     0.0002     0.0004     0.0002     0.0005     0.0004     0.0004     0.0003     0.0003     0.0004     0.0003     0.0004     0.0002     0.0004     0.0002 
Sys. CPU time              0.0001     0.0001     0.0001     0.0001     0.0001     0.0001     0.0001     0.0001     0.0001     0.0001     0.0001     0.0001     0.0001     0.0001     0.0001     0.0001     0.0001     0.0001 
I/O time                   0.0000     0.0000     0.0000     0.0000     0.0000     0.0000     0.0000     0.0000     0.0000     0.0000     0.0000     0.0000     0.0000     0.0000     0.0000     0.0000     0.0000     0.0000 
Processors                     18         18         18         18         18         18         18         18         18         18         18         18         18         18         18         18         18         18 
           Communication          
Reduction                  0.0016     0.0016     0.0014     0.0015     0.0007     0.0006     0.0006     0.0006     0.0005     0.0009     0.0008     0.0007     0.0007     0.0007     0.0005     0.0006     0.0009     0.0007 
Remote access              0.0019     0.0020     0.0022     0.0021     0.0028     0.0029     0.0029     0.0030     0.0030     0.0029     0.0029     0.0031     0.0030     0.0031     0.0030     0.0030     0.0036     0.0035 
           Synchronization        
I/O                        0.0011     0.0012     0.0010     0.0011     0.0004     0.0003     0.0003     0.0004     0.0001     0.0003     0.0003     0.0003     0.0003     0.0003     0.0002     0.0002     0.0003     0.0002 
Reduction                  0.0000     0.0000     0.0000     0.0000     0.0000     0.0000     0.0000     0.0000     0.0000     0.0000     0.0000     0.0000     0.0000     0.0000     0.0000     0.0000     0.0000     0.0000 
Remote access              0.0057     0.0059     0.0051     0.0056     0.0049     0.0040     0.0043     0.0040     0.0008     0.0052     0.0052     0.0043     0.0049     0.0049     0.0042     0.0043     0.0057     0.0047 
           Variation              
I/O                        0.0011     0.0013     0.0012     0.0013     0.0006     0.0005     0.0005     0.0005     0.0003     0.0005     0.0005     0.0005     0.0004     0.0004     0.0004     0.0004     0.0005     0.0004 
Reduction                  0.0000     0.0000     0.0000     0.0000     0.0000     0.0000     0.0000     0.0000     0.0000     0.0000     0.0000     0.0000     0.0000     0.0000     0.0000     0.0000     0.0000     0.0000 
Remote access              0.0052     0.0053     0.0046     0.0050     0.0034     0.0029     0.0031     0.0028     0.0006     0.0035     0.0034     0.0029     0.0031     0.0030     0.0026     0.0028     0.0034     0.0029 
           Overlap                
Reduction                  0.0000     0.0000     0.0000     0.0000     0.0000     0.0000     0.0000     0.0000     0.0000     0.0000     0.0000     0.0000     0.0000     0.0000     0.0000     0.0000     0.0000     0.0000 
Remote access              0.0006     0.0006     0.0009     0.0006     0.0007     0.0009     0.0007     0.0009     0.0027     0.0005     0.0005     0.0007     0.0005     0.0006     0.0008     0.0007     0.0005     0.0007 


-------------------------------------------------------------------------
Name (number) and performance time of processors
omp.keldysh.ru(1) 0.934429
omp.keldysh.ru(2) 0.934768
omp.keldysh.ru(3) 0.954361
omp.keldysh.ru(4) 0.954516
omp.keldysh.ru(5) 0.934793
omp.keldysh.ru(6) 0.934793
omp.keldysh.ru(7) 0.947580
omp.keldysh.ru(8) 0.947673
omp.keldysh.ru(9) 0.955565
omp.keldysh.ru(10) 0.955439
omp.keldysh.ru(11) 0.952663
omp.keldysh.ru(12) 0.952670
omp.keldysh.ru(13) 0.955413
omp.keldysh.ru(14) 0.955461
omp.keldysh.ru(15) 0.954104
omp.keldysh.ru(16) 0.954159
omp.keldysh.ru(17) 0.954473
omp.keldysh.ru(18) 0.954388
min - omp.keldysh.ru(1) 0.934429; max - omp.keldysh.ru(9) 0.955565; mid - 0.949292
