Processor system=3*3*1*2
Statistics has been accumulated on DVM-system version 5.0, platform DVM
Analyzer is executing on DVM-system version 5.0, platform DVM
-------------------------------------------------------------------------
INTERVAL ( NLINE=5 SOURCE=parallel4.f ) LEVEL=0  EXE_COUNT=2
--- The main characteristics --- 
Parallelization efficiency      0.0563 
Execution time                  0.0095 
Processors                          18
Threads amount                      18
Total time                      0.1705
Productive time                 0.0096 ( CPU= 0.0093 Sys= 0.0003 I/O= 0.0000 )
Lost  time                      0.1609 
   Insufficient parallelism     0.1241 ( User= 0.1192 Sys= 0.0049 )
   Communication                0.0036 ( Real_sync= 0.0000 Starts= 0.0000 )
   Idle time                    0.0331
Load imbalance                  0.0019
Synchronization                 0.0008
Time variation                  0.0035
Overlap                         0.0000
                  Nop   Communic    Synchro  Variation    Overlap 
I/O                 8     0.0000     0.0008     0.0034     0.0000 
Reduction           5     0.0036     0.0000     0.0001     0.0000 
--- The comparative characteristics --- 
                              Tmin N proc      Tmax N proc      Tmid
Lost time                   0.0088     8     0.0090    15     0.0089 
User insufficient par.      0.0058    17     0.0084     8     0.0066 
Sys.insufficient par.       0.0002    17     0.0004     1     0.0003 
Idle time                   0.0000     8     0.0027     2     0.0018 
Communication               0.0000     1     0.0003    17     0.0002 
Synchronization             0.0000    16     0.0001     5     0.0000 
Variation                   0.0000     1     0.0002     3     0.0002 
Overlap                     0.0000     1     0.0000    17     0.0000 
Load imbalance              0.0000     8     0.0002    15     0.0001 
Execution time              0.0068     2     0.0095     8     0.0076 
User CPU time               0.0005    15     0.0006     8     0.0005 
Sys. CPU time               0.0000    17     0.0000     9     0.0000 
I/O time                    0.0000     7     0.0000     1     0.0000 
Processors                      18     1         18    18         18 
                      Communic          Synchro        Variation          Overlap  
I/O             Tmin    0.0000     1     0.0000    16     0.0000     1     0.0000     1 
I/O             Tmax    0.0000    18     0.0001     5     0.0002     5     0.0000    18 
I/O             Tmid    0.0000           0.0000           0.0002           0.0000       
Reduction       Tmin    0.0000     1     0.0000    15     0.0000     5     0.0000     1 
Reduction       Tmax    0.0003    17     0.0000     1     0.0000     8     0.0000    17 
Reduction       Tmid    0.0002           0.0000           0.0000           0.0000       
--- The execution characteristics --- 
                                1          2          3          4          5          6          7          8          9         10         11         12         13         14         15         16         17         18 
Lost time                  0.0089     0.0090     0.0089     0.0090     0.0090     0.0089     0.0089     0.0088     0.0089     0.0090     0.0090     0.0090     0.0089     0.0089     0.0090     0.0089     0.0090     0.0089 
User insufficient par.     0.0065     0.0059     0.0065     0.0059     0.0059     0.0069     0.0069     0.0084     0.0060     0.0060     0.0059     0.0059     0.0080     0.0080     0.0060     0.0073     0.0058     0.0076 
Sys.insufficient par.      0.0004     0.0003     0.0003     0.0003     0.0003     0.0003     0.0003     0.0003     0.0003     0.0003     0.0003     0.0003     0.0003     0.0003     0.0003     0.0003     0.0002     0.0002 
Idle time                  0.0019     0.0027     0.0019     0.0026     0.0026     0.0015     0.0015     0.0000     0.0026     0.0026     0.0026     0.0026     0.0004     0.0004     0.0026     0.0012     0.0026     0.0008 
Communication              0.0000     0.0002     0.0002     0.0002     0.0002     0.0002     0.0002     0.0002     0.0001     0.0002     0.0002     0.0002     0.0002     0.0002     0.0002     0.0002     0.0003     0.0003 
Synchronization            0.0000     0.0000     0.0001     0.0000     0.0001     0.0001     0.0001     0.0000     0.0000     0.0001     0.0000     0.0000     0.0000     0.0000     0.0001     0.0000     0.0001     0.0001 
Variation                  0.0000     0.0002     0.0002     0.0002     0.0002     0.0002     0.0002     0.0002     0.0002     0.0002     0.0002     0.0002     0.0002     0.0002     0.0002     0.0002     0.0002     0.0002 
Overlap                    0.0000     0.0000     0.0000     0.0000     0.0000     0.0000     0.0000     0.0000     0.0000     0.0000     0.0000     0.0000     0.0000     0.0000     0.0000     0.0000     0.0000     0.0000 
Load imbalance             0.0001     0.0002     0.0001     0.0002     0.0002     0.0001     0.0000     0.0000     0.0001     0.0001     0.0002     0.0001     0.0000     0.0000     0.0002     0.0001     0.0002     0.0000 
Execution time             0.0075     0.0068     0.0075     0.0069     0.0069     0.0079     0.0079     0.0095     0.0069     0.0069     0.0068     0.0069     0.0091     0.0091     0.0069     0.0083     0.0069     0.0087 
User CPU time              0.0005     0.0005     0.0006     0.0005     0.0005     0.0005     0.0006     0.0006     0.0005     0.0005     0.0005     0.0005     0.0006     0.0006     0.0005     0.0006     0.0005     0.0006 
Sys. CPU time              0.0000     0.0000     0.0000     0.0000     0.0000     0.0000     0.0000     0.0000     0.0000     0.0000     0.0000     0.0000     0.0000     0.0000     0.0000     0.0000     0.0000     0.0000 
I/O time                   0.0000     0.0000     0.0000     0.0000     0.0000     0.0000     0.0000     0.0000     0.0000     0.0000     0.0000     0.0000     0.0000     0.0000     0.0000     0.0000     0.0000     0.0000 
Processors                     18         18         18         18         18         18         18         18         18         18         18         18         18         18         18         18         18         18 
           Communication          
Reduction                  0.0000     0.0002     0.0002     0.0002     0.0002     0.0002     0.0002     0.0002     0.0001     0.0002     0.0002     0.0002     0.0002     0.0002     0.0002     0.0002     0.0003     0.0003 
           Synchronization        
I/O                        0.0000     0.0000     0.0001     0.0000     0.0001     0.0001     0.0001     0.0000     0.0000     0.0001     0.0000     0.0000     0.0000     0.0000     0.0001     0.0000     0.0001     0.0001 
Reduction                  0.0000     0.0000     0.0000     0.0000     0.0000     0.0000     0.0000     0.0000     0.0000     0.0000     0.0000     0.0000     0.0000     0.0000     0.0000     0.0000     0.0000     0.0000 
           Variation              
I/O                        0.0000     0.0002     0.0002     0.0002     0.0002     0.0002     0.0002     0.0002     0.0002     0.0002     0.0002     0.0002     0.0002     0.0002     0.0002     0.0002     0.0002     0.0002 
Reduction                  0.0000     0.0000     0.0000     0.0000     0.0000     0.0000     0.0000     0.0000     0.0000     0.0000     0.0000     0.0000     0.0000     0.0000     0.0000     0.0000     0.0000     0.0000 
           Overlap                
Reduction                  0.0000     0.0000     0.0000     0.0000     0.0000     0.0000     0.0000     0.0000     0.0000     0.0000     0.0000     0.0000     0.0000     0.0000     0.0000     0.0000     0.0000     0.0000 


-------------------------------------------------------------------------
Name (number) and performance time of processors
omp.keldysh.ru(1) 0.933851
omp.keldysh.ru(2) 0.933781
omp.keldysh.ru(3) 0.955786
omp.keldysh.ru(4) 0.955809
omp.keldysh.ru(5) 0.951425
omp.keldysh.ru(6) 0.951752
omp.keldysh.ru(7) 0.945517
omp.keldysh.ru(8) 0.945528
omp.keldysh.ru(9) 0.949392
omp.keldysh.ru(10) 0.949395
omp.keldysh.ru(11) 0.952325
omp.keldysh.ru(12) 0.952345
omp.keldysh.ru(13) 0.953485
omp.keldysh.ru(14) 0.953487
omp.keldysh.ru(15) 0.953987
omp.keldysh.ru(16) 0.953994
omp.keldysh.ru(17) 0.948593
omp.keldysh.ru(18) 0.948574
min - omp.keldysh.ru(2) 0.933781; max - omp.keldysh.ru(4) 0.955809; mid - 0.949390
