Processor system=2*1*7
Statistics has been accumulated on DVM-system version 5.0, platform DVM
Analyzer is executing on DVM-system version 5.0, platform DVM
-------------------------------------------------------------------------
INTERVAL ( NLINE=7 SOURCE=d_sor3d.f ) LEVEL=0  EXE_COUNT=1
--- The main characteristics --- 
Parallelization efficiency      0.3053 
Execution time                 12.3351 
Processors                          14
Threads amount                      14
Total time                    172.6914
Productive time                52.7295 ( CPU= 52.2161 Sys= 0.5127 I/O= 0.0007 )
Lost  time                    119.9619 
   Insufficient parallelism     6.9838 ( User= 0.3090 Sys= 6.6748 )
   Communication              112.9601 ( Real_sync= 0.0043 Starts= 0.0000 )
   Idle time                    0.0181
Load imbalance                  3.0901
Synchronization                 4.7434
Time variation                  4.6392
Overlap                         0.0007
                  Nop   Communic  Real_sync    Synchro  Variation    Overlap 
I/O               107     0.0000     0.0000     0.0142     0.1060     0.0000 
Reduction         100    53.6958     0.0000     0.0061     0.0060     0.0005 
Shadow            102    59.1189     0.0000     4.7230     4.5272     0.0002 
--- The comparative characteristics --- 
                              Tmin N proc      Tmax N proc      Tmid
Lost time                   8.3480     6     8.8391    14     8.5687 
User insufficient par.      0.0189    13     0.0259    14     0.0221 
Sys.insufficient par.       0.3124    14     0.7028     8     0.4768 
Idle time                   0.0000     3     0.0025    13     0.0013 
Communication               7.7478     8     8.4983    14     8.0686 
Real synchronization        0.0000     5     0.0007    11     0.0003 
Synchronization             0.1681    13     0.6728     1     0.3388 
Variation                   0.1891     6     0.4819     2     0.3314 
Overlap                     0.0000     2     0.0003     8     0.0001 
Load imbalance              0.0000     6     0.4911    14     0.2207 
Execution time             12.3326    13    12.3351     3    12.3338 
User CPU time               3.4720    14     3.9505     6     3.7297 
Sys. CPU time               0.0240    14     0.0540     8     0.0366 
I/O time                    0.0000    10     0.0005     1     0.0001 
Processors                      14     1         14    14         14 
                      Communic        Real_sync          Synchro        Variation          Overlap  
I/O             Tmin    0.0000     1     0.0000     1     0.0002     3     0.0000     1     0.0000     1 
I/O             Tmax    0.0000    14     0.0000    14     0.0019    14     0.0089    14     0.0000    14 
I/O             Tmid    0.0000           0.0000           0.0010           0.0076           0.0000       
Reduction       Tmin    0.0015    14     0.0000     1     0.0001     5     0.0000     5     0.0000     2 
Reduction       Tmax    7.7023     1     0.0000    14     0.0008    13     0.0008    13     0.0002     5 
Reduction       Tmid    3.8354           0.0000           0.0004           0.0004           0.0000       
Shadow          Tmin    0.5367     1     0.0000     1     0.1654    13     0.1809     6     0.0000     2 
Shadow          Tmax    8.4877    14     0.0000    14     0.6722     1     0.4736     2     0.0001     8 
Shadow          Tmid    4.2228           0.0000           0.3374           0.3234           0.0000       
--- The execution characteristics --- 
                                1          2          3          4          5          6          7          8          9         10         11         12         13         14 
Lost time                  8.6482     8.4014     8.3614     8.3659     8.3584     8.3480     8.4393     8.4727     8.7538     8.7108     8.7792     8.7357     8.7479     8.8391 
User insufficient par.     0.0206     0.0232     0.0257     0.0253     0.0244     0.0243     0.0201     0.0203     0.0199     0.0206     0.0204     0.0194     0.0189     0.0259 
Sys.insufficient par.      0.3877     0.5334     0.5678     0.5333     0.5127     0.4750     0.3682     0.7028     0.5317     0.5009     0.3875     0.4456     0.4158     0.3124 
Idle time                  0.0003     0.0003     0.0000     0.0003     0.0003     0.0003     0.0018     0.0018     0.0024     0.0018     0.0018     0.0023     0.0025     0.0024 
Communication              8.2397     7.8444     7.7680     7.8070     7.8211     7.8484     8.0492     7.7478     8.1999     8.1876     8.3695     8.2684     8.3107     8.4983 
Real synchronization       0.0001     0.0000     0.0000     0.0000     0.0000     0.0000     0.0000     0.0001     0.0007     0.0007     0.0007     0.0006     0.0007     0.0007 
Synchronization            0.6728     0.5094     0.4618     0.4293     0.4008     0.3678     0.3828     0.1803     0.2843     0.2604     0.2247     0.2014     0.1681     0.1993 
Variation                  0.4164     0.4819     0.3762     0.3179     0.2485     0.1891     0.2181     0.4086     0.4657     0.4088     0.3440     0.2821     0.2271     0.2547 
Overlap                    0.0001     0.0000     0.0002     0.0000     0.0002     0.0000     0.0000     0.0003     0.0000     0.0000     0.0000     0.0000     0.0000     0.0000 
Load imbalance             0.3008     0.0533     0.0134     0.0179     0.0103     0.0000     0.0913     0.1247     0.4058     0.3627     0.4312     0.3877     0.3999     0.4911 
Execution time            12.3348    12.3348    12.3351    12.3348    12.3348    12.3349    12.3333    12.3333    12.3327    12.3333    12.3334    12.3328    12.3326    12.3327 
User CPU time              3.6570     3.8927     3.9300     3.9282     3.9373     3.9505     3.8674     3.8083     3.5404     3.5858     3.5261     3.5651     3.5552     3.4720 
Sys. CPU time              0.0293     0.0410     0.0437     0.0410     0.0394     0.0365     0.0283     0.0540     0.0409     0.0385     0.0298     0.0343     0.0320     0.0240 
I/O time                   0.0005     0.0000     0.0000     0.0000     0.0000     0.0000     0.0000     0.0000     0.0000     0.0000     0.0000     0.0000     0.0000     0.0000 
Processors                     14         14         14         14         14         14         14         14         14         14         14         14         14         14 
           Communication          
Reduction                  7.7023     6.5958     5.4796     4.3697     3.2500     2.1409     1.0617     6.6443     5.5161     4.4049     3.2934     2.1736     1.0620     0.0015 
Shadow                     0.5367     1.2483     2.2882     3.4372     4.5711     5.7074     6.9870     1.1026     2.6745     3.7733     4.9780     6.0874     7.2395     8.4877 
           Real synchronization   
           Synchronization        
I/O                        0.0004     0.0008     0.0002     0.0008     0.0002     0.0008     0.0018     0.0003     0.0013     0.0012     0.0014     0.0013     0.0018     0.0019 
Reduction                  0.0002     0.0004     0.0001     0.0005     0.0001     0.0004     0.0008     0.0001     0.0005     0.0004     0.0005     0.0005     0.0008     0.0008 
Shadow                     0.6722     0.5082     0.4616     0.4279     0.4006     0.3667     0.3803     0.1799     0.2825     0.2587     0.2228     0.1997     0.1654     0.1966 
           Variation              
I/O                        0.0000     0.0079     0.0073     0.0079     0.0073     0.0078     0.0089     0.0074     0.0084     0.0084     0.0085     0.0084     0.0089     0.0089 
Reduction                  0.0002     0.0004     0.0001     0.0005     0.0000     0.0003     0.0008     0.0001     0.0005     0.0004     0.0005     0.0005     0.0008     0.0008 
Shadow                     0.4161     0.4736     0.3689     0.3095     0.2411     0.1809     0.2085     0.4010     0.4568     0.4000     0.3350     0.2733     0.2174     0.2451 
           Overlap                
Reduction                  0.0000     0.0000     0.0002     0.0000     0.0002     0.0000     0.0000     0.0001     0.0000     0.0000     0.0000     0.0000     0.0000     0.0000 
Shadow                     0.0000     0.0000     0.0000     0.0000     0.0000     0.0000     0.0000     0.0001     0.0000     0.0000     0.0000     0.0000     0.0000     0.0000 


-------------------------------------------------------------------------
Name (number) and performance time of processors
omp.keldysh.ru(1) 0.933953
omp.keldysh.ru(2) 0.933864
omp.keldysh.ru(3) 0.957390
omp.keldysh.ru(4) 0.957420
omp.keldysh.ru(5) 0.957778
omp.keldysh.ru(6) 0.957699
omp.keldysh.ru(7) 0.960338
omp.keldysh.ru(8) 0.960339
omp.keldysh.ru(9) 0.958897
omp.keldysh.ru(10) 0.958922
omp.keldysh.ru(11) 0.933887
omp.keldysh.ru(12) 0.933887
omp.keldysh.ru(13) 0.958262
omp.keldysh.ru(14) 0.958543
min - omp.keldysh.ru(2) 0.933864; max - omp.keldysh.ru(8) 0.960339; mid - 0.951513
