Processor system=2*4*2*1
Statistics has been accumulated on DVM-system version 5.0, platform DVM
Analyzer is executing on DVM-system version 5.0, platform DVM
-------------------------------------------------------------------------
INTERVAL ( NLINE=7 SOURCE=rem42.f ) LEVEL=0  EXE_COUNT=1
--- The main characteristics --- 
Parallelization efficiency      0.0535 
Execution time                  0.0348 
Processors                          16
Threads amount                      16
Total time                      0.5567
Productive time                 0.0298 ( CPU= 0.0103 Sys= 0.0195 I/O= 0.0000 )
Lost  time                      0.5269 
   Insufficient parallelism     0.4468 ( User= 0.1544 Sys= 0.2924 )
   Communication                0.0635 ( Real_sync= 0.0000 Starts= 0.0000 )
   Idle time                    0.0166
Load imbalance                  0.0045
Synchronization                44.2015
Time variation                 44.2056
Overlap                         0.0002
                  Nop   Communic    Synchro  Variation    Overlap 
I/O                16     0.0000     0.1822     0.1854     0.0000 
Reduction           7     0.0635     0.0090     0.0090     0.0000 
Remote access    4155     0.0000    44.0103    44.0112     0.0002 
--- The comparative characteristics --- 
                              Tmin N proc      Tmax N proc      Tmid
Lost time                   0.0326     3     0.0337    14     0.0329 
User insufficient par.      0.0062    16     0.0114     9     0.0096 
Sys.insufficient par.       0.0104    14     0.0212     1     0.0183 
Idle time                   0.0000     9     0.0021    13     0.0010 
Communication               0.0002     1     0.0149    14     0.0040 
Synchronization             0.0200     3    10.7098    14     2.7626 
Variation                   0.0202     3    10.7103    14     2.7628 
Overlap                     0.0000     5     0.0001     4     0.0000 
Load imbalance              0.0000     3     0.0010    14     0.0003 
Execution time              0.0327    13     0.0348     9     0.0338 
User CPU time               0.0004    16     0.0008     9     0.0006 
Sys. CPU time               0.0007    14     0.0014     5     0.0012 
I/O time                    0.0000    15     0.0000     1     0.0000 
Processors                      16     1         16    16         16 
                      Communic          Synchro        Variation          Overlap  
I/O             Tmin    0.0000     1     0.0002     1     0.0002     1     0.0000     1 
I/O             Tmax    0.0000    16     0.0439    14     0.0441    14     0.0000    16 
I/O             Tmid    0.0000           0.0114           0.0116           0.0000       
Reduction       Tmin    0.0002     1     0.0000     2     0.0000     2     0.0000     1 
Reduction       Tmax    0.0149    14     0.0022    14     0.0022    14     0.0000     4 
Reduction       Tmid    0.0040           0.0006           0.0006           0.0000       
Remote access   Tmin    0.0000     1     0.0197     3     0.0197     3     0.0000     5 
Remote access   Tmax    0.0000    16    10.6637    14    10.6640    14     0.0001     4 
Remote access   Tmid    0.0000           2.7506           2.7507           0.0000       
--- The execution characteristics --- 
                                1          2          3          4          5          6          7          8          9         10         11         12         13         14         15         16 
Lost time                  0.0327     0.0327     0.0326     0.0327     0.0327     0.0327     0.0327     0.0327     0.0327     0.0327     0.0327     0.0327     0.0337     0.0337     0.0337     0.0337 
User insufficient par.     0.0105     0.0107     0.0112     0.0108     0.0106     0.0107     0.0108     0.0108     0.0114     0.0106     0.0107     0.0106     0.0063     0.0063     0.0063     0.0062 
Sys.insufficient par.      0.0212     0.0209     0.0209     0.0209     0.0210     0.0209     0.0208     0.0208     0.0206     0.0206     0.0207     0.0207     0.0106     0.0104     0.0105     0.0107 
Idle time                  0.0008     0.0008     0.0003     0.0008     0.0008     0.0008     0.0007     0.0009     0.0000     0.0009     0.0007     0.0008     0.0021     0.0021     0.0021     0.0021 
Communication              0.0002     0.0003     0.0002     0.0002     0.0003     0.0003     0.0003     0.0003     0.0007     0.0007     0.0006     0.0006     0.0147     0.0149     0.0148     0.0146 
Synchronization            0.0224     0.1664     0.0200     0.0211     0.0945     0.1070     0.1079     0.1058     0.3629     0.3613     0.2781     0.2858    10.5055    10.7098    10.6329    10.4202 
Variation                  0.0223     0.1665     0.0202     0.0213     0.0947     0.1072     0.1081     0.1061     0.3631     0.3615     0.2783     0.2860    10.5059    10.7103    10.6334    10.4206 
Overlap                    0.0001     0.0000     0.0001     0.0001     0.0000     0.0000     0.0000     0.0000     0.0000     0.0000     0.0000     0.0000     0.0000     0.0000     0.0000     0.0000 
Load imbalance             0.0000     0.0000     0.0000     0.0000     0.0000     0.0000     0.0000     0.0000     0.0000     0.0001     0.0001     0.0001     0.0010     0.0010     0.0010     0.0010 
Execution time             0.0340     0.0340     0.0345     0.0340     0.0340     0.0340     0.0341     0.0339     0.0348     0.0339     0.0341     0.0340     0.0327     0.0327     0.0327     0.0327 
User CPU time              0.0007     0.0007     0.0007     0.0007     0.0007     0.0007     0.0007     0.0007     0.0008     0.0007     0.0007     0.0007     0.0004     0.0004     0.0004     0.0004 
Sys. CPU time              0.0014     0.0014     0.0014     0.0014     0.0014     0.0014     0.0014     0.0014     0.0014     0.0014     0.0014     0.0014     0.0007     0.0007     0.0007     0.0007 
I/O time                   0.0000     0.0000     0.0000     0.0000     0.0000     0.0000     0.0000     0.0000     0.0000     0.0000     0.0000     0.0000     0.0000     0.0000     0.0000     0.0000 
Processors                     16         16         16         16         16         16         16         16         16         16         16         16         16         16         16         16 
           Communication          
Reduction                  0.0002     0.0003     0.0002     0.0002     0.0003     0.0003     0.0003     0.0003     0.0007     0.0007     0.0006     0.0006     0.0147     0.0149     0.0148     0.0146 
           Synchronization        
I/O                        0.0002     0.0009     0.0002     0.0002     0.0006     0.0006     0.0006     0.0006     0.0017     0.0016     0.0012     0.0013     0.0428     0.0439     0.0435     0.0422 
Reduction                  0.0001     0.0000     0.0001     0.0001     0.0001     0.0001     0.0001     0.0001     0.0001     0.0001     0.0001     0.0001     0.0019     0.0022     0.0021     0.0017 
Remote access              0.0221     0.1654     0.0197     0.0208     0.0938     0.1063     0.1072     0.1052     0.3611     0.3595     0.2767     0.2844    10.4608    10.6637    10.5873    10.3762 
           Variation              
I/O                        0.0002     0.0011     0.0004     0.0005     0.0008     0.0009     0.0008     0.0008     0.0019     0.0019     0.0014     0.0015     0.0430     0.0441     0.0437     0.0424 
Reduction                  0.0001     0.0000     0.0001     0.0001     0.0001     0.0001     0.0001     0.0001     0.0001     0.0001     0.0001     0.0001     0.0019     0.0022     0.0021     0.0017 
Remote access              0.0221     0.1654     0.0197     0.0208     0.0937     0.1062     0.1072     0.1052     0.3611     0.3595     0.2767     0.2844    10.4610    10.6640    10.5875    10.3765 
           Overlap                
Reduction                  0.0000     0.0000     0.0000     0.0000     0.0000     0.0000     0.0000     0.0000     0.0000     0.0000     0.0000     0.0000     0.0000     0.0000     0.0000     0.0000 
Remote access              0.0001     0.0000     0.0001     0.0001     0.0000     0.0000     0.0000     0.0000     0.0000     0.0000     0.0000     0.0000     0.0000     0.0000     0.0000     0.0000 


-------------------------------------------------------------------------
Name (number) and performance time of processors
omp.keldysh.ru(1) 0.935340
omp.keldysh.ru(2) 0.935270
omp.keldysh.ru(3) 0.952583
omp.keldysh.ru(4) 0.952840
omp.keldysh.ru(5) 0.955720
omp.keldysh.ru(6) 0.955717
omp.keldysh.ru(7) 0.958460
omp.keldysh.ru(8) 0.958713
omp.keldysh.ru(9) 0.952022
omp.keldysh.ru(10) 0.952030
omp.keldysh.ru(11) 0.953824
omp.keldysh.ru(12) 0.953849
omp.keldysh.ru(13) 0.935283
omp.keldysh.ru(14) 0.935298
omp.keldysh.ru(15) 0.954049
omp.keldysh.ru(16) 0.954059
min - omp.keldysh.ru(2) 0.935270; max - omp.keldysh.ru(8) 0.958713; mid - 0.949691
