Processor system=3*3*1*2
Statistics has been accumulated on DVM-system version 5.0, platform DVM
Analyzer is executing on DVM-system version 5.0, platform DVM
-------------------------------------------------------------------------
INTERVAL ( NLINE=5 SOURCE=distr4.f ) LEVEL=0  EXE_COUNT=2
--- The main characteristics --- 
Parallelization efficiency      0.0498 
Execution time                  0.0109 
Processors                          18
Threads amount                      18
Total time                      0.1965
Productive time                 0.0098 ( CPU= 0.0090 Sys= 0.0008 I/O= 0.0000 )
Lost  time                      0.1868 
   Insufficient parallelism     0.1426 ( User= 0.1292 Sys= 0.0133 )
   Communication                0.0121 ( Real_sync= 0.0000 Starts= 0.0000 )
   Idle time                    0.0321
Load imbalance                  0.0019
Synchronization                 0.0062
Time variation                  0.0087
                  Nop   Communic    Synchro  Variation 
I/O                 6     0.0000     0.0016     0.0038 
Reduction           5     0.0070     0.0007     0.0007 
Redistribution      5     0.0051     0.0040     0.0042 
--- The comparative characteristics --- 
                              Tmin N proc      Tmax N proc      Tmid
Lost time                   0.0103     4     0.0105    18     0.0104 
User insufficient par.      0.0061    18     0.0089     9     0.0072 
Sys.insufficient par.       0.0006    18     0.0009     1     0.0007 
Idle time                   0.0000     9     0.0027     1     0.0018 
Communication               0.0005     1     0.0012    17     0.0007 
Synchronization             0.0001     1     0.0009    17     0.0003 
Variation                   0.0002     1     0.0010    17     0.0005 
Load imbalance              0.0000     4     0.0002    18     0.0001 
Execution time              0.0083     1     0.0109     9     0.0091 
User CPU time               0.0004    18     0.0006     4     0.0005 
Sys. CPU time               0.0000    18     0.0000    15     0.0000 
I/O time                    0.0000    12     0.0000     1     0.0000 
Processors                      18     1         18    18         18 
                      Communic          Synchro        Variation  
I/O             Tmin    0.0000     1     0.0000     2     0.0000     1 
I/O             Tmax    0.0000    18     0.0002    18     0.0003    18 
I/O             Tmid    0.0000           0.0001           0.0002       
Reduction       Tmin    0.0003    11     0.0000     4     0.0000     4 
Reduction       Tmax    0.0008    17     0.0001    17     0.0001    17 
Reduction       Tmid    0.0004           0.0000           0.0000       
Redistribution  Tmin    0.0002     2     0.0000     1     0.0001     1 
Redistribution  Tmax    0.0004    18     0.0007    17     0.0007    17 
Redistribution  Tmid    0.0003           0.0002           0.0002       
--- The execution characteristics --- 
                                1          2          3          4          5          6          7          8          9         10         11         12         13         14         15         16         17         18 
Lost time                  0.0104     0.0104     0.0104     0.0103     0.0103     0.0104     0.0103     0.0104     0.0103     0.0103     0.0104     0.0104     0.0104     0.0104     0.0104     0.0104     0.0104     0.0105 
User insufficient par.     0.0064     0.0064     0.0065     0.0086     0.0079     0.0064     0.0078     0.0065     0.0089     0.0089     0.0064     0.0071     0.0074     0.0074     0.0064     0.0065     0.0078     0.0061 
Sys.insufficient par.      0.0009     0.0007     0.0008     0.0008     0.0007     0.0008     0.0007     0.0007     0.0008     0.0008     0.0008     0.0008     0.0008     0.0007     0.0008     0.0007     0.0006     0.0006 
Idle time                  0.0027     0.0026     0.0026     0.0004     0.0012     0.0026     0.0012     0.0026     0.0000     0.0000     0.0026     0.0019     0.0015     0.0016     0.0026     0.0026     0.0008     0.0026 
Communication              0.0005     0.0006     0.0006     0.0006     0.0006     0.0006     0.0006     0.0006     0.0006     0.0006     0.0006     0.0006     0.0006     0.0006     0.0006     0.0006     0.0012     0.0012 
Synchronization            0.0001     0.0002     0.0002     0.0002     0.0003     0.0003     0.0003     0.0003     0.0004     0.0003     0.0003     0.0003     0.0003     0.0003     0.0003     0.0003     0.0009     0.0009 
Variation                  0.0002     0.0004     0.0004     0.0004     0.0005     0.0005     0.0005     0.0005     0.0005     0.0004     0.0004     0.0004     0.0004     0.0004     0.0004     0.0004     0.0010     0.0010 
Load imbalance             0.0002     0.0001     0.0001     0.0000     0.0001     0.0002     0.0001     0.0001     0.0000     0.0000     0.0002     0.0001     0.0001     0.0001     0.0002     0.0001     0.0001     0.0002 
Execution time             0.0083     0.0083     0.0083     0.0105     0.0097     0.0083     0.0097     0.0083     0.0109     0.0109     0.0083     0.0090     0.0094     0.0094     0.0083     0.0083     0.0101     0.0083 
User CPU time              0.0005     0.0005     0.0005     0.0006     0.0005     0.0004     0.0005     0.0005     0.0006     0.0006     0.0004     0.0005     0.0005     0.0005     0.0004     0.0005     0.0005     0.0004 
Sys. CPU time              0.0000     0.0000     0.0000     0.0000     0.0000     0.0000     0.0000     0.0000     0.0000     0.0000     0.0000     0.0000     0.0000     0.0000     0.0000     0.0000     0.0000     0.0000 
I/O time                   0.0000     0.0000     0.0000     0.0000     0.0000     0.0000     0.0000     0.0000     0.0000     0.0000     0.0000     0.0000     0.0000     0.0000     0.0000     0.0000     0.0000     0.0000 
Processors                     18         18         18         18         18         18         18         18         18         18         18         18         18         18         18         18         18         18 
           Communication          
Reduction                  0.0003     0.0004     0.0003     0.0003     0.0004     0.0003     0.0003     0.0003     0.0004     0.0003     0.0003     0.0003     0.0004     0.0004     0.0003     0.0003     0.0008     0.0008 
Redistribution             0.0002     0.0002     0.0002     0.0002     0.0002     0.0003     0.0003     0.0003     0.0003     0.0003     0.0003     0.0003     0.0003     0.0003     0.0003     0.0003     0.0004     0.0004 
           Synchronization        
I/O                        0.0001     0.0000     0.0001     0.0000     0.0001     0.0001     0.0001     0.0001     0.0001     0.0001     0.0001     0.0001     0.0001     0.0001     0.0001     0.0001     0.0002     0.0002 
Reduction                  0.0000     0.0000     0.0000     0.0000     0.0001     0.0001     0.0000     0.0000     0.0000     0.0000     0.0000     0.0000     0.0000     0.0000     0.0000     0.0000     0.0001     0.0001 
Redistribution             0.0000     0.0002     0.0001     0.0001     0.0002     0.0002     0.0002     0.0002     0.0002     0.0002     0.0002     0.0002     0.0002     0.0002     0.0002     0.0002     0.0007     0.0007 
           Variation              
I/O                        0.0000     0.0002     0.0002     0.0002     0.0002     0.0002     0.0002     0.0002     0.0002     0.0002     0.0002     0.0002     0.0002     0.0002     0.0002     0.0002     0.0003     0.0003 
Reduction                  0.0000     0.0000     0.0000     0.0000     0.0001     0.0001     0.0001     0.0000     0.0000     0.0000     0.0000     0.0000     0.0000     0.0000     0.0000     0.0000     0.0001     0.0001 
Redistribution             0.0001     0.0002     0.0002     0.0002     0.0002     0.0002     0.0002     0.0002     0.0002     0.0002     0.0001     0.0001     0.0002     0.0002     0.0001     0.0001     0.0007     0.0007 


-------------------------------------------------------------------------
Name (number) and performance time of processors
omp.keldysh.ru(1) 0.933808
omp.keldysh.ru(2) 0.933754
omp.keldysh.ru(3) 0.950188
omp.keldysh.ru(4) 0.950225
omp.keldysh.ru(5) 0.951302
omp.keldysh.ru(6) 0.951580
omp.keldysh.ru(7) 0.954270
omp.keldysh.ru(8) 0.954256
omp.keldysh.ru(9) 0.951015
omp.keldysh.ru(10) 0.951025
omp.keldysh.ru(11) 0.952723
omp.keldysh.ru(12) 0.952747
omp.keldysh.ru(13) 0.952314
omp.keldysh.ru(14) 0.952294
omp.keldysh.ru(15) 0.946625
omp.keldysh.ru(16) 0.946609
omp.keldysh.ru(17) 0.952591
omp.keldysh.ru(18) 0.952586
min - omp.keldysh.ru(2) 0.933754; max - omp.keldysh.ru(7) 0.954270; mid - 0.949440
