Processor system=3*2*1*3
Statistics has been accumulated on DVM-system version 5.0, platform DVM
Analyzer is executing on DVM-system version 5.0, platform DVM
-------------------------------------------------------------------------
INTERVAL ( NLINE=7 SOURCE=acr42.f ) LEVEL=0  EXE_COUNT=2
--- The main characteristics --- 
Parallelization efficiency      0.0530 
Execution time                  0.8861 
Processors                          18
Threads amount                      18
Total time                     15.9505
Productive time                 0.8450 ( CPU= 0.8387 Sys= 0.0062 I/O= 0.0000 )
Lost  time                     15.1055 
   Insufficient parallelism    14.3653 ( User= 14.2587 Sys= 0.1066 )
   Communication                0.0058 ( Real_sync= 0.0000 Starts= 0.0000 )
   Idle time                    0.7344
Load imbalance                  0.0408
Synchronization                 4.2639
Time variation                  4.2657
Overlap                         0.0046
                  Nop   Communic    Synchro  Variation    Overlap 
I/O                12     0.0000     1.4103     1.4122     0.0000 
Reduction          10     0.0058     0.7009     0.7009     0.0000 
Shadow             28     0.0000     2.1527     2.1526     0.0046 
--- The comparative characteristics --- 
                              Tmin N proc      Tmax N proc      Tmid
Lost time                   0.8369    12     0.8550    17     0.8392 
User insufficient par.      0.5264    17     0.8296    12     0.7921 
Sys.insufficient par.       0.0025    18     0.0073    11     0.0059 
Idle time                   0.0000    12     0.3255    17     0.0408 
Communication               0.0002     1     0.0005    18     0.0003 
Synchronization             0.0025     6     1.9559    17     0.2369 
Variation                   0.0026     6     1.9560    17     0.2370 
Overlap                     0.0000    17     0.0004     3     0.0003 
Load imbalance              0.0000    12     0.0181    17     0.0023 
Execution time              0.5607    17     0.8861    12     0.8453 
User CPU time               0.0310    17     0.0488    12     0.0466 
Sys. CPU time               0.0001    18     0.0004    11     0.0003 
I/O time                    0.0000    12     0.0000     1     0.0000 
Processors                      18     1         18    18         18 
                      Communic          Synchro        Variation          Overlap  
I/O             Tmin    0.0000     1     0.0004     6     0.0005     6     0.0000     1 
I/O             Tmax    0.0000    18     0.6509    17     0.6510    17     0.0000    18 
I/O             Tmid    0.0000           0.0783           0.0785           0.0000       
Reduction       Tmin    0.0002     1     0.0002     6     0.0002     6     0.0000     1 
Reduction       Tmax    0.0005    18     0.3270    17     0.3270    17     0.0000    16 
Reduction       Tmid    0.0003           0.0389           0.0389           0.0000       
Shadow          Tmin    0.0000     1     0.0018     6     0.0018     6     0.0000    17 
Shadow          Tmax    0.0000    18     0.9780    17     0.9780    17     0.0004     3 
Shadow          Tmid    0.0000           0.1196           0.1196           0.0003       
--- The execution characteristics --- 
                                1          2          3          4          5          6          7          8          9         10         11         12         13         14         15         16         17         18 
Lost time                  0.8377     0.8382     0.8371     0.8370     0.8371     0.8369     0.8369     0.8371     0.8371     0.8370     0.8370     0.8369     0.8377     0.8378     0.8370     0.8370     0.8550     0.8549 
User insufficient par.     0.8200     0.8086     0.8269     0.8276     0.8270     0.8294     0.8290     0.8269     0.8273     0.8291     0.8286     0.8296     0.8204     0.8174     0.8281     0.8284     0.5264     0.5280 
Sys.insufficient par.      0.0037     0.0057     0.0072     0.0072     0.0071     0.0069     0.0072     0.0072     0.0068     0.0067     0.0073     0.0070     0.0032     0.0040     0.0071     0.0071     0.0027     0.0025 
Idle time                  0.0138     0.0236     0.0027     0.0020     0.0027     0.0004     0.0004     0.0027     0.0027     0.0008     0.0008     0.0000     0.0138     0.0161     0.0016     0.0012     0.3255     0.3240 
Communication              0.0002     0.0004     0.0003     0.0003     0.0003     0.0003     0.0003     0.0003     0.0003     0.0003     0.0003     0.0003     0.0003     0.0003     0.0003     0.0003     0.0005     0.0005 
Synchronization            0.0546     0.1004     0.0103     0.0088     0.0042     0.0025     0.0152     0.0159     0.0075     0.0063     0.0129     0.0087     0.0482     0.0577     0.0113     0.0079     1.9559     1.9358 
Variation                  0.0544     0.1005     0.0104     0.0089     0.0043     0.0026     0.0153     0.0160     0.0076     0.0064     0.0130     0.0089     0.0483     0.0578     0.0114     0.0080     1.9560     1.9359 
Overlap                    0.0002     0.0002     0.0004     0.0004     0.0003     0.0004     0.0002     0.0002     0.0004     0.0004     0.0003     0.0003     0.0002     0.0002     0.0003     0.0003     0.0000     0.0000 
Load imbalance             0.0008     0.0013     0.0001     0.0001     0.0001     0.0000     0.0000     0.0001     0.0001     0.0000     0.0000     0.0000     0.0008     0.0009     0.0001     0.0001     0.0181     0.0180 
Execution time             0.8724     0.8625     0.8835     0.8842     0.8835     0.8857     0.8858     0.8835     0.8835     0.8854     0.8854     0.8861     0.8724     0.8700     0.8846     0.8850     0.5607     0.5622 
User CPU time              0.0482     0.0476     0.0486     0.0487     0.0486     0.0488     0.0488     0.0486     0.0487     0.0488     0.0487     0.0488     0.0483     0.0481     0.0487     0.0487     0.0310     0.0311 
Sys. CPU time              0.0002     0.0003     0.0004     0.0004     0.0004     0.0004     0.0004     0.0004     0.0004     0.0004     0.0004     0.0004     0.0002     0.0002     0.0004     0.0004     0.0002     0.0001 
I/O time                   0.0000     0.0000     0.0000     0.0000     0.0000     0.0000     0.0000     0.0000     0.0000     0.0000     0.0000     0.0000     0.0000     0.0000     0.0000     0.0000     0.0000     0.0000 
Processors                     18         18         18         18         18         18         18         18         18         18         18         18         18         18         18         18         18         18 
           Communication          
Reduction                  0.0002     0.0004     0.0003     0.0003     0.0003     0.0003     0.0003     0.0003     0.0003     0.0003     0.0003     0.0003     0.0003     0.0003     0.0003     0.0003     0.0005     0.0005 
           Synchronization        
I/O                        0.0206     0.0382     0.0012     0.0010     0.0005     0.0004     0.0022     0.0027     0.0016     0.0012     0.0019     0.0013     0.0182     0.0208     0.0018     0.0009     0.6509     0.6447 
Reduction                  0.0075     0.0175     0.0008     0.0008     0.0004     0.0002     0.0015     0.0015     0.0015     0.0012     0.0011     0.0008     0.0058     0.0074     0.0010     0.0008     0.3270     0.3240 
Shadow                     0.0264     0.0446     0.0083     0.0070     0.0033     0.0018     0.0115     0.0117     0.0044     0.0038     0.0099     0.0066     0.0242     0.0295     0.0085     0.0062     0.9780     0.9671 
           Variation              
I/O                        0.0205     0.0383     0.0013     0.0011     0.0007     0.0005     0.0023     0.0029     0.0017     0.0014     0.0020     0.0014     0.0184     0.0209     0.0019     0.0011     0.6510     0.6448 
Reduction                  0.0075     0.0175     0.0008     0.0008     0.0004     0.0002     0.0015     0.0015     0.0015     0.0012     0.0011     0.0008     0.0058     0.0074     0.0010     0.0008     0.3270     0.3240 
Shadow                     0.0264     0.0446     0.0083     0.0070     0.0033     0.0018     0.0115     0.0117     0.0044     0.0038     0.0099     0.0066     0.0242     0.0295     0.0084     0.0062     0.9780     0.9671 
           Overlap                
Reduction                  0.0000     0.0000     0.0000     0.0000     0.0000     0.0000     0.0000     0.0000     0.0000     0.0000     0.0000     0.0000     0.0000     0.0000     0.0000     0.0000     0.0000     0.0000 
Shadow                     0.0002     0.0002     0.0004     0.0004     0.0003     0.0004     0.0002     0.0002     0.0004     0.0004     0.0003     0.0003     0.0002     0.0002     0.0003     0.0003     0.0000     0.0000 


-------------------------------------------------------------------------
Name (number) and performance time of processors
omp.keldysh.ru(1) 0.933827
omp.keldysh.ru(2) 0.933744
omp.keldysh.ru(3) 0.956257
omp.keldysh.ru(4) 0.956310
omp.keldysh.ru(5) 0.958523
omp.keldysh.ru(6) 0.958545
omp.keldysh.ru(7) 0.956580
omp.keldysh.ru(8) 0.956565
omp.keldysh.ru(9) 0.956431
omp.keldysh.ru(10) 0.956444
omp.keldysh.ru(11) 0.957449
omp.keldysh.ru(12) 0.957452
omp.keldysh.ru(13) 0.958558
omp.keldysh.ru(14) 0.958593
omp.keldysh.ru(15) 0.956820
omp.keldysh.ru(16) 0.956829
omp.keldysh.ru(17) 0.955416
omp.keldysh.ru(18) 0.955712
min - omp.keldysh.ru(2) 0.933744; max - omp.keldysh.ru(14) 0.958593; mid - 0.954448
