Processor system=1*3*6
Statistics has been accumulated on DVM-system version 5.0, platform DVM
Analyzer is executing on DVM-system version 5.0, platform DVM
-------------------------------------------------------------------------
INTERVAL ( NLINE=8 SOURCE=sha32.f ) LEVEL=0  EXE_COUNT=2
--- The main characteristics --- 
Parallelization efficiency      0.0438 
Execution time                  0.0096 
Processors                          18
Threads amount                      18
Total time                      0.1732
Productive time                 0.0076 ( CPU= 0.0070 Sys= 0.0006 I/O= 0.0000 )
Lost  time                      0.1657 
   Insufficient parallelism     0.1247 ( User= 0.1144 Sys= 0.0103 )
   Communication                0.0093 ( Real_sync= 0.0000 Starts= 0.0000 )
   Idle time                    0.0317
Load imbalance                  0.0019
Synchronization                 0.0069
Time variation                  0.0085
Overlap                         0.0000
                  Nop   Communic    Synchro  Variation    Overlap 
I/O                 6     0.0000     0.0023     0.0046     0.0000 
Reduction           5     0.0067     0.0013     0.0013     0.0000 
Shadow              5     0.0026     0.0033     0.0026     0.0000 
--- The comparative characteristics --- 
                              Tmin N proc      Tmax N proc      Tmid
Lost time                   0.0091    15     0.0093    18     0.0092 
User insufficient par.      0.0055     1     0.0081    15     0.0064 
Sys.insufficient par.       0.0005    17     0.0007     1     0.0006 
Idle time                   0.0000    15     0.0027     2     0.0018 
Communication               0.0004     1     0.0007    17     0.0005 
Synchronization             0.0001     1     0.0006     3     0.0004 
Variation                   0.0001     1     0.0007     3     0.0005 
Overlap                     0.0000     2     0.0000     7     0.0000 
Load imbalance              0.0000    15     0.0002    18     0.0001 
Execution time              0.0069     2     0.0096    15     0.0079 
User CPU time               0.0003     2     0.0005    15     0.0004 
Sys. CPU time               0.0000    17     0.0000     5     0.0000 
I/O time                    0.0000    11     0.0000     1     0.0000 
Processors                      18     1         18    18         18 
                      Communic          Synchro        Variation          Overlap  
I/O             Tmin    0.0000     1     0.0001     1     0.0000     1     0.0000     1 
I/O             Tmax    0.0000    18     0.0002     9     0.0004     9     0.0000    18 
I/O             Tmid    0.0000           0.0001           0.0003           0.0000       
Reduction       Tmin    0.0003     7     0.0000    11     0.0000    11     0.0000     1 
Reduction       Tmax    0.0005    17     0.0001    15     0.0001     3     0.0000    11 
Reduction       Tmid    0.0004           0.0001           0.0001           0.0000       
Shadow          Tmin    0.0001     6     0.0000     1     0.0000     1     0.0000     2 
Shadow          Tmax    0.0002     7     0.0003    17     0.0002     3     0.0000     7 
Shadow          Tmid    0.0001           0.0002           0.0001           0.0000       
--- The execution characteristics --- 
                                1          2          3          4          5          6          7          8          9         10         11         12         13         14         15         16         17         18 
Lost time                  0.0092     0.0093     0.0093     0.0092     0.0091     0.0091     0.0092     0.0092     0.0092     0.0092     0.0092     0.0092     0.0091     0.0092     0.0091     0.0092     0.0092     0.0093 
User insufficient par.     0.0055     0.0055     0.0056     0.0061     0.0076     0.0076     0.0055     0.0055     0.0066     0.0066     0.0055     0.0055     0.0080     0.0056     0.0081     0.0069     0.0072     0.0055 
Sys.insufficient par.      0.0007     0.0005     0.0006     0.0006     0.0006     0.0006     0.0006     0.0006     0.0006     0.0005     0.0006     0.0006     0.0006     0.0006     0.0006     0.0006     0.0005     0.0005 
Idle time                  0.0026     0.0027     0.0026     0.0020     0.0004     0.0004     0.0026     0.0027     0.0016     0.0016     0.0026     0.0026     0.0000     0.0026     0.0000     0.0012     0.0008     0.0026 
Communication              0.0004     0.0005     0.0005     0.0005     0.0005     0.0005     0.0005     0.0004     0.0005     0.0005     0.0005     0.0005     0.0005     0.0005     0.0005     0.0005     0.0007     0.0006 
Synchronization            0.0001     0.0005     0.0006     0.0006     0.0002     0.0003     0.0002     0.0003     0.0006     0.0005     0.0002     0.0002     0.0003     0.0004     0.0006     0.0005     0.0004     0.0004 
Variation                  0.0001     0.0005     0.0007     0.0007     0.0004     0.0004     0.0002     0.0005     0.0007     0.0006     0.0003     0.0004     0.0004     0.0005     0.0007     0.0006     0.0004     0.0004 
Overlap                    0.0000     0.0000     0.0000     0.0000     0.0000     0.0000     0.0000     0.0000     0.0000     0.0000     0.0000     0.0000     0.0000     0.0000     0.0000     0.0000     0.0000     0.0000 
Load imbalance             0.0002     0.0002     0.0002     0.0001     0.0000     0.0000     0.0001     0.0001     0.0001     0.0001     0.0001     0.0001     0.0000     0.0001     0.0000     0.0001     0.0001     0.0002 
Execution time             0.0070     0.0069     0.0070     0.0077     0.0092     0.0092     0.0070     0.0069     0.0081     0.0081     0.0070     0.0070     0.0096     0.0070     0.0096     0.0084     0.0088     0.0070 
User CPU time              0.0003     0.0003     0.0003     0.0004     0.0005     0.0005     0.0003     0.0003     0.0004     0.0004     0.0003     0.0003     0.0005     0.0003     0.0005     0.0004     0.0004     0.0003 
Sys. CPU time              0.0000     0.0000     0.0000     0.0000     0.0000     0.0000     0.0000     0.0000     0.0000     0.0000     0.0000     0.0000     0.0000     0.0000     0.0000     0.0000     0.0000     0.0000 
I/O time                   0.0000     0.0000     0.0000     0.0000     0.0000     0.0000     0.0000     0.0000     0.0000     0.0000     0.0000     0.0000     0.0000     0.0000     0.0000     0.0000     0.0000     0.0000 
Processors                     18         18         18         18         18         18         18         18         18         18         18         18         18         18         18         18         18         18 
           Communication          
Reduction                  0.0003     0.0004     0.0004     0.0004     0.0004     0.0004     0.0003     0.0003     0.0003     0.0003     0.0003     0.0003     0.0004     0.0004     0.0004     0.0004     0.0005     0.0005 
Shadow                     0.0002     0.0002     0.0001     0.0001     0.0001     0.0001     0.0002     0.0001     0.0001     0.0002     0.0002     0.0001     0.0001     0.0001     0.0001     0.0001     0.0002     0.0002 
           Synchronization        
I/O                        0.0001     0.0001     0.0002     0.0002     0.0001     0.0001     0.0001     0.0001     0.0002     0.0002     0.0001     0.0001     0.0001     0.0001     0.0002     0.0002     0.0001     0.0001 
Reduction                  0.0000     0.0001     0.0001     0.0001     0.0000     0.0000     0.0000     0.0001     0.0001     0.0001     0.0000     0.0000     0.0000     0.0001     0.0001     0.0001     0.0000     0.0000 
Shadow                     0.0000     0.0002     0.0003     0.0003     0.0001     0.0002     0.0001     0.0001     0.0002     0.0002     0.0001     0.0001     0.0002     0.0002     0.0002     0.0002     0.0003     0.0003 
           Variation              
I/O                        0.0000     0.0003     0.0004     0.0003     0.0002     0.0002     0.0002     0.0003     0.0004     0.0003     0.0002     0.0002     0.0002     0.0003     0.0004     0.0003     0.0002     0.0002 
Reduction                  0.0000     0.0001     0.0001     0.0001     0.0000     0.0000     0.0000     0.0001     0.0001     0.0001     0.0000     0.0000     0.0000     0.0001     0.0001     0.0001     0.0000     0.0000 
Shadow                     0.0000     0.0001     0.0002     0.0002     0.0001     0.0001     0.0000     0.0001     0.0002     0.0002     0.0001     0.0001     0.0001     0.0002     0.0002     0.0002     0.0002     0.0002 
           Overlap                
Reduction                  0.0000     0.0000     0.0000     0.0000     0.0000     0.0000     0.0000     0.0000     0.0000     0.0000     0.0000     0.0000     0.0000     0.0000     0.0000     0.0000     0.0000     0.0000 
Shadow                     0.0000     0.0000     0.0000     0.0000     0.0000     0.0000     0.0000     0.0000     0.0000     0.0000     0.0000     0.0000     0.0000     0.0000     0.0000     0.0000     0.0000     0.0000 


-------------------------------------------------------------------------
Name (number) and performance time of processors
omp.keldysh.ru(1) 0.934012
omp.keldysh.ru(2) 0.933940
omp.keldysh.ru(3) 0.933954
omp.keldysh.ru(4) 0.934312
omp.keldysh.ru(5) 0.949964
omp.keldysh.ru(6) 0.950274
omp.keldysh.ru(7) 0.952785
omp.keldysh.ru(8) 0.952820
omp.keldysh.ru(9) 0.953518
omp.keldysh.ru(10) 0.953537
omp.keldysh.ru(11) 0.953830
omp.keldysh.ru(12) 0.953815
omp.keldysh.ru(13) 0.952698
omp.keldysh.ru(14) 0.952527
omp.keldysh.ru(15) 0.947301
omp.keldysh.ru(16) 0.947287
omp.keldysh.ru(17) 0.954627
omp.keldysh.ru(18) 0.954614
min - omp.keldysh.ru(2) 0.933940; max - omp.keldysh.ru(17) 0.954627; mid - 0.948101
