Processor system=1*3*6
Statistics has been accumulated on DVM-system version 5.0, platform DVM
Analyzer is executing on DVM-system version 5.0, platform DVM
-------------------------------------------------------------------------
INTERVAL ( NLINE=8 SOURCE=adi3d.f ) LEVEL=0  EXE_COUNT=2
--- The main characteristics --- 
Parallelization efficiency      0.8627 
Execution time                 20.5783 
Processors                          18
Threads amount                      18
Total time                    370.4087
Productive time               319.5435 ( CPU= 319.2388 Sys= 0.3042 I/O= 0.0005 )
Lost  time                     50.8653 
   Insufficient parallelism     5.8102 ( User= 0.6301 Sys= 5.1801 )
   Communication               44.9950 ( Real_sync= 0.0029 Starts= 0.0000 )
   Idle time                    0.0600
Load imbalance                 21.6419
Synchronization                12.9284
Time variation                 11.9638
Overlap                         0.0104
                  Nop   Communic  Real_sync    Synchro  Variation    Overlap 
I/O               107     0.0000     0.0000     0.0220     0.1174     0.0000 
Reduction         100    14.3113     0.0000     0.0077     0.0078     0.0005 
Shadow            505    30.6027     0.0000    12.8987    11.8386     0.0099 
--- The comparative characteristics --- 
                              Tmin N proc      Tmax N proc      Tmid
Lost time                   1.6235    16     7.3584    18     2.8258 
User insufficient par.      0.0261    17     0.0413     2     0.0350 
Sys.insufficient par.       0.2062    18     0.3491     9     0.2878 
Idle time                   0.0000     9     0.0097    18     0.0033 
Communication               1.3075    16     7.1088    18     2.4997 
Real synchronization        0.0000    16     0.0010    18     0.0002 
Synchronization             0.1060    16     1.5475     6     0.7182 
Variation                   0.1348    16     1.5503    18     0.6647 
Overlap                     0.0000    17     0.0033     1     0.0006 
Load imbalance              0.0000    16     5.7349    18     1.2023 
Execution time             20.5686    18    20.5783     9    20.5749 
User CPU time              13.2077    18    18.9382    16    17.7355 
Sys. CPU time               0.0121    18     0.0205     9     0.0169 
I/O time                    0.0000     6     0.0004     1     0.0000 
Processors                      18     1         18    18         18 
                      Communic        Real_sync          Synchro        Variation          Overlap  
I/O             Tmin    0.0000     1     0.0000     1     0.0004    15     0.0000     1     0.0000     1 
I/O             Tmax    0.0000    18     0.0000    18     0.0021    18     0.0077    18     0.0000    18 
I/O             Tmid    0.0000           0.0000           0.0012           0.0065           0.0000       
Reduction       Tmin    0.0043    12     0.0000     1     0.0000    13     0.0000    13     0.0000     1 
Reduction       Tmax    2.3309     1     0.0000    18     0.0008    18     0.0007    18     0.0002    13 
Reduction       Tmid    0.7951           0.0000           0.0004           0.0004           0.0000       
Shadow          Tmin    0.4733     8     0.0000     1     0.1041    16     0.1272    16     0.0000    17 
Shadow          Tmax    7.0600    18     0.0000    18     1.5451     6     1.5418    18     0.0033     1 
Shadow          Tmid    1.7001           0.0000           0.7166           0.6577           0.0005       
--- The execution characteristics --- 
                                1          2          3          4          5          6          7          8          9         10         11         12         13         14         15         16         17         18 
Lost time                  3.2871     2.3427     2.1211     2.3959     2.8269     3.1600     2.4558     1.8226     1.9101     1.8646     1.9797     2.3973     2.6694     1.8790     1.6385     1.6235     7.1328     7.3584 
User insufficient par.     0.0378     0.0413     0.0367     0.0336     0.0384     0.0382     0.0352     0.0337     0.0364     0.0349     0.0341     0.0349     0.0364     0.0330     0.0330     0.0325     0.0261     0.0339 
Sys.insufficient par.      0.2666     0.3170     0.3029     0.3008     0.2789     0.2503     0.3058     0.3473     0.3491     0.3127     0.3252     0.2925     0.2359     0.2850     0.2864     0.2817     0.2358     0.2062 
Idle time                  0.0021     0.0008     0.0019     0.0063     0.0020     0.0054     0.0063     0.0019     0.0000     0.0013     0.0002     0.0005     0.0059     0.0019     0.0043     0.0019     0.0075     0.0097 
Communication              2.9805     1.9835     1.7796     2.0551     2.5075     2.8660     2.1085     1.4396     1.5247     1.5157     1.6203     2.0694     2.3912     1.5591     1.3147     1.3075     6.8635     7.1088 
Real synchronization       0.0003     0.0001     0.0000     0.0003     0.0002     0.0001     0.0002     0.0001     0.0000     0.0001     0.0002     0.0001     0.0001     0.0000     0.0001     0.0000     0.0000     0.0010 
Synchronization            1.5039     0.9576     0.7369     0.9326     1.2297     1.5475     0.5811     0.2386     0.2575     0.2501     0.3613     0.6328     0.4678     0.1620     0.1566     0.1060     1.2722     1.5343 
Variation                  1.0323     0.7304     0.7169     0.9065     1.1727     1.5085     0.3985     0.2702     0.2823     0.2745     0.3847     0.6504     0.3144     0.1796     0.1709     0.1348     1.2861     1.5503 
Overlap                    0.0033     0.0003     0.0006     0.0006     0.0002     0.0000     0.0008     0.0011     0.0009     0.0003     0.0000     0.0001     0.0007     0.0006     0.0007     0.0002     0.0000     0.0000 
Load imbalance             1.6639     0.7192     0.4975     0.7724     1.2033     1.5365     0.8323     0.1990     0.2865     0.2410     0.3561     0.7738     1.0459     0.2554     0.0150     0.0000     5.5093     5.7349 
Execution time            20.5761    20.5774    20.5764    20.5720    20.5762    20.5728    20.5719    20.5763    20.5783    20.5770    20.5781    20.5778    20.5724    20.5764    20.5739    20.5764    20.5708    20.5686 
User CPU time             17.2755    18.2169    18.4394    18.1647    17.7350    17.4035    18.1045    18.7353    18.6477    18.6953    18.5795    18.1638    17.8950    18.6825    18.9229    18.9382    13.4316    13.2077 
Sys. CPU time              0.0153     0.0186     0.0178     0.0177     0.0164     0.0147     0.0180     0.0204     0.0205     0.0184     0.0191     0.0172     0.0139     0.0168     0.0168     0.0166     0.0139     0.0121 
I/O time                   0.0004     0.0000     0.0000     0.0000     0.0000     0.0000     0.0000     0.0000     0.0000     0.0000     0.0000     0.0000     0.0000     0.0000     0.0000     0.0000     0.0000     0.0000 
Processors                     18         18         18         18         18         18         18         18         18         18         18         18         18         18         18         18         18         18 
           Communication          
Reduction                  2.3309     1.4993     1.1262     0.8152     0.5531     0.3179     1.5675     0.9650     0.6853     0.4509     0.2117     0.0043     1.6110     0.9151     0.6257     0.3929     0.2081     0.0313 
Shadow                     0.6452     0.4828     0.6530     1.2353     1.9515     2.5467     0.5372     0.4733     0.8390     1.0320     1.4056     2.0630     0.7779     0.6438     0.6868     0.9146     6.6550     7.0600 
           Real synchronization   
           Synchronization        
I/O                        0.0010     0.0013     0.0007     0.0012     0.0009     0.0018     0.0006     0.0012     0.0005     0.0014     0.0019     0.0021     0.0005     0.0009     0.0004     0.0014     0.0020     0.0021 
Reduction                  0.0005     0.0006     0.0002     0.0005     0.0002     0.0006     0.0001     0.0005     0.0001     0.0005     0.0007     0.0007     0.0000     0.0004     0.0001     0.0005     0.0007     0.0008 
Shadow                     1.5024     0.9557     0.7361     0.9309     1.2286     1.5451     0.5804     0.2370     0.2568     0.2481     0.3588     0.6299     0.4672     0.1607     0.1561     0.1041     1.2694     1.5314 
           Variation              
I/O                        0.0000     0.0070     0.0064     0.0069     0.0065     0.0075     0.0062     0.0069     0.0062     0.0071     0.0076     0.0077     0.0062     0.0066     0.0061     0.0071     0.0077     0.0077 
Reduction                  0.0005     0.0006     0.0002     0.0005     0.0002     0.0007     0.0001     0.0005     0.0001     0.0005     0.0007     0.0007     0.0000     0.0004     0.0001     0.0005     0.0007     0.0007 
Shadow                     1.0318     0.7228     0.7104     0.8991     1.1659     1.5003     0.3921     0.2629     0.2760     0.2669     0.3764     0.6419     0.3081     0.1726     0.1647     0.1272     1.2777     1.5418 
           Overlap                
Reduction                  0.0000     0.0000     0.0001     0.0000     0.0000     0.0000     0.0001     0.0000     0.0001     0.0000     0.0000     0.0000     0.0002     0.0000     0.0001     0.0000     0.0000     0.0000 
Shadow                     0.0033     0.0003     0.0006     0.0006     0.0002     0.0000     0.0007     0.0011     0.0008     0.0003     0.0000     0.0001     0.0005     0.0006     0.0006     0.0002     0.0000     0.0000 


-------------------------------------------------------------------------
Name (number) and performance time of processors
omp.keldysh.ru(1) 0.933717
omp.keldysh.ru(2) 0.933550
omp.keldysh.ru(3) 0.958815
omp.keldysh.ru(4) 0.958843
omp.keldysh.ru(5) 0.955110
omp.keldysh.ru(6) 0.955088
omp.keldysh.ru(7) 0.958853
omp.keldysh.ru(8) 0.959148
omp.keldysh.ru(9) 0.959618
omp.keldysh.ru(10) 0.959607
omp.keldysh.ru(11) 0.933752
omp.keldysh.ru(12) 0.933746
omp.keldysh.ru(13) 0.955954
omp.keldysh.ru(14) 0.955926
omp.keldysh.ru(15) 0.956143
omp.keldysh.ru(16) 0.956133
omp.keldysh.ru(17) 0.955446
omp.keldysh.ru(18) 0.955439
min - omp.keldysh.ru(2) 0.933550; max - omp.keldysh.ru(9) 0.959618; mid - 0.951938
