Processor system=4*4*1*1
Statistics has been accumulated on DVM-system version 5.0, platform DVM
Analyzer is executing on DVM-system version 5.0, platform DVM
-------------------------------------------------------------------------
INTERVAL ( NLINE=7 SOURCE=sh41.f ) LEVEL=0  EXE_COUNT=1
--- The main characteristics --- 
Parallelization efficiency      0.1148 
Execution time                  1.8696 
Processors                          16
Threads amount                      16
Total time                     29.9135
Productive time                 3.4342 ( CPU= 3.3549 Sys= 0.0792 I/O= 0.0000 )
Lost  time                     26.4793 
   Insufficient parallelism    22.0761 ( User= 20.8877 Sys= 1.1884 )
   Communication                4.3742 ( Real_sync= 0.0000 Starts= 0.0000 )
   Idle time                    0.0290
Load imbalance                  1.1828
Synchronization                 2.7849
Time variation                  0.8626
Overlap                         0.0000
                  Nop   Communic    Synchro  Variation    Overlap 
I/O                11     0.0000     0.0238     0.0270     0.0000 
Reduction           9     1.5992     0.0000     0.0001     0.0000 
Shadow              9     2.7750     2.7611     0.8355     0.0000 
--- The comparative characteristics --- 
                              Tmin N proc      Tmax N proc      Tmid
Lost time                   1.5810    10     1.7300    16     1.6550 
User insufficient par.      0.9477    13     1.4268     9     1.3055 
Sys.insufficient par.       0.0359    16     0.1323    11     0.0743 
Idle time                   0.0000     6     0.0054    16     0.0018 
Communication               0.0336     6     0.7359    16     0.2734 
Synchronization             0.0002    10     0.5756    13     0.1741 
Variation                   0.0004     6     0.1019    16     0.0539 
Overlap                     0.0000     1     0.0000    10     0.0000 
Load imbalance              0.0000    10     0.1490    16     0.0739 
Execution time              1.8642    16     1.8696     6     1.8678 
User CPU time               0.1372    16     0.2804    10     0.2097 
Sys. CPU time               0.0024    16     0.0088    11     0.0050 
I/O time                    0.0000    12     0.0000     1     0.0000 
Processors                      16     1         16    16         16 
                      Communic          Synchro        Variation          Overlap  
I/O             Tmin    0.0000     1     0.0000    10     0.0002    10     0.0000     1 
I/O             Tmax    0.0000    16     0.0047    13     0.0049    13     0.0000    16 
I/O             Tmid    0.0000           0.0015           0.0017           0.0000       
Reduction       Tmin    0.0002    10     0.0000     8     0.0000    11     0.0000     1 
Reduction       Tmax    0.2042    16     0.0000    13     0.0000    13     0.0000    12 
Reduction       Tmid    0.0999           0.0000           0.0000           0.0000       
Shadow          Tmin    0.0320     7     0.0002    10     0.0002     6     0.0000     1 
Shadow          Tmax    0.5703    13     0.5710    13     0.0970    16     0.0000    10 
Shadow          Tmid    0.1734           0.1726           0.0522           0.0000       
--- The execution characteristics --- 
                                1          2          3          4          5          6          7          8          9         10         11         12         13         14         15         16 
Lost time                  1.6841     1.6434     1.6759     1.7089     1.6385     1.5812     1.5902     1.6477     1.6437     1.5810     1.6128     1.6597     1.7226     1.6766     1.6830     1.7300 
User insufficient par.     1.4237     1.4244     1.4245     1.4200     1.4252     1.4188     1.4255     1.4258     1.4268     1.4225     1.4252     1.4156     0.9477     0.9512     0.9580     0.9528 
Sys.insufficient par.      0.0409     0.0520     0.0680     0.0413     0.0646     0.1288     0.1279     0.0710     0.0744     0.1225     0.1323     0.0775     0.0392     0.0536     0.0586     0.0359 
Idle time                  0.0035     0.0006     0.0006     0.0041     0.0006     0.0000     0.0006     0.0006     0.0006     0.0006     0.0006     0.0006     0.0054     0.0025     0.0025     0.0054 
Communication              0.2161     0.1664     0.1828     0.2435     0.1481     0.0336     0.0361     0.1503     0.1418     0.0354     0.0547     0.1660     0.7302     0.6693     0.6639     0.7359 
Synchronization            0.0793     0.0574     0.0677     0.0939     0.0383     0.0048     0.0158     0.0521     0.0383     0.0002     0.0339     0.0721     0.5756     0.5452     0.5398     0.5706 
Variation                  0.0797     0.0742     0.0524     0.0789     0.0577     0.0004     0.0113     0.0639     0.0475     0.0033     0.0076     0.0702     0.0658     0.0884     0.0593     0.1019 
Overlap                    0.0000     0.0000     0.0000     0.0000     0.0000     0.0000     0.0000     0.0000     0.0000     0.0000     0.0000     0.0000     0.0000     0.0000     0.0000     0.0000 
Load imbalance             0.1031     0.0623     0.0949     0.1279     0.0575     0.0002     0.0091     0.0667     0.0626     0.0000     0.0318     0.0787     0.1415     0.0956     0.1020     0.1490 
Execution time             1.8661     1.8690     1.8690     1.8655     1.8690     1.8696     1.8690     1.8690     1.8690     1.8690     1.8690     1.8690     1.8642     1.8671     1.8671     1.8642 
User CPU time              0.1827     0.2228     0.1892     0.1579     0.2268     0.2798     0.2709     0.2172     0.2210     0.2804     0.2480     0.2047     0.1444     0.1894     0.1827     0.1372 
Sys. CPU time              0.0027     0.0035     0.0045     0.0028     0.0043     0.0086     0.0085     0.0047     0.0050     0.0082     0.0088     0.0052     0.0026     0.0036     0.0039     0.0024 
I/O time                   0.0000     0.0000     0.0000     0.0000     0.0000     0.0000     0.0000     0.0000     0.0000     0.0000     0.0000     0.0000     0.0000     0.0000     0.0000     0.0000 
Processors                     16         16         16         16         16         16         16         16         16         16         16         16         16         16         16         16 
           Communication          
Reduction                  0.1537     0.1161     0.1146     0.1659     0.1027     0.0013     0.0041     0.1044     0.0963     0.0002     0.0042     0.1073     0.1599     0.1430     0.1211     0.2042 
Shadow                     0.0624     0.0503     0.0683     0.0776     0.0454     0.0324     0.0320     0.0459     0.0455     0.0351     0.0505     0.0587     0.5703     0.5263     0.5428     0.5317 
           Synchronization        
I/O                        0.0029     0.0008     0.0005     0.0030     0.0004     0.0000     0.0001     0.0007     0.0007     0.0000     0.0001     0.0007     0.0047     0.0021     0.0024     0.0046 
Reduction                  0.0000     0.0000     0.0000     0.0000     0.0000     0.0000     0.0000     0.0000     0.0000     0.0000     0.0000     0.0000     0.0000     0.0000     0.0000     0.0000 
Shadow                     0.0764     0.0566     0.0671     0.0909     0.0379     0.0048     0.0156     0.0513     0.0377     0.0002     0.0337     0.0714     0.5710     0.5431     0.5374     0.5660 
           Variation              
I/O                        0.0029     0.0010     0.0008     0.0032     0.0006     0.0002     0.0003     0.0010     0.0009     0.0002     0.0003     0.0009     0.0049     0.0024     0.0026     0.0048 
Reduction                  0.0000     0.0000     0.0000     0.0000     0.0000     0.0000     0.0000     0.0000     0.0000     0.0000     0.0000     0.0000     0.0000     0.0000     0.0000     0.0000 
Shadow                     0.0769     0.0732     0.0516     0.0758     0.0571     0.0002     0.0110     0.0630     0.0466     0.0031     0.0073     0.0692     0.0609     0.0860     0.0567     0.0970 
           Overlap                
Reduction                  0.0000     0.0000     0.0000     0.0000     0.0000     0.0000     0.0000     0.0000     0.0000     0.0000     0.0000     0.0000     0.0000     0.0000     0.0000     0.0000 
Shadow                     0.0000     0.0000     0.0000     0.0000     0.0000     0.0000     0.0000     0.0000     0.0000     0.0000     0.0000     0.0000     0.0000     0.0000     0.0000     0.0000 


-------------------------------------------------------------------------
Name (number) and performance time of processors
omp.keldysh.ru(1) 0.935441
omp.keldysh.ru(2) 0.935363
omp.keldysh.ru(3) 0.959410
omp.keldysh.ru(4) 0.959462
omp.keldysh.ru(5) 0.960543
omp.keldysh.ru(6) 0.960531
omp.keldysh.ru(7) 0.961492
omp.keldysh.ru(8) 0.961770
omp.keldysh.ru(9) 0.961220
omp.keldysh.ru(10) 0.961226
omp.keldysh.ru(11) 0.935553
omp.keldysh.ru(12) 0.935543
omp.keldysh.ru(13) 0.959901
omp.keldysh.ru(14) 0.959957
omp.keldysh.ru(15) 0.960249
omp.keldysh.ru(16) 0.960253
min - omp.keldysh.ru(2) 0.935363; max - omp.keldysh.ru(8) 0.961770; mid - 0.954245
