Processor system=1*3*2*3
Statistics has been accumulated on DVM-system version 5.0, platform DVM
Analyzer is executing on DVM-system version 5.0, platform DVM
-------------------------------------------------------------------------
INTERVAL ( NLINE=5 SOURCE=parallel4.f ) LEVEL=0  EXE_COUNT=2
--- The main characteristics --- 
Parallelization efficiency      0.0739 
Execution time                  0.0055 
Processors                          18
Threads amount                      18
Total time                      0.0986
Productive time                 0.0073 ( CPU= 0.0070 Sys= 0.0003 I/O= 0.0000 )
Lost  time                      0.0913 
   Insufficient parallelism     0.0803 ( User= 0.0746 Sys= 0.0057 )
   Communication                0.0105 ( Real_sync= 0.0000 Starts= 0.0000 )
   Idle time                    0.0006
Load imbalance                  0.0008
Synchronization                 0.0017
Time variation                  0.0046
Overlap                         0.0000
                  Nop   Communic    Synchro  Variation    Overlap 
I/O                 8     0.0000     0.0013     0.0042     0.0000 
Reduction           5     0.0105     0.0004     0.0004     0.0000 
--- The comparative characteristics --- 
                              Tmin N proc      Tmax N proc      Tmid
Lost time                   0.0050     2     0.0051     1     0.0051 
User insufficient par.      0.0041    15     0.0042     4     0.0041 
Sys.insufficient par.       0.0003     4     0.0005     1     0.0003 
Idle time                   0.0000    12     0.0001    16     0.0000 
Communication               0.0005     8     0.0007    13     0.0006 
Synchronization             0.0000    14     0.0001     5     0.0001 
Variation                   0.0000     1     0.0003     5     0.0003 
Overlap                     0.0000     1     0.0000    17     0.0000 
Load imbalance              0.0000     2     0.0001     1     0.0000 
Execution time              0.0054    16     0.0055    12     0.0054 
User CPU time               0.0003     1     0.0004     2     0.0004 
Sys. CPU time               0.0000     4     0.0000     8     0.0000 
I/O time                    0.0000    10     0.0000     1     0.0000 
Processors                      18     1         18    18         18 
                      Communic          Synchro        Variation          Overlap  
I/O             Tmin    0.0000     1     0.0000     1     0.0000     1     0.0000     1 
I/O             Tmax    0.0000    18     0.0001     5     0.0003     5     0.0000    18 
I/O             Tmid    0.0000           0.0001           0.0002           0.0000       
Reduction       Tmin    0.0005     8     0.0000    13     0.0000     3     0.0000     1 
Reduction       Tmax    0.0007    13     0.0000    12     0.0000     6     0.0000    17 
Reduction       Tmid    0.0006           0.0000           0.0000           0.0000       
--- The execution characteristics --- 
                                1          2          3          4          5          6          7          8          9         10         11         12         13         14         15         16         17         18 
Lost time                  0.0051     0.0050     0.0051     0.0051     0.0051     0.0051     0.0051     0.0051     0.0051     0.0051     0.0051     0.0051     0.0051     0.0051     0.0051     0.0051     0.0051     0.0051 
User insufficient par.     0.0041     0.0042     0.0041     0.0042     0.0042     0.0042     0.0042     0.0041     0.0041     0.0042     0.0042     0.0042     0.0042     0.0042     0.0041     0.0041     0.0041     0.0041 
Sys.insufficient par.      0.0005     0.0003     0.0003     0.0003     0.0003     0.0003     0.0003     0.0004     0.0003     0.0003     0.0003     0.0003     0.0003     0.0003     0.0003     0.0003     0.0003     0.0003 
Idle time                  0.0000     0.0000     0.0000     0.0000     0.0000     0.0000     0.0000     0.0001     0.0000     0.0000     0.0000     0.0000     0.0000     0.0000     0.0001     0.0001     0.0001     0.0001 
Communication              0.0005     0.0005     0.0006     0.0006     0.0006     0.0006     0.0006     0.0005     0.0006     0.0006     0.0006     0.0006     0.0007     0.0006     0.0006     0.0006     0.0005     0.0006 
Synchronization            0.0000     0.0001     0.0001     0.0001     0.0001     0.0001     0.0001     0.0001     0.0001     0.0001     0.0001     0.0001     0.0001     0.0000     0.0001     0.0001     0.0001     0.0001 
Variation                  0.0000     0.0002     0.0002     0.0003     0.0003     0.0003     0.0002     0.0002     0.0003     0.0003     0.0003     0.0003     0.0002     0.0002     0.0002     0.0003     0.0003     0.0003 
Overlap                    0.0000     0.0000     0.0000     0.0000     0.0000     0.0000     0.0000     0.0000     0.0000     0.0000     0.0000     0.0000     0.0000     0.0000     0.0000     0.0000     0.0000     0.0000 
Load imbalance             0.0001     0.0000     0.0000     0.0000     0.0000     0.0000     0.0000     0.0000     0.0000     0.0001     0.0000     0.0000     0.0001     0.0001     0.0001     0.0001     0.0000     0.0000 
Execution time             0.0055     0.0055     0.0055     0.0055     0.0055     0.0055     0.0054     0.0054     0.0055     0.0055     0.0055     0.0055     0.0055     0.0055     0.0054     0.0054     0.0054     0.0054 
User CPU time              0.0003     0.0004     0.0004     0.0004     0.0004     0.0004     0.0004     0.0004     0.0004     0.0004     0.0004     0.0004     0.0004     0.0004     0.0004     0.0004     0.0004     0.0004 
Sys. CPU time              0.0000     0.0000     0.0000     0.0000     0.0000     0.0000     0.0000     0.0000     0.0000     0.0000     0.0000     0.0000     0.0000     0.0000     0.0000     0.0000     0.0000     0.0000 
I/O time                   0.0000     0.0000     0.0000     0.0000     0.0000     0.0000     0.0000     0.0000     0.0000     0.0000     0.0000     0.0000     0.0000     0.0000     0.0000     0.0000     0.0000     0.0000 
Processors                     18         18         18         18         18         18         18         18         18         18         18         18         18         18         18         18         18         18 
           Communication          
Reduction                  0.0005     0.0005     0.0006     0.0006     0.0006     0.0006     0.0006     0.0005     0.0006     0.0006     0.0006     0.0006     0.0007     0.0006     0.0006     0.0006     0.0005     0.0006 
           Synchronization        
I/O                        0.0000     0.0000     0.0001     0.0001     0.0001     0.0001     0.0001     0.0000     0.0001     0.0001     0.0001     0.0001     0.0001     0.0000     0.0000     0.0001     0.0001     0.0001 
Reduction                  0.0000     0.0000     0.0000     0.0000     0.0000     0.0000     0.0000     0.0000     0.0000     0.0000     0.0000     0.0000     0.0000     0.0000     0.0000     0.0000     0.0000     0.0000 
           Variation              
I/O                        0.0000     0.0002     0.0002     0.0003     0.0003     0.0003     0.0002     0.0002     0.0002     0.0003     0.0003     0.0003     0.0002     0.0002     0.0002     0.0003     0.0003     0.0003 
Reduction                  0.0000     0.0000     0.0000     0.0000     0.0000     0.0000     0.0000     0.0000     0.0000     0.0000     0.0000     0.0000     0.0000     0.0000     0.0000     0.0000     0.0000     0.0000 
           Overlap                
Reduction                  0.0000     0.0000     0.0000     0.0000     0.0000     0.0000     0.0000     0.0000     0.0000     0.0000     0.0000     0.0000     0.0000     0.0000     0.0000     0.0000     0.0000     0.0000 


-------------------------------------------------------------------------
Name (number) and performance time of processors
omp.keldysh.ru(1) 0.934051
omp.keldysh.ru(2) 0.933955
omp.keldysh.ru(3) 0.955647
omp.keldysh.ru(4) 0.955638
omp.keldysh.ru(5) 0.953164
omp.keldysh.ru(6) 0.953129
omp.keldysh.ru(7) 0.955982
omp.keldysh.ru(8) 0.955669
omp.keldysh.ru(9) 0.933947
omp.keldysh.ru(10) 0.933946
omp.keldysh.ru(11) 0.956940
omp.keldysh.ru(12) 0.956939
omp.keldysh.ru(13) 0.954370
omp.keldysh.ru(14) 0.954419
omp.keldysh.ru(15) 0.955369
omp.keldysh.ru(16) 0.955363
omp.keldysh.ru(17) 0.955095
omp.keldysh.ru(18) 0.955111
min - omp.keldysh.ru(10) 0.933946; max - omp.keldysh.ru(11) 0.956940; mid - 0.950485
