Processor system=2*1*1*7
Statistics has been accumulated on DVM-system version 5.0, platform DVM
Analyzer is executing on DVM-system version 5.0, platform DVM
-------------------------------------------------------------------------
INTERVAL ( NLINE=7 SOURCE=acr42.f ) LEVEL=0  EXE_COUNT=1
--- The main characteristics --- 
Parallelization efficiency      0.0649 
Execution time                  0.6593 
Processors                          14
Threads amount                      14
Total time                      9.2296
Productive time                 0.5987 ( CPU= 0.5947 Sys= 0.0040 I/O= 0.0000 )
Lost  time                      8.6309 
   Insufficient parallelism     7.7831 ( User= 7.7309 Sys= 0.0522 )
   Communication                0.0043 ( Real_sync= 0.0000 Starts= 0.0000 )
   Idle time                    0.8436
Load imbalance                  0.0604
Synchronization                 5.4083
Time variation                  5.4096
Overlap                         0.0023
                  Nop   Communic    Synchro  Variation    Overlap 
I/O                11     0.0000     1.7438     1.7452     0.0000 
Reduction           9     0.0043     0.8970     0.8970     0.0000 
Shadow             27     0.0000     2.7674     2.7674     0.0023 
--- The comparative characteristics --- 
                              Tmin N proc      Tmax N proc      Tmid
Lost time                   0.6122     6     0.6222    10     0.6165 
User insufficient par.      0.4786    12     0.6075     1     0.5522 
Sys.insufficient par.       0.0019    10     0.0049     5     0.0037 
Idle time                   0.0000     8     0.1404    10     0.0603 
Communication               0.0002     1     0.0004    11     0.0003 
Synchronization             0.0008     8     0.9041    11     0.3863 
Variation                   0.0009     8     0.9042    11     0.3864 
Overlap                     0.0000     9     0.0006     8     0.0002 
Load imbalance              0.0000     6     0.0100    10     0.0043 
Execution time              0.5188    10     0.6593     8     0.5990 
User CPU time               0.0368    12     0.0467     1     0.0425 
Sys. CPU time               0.0001    10     0.0004     5     0.0003 
I/O time                    0.0000     5     0.0000     1     0.0000 
Processors                      14     1         14    14         14 
                      Communic          Synchro        Variation          Overlap  
I/O             Tmin    0.0000     1     0.0002     8     0.0003     8     0.0000     1 
I/O             Tmax    0.0000    14     0.2913    11     0.2914    11     0.0000    14 
I/O             Tmid    0.0000           0.1246           0.1247           0.0000       
Reduction       Tmin    0.0002     1     0.0002     8     0.0002     8     0.0000     1 
Reduction       Tmax    0.0004    11     0.1502    11     0.1502    11     0.0000     8 
Reduction       Tmid    0.0003           0.0641           0.0641           0.0000       
Shadow          Tmin    0.0000     1     0.0003     8     0.0003     8     0.0000     9 
Shadow          Tmax    0.0000    14     0.4626    11     0.4626    11     0.0005     8 
Shadow          Tmid    0.0000           0.1977           0.1977           0.0002       
--- The execution characteristics --- 
                                1          2          3          4          5          6          7          8          9         10         11         12         13         14 
Lost time                  0.6122     0.6123     0.6122     0.6122     0.6122     0.6122     0.6122     0.6122     0.6222     0.6222     0.6222     0.6222     0.6222     0.6222 
User insufficient par.     0.6075     0.6064     0.6070     0.6070     0.6070     0.6071     0.6072     0.6073     0.4792     0.4794     0.4792     0.4786     0.4793     0.4787 
Sys.insufficient par.      0.0044     0.0040     0.0049     0.0049     0.0049     0.0049     0.0048     0.0047     0.0022     0.0019     0.0022     0.0028     0.0028     0.0027 
Idle time                  0.0000     0.0016     0.0000     0.0000     0.0000     0.0000     0.0000     0.0000     0.1404     0.1404     0.1404     0.1404     0.1397     0.1404 
Communication              0.0002     0.0003     0.0002     0.0002     0.0002     0.0002     0.0002     0.0002     0.0004     0.0004     0.0004     0.0004     0.0004     0.0004 
Synchronization            0.0172     0.0158     0.0088     0.0079     0.0099     0.0097     0.0024     0.0008     0.8922     0.8955     0.9041     0.8829     0.8777     0.8834 
Variation                  0.0170     0.0159     0.0089     0.0081     0.0100     0.0098     0.0026     0.0009     0.8923     0.8956     0.9042     0.8831     0.8778     0.8835 
Overlap                    0.0001     0.0001     0.0003     0.0003     0.0002     0.0002     0.0004     0.0006     0.0000     0.0000     0.0000     0.0000     0.0000     0.0000 
Load imbalance             0.0000     0.0001     0.0000     0.0000     0.0000     0.0000     0.0000     0.0000     0.0100     0.0100     0.0100     0.0100     0.0100     0.0100 
Execution time             0.6592     0.6577     0.6592     0.6592     0.6593     0.6593     0.6593     0.6593     0.5188     0.5188     0.5189     0.5188     0.5195     0.5188 
User CPU time              0.0467     0.0466     0.0467     0.0467     0.0467     0.0467     0.0467     0.0467     0.0369     0.0369     0.0369     0.0368     0.0369     0.0368 
Sys. CPU time              0.0003     0.0003     0.0004     0.0004     0.0004     0.0004     0.0004     0.0004     0.0002     0.0001     0.0002     0.0002     0.0002     0.0002 
I/O time                   0.0000     0.0000     0.0000     0.0000     0.0000     0.0000     0.0000     0.0000     0.0000     0.0000     0.0000     0.0000     0.0000     0.0000 
Processors                     14         14         14         14         14         14         14         14         14         14         14         14         14         14 
           Communication          
Reduction                  0.0002     0.0003     0.0002     0.0002     0.0002     0.0002     0.0002     0.0002     0.0004     0.0004     0.0004     0.0004     0.0004     0.0004 
           Synchronization        
I/O                        0.0043     0.0041     0.0012     0.0010     0.0014     0.0014     0.0002     0.0002     0.2891     0.2897     0.2913     0.2867     0.2861     0.2870 
Reduction                  0.0021     0.0017     0.0009     0.0009     0.0011     0.0012     0.0002     0.0002     0.1485     0.1489     0.1502     0.1473     0.1467     0.1470 
Shadow                     0.0108     0.0100     0.0066     0.0060     0.0073     0.0071     0.0020     0.0003     0.4546     0.4569     0.4626     0.4489     0.4449     0.4494 
           Variation              
I/O                        0.0041     0.0042     0.0014     0.0012     0.0015     0.0015     0.0004     0.0003     0.2892     0.2898     0.2914     0.2869     0.2862     0.2871 
Reduction                  0.0021     0.0017     0.0009     0.0009     0.0011     0.0012     0.0002     0.0002     0.1485     0.1489     0.1502     0.1473     0.1467     0.1470 
Shadow                     0.0108     0.0100     0.0066     0.0060     0.0073     0.0071     0.0020     0.0003     0.4546     0.4569     0.4626     0.4489     0.4449     0.4494 
           Overlap                
Reduction                  0.0000     0.0000     0.0000     0.0000     0.0000     0.0000     0.0000     0.0000     0.0000     0.0000     0.0000     0.0000     0.0000     0.0000 
Shadow                     0.0001     0.0001     0.0003     0.0003     0.0002     0.0002     0.0004     0.0005     0.0000     0.0000     0.0000     0.0000     0.0000     0.0000 


-------------------------------------------------------------------------
Name (number) and performance time of processors
omp.keldysh.ru(1) 0.933880
omp.keldysh.ru(2) 0.933829
omp.keldysh.ru(3) 0.959034
omp.keldysh.ru(4) 0.959328
omp.keldysh.ru(5) 0.957737
omp.keldysh.ru(6) 0.957724
omp.keldysh.ru(7) 0.960096
omp.keldysh.ru(8) 0.960087
omp.keldysh.ru(9) 0.958558
omp.keldysh.ru(10) 0.958566
omp.keldysh.ru(11) 0.958479
omp.keldysh.ru(12) 0.958450
omp.keldysh.ru(13) 0.959757
omp.keldysh.ru(14) 0.959741
min - omp.keldysh.ru(2) 0.933829; max - omp.keldysh.ru(7) 0.960096; mid - 0.955376
