Processor system=2*3*1*3
Statistics has been accumulated on DVM-system version 5.0, platform DVM
Analyzer is executing on DVM-system version 5.0, platform DVM
-------------------------------------------------------------------------
INTERVAL ( NLINE=5 SOURCE=distr4.f ) LEVEL=0  EXE_COUNT=2
--- The main characteristics --- 
Parallelization efficiency      0.0575 
Execution time                  0.0114 
Processors                          18
Threads amount                      18
Total time                      0.2044
Productive time                 0.0117 ( CPU= 0.0110 Sys= 0.0007 I/O= 0.0000 )
Lost  time                      0.1927 
   Insufficient parallelism     0.1783 ( User= 0.1656 Sys= 0.0127 )
   Communication                0.0124 ( Real_sync= 0.0000 Starts= 0.0000 )
   Idle time                    0.0019
Load imbalance                  0.0004
Synchronization                 0.0055
Time variation                  0.0084
Overlap                         0.0000
                  Nop   Communic    Synchro  Variation    Overlap 
I/O                 6     0.0000     0.0014     0.0036     0.0000 
Reduction           5     0.0069     0.0006     0.0008     0.0000 
Redistribution      5     0.0055     0.0034     0.0041     0.0000 
--- The comparative characteristics --- 
                              Tmin N proc      Tmax N proc      Tmid
Lost time                   0.0107     5     0.0108    18     0.0107 
User insufficient par.      0.0088    17     0.0094     4     0.0092 
Sys.insufficient par.       0.0006    17     0.0009     1     0.0007 
Idle time                   0.0000    16     0.0003    12     0.0001 
Communication               0.0005     1     0.0012    17     0.0007 
Synchronization             0.0001     1     0.0009    17     0.0003 
Variation                   0.0003     1     0.0010    17     0.0005 
Overlap                     0.0000     1     0.0000    18     0.0000 
Load imbalance              0.0000     5     0.0001    18     0.0000 
Execution time              0.0111    12     0.0114    16     0.0113 
User CPU time               0.0006    18     0.0006     5     0.0006 
Sys. CPU time               0.0000    18     0.0000     3     0.0000 
I/O time                    0.0000     5     0.0000     1     0.0000 
Processors                      18     1         18    18         18 
                      Communic          Synchro        Variation          Overlap  
I/O             Tmin    0.0000     1     0.0000     4     0.0000     1     0.0000     1 
I/O             Tmax    0.0000    18     0.0001    17     0.0003    17     0.0000    18 
I/O             Tmid    0.0000           0.0001           0.0002           0.0000       
Reduction       Tmin    0.0003    13     0.0000    16     0.0000    16     0.0000     1 
Reduction       Tmax    0.0008    17     0.0001    17     0.0001    17     0.0000    18 
Reduction       Tmid    0.0004           0.0000           0.0000           0.0000       
Redistribution  Tmin    0.0001     1     0.0000     1     0.0001    13     0.0000     1 
Redistribution  Tmax    0.0004    17     0.0007    17     0.0006    17     0.0000    18 
Redistribution  Tmid    0.0003           0.0002           0.0002           0.0000       
--- The execution characteristics --- 
                                1          2          3          4          5          6          7          8          9         10         11         12         13         14         15         16         17         18 
Lost time                  0.0107     0.0107     0.0107     0.0107     0.0107     0.0107     0.0107     0.0107     0.0107     0.0107     0.0107     0.0107     0.0107     0.0107     0.0107     0.0107     0.0107     0.0108 
User insufficient par.     0.0092     0.0092     0.0091     0.0094     0.0093     0.0092     0.0093     0.0092     0.0094     0.0093     0.0092     0.0091     0.0093     0.0093     0.0092     0.0093     0.0088     0.0089 
Sys.insufficient par.      0.0009     0.0007     0.0008     0.0007     0.0007     0.0007     0.0007     0.0007     0.0007     0.0007     0.0007     0.0006     0.0008     0.0007     0.0007     0.0007     0.0006     0.0006 
Idle time                  0.0001     0.0002     0.0002     0.0000     0.0001     0.0002     0.0001     0.0001     0.0000     0.0000     0.0001     0.0003     0.0000     0.0000     0.0001     0.0000     0.0002     0.0001 
Communication              0.0005     0.0007     0.0006     0.0006     0.0005     0.0006     0.0006     0.0006     0.0006     0.0007     0.0007     0.0007     0.0006     0.0006     0.0007     0.0007     0.0012     0.0012 
Synchronization            0.0001     0.0003     0.0002     0.0002     0.0002     0.0002     0.0004     0.0004     0.0002     0.0002     0.0003     0.0003     0.0002     0.0002     0.0003     0.0003     0.0009     0.0007 
Variation                  0.0003     0.0005     0.0004     0.0004     0.0004     0.0004     0.0006     0.0005     0.0004     0.0004     0.0004     0.0004     0.0003     0.0003     0.0004     0.0004     0.0010     0.0008 
Overlap                    0.0000     0.0000     0.0000     0.0000     0.0000     0.0000     0.0000     0.0000     0.0000     0.0000     0.0000     0.0000     0.0000     0.0000     0.0000     0.0000     0.0000     0.0000 
Load imbalance             0.0000     0.0000     0.0000     0.0000     0.0000     0.0000     0.0000     0.0000     0.0000     0.0000     0.0000     0.0000     0.0000     0.0000     0.0000     0.0000     0.0000     0.0001 
Execution time             0.0113     0.0112     0.0111     0.0113     0.0113     0.0112     0.0113     0.0112     0.0113     0.0113     0.0112     0.0111     0.0113     0.0113     0.0112     0.0114     0.0112     0.0113 
User CPU time              0.0006     0.0006     0.0006     0.0006     0.0006     0.0006     0.0006     0.0006     0.0006     0.0006     0.0006     0.0006     0.0006     0.0006     0.0006     0.0006     0.0006     0.0006 
Sys. CPU time              0.0000     0.0000     0.0000     0.0000     0.0000     0.0000     0.0000     0.0000     0.0000     0.0000     0.0000     0.0000     0.0000     0.0000     0.0000     0.0000     0.0000     0.0000 
I/O time                   0.0000     0.0000     0.0000     0.0000     0.0000     0.0000     0.0000     0.0000     0.0000     0.0000     0.0000     0.0000     0.0000     0.0000     0.0000     0.0000     0.0000     0.0000 
Processors                     18         18         18         18         18         18         18         18         18         18         18         18         18         18         18         18         18         18 
           Communication          
Reduction                  0.0003     0.0004     0.0004     0.0003     0.0003     0.0003     0.0004     0.0003     0.0004     0.0003     0.0004     0.0004     0.0003     0.0003     0.0003     0.0003     0.0008     0.0008 
Redistribution             0.0001     0.0003     0.0002     0.0003     0.0003     0.0003     0.0003     0.0003     0.0003     0.0003     0.0003     0.0003     0.0004     0.0004     0.0004     0.0004     0.0004     0.0004 
           Synchronization        
I/O                        0.0001     0.0001     0.0001     0.0000     0.0001     0.0000     0.0001     0.0001     0.0001     0.0001     0.0001     0.0001     0.0001     0.0001     0.0001     0.0001     0.0001     0.0001 
Reduction                  0.0000     0.0000     0.0000     0.0000     0.0000     0.0000     0.0000     0.0001     0.0000     0.0000     0.0000     0.0000     0.0000     0.0000     0.0000     0.0000     0.0001     0.0001 
Redistribution             0.0000     0.0002     0.0001     0.0001     0.0001     0.0001     0.0002     0.0002     0.0001     0.0001     0.0001     0.0002     0.0001     0.0001     0.0002     0.0002     0.0007     0.0006 
           Variation              
I/O                        0.0000     0.0002     0.0002     0.0002     0.0002     0.0002     0.0003     0.0003     0.0002     0.0002     0.0002     0.0002     0.0002     0.0002     0.0002     0.0002     0.0003     0.0002 
Reduction                  0.0001     0.0000     0.0000     0.0000     0.0000     0.0000     0.0001     0.0001     0.0000     0.0000     0.0000     0.0000     0.0000     0.0000     0.0000     0.0000     0.0001     0.0001 
Redistribution             0.0002     0.0002     0.0002     0.0002     0.0002     0.0002     0.0003     0.0002     0.0002     0.0002     0.0002     0.0002     0.0001     0.0001     0.0002     0.0001     0.0006     0.0005 
           Overlap                
Reduction                  0.0000     0.0000     0.0000     0.0000     0.0000     0.0000     0.0000     0.0000     0.0000     0.0000     0.0000     0.0000     0.0000     0.0000     0.0000     0.0000     0.0000     0.0000 


-------------------------------------------------------------------------
Name (number) and performance time of processors
omp.keldysh.ru(1) 0.934026
omp.keldysh.ru(2) 0.933970
omp.keldysh.ru(3) 0.957959
omp.keldysh.ru(4) 0.957968
omp.keldysh.ru(5) 0.955267
omp.keldysh.ru(6) 0.955252
omp.keldysh.ru(7) 0.933971
omp.keldysh.ru(8) 0.933961
omp.keldysh.ru(9) 0.955927
omp.keldysh.ru(10) 0.956212
omp.keldysh.ru(11) 0.952349
omp.keldysh.ru(12) 0.952365
omp.keldysh.ru(13) 0.956853
omp.keldysh.ru(14) 0.956849
omp.keldysh.ru(15) 0.933689
omp.keldysh.ru(16) 0.933695
omp.keldysh.ru(17) 0.954154
omp.keldysh.ru(18) 0.954125
min - omp.keldysh.ru(15) 0.933689; max - omp.keldysh.ru(4) 0.957968; mid - 0.948255
