Processor system=1*3*6*1
Statistics has been accumulated on DVM-system version 5.0, platform DVM
Analyzer is executing on DVM-system version 5.0, platform DVM
-------------------------------------------------------------------------
INTERVAL ( NLINE=5 SOURCE=realign44.f ) LEVEL=0  EXE_COUNT=2
--- The main characteristics --- 
Parallelization efficiency      0.0509 
Execution time                  0.0100 
Processors                          18
Threads amount                      18
Total time                      0.1800
Productive time                 0.0092 ( CPU= 0.0087 Sys= 0.0004 I/O= 0.0000 )
Lost  time                      0.1708 
   Insufficient parallelism     0.1180 ( User= 0.1110 Sys= 0.0071 )
   Communication                0.0095 ( Real_sync= 0.0000 Starts= 0.0000 )
   Idle time                    0.0432
Load imbalance                  0.0030
Synchronization                 0.0052
Time variation                  0.0097
Overlap                         0.0000
                  Nop   Communic    Synchro  Variation    Overlap 
I/O                 6     0.0000     0.0005     0.0035     0.0000 
Reduction           5     0.0088     0.0000     0.0001     0.0000 
Redistribution      5     0.0008     0.0047     0.0062     0.0000 
--- The comparative characteristics --- 
                              Tmin N proc      Tmax N proc      Tmid
Lost time                   0.0093     2     0.0096    12     0.0095 
User insufficient par.      0.0051    17     0.0085     2     0.0062 
Sys.insufficient par.       0.0003    18     0.0006     1     0.0004 
Idle time                   0.0000     2     0.0035     3     0.0024 
Communication               0.0003     1     0.0008    18     0.0005 
Synchronization             0.0001     1     0.0005    18     0.0003 
Variation                   0.0002     1     0.0008    18     0.0005 
Overlap                     0.0000     5     0.0000    18     0.0000 
Load imbalance              0.0000     2     0.0003    12     0.0002 
Execution time              0.0065     3     0.0100     2     0.0076 
User CPU time               0.0004    12     0.0007     2     0.0005 
Sys. CPU time               0.0000    18     0.0000    10     0.0000 
I/O time                    0.0000    14     0.0000     1     0.0000 
Processors                      18     1         18    18         18 
                      Communic          Synchro        Variation          Overlap  
I/O             Tmin    0.0000     1     0.0000     3     0.0000     1     0.0000     1 
I/O             Tmax    0.0000    18     0.0000    17     0.0002    17     0.0000    18 
I/O             Tmid    0.0000           0.0000           0.0002           0.0000       
Reduction       Tmin    0.0002     8     0.0000     1     0.0000     4     0.0000     5 
Reduction       Tmax    0.0008    18     0.0000     6     0.0000    18     0.0000    18 
Reduction       Tmid    0.0005           0.0000           0.0000           0.0000       
Redistribution  Tmin    0.0000    13     0.0001     1     0.0002     8     0.0000     1 
Redistribution  Tmax    0.0001     8     0.0004    18     0.0006    18     0.0000    18 
Redistribution  Tmid    0.0000           0.0003           0.0003           0.0000       
--- The execution characteristics --- 
                                1          2          3          4          5          6          7          8          9         10         11         12         13         14         15         16         17         18 
Lost time                  0.0095     0.0093     0.0095     0.0095     0.0096     0.0095     0.0095     0.0094     0.0095     0.0094     0.0095     0.0096     0.0096     0.0094     0.0095     0.0094     0.0096     0.0095 
User insufficient par.     0.0059     0.0085     0.0052     0.0052     0.0052     0.0062     0.0052     0.0067     0.0053     0.0070     0.0070     0.0052     0.0051     0.0077     0.0052     0.0081     0.0051     0.0072 
Sys.insufficient par.      0.0006     0.0004     0.0004     0.0004     0.0004     0.0004     0.0004     0.0004     0.0004     0.0004     0.0004     0.0003     0.0003     0.0004     0.0004     0.0004     0.0003     0.0003 
Idle time                  0.0027     0.0000     0.0035     0.0034     0.0034     0.0023     0.0034     0.0019     0.0034     0.0015     0.0015     0.0034     0.0035     0.0008     0.0034     0.0004     0.0034     0.0012 
Communication              0.0003     0.0004     0.0004     0.0004     0.0006     0.0007     0.0005     0.0004     0.0004     0.0004     0.0006     0.0007     0.0007     0.0006     0.0005     0.0005     0.0007     0.0008 
Synchronization            0.0001     0.0002     0.0002     0.0002     0.0003     0.0004     0.0003     0.0003     0.0002     0.0002     0.0003     0.0004     0.0003     0.0003     0.0002     0.0002     0.0004     0.0005 
Variation                  0.0002     0.0004     0.0004     0.0004     0.0006     0.0007     0.0005     0.0004     0.0004     0.0004     0.0006     0.0007     0.0007     0.0006     0.0006     0.0006     0.0008     0.0008 
Overlap                    0.0000     0.0000     0.0000     0.0000     0.0000     0.0000     0.0000     0.0000     0.0000     0.0000     0.0000     0.0000     0.0000     0.0000     0.0000     0.0000     0.0000     0.0000 
Load imbalance             0.0002     0.0000     0.0002     0.0002     0.0002     0.0002     0.0002     0.0001     0.0002     0.0001     0.0001     0.0003     0.0002     0.0001     0.0002     0.0001     0.0002     0.0002 
Execution time             0.0073     0.0100     0.0065     0.0066     0.0066     0.0077     0.0066     0.0081     0.0066     0.0085     0.0085     0.0066     0.0065     0.0092     0.0066     0.0096     0.0066     0.0088 
User CPU time              0.0005     0.0007     0.0005     0.0005     0.0004     0.0005     0.0004     0.0006     0.0005     0.0006     0.0005     0.0004     0.0004     0.0006     0.0004     0.0006     0.0004     0.0005 
Sys. CPU time              0.0000     0.0000     0.0000     0.0000     0.0000     0.0000     0.0000     0.0000     0.0000     0.0000     0.0000     0.0000     0.0000     0.0000     0.0000     0.0000     0.0000     0.0000 
I/O time                   0.0000     0.0000     0.0000     0.0000     0.0000     0.0000     0.0000     0.0000     0.0000     0.0000     0.0000     0.0000     0.0000     0.0000     0.0000     0.0000     0.0000     0.0000 
Processors                     18         18         18         18         18         18         18         18         18         18         18         18         18         18         18         18         18         18 
           Communication          
Reduction                  0.0003     0.0003     0.0003     0.0003     0.0006     0.0007     0.0004     0.0002     0.0003     0.0003     0.0006     0.0007     0.0007     0.0006     0.0005     0.0005     0.0007     0.0008 
Redistribution             0.0000     0.0001     0.0001     0.0001     0.0000     0.0000     0.0001     0.0001     0.0001     0.0001     0.0000     0.0000     0.0000     0.0000     0.0000     0.0000     0.0000     0.0000 
           Synchronization        
I/O                        0.0000     0.0000     0.0000     0.0000     0.0000     0.0000     0.0000     0.0000     0.0000     0.0000     0.0000     0.0000     0.0000     0.0000     0.0000     0.0000     0.0000     0.0000 
Reduction                  0.0000     0.0000     0.0000     0.0000     0.0000     0.0000     0.0000     0.0000     0.0000     0.0000     0.0000     0.0000     0.0000     0.0000     0.0000     0.0000     0.0000     0.0000 
Redistribution             0.0001     0.0002     0.0002     0.0002     0.0003     0.0003     0.0002     0.0002     0.0002     0.0002     0.0003     0.0004     0.0003     0.0003     0.0002     0.0002     0.0004     0.0004 
           Variation              
I/O                        0.0000     0.0002     0.0002     0.0002     0.0002     0.0002     0.0002     0.0002     0.0002     0.0002     0.0002     0.0002     0.0002     0.0002     0.0002     0.0002     0.0002     0.0002 
Reduction                  0.0000     0.0000     0.0000     0.0000     0.0000     0.0000     0.0000     0.0000     0.0000     0.0000     0.0000     0.0000     0.0000     0.0000     0.0000     0.0000     0.0000     0.0000 
Redistribution             0.0002     0.0002     0.0002     0.0002     0.0004     0.0005     0.0003     0.0002     0.0002     0.0002     0.0004     0.0005     0.0005     0.0004     0.0004     0.0004     0.0005     0.0006 
           Overlap                
Reduction                  0.0000     0.0000     0.0000     0.0000     0.0000     0.0000     0.0000     0.0000     0.0000     0.0000     0.0000     0.0000     0.0000     0.0000     0.0000     0.0000     0.0000     0.0000 


-------------------------------------------------------------------------
Name (number) and performance time of processors
omp.keldysh.ru(1) 0.935407
omp.keldysh.ru(2) 0.935313
omp.keldysh.ru(3) 0.935500
omp.keldysh.ru(4) 0.935518
omp.keldysh.ru(5) 0.956504
omp.keldysh.ru(6) 0.956511
omp.keldysh.ru(7) 0.958909
omp.keldysh.ru(8) 0.958882
omp.keldysh.ru(9) 0.955109
omp.keldysh.ru(10) 0.955451
omp.keldysh.ru(11) 0.958352
omp.keldysh.ru(12) 0.958377
omp.keldysh.ru(13) 0.957918
omp.keldysh.ru(14) 0.957922
omp.keldysh.ru(15) 0.955922
omp.keldysh.ru(16) 0.955938
omp.keldysh.ru(17) 0.953630
omp.keldysh.ru(18) 0.953675
min - omp.keldysh.ru(2) 0.935313; max - omp.keldysh.ru(7) 0.958909; mid - 0.951935
