Processor system=1*3*6
Statistics has been accumulated on DVM-system version 5.0, platform DVM
Analyzer is executing on DVM-system version 5.0, platform DVM
-------------------------------------------------------------------------
INTERVAL ( NLINE=7 SOURCE=rem32.f ) LEVEL=0  EXE_COUNT=2
--- The main characteristics --- 
Parallelization efficiency      0.0354 
Execution time                  0.0230 
Processors                          18
Threads amount                      18
Total time                      0.4136
Productive time                 0.0146 ( CPU= 0.0082 Sys= 0.0064 I/O= 0.0000 )
Lost  time                      0.3989 
   Insufficient parallelism     0.2368 ( User= 0.1275 Sys= 0.1093 )
   Communication                0.1164 ( Real_sync= 0.0000 Starts= 0.0000 )
   Idle time                    0.0457
Load imbalance                  0.0028
Synchronization                 0.0791
Time variation                  0.0648
Overlap                         0.0000
                  Nop   Communic    Synchro  Variation    Overlap 
I/O                16     0.0000     0.0042     0.0070     0.0000 
Reduction           6     0.0059     0.0009     0.0009     0.0000 
Remote access     385     0.1105     0.0740     0.0569     0.0000 
--- The comparative characteristics --- 
                              Tmin N proc      Tmax N proc      Tmid
Lost time                   0.0220    12     0.0224    17     0.0222 
User insufficient par.      0.0041     7     0.0095    12     0.0071 
Sys.insufficient par.       0.0039    17     0.0066    16     0.0061 
Idle time                   0.0000    12     0.0058     7     0.0025 
Communication               0.0058    16     0.0093    17     0.0065 
Synchronization             0.0019    16     0.0084    17     0.0044 
Variation                   0.0019    16     0.0055     2     0.0036 
Overlap                     0.0000     4     0.0000    14     0.0000 
Load imbalance              0.0000    12     0.0003    17     0.0002 
Execution time              0.0172     7     0.0230    12     0.0204 
User CPU time               0.0003     7     0.0006    12     0.0005 
Sys. CPU time               0.0002    17     0.0004    16     0.0004 
I/O time                    0.0000    11     0.0000     1     0.0000 
Processors                      18     1         18    18         18 
                      Communic          Synchro        Variation          Overlap  
I/O             Tmin    0.0000     1     0.0001    16     0.0002     1     0.0000     1 
I/O             Tmax    0.0000    18     0.0003     2     0.0005    17     0.0000    18 
I/O             Tmid    0.0000           0.0002           0.0004           0.0000       
Reduction       Tmin    0.0003    15     0.0000     4     0.0000     4     0.0000     2 
Reduction       Tmax    0.0005    17     0.0001     8     0.0001    14     0.0000    18 
Reduction       Tmid    0.0003           0.0001           0.0001           0.0000       
Remote access   Tmin    0.0055    16     0.0017    16     0.0015    16     0.0000     1 
Remote access   Tmax    0.0087    17     0.0080    17     0.0049     1     0.0000    14 
Remote access   Tmid    0.0061           0.0041           0.0032           0.0000       
--- The execution characteristics --- 
                                1          2          3          4          5          6          7          8          9         10         11         12         13         14         15         16         17         18 
Lost time                  0.0222     0.0221     0.0221     0.0221     0.0222     0.0221     0.0223     0.0223     0.0221     0.0221     0.0222     0.0220     0.0221     0.0221     0.0222     0.0221     0.0224     0.0222 
User insufficient par.     0.0054     0.0081     0.0081     0.0073     0.0058     0.0084     0.0041     0.0048     0.0088     0.0088     0.0062     0.0095     0.0077     0.0077     0.0052     0.0070     0.0060     0.0086 
Sys.insufficient par.      0.0066     0.0062     0.0063     0.0062     0.0063     0.0063     0.0063     0.0062     0.0062     0.0062     0.0063     0.0062     0.0065     0.0064     0.0066     0.0066     0.0039     0.0040 
Idle time                  0.0043     0.0016     0.0016     0.0024     0.0039     0.0012     0.0058     0.0051     0.0008     0.0008     0.0035     0.0000     0.0020     0.0020     0.0047     0.0027     0.0031     0.0004 
Communication              0.0060     0.0063     0.0061     0.0062     0.0061     0.0062     0.0061     0.0063     0.0063     0.0063     0.0062     0.0062     0.0060     0.0060     0.0058     0.0058     0.0093     0.0092 
Synchronization            0.0062     0.0063     0.0054     0.0045     0.0047     0.0047     0.0044     0.0042     0.0037     0.0037     0.0033     0.0033     0.0022     0.0022     0.0019     0.0019     0.0084     0.0079 
Variation                  0.0052     0.0055     0.0047     0.0040     0.0043     0.0042     0.0040     0.0037     0.0033     0.0032     0.0029     0.0028     0.0022     0.0022     0.0019     0.0019     0.0045     0.0043 
Overlap                    0.0000     0.0000     0.0000     0.0000     0.0000     0.0000     0.0000     0.0000     0.0000     0.0000     0.0000     0.0000     0.0000     0.0000     0.0000     0.0000     0.0000     0.0000 
Load imbalance             0.0002     0.0001     0.0001     0.0001     0.0002     0.0001     0.0003     0.0003     0.0000     0.0000     0.0002     0.0000     0.0001     0.0001     0.0002     0.0001     0.0003     0.0002 
Execution time             0.0187     0.0214     0.0214     0.0206     0.0191     0.0218     0.0172     0.0179     0.0222     0.0222     0.0195     0.0230     0.0210     0.0210     0.0183     0.0202     0.0198     0.0226 
User CPU time              0.0004     0.0005     0.0005     0.0005     0.0004     0.0005     0.0003     0.0003     0.0006     0.0006     0.0004     0.0006     0.0005     0.0005     0.0003     0.0005     0.0004     0.0005 
Sys. CPU time              0.0004     0.0004     0.0004     0.0004     0.0004     0.0004     0.0004     0.0004     0.0004     0.0004     0.0004     0.0004     0.0004     0.0004     0.0004     0.0004     0.0002     0.0002 
I/O time                   0.0000     0.0000     0.0000     0.0000     0.0000     0.0000     0.0000     0.0000     0.0000     0.0000     0.0000     0.0000     0.0000     0.0000     0.0000     0.0000     0.0000     0.0000 
Processors                     18         18         18         18         18         18         18         18         18         18         18         18         18         18         18         18         18         18 
           Communication          
Reduction                  0.0003     0.0003     0.0003     0.0003     0.0003     0.0003     0.0003     0.0003     0.0003     0.0003     0.0003     0.0003     0.0003     0.0003     0.0003     0.0003     0.0005     0.0005 
Remote access              0.0057     0.0060     0.0058     0.0059     0.0058     0.0059     0.0058     0.0060     0.0059     0.0059     0.0059     0.0060     0.0057     0.0057     0.0056     0.0055     0.0087     0.0086 
           Synchronization        
I/O                        0.0003     0.0003     0.0003     0.0002     0.0003     0.0002     0.0003     0.0003     0.0002     0.0002     0.0002     0.0002     0.0001     0.0001     0.0001     0.0001     0.0003     0.0003 
Reduction                  0.0001     0.0001     0.0000     0.0000     0.0001     0.0001     0.0001     0.0001     0.0000     0.0000     0.0001     0.0001     0.0001     0.0001     0.0000     0.0000     0.0001     0.0001 
Remote access              0.0059     0.0059     0.0051     0.0042     0.0044     0.0044     0.0041     0.0039     0.0035     0.0035     0.0030     0.0030     0.0020     0.0020     0.0017     0.0017     0.0080     0.0076 
           Variation              
I/O                        0.0002     0.0005     0.0004     0.0004     0.0004     0.0004     0.0004     0.0004     0.0004     0.0004     0.0004     0.0004     0.0003     0.0003     0.0003     0.0003     0.0005     0.0005 
Reduction                  0.0001     0.0001     0.0000     0.0000     0.0001     0.0001     0.0001     0.0001     0.0000     0.0000     0.0001     0.0001     0.0001     0.0001     0.0000     0.0000     0.0001     0.0001 
Remote access              0.0049     0.0049     0.0043     0.0036     0.0038     0.0037     0.0035     0.0032     0.0028     0.0028     0.0024     0.0024     0.0019     0.0018     0.0016     0.0015     0.0040     0.0037 
           Overlap                
Reduction                  0.0000     0.0000     0.0000     0.0000     0.0000     0.0000     0.0000     0.0000     0.0000     0.0000     0.0000     0.0000     0.0000     0.0000     0.0000     0.0000     0.0000     0.0000 
Remote access              0.0000     0.0000     0.0000     0.0000     0.0000     0.0000     0.0000     0.0000     0.0000     0.0000     0.0000     0.0000     0.0000     0.0000     0.0000     0.0000     0.0000     0.0000 


-------------------------------------------------------------------------
Name (number) and performance time of processors
omp.keldysh.ru(1) 0.935443
omp.keldysh.ru(2) 0.935373
omp.keldysh.ru(3) 0.956308
omp.keldysh.ru(4) 0.956336
omp.keldysh.ru(5) 0.960209
omp.keldysh.ru(6) 0.960173
omp.keldysh.ru(7) 0.957633
omp.keldysh.ru(8) 0.957642
omp.keldysh.ru(9) 0.955398
omp.keldysh.ru(10) 0.955392
omp.keldysh.ru(11) 0.956173
omp.keldysh.ru(12) 0.956526
omp.keldysh.ru(13) 0.956926
omp.keldysh.ru(14) 0.956923
omp.keldysh.ru(15) 0.955159
omp.keldysh.ru(16) 0.955159
omp.keldysh.ru(17) 0.957438
omp.keldysh.ru(18) 0.957427
min - omp.keldysh.ru(2) 0.935373; max - omp.keldysh.ru(5) 0.960209; mid - 0.954535
