Processor system=1*4*2*2
Statistics has been accumulated on DVM-system version 5.0, platform DVM
Analyzer is executing on DVM-system version 5.0, platform DVM
-------------------------------------------------------------------------
INTERVAL ( NLINE=8 SOURCE=sha41.f ) LEVEL=0  EXE_COUNT=1
--- The main characteristics --- 
Parallelization efficiency      0.0783 
Execution time                  0.0124 
Processors                          16
Threads amount                      16
Total time                      0.1988
Productive time                 0.0156 ( CPU= 0.0145 Sys= 0.0010 I/O= 0.0000 )
Lost  time                      0.1832 
   Insufficient parallelism     0.1313 ( User= 0.1154 Sys= 0.0159 )
   Communication                0.0288 ( Real_sync= 0.0000 Starts= 0.0000 )
   Idle time                    0.0231
Load imbalance                  0.0026
Synchronization                 0.0129
Time variation                  0.0078
Overlap                         0.0000
                  Nop   Communic    Synchro  Variation    Overlap 
I/O                 6     0.0000     0.0007     0.0031     0.0000 
Reduction           4     0.0056     0.0000     0.0000     0.0000 
Shadow              4     0.0232     0.0122     0.0047     0.0000 
--- The comparative characteristics --- 
                              Tmin N proc      Tmax N proc      Tmid
Lost time                   0.0113     9     0.0117    15     0.0115 
User insufficient par.      0.0059    15     0.0087     1     0.0072 
Sys.insufficient par.       0.0007    15     0.0012    10     0.0010 
Idle time                   0.0000     3     0.0023    12     0.0014 
Communication               0.0013     6     0.0030    15     0.0018 
Synchronization             0.0001    12     0.0023    15     0.0008 
Variation                   0.0003    12     0.0007    16     0.0005 
Overlap                     0.0000     1     0.0000    12     0.0000 
Load imbalance              0.0000     9     0.0004    15     0.0002 
Execution time              0.0102    12     0.0124     3     0.0110 
User CPU time               0.0006    15     0.0011     9     0.0009 
Sys. CPU time               0.0000    15     0.0001    10     0.0001 
I/O time                    0.0000     4     0.0000     1     0.0000 
Processors                      16     1         16    16         16 
                      Communic          Synchro        Variation          Overlap  
I/O             Tmin    0.0000     1     0.0000     5     0.0000     1     0.0000     1 
I/O             Tmax    0.0000    16     0.0001    15     0.0002    14     0.0000    16 
I/O             Tmid    0.0000           0.0000           0.0002           0.0000       
Reduction       Tmin    0.0001    12     0.0000     7     0.0000     5     0.0000     1 
Reduction       Tmax    0.0006    16     0.0000     4     0.0000     2     0.0000    16 
Reduction       Tmid    0.0004           0.0000           0.0000           0.0000       
Shadow          Tmin    0.0011     1     0.0001    12     0.0001    12     0.0000     1 
Shadow          Tmax    0.0024    15     0.0023    15     0.0005     4     0.0000     6 
Shadow          Tmid    0.0014           0.0008           0.0003           0.0000       
--- The execution characteristics --- 
                                1          2          3          4          5          6          7          8          9         10         11         12         13         14         15         16 
Lost time                  0.0114     0.0115     0.0114     0.0114     0.0113     0.0113     0.0114     0.0114     0.0113     0.0114     0.0114     0.0114     0.0116     0.0116     0.0117     0.0117 
User insufficient par.     0.0087     0.0067     0.0087     0.0072     0.0080     0.0080     0.0066     0.0066     0.0076     0.0065     0.0066     0.0067     0.0078     0.0076     0.0059     0.0061 
Sys.insufficient par.      0.0010     0.0009     0.0009     0.0009     0.0011     0.0012     0.0012     0.0011     0.0012     0.0012     0.0012     0.0012     0.0008     0.0007     0.0007     0.0007 
Idle time                  0.0000     0.0022     0.0000     0.0016     0.0008     0.0008     0.0022     0.0022     0.0012     0.0022     0.0023     0.0023     0.0004     0.0004     0.0022     0.0022 
Communication              0.0017     0.0017     0.0017     0.0017     0.0014     0.0013     0.0014     0.0014     0.0014     0.0014     0.0014     0.0013     0.0025     0.0029     0.0030     0.0027 
Synchronization            0.0006     0.0007     0.0008     0.0008     0.0002     0.0002     0.0002     0.0002     0.0002     0.0003     0.0003     0.0001     0.0018     0.0022     0.0023     0.0021 
Variation                  0.0004     0.0006     0.0006     0.0007     0.0003     0.0003     0.0003     0.0003     0.0004     0.0004     0.0004     0.0003     0.0006     0.0007     0.0006     0.0007 
Overlap                    0.0000     0.0000     0.0000     0.0000     0.0000     0.0000     0.0000     0.0000     0.0000     0.0000     0.0000     0.0000     0.0000     0.0000     0.0000     0.0000 
Load imbalance             0.0001     0.0002     0.0001     0.0001     0.0000     0.0000     0.0001     0.0001     0.0000     0.0001     0.0001     0.0001     0.0003     0.0003     0.0004     0.0004 
Execution time             0.0124     0.0102     0.0124     0.0108     0.0116     0.0116     0.0102     0.0102     0.0112     0.0102     0.0102     0.0102     0.0120     0.0120     0.0102     0.0102 
User CPU time              0.0009     0.0008     0.0010     0.0009     0.0010     0.0010     0.0010     0.0010     0.0011     0.0010     0.0009     0.0009     0.0008     0.0008     0.0006     0.0007 
Sys. CPU time              0.0001     0.0001     0.0001     0.0001     0.0001     0.0001     0.0001     0.0001     0.0001     0.0001     0.0001     0.0001     0.0001     0.0000     0.0000     0.0000 
I/O time                   0.0000     0.0000     0.0000     0.0000     0.0000     0.0000     0.0000     0.0000     0.0000     0.0000     0.0000     0.0000     0.0000     0.0000     0.0000     0.0000 
Processors                     16         16         16         16         16         16         16         16         16         16         16         16         16         16         16         16 
           Communication          
Reduction                  0.0005     0.0006     0.0005     0.0006     0.0002     0.0002     0.0001     0.0001     0.0002     0.0002     0.0002     0.0001     0.0005     0.0006     0.0006     0.0006 
Shadow                     0.0011     0.0012     0.0012     0.0011     0.0012     0.0011     0.0012     0.0013     0.0012     0.0012     0.0012     0.0012     0.0020     0.0023     0.0024     0.0021 
           Synchronization        
I/O                        0.0000     0.0000     0.0001     0.0000     0.0000     0.0000     0.0000     0.0000     0.0000     0.0001     0.0000     0.0000     0.0001     0.0001     0.0001     0.0001 
Reduction                  0.0000     0.0000     0.0000     0.0000     0.0000     0.0000     0.0000     0.0000     0.0000     0.0000     0.0000     0.0000     0.0000     0.0000     0.0000     0.0000 
Shadow                     0.0006     0.0007     0.0007     0.0007     0.0002     0.0002     0.0001     0.0001     0.0002     0.0002     0.0003     0.0001     0.0017     0.0021     0.0023     0.0020 
           Variation              
I/O                        0.0000     0.0002     0.0002     0.0002     0.0002     0.0002     0.0002     0.0002     0.0002     0.0002     0.0002     0.0002     0.0002     0.0002     0.0002     0.0002 
Reduction                  0.0000     0.0000     0.0000     0.0000     0.0000     0.0000     0.0000     0.0000     0.0000     0.0000     0.0000     0.0000     0.0000     0.0000     0.0000     0.0000 
Shadow                     0.0004     0.0005     0.0004     0.0005     0.0002     0.0001     0.0001     0.0001     0.0002     0.0002     0.0002     0.0001     0.0004     0.0004     0.0004     0.0004 
           Overlap                
Reduction                  0.0000     0.0000     0.0000     0.0000     0.0000     0.0000     0.0000     0.0000     0.0000     0.0000     0.0000     0.0000     0.0000     0.0000     0.0000     0.0000 
Shadow                     0.0000     0.0000     0.0000     0.0000     0.0000     0.0000     0.0000     0.0000     0.0000     0.0000     0.0000     0.0000     0.0000     0.0000     0.0000     0.0000 


-------------------------------------------------------------------------
Name (number) and performance time of processors
omp.keldysh.ru(1) 0.935305
omp.keldysh.ru(2) 0.935271
omp.keldysh.ru(3) 0.961015
omp.keldysh.ru(4) 0.961020
omp.keldysh.ru(5) 0.958683
omp.keldysh.ru(6) 0.958676
omp.keldysh.ru(7) 0.960556
omp.keldysh.ru(8) 0.960824
omp.keldysh.ru(9) 0.957991
omp.keldysh.ru(10) 0.958005
omp.keldysh.ru(11) 0.935263
omp.keldysh.ru(12) 0.935271
omp.keldysh.ru(13) 0.959127
omp.keldysh.ru(14) 0.959123
omp.keldysh.ru(15) 0.956599
omp.keldysh.ru(16) 0.956610
min - omp.keldysh.ru(11) 0.935263; max - omp.keldysh.ru(4) 0.961020; mid - 0.953084
