Processor system=7*2*1*1
Statistics has been accumulated on DVM-system version 5.0, platform DVM
Analyzer is executing on DVM-system version 5.0, platform DVM
-------------------------------------------------------------------------
INTERVAL ( NLINE=7 SOURCE=acr42.f ) LEVEL=0  EXE_COUNT=1
--- The main characteristics --- 
Parallelization efficiency      0.0643 
Execution time                  0.6527 
Processors                          14
Threads amount                      14
Total time                      9.1378
Productive time                 0.5877 ( CPU= 0.5837 Sys= 0.0039 I/O= 0.0000 )
Lost  time                      8.5502 
   Insufficient parallelism     7.6400 ( User= 7.5886 Sys= 0.0514 )
   Communication                0.0037 ( Real_sync= 0.0000 Starts= 0.0000 )
   Idle time                    0.9064
Load imbalance                  0.0648
Synchronization                 5.5599
Time variation                  5.5610
Overlap                         0.0025
                  Nop   Communic    Synchro  Variation    Overlap 
I/O                11     0.0000     1.8071     1.8081     0.0000 
Reduction           9     0.0037     0.9291     0.9291     0.0000 
Shadow             27     0.0000     2.8237     2.8237     0.0025 
--- The comparative characteristics --- 
                              Tmin N proc      Tmax N proc      Tmid
Lost time                   0.6061     5     0.6168    14     0.6107 
User insufficient par.      0.4639    10     0.6011     5     0.5420 
Sys.insufficient par.       0.0018    13     0.0052     1     0.0037 
Idle time                   0.0000     5     0.1497    14     0.0647 
Communication               0.0002     2     0.0004    10     0.0003 
Synchronization             0.0004     5     0.9499    10     0.3971 
Variation                   0.0005     5     0.9500    10     0.3972 
Overlap                     0.0000     9     0.0005     5     0.0002 
Load imbalance              0.0000     5     0.0107    14     0.0046 
Execution time              0.5030    14     0.6527     5     0.5880 
User CPU time               0.0357    10     0.0462     5     0.0417 
Sys. CPU time               0.0001    13     0.0004     7     0.0003 
I/O time                    0.0000     3     0.0000     1     0.0000 
Processors                      14     1         14    14         14 
                      Communic          Synchro        Variation          Overlap  
I/O             Tmin    0.0000     1     0.0001     5     0.0002     5     0.0000     1 
I/O             Tmax    0.0000    14     0.3076    10     0.3077    10     0.0000    14 
I/O             Tmid    0.0000           0.1291           0.1292           0.0000       
Reduction       Tmin    0.0002     2     0.0001     5     0.0001     5     0.0000     1 
Reduction       Tmax    0.0004    10     0.1584    10     0.1584    10     0.0000     5 
Reduction       Tmid    0.0003           0.0664           0.0664           0.0000       
Shadow          Tmin    0.0000     1     0.0003     5     0.0003     5     0.0000     9 
Shadow          Tmax    0.0000    14     0.4840    10     0.4840    10     0.0005     5 
Shadow          Tmid    0.0000           0.2017           0.2017           0.0002       
--- The execution characteristics --- 
                                1          2          3          4          5          6          7          8          9         10         11         12         13         14 
Lost time                  0.6061     0.6063     0.6064     0.6064     0.6061     0.6061     0.6062     0.6064     0.6167     0.6168     0.6168     0.6166     0.6164     0.6168 
User insufficient par.     0.6007     0.5979     0.5975     0.5978     0.6011     0.6010     0.5995     0.5976     0.4664     0.4639     0.4643     0.4667     0.4697     0.4646 
Sys.insufficient par.      0.0052     0.0048     0.0042     0.0038     0.0048     0.0048     0.0049     0.0048     0.0023     0.0029     0.0025     0.0023     0.0018     0.0022 
Idle time                  0.0000     0.0035     0.0046     0.0046     0.0000     0.0000     0.0016     0.0038     0.1476     0.1496     0.1496     0.1473     0.1446     0.1497 
Communication              0.0002     0.0002     0.0002     0.0002     0.0002     0.0002     0.0002     0.0002     0.0004     0.0004     0.0004     0.0004     0.0004     0.0004 
Synchronization            0.0097     0.0118     0.0165     0.0203     0.0004     0.0006     0.0059     0.0085     0.9065     0.9499     0.9298     0.9096     0.8665     0.9237 
Variation                  0.0095     0.0119     0.0166     0.0204     0.0005     0.0007     0.0060     0.0086     0.9065     0.9500     0.9299     0.9097     0.8666     0.9238 
Overlap                    0.0001     0.0002     0.0003     0.0003     0.0005     0.0005     0.0003     0.0003     0.0000     0.0000     0.0000     0.0000     0.0000     0.0000 
Load imbalance             0.0000     0.0002     0.0003     0.0003     0.0000     0.0000     0.0001     0.0003     0.0106     0.0107     0.0107     0.0105     0.0103     0.0107 
Execution time             0.6527     0.6492     0.6481     0.6481     0.6527     0.6527     0.6511     0.6489     0.5051     0.5031     0.5031     0.5054     0.5081     0.5030 
User CPU time              0.0462     0.0460     0.0460     0.0460     0.0462     0.0462     0.0461     0.0460     0.0359     0.0357     0.0357     0.0359     0.0361     0.0357 
Sys. CPU time              0.0004     0.0004     0.0003     0.0003     0.0004     0.0004     0.0004     0.0004     0.0002     0.0002     0.0002     0.0002     0.0001     0.0002 
I/O time                   0.0000     0.0000     0.0000     0.0000     0.0000     0.0000     0.0000     0.0000     0.0000     0.0000     0.0000     0.0000     0.0000     0.0000 
Processors                     14         14         14         14         14         14         14         14         14         14         14         14         14         14 
           Communication          
Reduction                  0.0002     0.0002     0.0002     0.0002     0.0002     0.0002     0.0002     0.0002     0.0004     0.0004     0.0004     0.0004     0.0004     0.0004 
           Synchronization        
I/O                        0.0017     0.0023     0.0041     0.0054     0.0001     0.0001     0.0010     0.0016     0.2960     0.3076     0.3026     0.2964     0.2871     0.3010 
Reduction                  0.0016     0.0017     0.0024     0.0028     0.0001     0.0001     0.0009     0.0010     0.1518     0.1584     0.1552     0.1525     0.1465     0.1543 
Shadow                     0.0064     0.0078     0.0100     0.0121     0.0003     0.0004     0.0040     0.0059     0.4586     0.4840     0.4721     0.4607     0.4330     0.4684 
           Variation              
I/O                        0.0015     0.0023     0.0042     0.0055     0.0002     0.0002     0.0011     0.0017     0.2961     0.3077     0.3026     0.2965     0.2872     0.3011 
Reduction                  0.0016     0.0017     0.0024     0.0028     0.0001     0.0001     0.0009     0.0010     0.1518     0.1584     0.1552     0.1525     0.1465     0.1543 
Shadow                     0.0064     0.0078     0.0100     0.0121     0.0003     0.0004     0.0040     0.0059     0.4587     0.4840     0.4721     0.4607     0.4330     0.4684 
           Overlap                
Reduction                  0.0000     0.0000     0.0000     0.0000     0.0000     0.0000     0.0000     0.0000     0.0000     0.0000     0.0000     0.0000     0.0000     0.0000 
Shadow                     0.0001     0.0002     0.0003     0.0003     0.0005     0.0005     0.0003     0.0003     0.0000     0.0000     0.0000     0.0000     0.0000     0.0000 


-------------------------------------------------------------------------
Name (number) and performance time of processors
omp.keldysh.ru(1) 0.933868
omp.keldysh.ru(2) 0.933811
omp.keldysh.ru(3) 0.954642
omp.keldysh.ru(4) 0.954671
omp.keldysh.ru(5) 0.954763
omp.keldysh.ru(6) 0.954757
omp.keldysh.ru(7) 0.954126
omp.keldysh.ru(8) 0.954107
omp.keldysh.ru(9) 0.933937
omp.keldysh.ru(10) 0.933933
omp.keldysh.ru(11) 0.954023
omp.keldysh.ru(12) 0.953757
omp.keldysh.ru(13) 0.953434
omp.keldysh.ru(14) 0.953440
min - omp.keldysh.ru(2) 0.933811; max - omp.keldysh.ru(5) 0.954763; mid - 0.948376
