Processor system=3*3*2
Statistics has been accumulated on DVM-system version 5.0, platform DVM
Analyzer is executing on DVM-system version 5.0, platform DVM
-------------------------------------------------------------------------
INTERVAL ( NLINE=7 SOURCE=acr32.f ) LEVEL=0  EXE_COUNT=2
--- The main characteristics --- 
Parallelization efficiency      0.0105 
Execution time                  2.2350 
Processors                          18
Threads amount                      18
Total time                     40.2308
Productive time                 0.4213 ( CPU= 0.0369 Sys= 0.3842 I/O= 0.0002 )
Lost  time                     39.8095 
   Insufficient parallelism     6.8885 ( User= 0.3532 Sys= 6.5352 )
   Communication               32.0950 ( Real_sync= 0.0000 Starts= 0.0000 )
   Idle time                    0.8260
Load imbalance                  0.3654
Synchronization                64.6109
Time variation                 67.4944
Overlap                         0.0006
                  Nop   Communic    Synchro  Variation    Overlap 
I/O                12     0.0000     7.4704     7.4666     0.0000 
Reduction          28    20.8589    16.1416    16.1415     0.0000 
Shadow             61    10.7513    40.9989    43.8862     0.0006 
--- The comparative characteristics --- 
                              Tmin N proc      Tmax N proc      Tmid
Lost time                   2.1913     2     2.2324    10     2.2116 
User insufficient par.      0.0091    18     0.0408     7     0.0196 
Sys.insufficient par.       0.0023    10     0.7099     2     0.3631 
Idle time                   0.0000    17     0.0878     6     0.0459 
Communication               1.3751     2     2.1348    10     1.7831 
Synchronization             1.0106    11     5.9426     8     3.5895 
Variation                   1.2048    11     6.2265     8     3.7497 
Overlap                     0.0000     2     0.0003     1     0.0000 
Load imbalance              0.0000     2     0.0410    10     0.0203 
Execution time              2.1472     6     2.2350    17     2.1892 
User CPU time               0.0012    18     0.0033     7     0.0020 
Sys. CPU time               0.0001    10     0.0418     2     0.0213 
I/O time                    0.0000    12     0.0002     1     0.0000 
Processors                      18     1         18    18         18 
                      Communic          Synchro        Variation          Overlap  
I/O             Tmin    0.0000     1     0.0640    11     0.0640    11     0.0000     1 
I/O             Tmax    0.0000    18     0.7190     8     0.7190     8     0.0000    18 
I/O             Tmid    0.0000           0.4150           0.4148           0.0000       
Reduction       Tmin    0.9396     6     0.2210    11     0.2210    11     0.0000     1 
Reduction       Tmax    1.4305    13     1.4726     2     1.4726     2     0.0000    11 
Reduction       Tmid    1.1588           0.8968           0.8968           0.0000       
Shadow          Tmin    0.2461    14     0.7256    11     0.9198    11     0.0000     2 
Shadow          Tmax    0.8969    17     3.7510     8     4.0348     8     0.0003     1 
Shadow          Tmid    0.5973           2.2777           2.4381           0.0000       
--- The execution characteristics --- 
                                1          2          3          4          5          6          7          8          9         10         11         12         13         14         15         16         17         18 
Lost time                  2.2133     2.1913     2.2183     2.1979     2.2208     2.2016     2.2160     2.1987     2.2230     2.2324     2.2206     2.2083     2.2233     2.2021     2.2198     2.1987     2.2197     2.2036 
User insufficient par.     0.0193     0.0193     0.0203     0.0237     0.0161     0.0110     0.0408     0.0110     0.0282     0.0253     0.0223     0.0117     0.0111     0.0109     0.0202     0.0193     0.0335     0.0091 
Sys.insufficient par.      0.3359     0.7099     0.2478     0.5912     0.2107     0.5419     0.2684     0.5915     0.1590     0.0023     0.2069     0.4271     0.1747     0.5344     0.2226     0.5817     0.2151     0.5139 
Idle time                  0.0083     0.0870     0.0207     0.0721     0.0233     0.0878     0.0140     0.0878     0.0003     0.0699     0.0161     0.0821     0.0031     0.0828     0.0125     0.0821     0.0000     0.0761 
Communication              1.8498     1.3751     1.9295     1.5110     1.9706     1.5609     1.8927     1.5083     2.0355     2.1348     1.9754     1.6874     2.0344     1.5739     1.9645     1.5157     1.9710     1.6044 
Synchronization            2.0334     5.7584     2.2404     5.4019     1.9666     5.7115     1.5295     5.9426     1.9467     5.0816     1.0106     4.2479     1.5384     5.5107     2.2725     5.0094     2.0526     5.3562 
Variation                  1.8700     5.9508     2.4209     5.7078     1.9710     5.7690     1.6815     6.2265     1.9458     5.1624     1.2048     4.4732     1.8019     5.9047     2.3909     5.3722     2.1165     5.5244 
Overlap                    0.0003     0.0000     0.0000     0.0000     0.0000     0.0000     0.0001     0.0000     0.0000     0.0001     0.0001     0.0000     0.0000     0.0000     0.0000     0.0000     0.0000     0.0000 
Load imbalance             0.0222     0.0000     0.0270     0.0066     0.0295     0.0103     0.0246     0.0073     0.0316     0.0410     0.0292     0.0169     0.0320     0.0108     0.0284     0.0074     0.0284     0.0122 
Execution time             2.2267     2.1480     2.2143     2.1630     2.2117     2.1472     2.2210     2.1472     2.2347     2.1651     2.2190     2.1530     2.2320     2.1522     2.2226     2.1530     2.2350     2.1589 
User CPU time              0.0019     0.0019     0.0021     0.0023     0.0018     0.0015     0.0033     0.0016     0.0027     0.0025     0.0023     0.0017     0.0015     0.0015     0.0022     0.0021     0.0027     0.0012 
Sys. CPU time              0.0195     0.0418     0.0146     0.0348     0.0124     0.0319     0.0158     0.0348     0.0094     0.0001     0.0122     0.0251     0.0103     0.0314     0.0131     0.0342     0.0127     0.0302 
I/O time                   0.0002     0.0000     0.0000     0.0000     0.0000     0.0000     0.0000     0.0000     0.0000     0.0000     0.0000     0.0000     0.0000     0.0000     0.0000     0.0000     0.0000     0.0000 
Processors                     18         18         18         18         18         18         18         18         18         18         18         18         18         18         18         18         18         18 
           Communication          
Reduction                  1.0391     0.9605     1.2619     1.1452     1.1631     0.9396     1.3086     1.1504     1.2240     1.0979     1.2684     1.1730     1.4305     1.3278     1.1449     1.1727     1.0741     0.9772 
Shadow                     0.8107     0.4146     0.6677     0.3658     0.8075     0.6213     0.5841     0.3579     0.8116     0.5525     0.7069     0.5143     0.6039     0.2461     0.8195     0.3429     0.8969     0.6271 
           Synchronization        
I/O                        0.2275     0.7110     0.2068     0.6650     0.1899     0.7190     0.1200     0.7190     0.1947     0.6560     0.0640     0.5370     0.0990     0.6670     0.2078     0.6150     0.1980     0.6738 
Reduction                  0.6292     1.4726     0.5745     1.3089     0.5537     1.4726     0.3978     1.4726     0.5338     1.2989     0.2210     0.9980     0.3109     1.3089     0.5745     1.1800     0.5247     1.3089 
Shadow                     1.1767     3.5747     1.4591     3.4280     1.2230     3.5199     1.0117     3.7510     1.2182     3.1266     0.7256     2.7129     1.1285     3.5348     1.4903     3.2144     1.3299     3.3736 
           Variation              
I/O                        0.2237     0.7110     0.2068     0.6650     0.1899     0.7190     0.1200     0.7190     0.1947     0.6560     0.0640     0.5370     0.0990     0.6670     0.2078     0.6150     0.1980     0.6738 
Reduction                  0.6292     1.4726     0.5745     1.3089     0.5537     1.4726     0.3978     1.4726     0.5338     1.2989     0.2210     0.9980     0.3109     1.3089     0.5745     1.1800     0.5247     1.3089 
Shadow                     1.0171     3.7672     1.6397     3.7340     1.2274     3.5773     1.1637     4.0348     1.2173     3.2075     0.9198     2.9382     1.3920     3.9288     1.6086     3.5772     1.3939     3.5417 
           Overlap                
Reduction                  0.0000     0.0000     0.0000     0.0000     0.0000     0.0000     0.0000     0.0000     0.0000     0.0000     0.0000     0.0000     0.0000     0.0000     0.0000     0.0000     0.0000     0.0000 
Shadow                     0.0003     0.0000     0.0000     0.0000     0.0000     0.0000     0.0001     0.0000     0.0000     0.0001     0.0001     0.0000     0.0000     0.0000     0.0000     0.0000     0.0000     0.0000 


-------------------------------------------------------------------------
Name (number) and performance time of processors
omp.keldysh.ru(1) 12.917352
omp.keldysh.ru(2) 6.969492
omp.keldysh.ru(3) 2.790778
omp.keldysh.ru(4) 4.602130
omp.keldysh.ru(5) 2.584219
omp.keldysh.ru(6) 0.936306
omp.keldysh.ru(7) 5.853769
omp.keldysh.ru(8) 0.917994
omp.keldysh.ru(9) 2.788769
omp.keldysh.ru(10) 4.567306
omp.keldysh.ru(11) 7.413015
omp.keldysh.ru(12) 7.471087
omp.keldysh.ru(13) 5.870660
omp.keldysh.ru(14) 0.936291
omp.keldysh.ru(15) 0.906869
omp.keldysh.ru(16) 4.252779
omp.keldysh.ru(17) 2.575581
omp.keldysh.ru(18) 0.896446
min - omp.keldysh.ru(18) 0.896446; max - omp.keldysh.ru(1) 12.917352; mid - 4.180602
