Processor system=2*1*2*4
Statistics has been accumulated on DVM-system version 5.0, platform DVM
Analyzer is executing on DVM-system version 5.0, platform DVM
-------------------------------------------------------------------------
INTERVAL ( NLINE=8 SOURCE=red41.f ) LEVEL=0  EXE_COUNT=1
--- The main characteristics --- 
Parallelization efficiency      0.0804 
Execution time                  0.0114 
Processors                          16
Threads amount                      16
Total time                      0.1817
Productive time                 0.0146 ( CPU= 0.0136 Sys= 0.0009 I/O= 0.0000 )
Lost  time                      0.1671 
   Insufficient parallelism     0.1303 ( User= 0.1156 Sys= 0.0146 )
   Communication                0.0122 ( Real_sync= 0.0000 Starts= 0.0000 )
   Idle time                    0.0246
Load imbalance                  0.0022
Synchronization                 0.0076
Time variation                  0.0069
Overlap                         0.0000
                  Nop   Communic    Synchro  Variation    Overlap 
I/O                16     0.0000     0.0010     0.0043     0.0000 
Reduction          14     0.0079     0.0014     0.0006     0.0000 
Remote access      36     0.0043     0.0052     0.0020     0.0000 
--- The comparative characteristics --- 
                              Tmin N proc      Tmax N proc      Tmid
Lost time                   0.0103     6     0.0106    14     0.0104 
User insufficient par.      0.0061    13     0.0088     5     0.0072 
Sys.insufficient par.       0.0007    14     0.0012     1     0.0009 
Idle time                   0.0000     6     0.0023    13     0.0015 
Communication               0.0005     1     0.0016    14     0.0008 
Synchronization             0.0002     1     0.0010    15     0.0005 
Variation                   0.0001     1     0.0005     2     0.0004 
Overlap                     0.0000     5     0.0000     6     0.0000 
Load imbalance              0.0000     6     0.0003    14     0.0001 
Execution time              0.0091    13     0.0114     6     0.0098 
User CPU time               0.0007    14     0.0010     6     0.0009 
Sys. CPU time               0.0000    14     0.0001    12     0.0001 
I/O time                    0.0000    14     0.0000     1     0.0000 
Processors                      16     1         16    16         16 
                      Communic          Synchro        Variation          Overlap  
I/O             Tmin    0.0000     1     0.0000     8     0.0000     1     0.0000     1 
I/O             Tmax    0.0000    16     0.0001    13     0.0003    13     0.0000    16 
I/O             Tmid    0.0000           0.0001           0.0003           0.0000       
Reduction       Tmin    0.0003     1     0.0000     7     0.0000    15     0.0000     1 
Reduction       Tmax    0.0009    14     0.0002    13     0.0001     1     0.0000     6 
Reduction       Tmid    0.0005           0.0001           0.0000           0.0000       
Remote access   Tmin    0.0001     2     0.0000     1     0.0000     1     0.0000     3 
Remote access   Tmax    0.0007    15     0.0008    14     0.0002     2     0.0000     1 
Remote access   Tmid    0.0003           0.0003           0.0001           0.0000       
--- The execution characteristics --- 
                                1          2          3          4          5          6          7          8          9         10         11         12         13         14         15         16 
Lost time                  0.0105     0.0104     0.0104     0.0105     0.0103     0.0103     0.0104     0.0103     0.0104     0.0104     0.0104     0.0105     0.0106     0.0106     0.0106     0.0105 
User insufficient par.     0.0065     0.0074     0.0074     0.0067     0.0088     0.0088     0.0068     0.0085     0.0077     0.0078     0.0067     0.0067     0.0061     0.0061     0.0061     0.0075 
Sys.insufficient par.      0.0012     0.0010     0.0009     0.0009     0.0010     0.0010     0.0010     0.0010     0.0010     0.0009     0.0009     0.0010     0.0007     0.0007     0.0007     0.0008 
Idle time                  0.0023     0.0015     0.0015     0.0022     0.0000     0.0000     0.0022     0.0004     0.0012     0.0012     0.0022     0.0022     0.0023     0.0022     0.0022     0.0008 
Communication              0.0005     0.0005     0.0005     0.0005     0.0005     0.0005     0.0005     0.0005     0.0005     0.0005     0.0005     0.0005     0.0015     0.0016     0.0016     0.0014 
Synchronization            0.0002     0.0003     0.0004     0.0004     0.0003     0.0003     0.0003     0.0003     0.0004     0.0004     0.0003     0.0003     0.0010     0.0010     0.0010     0.0009 
Variation                  0.0001     0.0005     0.0005     0.0005     0.0005     0.0005     0.0004     0.0004     0.0005     0.0005     0.0004     0.0004     0.0004     0.0004     0.0004     0.0004 
Overlap                    0.0000     0.0000     0.0000     0.0000     0.0000     0.0000     0.0000     0.0000     0.0000     0.0000     0.0000     0.0000     0.0000     0.0000     0.0000     0.0000 
Load imbalance             0.0002     0.0001     0.0001     0.0001     0.0000     0.0000     0.0001     0.0000     0.0001     0.0001     0.0001     0.0002     0.0003     0.0003     0.0003     0.0002 
Execution time             0.0091     0.0098     0.0098     0.0091     0.0114     0.0114     0.0091     0.0110     0.0102     0.0102     0.0091     0.0091     0.0091     0.0091     0.0091     0.0106 
User CPU time              0.0008     0.0009     0.0009     0.0008     0.0010     0.0010     0.0008     0.0010     0.0009     0.0009     0.0008     0.0008     0.0007     0.0007     0.0007     0.0008 
Sys. CPU time              0.0001     0.0001     0.0001     0.0001     0.0001     0.0001     0.0001     0.0001     0.0001     0.0001     0.0001     0.0001     0.0000     0.0000     0.0000     0.0001 
I/O time                   0.0000     0.0000     0.0000     0.0000     0.0000     0.0000     0.0000     0.0000     0.0000     0.0000     0.0000     0.0000     0.0000     0.0000     0.0000     0.0000 
Processors                     16         16         16         16         16         16         16         16         16         16         16         16         16         16         16         16 
           Communication          
Reduction                  0.0003     0.0004     0.0004     0.0004     0.0004     0.0004     0.0004     0.0004     0.0004     0.0004     0.0004     0.0004     0.0008     0.0009     0.0008     0.0008 
Remote access              0.0002     0.0001     0.0001     0.0001     0.0001     0.0001     0.0001     0.0001     0.0002     0.0002     0.0001     0.0002     0.0006     0.0007     0.0007     0.0006 
           Synchronization        
I/O                        0.0001     0.0001     0.0001     0.0001     0.0001     0.0001     0.0000     0.0000     0.0001     0.0001     0.0000     0.0000     0.0001     0.0001     0.0001     0.0001 
Reduction                  0.0001     0.0001     0.0001     0.0001     0.0000     0.0000     0.0000     0.0000     0.0001     0.0001     0.0000     0.0001     0.0002     0.0001     0.0002     0.0002 
Remote access              0.0000     0.0002     0.0002     0.0002     0.0002     0.0002     0.0002     0.0002     0.0002     0.0002     0.0002     0.0002     0.0007     0.0008     0.0008     0.0006 
           Variation              
I/O                        0.0000     0.0003     0.0003     0.0003     0.0003     0.0003     0.0003     0.0003     0.0003     0.0003     0.0003     0.0003     0.0003     0.0003     0.0003     0.0003 
Reduction                  0.0001     0.0001     0.0001     0.0001     0.0001     0.0000     0.0000     0.0000     0.0000     0.0000     0.0000     0.0000     0.0000     0.0000     0.0000     0.0000 
Remote access              0.0000     0.0002     0.0002     0.0002     0.0002     0.0002     0.0001     0.0001     0.0001     0.0001     0.0001     0.0001     0.0001     0.0001     0.0001     0.0001 
           Overlap                
Reduction                  0.0000     0.0000     0.0000     0.0000     0.0000     0.0000     0.0000     0.0000     0.0000     0.0000     0.0000     0.0000     0.0000     0.0000     0.0000     0.0000 
Remote access              0.0000     0.0000     0.0000     0.0000     0.0000     0.0000     0.0000     0.0000     0.0000     0.0000     0.0000     0.0000     0.0000     0.0000     0.0000     0.0000 


-------------------------------------------------------------------------
Name (number) and performance time of processors
omp.keldysh.ru(1) 0.934009
omp.keldysh.ru(2) 0.933947
omp.keldysh.ru(3) 0.957443
omp.keldysh.ru(4) 0.957176
omp.keldysh.ru(5) 0.959326
omp.keldysh.ru(6) 0.959289
omp.keldysh.ru(7) 0.956945
omp.keldysh.ru(8) 0.956935
omp.keldysh.ru(9) 0.933726
omp.keldysh.ru(10) 0.933713
omp.keldysh.ru(11) 0.955790
omp.keldysh.ru(12) 0.955781
omp.keldysh.ru(13) 0.957905
omp.keldysh.ru(14) 0.957919
omp.keldysh.ru(15) 0.957352
omp.keldysh.ru(16) 0.957343
min - omp.keldysh.ru(10) 0.933713; max - omp.keldysh.ru(5) 0.959326; mid - 0.951538
