Processor system=2*2*4
Statistics has been accumulated on DVM-system version 5.0, platform DVM
Analyzer is executing on DVM-system version 5.0, platform DVM
-------------------------------------------------------------------------
INTERVAL ( NLINE=9 SOURCE=jac3d.f ) LEVEL=0  EXE_COUNT=1
--- The main characteristics --- 
Parallelization efficiency      0.8529 
Execution time                  6.8355 
Processors                          16
Threads amount                      16
Total time                    109.3686
Productive time                93.2766 ( CPU= 92.7958 Sys= 0.4786 I/O= 0.0021 )
Lost  time                     16.0920 
   Insufficient parallelism     7.9399 ( User= 0.7287 Sys= 7.2112 )
   Communication                8.1076 ( Real_sync= 0.0049 Starts= 0.0000 )
   Idle time                    0.0446
Load imbalance                  6.4427
Synchronization                 8.2359
Time variation                 10.1972
Overlap                         0.0007
                  Nop   Communic  Real_sync    Synchro  Variation    Overlap 
I/O               107     0.0000     0.0000     7.4232     7.4021     0.0000 
Reduction         100     7.1595     0.0000     0.0037     0.0034     0.0002 
Shadow            100     0.8752     0.0000     0.8091     2.7917     0.0005 
--- The comparative characteristics --- 
                              Tmin N proc      Tmax N proc      Tmid
Lost time                   0.6025     1     2.0960    16     1.0058 
User insufficient par.      0.0293    15     0.0566     9     0.0455 
Sys.insufficient par.       0.2616    13     0.5994     3     0.4507 
Idle time                   0.0000     2     0.0060    14     0.0028 
Communication               0.0608    10     1.7827    16     0.5067 
Real synchronization        0.0000     3     0.0011    16     0.0003 
Synchronization             0.0146     3     1.6495    13     0.5147 
Variation                   0.0211     3     1.8851    13     0.6373 
Overlap                     0.0000     1     0.0003     3     0.0000 
Load imbalance              0.0000     9     1.4929    16     0.4027 
Execution time              6.8295    14     6.8355     2     6.8328 
User CPU time               4.7216    16     6.2027     9     5.7997 
Sys. CPU time               0.0174    13     0.0399     3     0.0299 
I/O time                    0.0000    15     0.0013     1     0.0001 
Processors                      16     1         16    16         16 
                      Communic        Real_sync          Synchro        Variation          Overlap  
I/O             Tmin    0.0000     1     0.0000     1     0.0112     3     0.0112     3     0.0000     1 
I/O             Tmax    0.0000    16     0.0000    16     1.5168    13     1.5165    13     0.0000    16 
I/O             Tmid    0.0000           0.0000           0.4639           0.4626           0.0000       
Reduction       Tmin    0.0037     6     0.0000     1     0.0000    15     0.0000    15     0.0000     1 
Reduction       Tmax    1.7024    16     0.0000    16     0.0003     3     0.0003     4     0.0001    15 
Reduction       Tmid    0.4475           0.0000           0.0002           0.0002           0.0000       
Shadow          Tmin    0.0405     5     0.0000     1     0.0031     3     0.0097     3     0.0000     1 
Shadow          Tmax    0.0720     7     0.0000    16     0.1347    16     0.3755    14     0.0003     3 
Shadow          Tmid    0.0547           0.0000           0.0506           0.1745           0.0000       
--- The execution characteristics --- 
                                1          2          3          4          5          6          7          8          9         10         11         12         13         14         15         16 
Lost time                  0.6025     0.6650     0.7074     0.6186     0.6213     0.6695     0.6896     0.6415     0.6031     0.6905     0.6931     0.6197     2.0750     2.0568     2.0425     2.0960 
User insufficient par.     0.0457     0.0470     0.0462     0.0521     0.0501     0.0436     0.0460     0.0538     0.0566     0.0439     0.0460     0.0510     0.0422     0.0367     0.0293     0.0386 
Sys.insufficient par.      0.4661     0.5431     0.5994     0.4450     0.4707     0.5598     0.5599     0.4598     0.4457     0.5820     0.5633     0.4453     0.2616     0.2638     0.2772     0.2686 
Idle time                  0.0000     0.0000     0.0000     0.0043     0.0012     0.0034     0.0011     0.0020     0.0001     0.0038     0.0015     0.0031     0.0060     0.0060     0.0060     0.0060 
Communication              0.0907     0.0749     0.0618     0.1172     0.0994     0.0626     0.0826     0.1260     0.1007     0.0608     0.0822     0.1204     1.7651     1.7503     1.7301     1.7827 
Real synchronization       0.0000     0.0000     0.0000     0.0001     0.0000     0.0000     0.0000     0.0001     0.0001     0.0000     0.0000     0.0000     0.0011     0.0011     0.0011     0.0011 
Synchronization            0.2081     0.0539     0.0146     0.2355     0.2107     0.0466     0.0558     0.2324     0.2449     0.0679     0.0970     0.2380     1.6495     1.6230     1.6090     1.6489 
Variation                  0.3369     0.0932     0.0211     0.3865     0.3452     0.0817     0.0807     0.3688     0.3970     0.0958     0.1315     0.3841     1.8851     1.8769     1.8404     1.8722 
Overlap                    0.0000     0.0000     0.0003     0.0000     0.0000     0.0000     0.0001     0.0000     0.0000     0.0001     0.0000     0.0000     0.0000     0.0000     0.0001     0.0001 
Load imbalance             0.0006     0.0618     0.1042     0.0154     0.0181     0.0663     0.0864     0.0383     0.0000     0.0873     0.0899     0.0166     1.4718     1.4536     1.4393     1.4929 
Execution time             6.8355     6.8355     6.8355     6.8313     6.8344     6.8321     6.8344     6.8336     6.8355     6.8317     6.8340     6.8325     6.8295     6.8295     6.8295     6.8295 
User CPU time              6.2019     6.1344     6.0882     6.1873     6.1829     6.1287     6.1086     6.1634     6.2027     6.1062     6.1049     6.1861     4.7431     4.7612     4.7745     4.7216 
Sys. CPU time              0.0298     0.0362     0.0399     0.0296     0.0313     0.0373     0.0373     0.0306     0.0296     0.0388     0.0375     0.0296     0.0174     0.0175     0.0184     0.0179 
I/O time                   0.0013     0.0000     0.0000     0.0001     0.0001     0.0000     0.0000     0.0001     0.0001     0.0000     0.0000     0.0001     0.0001     0.0000     0.0000     0.0001 
Processors                     16         16         16         16         16         16         16         16         16         16         16         16         16         16         16         16 
           Communication          
Reduction                  0.0448     0.0050     0.0042     0.0650     0.0584     0.0037     0.0103     0.0745     0.0580     0.0095     0.0218     0.0718     1.6877     1.6832     1.6593     1.7024 
Shadow                     0.0456     0.0698     0.0576     0.0514     0.0405     0.0588     0.0720     0.0507     0.0419     0.0511     0.0602     0.0478     0.0605     0.0501     0.0541     0.0633 
           Real synchronization   
           Synchronization        
I/O                        0.1709     0.0354     0.0112     0.2003     0.1764     0.0305     0.0424     0.1965     0.2016     0.0601     0.0845     0.1953     1.5168     1.5013     1.4860     1.5141 
Reduction                  0.0003     0.0003     0.0003     0.0003     0.0003     0.0003     0.0003     0.0003     0.0003     0.0003     0.0003     0.0003     0.0001     0.0001     0.0000     0.0000 
Shadow                     0.0369     0.0183     0.0031     0.0349     0.0340     0.0159     0.0132     0.0356     0.0430     0.0075     0.0122     0.0424     0.1327     0.1217     0.1230     0.1347 
           Variation              
I/O                        0.1512     0.0354     0.0112     0.2000     0.1763     0.0305     0.0424     0.1963     0.2012     0.0602     0.0845     0.1951     1.5165     1.5013     1.4861     1.5141 
Reduction                  0.0003     0.0003     0.0003     0.0003     0.0003     0.0003     0.0003     0.0003     0.0003     0.0003     0.0003     0.0003     0.0001     0.0001     0.0000     0.0000 
Shadow                     0.1854     0.0575     0.0097     0.1863     0.1687     0.0509     0.0380     0.1723     0.1956     0.0353     0.0467     0.1888     0.3686     0.3755     0.3543     0.3581 
           Overlap                
Reduction                  0.0000     0.0000     0.0000     0.0000     0.0000     0.0000     0.0000     0.0000     0.0000     0.0000     0.0000     0.0000     0.0000     0.0000     0.0001     0.0001 
Shadow                     0.0000     0.0000     0.0003     0.0000     0.0000     0.0000     0.0001     0.0000     0.0000     0.0001     0.0000     0.0000     0.0000     0.0000     0.0000     0.0000 


-------------------------------------------------------------------------
Name (number) and performance time of processors
omp.keldysh.ru(1) 0.935319
omp.keldysh.ru(2) 0.935242
omp.keldysh.ru(3) 0.956611
omp.keldysh.ru(4) 0.956627
omp.keldysh.ru(5) 0.955065
omp.keldysh.ru(6) 0.955060
omp.keldysh.ru(7) 0.957248
omp.keldysh.ru(8) 0.957261
omp.keldysh.ru(9) 0.956119
omp.keldysh.ru(10) 0.956390
omp.keldysh.ru(11) 0.956012
omp.keldysh.ru(12) 0.956025
omp.keldysh.ru(13) 0.957823
omp.keldysh.ru(14) 0.957826
omp.keldysh.ru(15) 0.956854
omp.keldysh.ru(16) 0.956868
min - omp.keldysh.ru(2) 0.935242; max - omp.keldysh.ru(14) 0.957826; mid - 0.953897
