Processor system=4*1*1*4
Statistics has been accumulated on DVM-system version 5.0, platform DVM
Analyzer is executing on DVM-system version 5.0, platform DVM
-------------------------------------------------------------------------
INTERVAL ( NLINE=8 SOURCE=sha41.f ) LEVEL=0  EXE_COUNT=1
--- The main characteristics --- 
Parallelization efficiency      0.0805 
Execution time                  0.0122 
Processors                          16
Threads amount                      16
Total time                      0.1950
Productive time                 0.0157 ( CPU= 0.0136 Sys= 0.0021 I/O= 0.0000 )
Lost  time                      0.1793 
   Insufficient parallelism     0.1222 ( User= 0.0908 Sys= 0.0315 )
   Communication                0.0354 ( Real_sync= 0.0000 Starts= 0.0000 )
   Idle time                    0.0217
Load imbalance                  0.0051
Synchronization                 0.0196
Time variation                  0.0170
Overlap                         0.0000
                  Nop   Communic    Synchro  Variation    Overlap 
I/O                 6     0.0000     0.0006     0.0030     0.0000 
Reduction           4     0.0160     0.0000     0.0000     0.0000 
Shadow              4     0.0194     0.0190     0.0140     0.0000 
--- The comparative characteristics --- 
                              Tmin N proc      Tmax N proc      Tmid
Lost time                   0.0109     6     0.0116    16     0.0112 
User insufficient par.      0.0043    15     0.0068     5     0.0057 
Sys.insufficient par.       0.0010    13     0.0028     6     0.0020 
Idle time                   0.0000    14     0.0024     4     0.0014 
Communication               0.0010     7     0.0041    13     0.0022 
Synchronization             0.0001    10     0.0030    13     0.0012 
Variation                   0.0002     7     0.0015    16     0.0011 
Overlap                     0.0000     1     0.0000     6     0.0000 
Load imbalance              0.0000     6     0.0007    16     0.0003 
Execution time              0.0098     4     0.0122    14     0.0108 
User CPU time               0.0005    16     0.0011     6     0.0009 
Sys. CPU time               0.0001    13     0.0002    11     0.0001 
I/O time                    0.0000     4     0.0000     1     0.0000 
Processors                      16     1         16    16         16 
                      Communic          Synchro        Variation          Overlap  
I/O             Tmin    0.0000     1     0.0000     4     0.0000     1     0.0000     1 
I/O             Tmax    0.0000    16     0.0001    13     0.0002    13     0.0000    16 
I/O             Tmid    0.0000           0.0000           0.0002           0.0000       
Reduction       Tmin    0.0001     7     0.0000     7     0.0000    11     0.0000     1 
Reduction       Tmax    0.0015    16     0.0000    16     0.0000    16     0.0000    12 
Reduction       Tmid    0.0010           0.0000           0.0000           0.0000       
Shadow          Tmin    0.0006    12     0.0000    10     0.0001     7     0.0000     1 
Shadow          Tmax    0.0027    13     0.0029    13     0.0013     1     0.0000     6 
Shadow          Tmid    0.0012           0.0012           0.0009           0.0000       
--- The execution characteristics --- 
                                1          2          3          4          5          6          7          8          9         10         11         12         13         14         15         16 
Lost time                  0.0114     0.0111     0.0111     0.0114     0.0111     0.0109     0.0110     0.0111     0.0111     0.0110     0.0110     0.0111     0.0115     0.0114     0.0115     0.0116 
User insufficient par.     0.0049     0.0066     0.0065     0.0049     0.0068     0.0068     0.0049     0.0055     0.0063     0.0049     0.0063     0.0058     0.0053     0.0065     0.0043     0.0044 
Sys.insufficient par.      0.0017     0.0020     0.0020     0.0015     0.0022     0.0028     0.0028     0.0022     0.0022     0.0028     0.0028     0.0022     0.0010     0.0012     0.0012     0.0010 
Idle time                  0.0023     0.0006     0.0006     0.0024     0.0003     0.0003     0.0023     0.0017     0.0008     0.0023     0.0008     0.0014     0.0011     0.0000     0.0023     0.0023 
Communication              0.0024     0.0020     0.0020     0.0026     0.0018     0.0010     0.0010     0.0017     0.0018     0.0010     0.0010     0.0018     0.0041     0.0036     0.0036     0.0038 
Synchronization            0.0013     0.0010     0.0011     0.0015     0.0009     0.0001     0.0001     0.0008     0.0008     0.0001     0.0002     0.0009     0.0030     0.0025     0.0025     0.0027 
Variation                  0.0013     0.0014     0.0014     0.0014     0.0012     0.0003     0.0002     0.0012     0.0012     0.0003     0.0003     0.0012     0.0014     0.0014     0.0014     0.0015 
Overlap                    0.0000     0.0000     0.0000     0.0000     0.0000     0.0000     0.0000     0.0000     0.0000     0.0000     0.0000     0.0000     0.0000     0.0000     0.0000     0.0000 
Load imbalance             0.0005     0.0002     0.0002     0.0005     0.0002     0.0000     0.0001     0.0003     0.0002     0.0001     0.0001     0.0002     0.0007     0.0005     0.0006     0.0007 
Execution time             0.0099     0.0116     0.0116     0.0098     0.0119     0.0119     0.0099     0.0105     0.0114     0.0099     0.0113     0.0108     0.0110     0.0122     0.0099     0.0098 
User CPU time              0.0007     0.0009     0.0009     0.0007     0.0010     0.0011     0.0010     0.0009     0.0009     0.0010     0.0010     0.0009     0.0006     0.0007     0.0006     0.0005 
Sys. CPU time              0.0001     0.0001     0.0001     0.0001     0.0001     0.0002     0.0002     0.0001     0.0001     0.0002     0.0002     0.0001     0.0001     0.0001     0.0001     0.0001 
I/O time                   0.0000     0.0000     0.0000     0.0000     0.0000     0.0000     0.0000     0.0000     0.0000     0.0000     0.0000     0.0000     0.0000     0.0000     0.0000     0.0000 
Processors                     16         16         16         16         16         16         16         16         16         16         16         16         16         16         16         16 
           Communication          
Reduction                  0.0014     0.0013     0.0013     0.0014     0.0012     0.0001     0.0001     0.0011     0.0011     0.0001     0.0001     0.0012     0.0014     0.0014     0.0013     0.0015 
Shadow                     0.0010     0.0007     0.0008     0.0012     0.0006     0.0009     0.0009     0.0006     0.0006     0.0009     0.0009     0.0006     0.0027     0.0023     0.0023     0.0024 
           Synchronization        
I/O                        0.0000     0.0000     0.0001     0.0000     0.0000     0.0001     0.0000     0.0000     0.0000     0.0000     0.0000     0.0000     0.0001     0.0000     0.0001     0.0000 
Reduction                  0.0000     0.0000     0.0000     0.0000     0.0000     0.0000     0.0000     0.0000     0.0000     0.0000     0.0000     0.0000     0.0000     0.0000     0.0000     0.0000 
Shadow                     0.0013     0.0010     0.0011     0.0015     0.0008     0.0001     0.0001     0.0008     0.0008     0.0000     0.0002     0.0008     0.0029     0.0025     0.0024     0.0026 
           Variation              
I/O                        0.0000     0.0002     0.0002     0.0002     0.0002     0.0002     0.0002     0.0002     0.0002     0.0002     0.0002     0.0002     0.0002     0.0002     0.0002     0.0002 
Reduction                  0.0000     0.0000     0.0000     0.0000     0.0000     0.0000     0.0000     0.0000     0.0000     0.0000     0.0000     0.0000     0.0000     0.0000     0.0000     0.0000 
Shadow                     0.0013     0.0012     0.0012     0.0012     0.0010     0.0001     0.0001     0.0010     0.0010     0.0001     0.0001     0.0010     0.0012     0.0012     0.0011     0.0012 
           Overlap                
Reduction                  0.0000     0.0000     0.0000     0.0000     0.0000     0.0000     0.0000     0.0000     0.0000     0.0000     0.0000     0.0000     0.0000     0.0000     0.0000     0.0000 
Shadow                     0.0000     0.0000     0.0000     0.0000     0.0000     0.0000     0.0000     0.0000     0.0000     0.0000     0.0000     0.0000     0.0000     0.0000     0.0000     0.0000 


-------------------------------------------------------------------------
Name (number) and performance time of processors
omp.keldysh.ru(1) 0.935336
omp.keldysh.ru(2) 0.935270
omp.keldysh.ru(3) 0.953712
omp.keldysh.ru(4) 0.954012
omp.keldysh.ru(5) 0.956697
omp.keldysh.ru(6) 0.956699
omp.keldysh.ru(7) 0.935334
omp.keldysh.ru(8) 0.935351
omp.keldysh.ru(9) 0.952096
omp.keldysh.ru(10) 0.952093
omp.keldysh.ru(11) 0.955827
omp.keldysh.ru(12) 0.955833
omp.keldysh.ru(13) 0.952214
omp.keldysh.ru(14) 0.952210
omp.keldysh.ru(15) 0.954668
omp.keldysh.ru(16) 0.954656
min - omp.keldysh.ru(2) 0.935270; max - omp.keldysh.ru(6) 0.956699; mid - 0.949501
