Processor system=1*1*4*4
Statistics has been accumulated on DVM-system version 5.0, platform DVM
Analyzer is executing on DVM-system version 5.0, platform DVM
-------------------------------------------------------------------------
INTERVAL ( NLINE=5 SOURCE=prf43.f ) LEVEL=0  EXE_COUNT=1
--- The main characteristics --- 
Parallelization efficiency      0.0507 
Execution time                  0.0448 
Processors                          16
Threads amount                      16
Total time                      0.7163
Productive time                 0.0363 ( CPU= 0.0064 Sys= 0.0299 I/O= 0.0000 )
Lost  time                      0.6800 
   Insufficient parallelism     0.5171 ( User= 0.0685 Sys= 0.4486 )
   Communication                0.1594 ( Real_sync= 0.0000 Starts= 0.0000 )
   Idle time                    0.0035
Load imbalance                  0.0041
Synchronization                 0.1738
Time variation                  0.1686
Overlap                         0.1793
                  Nop   Communic    Synchro  Variation    Overlap 
I/O                11     0.0000     0.0276     0.0302     0.0000 
Reduction          21     0.0478     0.0267     0.0267     0.0000 
Remote access     180     0.1116     0.1195     0.1117     0.1792 
--- The comparative characteristics --- 
                              Tmin N proc      Tmax N proc      Tmid
Lost time                   0.0422     7     0.0432    16     0.0425 
User insufficient par.      0.0029    16     0.0049     7     0.0043 
Sys.insufficient par.       0.0189    13     0.0312     1     0.0280 
Idle time                   0.0000     6     0.0017    16     0.0002 
Communication               0.0064     7     0.0202    13     0.0100 
Synchronization             0.0024     1     0.0259    16     0.0109 
Variation                   0.0019     1     0.0267    16     0.0105 
Overlap                     0.0072    16     0.0142     1     0.0112 
Load imbalance              0.0000     7     0.0010    16     0.0003 
Execution time              0.0431    16     0.0448     6     0.0445 
User CPU time               0.0003    16     0.0005     8     0.0004 
Sys. CPU time               0.0013    13     0.0021     2     0.0019 
I/O time                    0.0000    14     0.0000     1     0.0000 
Processors                      16     1         16    16         16 
                      Communic          Synchro        Variation          Overlap  
I/O             Tmin    0.0000     1     0.0003     1     0.0002     1     0.0000     1 
I/O             Tmax    0.0000    16     0.0051    15     0.0053    15     0.0000    16 
I/O             Tmid    0.0000           0.0017           0.0019           0.0000       
Reduction       Tmin    0.0006     2     0.0001    10     0.0001    10     0.0000     3 
Reduction       Tmax    0.0068    16     0.0033    15     0.0033    15     0.0000    10 
Reduction       Tmid    0.0030           0.0017           0.0017           0.0000       
Remote access   Tmin    0.0042     7     0.0020     1     0.0015     1     0.0072    16 
Remote access   Tmax    0.0135    13     0.0178    16     0.0183    16     0.0142     1 
Remote access   Tmid    0.0070           0.0075           0.0070           0.0112       
--- The execution characteristics --- 
                                1          2          3          4          5          6          7          8          9         10         11         12         13         14         15         16 
Lost time                  0.0423     0.0423     0.0424     0.0423     0.0423     0.0423     0.0422     0.0422     0.0423     0.0423     0.0423     0.0423     0.0432     0.0432     0.0431     0.0432 
User insufficient par.     0.0043     0.0043     0.0032     0.0048     0.0044     0.0044     0.0049     0.0049     0.0044     0.0043     0.0047     0.0047     0.0040     0.0040     0.0044     0.0029 
Sys.insufficient par.      0.0312     0.0312     0.0310     0.0310     0.0310     0.0310     0.0310     0.0310     0.0310     0.0310     0.0309     0.0310     0.0189     0.0191     0.0192     0.0190 
Idle time                  0.0000     0.0000     0.0017     0.0000     0.0000     0.0000     0.0000     0.0000     0.0000     0.0000     0.0000     0.0000     0.0000     0.0000     0.0000     0.0017 
Communication              0.0068     0.0068     0.0065     0.0064     0.0068     0.0068     0.0064     0.0064     0.0069     0.0070     0.0066     0.0066     0.0202     0.0201     0.0195     0.0197 
Synchronization            0.0024     0.0029     0.0076     0.0075     0.0058     0.0054     0.0093     0.0092     0.0058     0.0053     0.0095     0.0099     0.0211     0.0210     0.0252     0.0259 
Variation                  0.0019     0.0023     0.0073     0.0071     0.0051     0.0046     0.0086     0.0084     0.0048     0.0043     0.0087     0.0088     0.0220     0.0218     0.0262     0.0267 
Overlap                    0.0142     0.0141     0.0131     0.0131     0.0118     0.0119     0.0114     0.0114     0.0118     0.0119     0.0112     0.0111     0.0088     0.0086     0.0078     0.0072 
Load imbalance             0.0001     0.0000     0.0001     0.0000     0.0000     0.0000     0.0000     0.0000     0.0000     0.0000     0.0000     0.0000     0.0009     0.0009     0.0009     0.0010 
Execution time             0.0447     0.0448     0.0431     0.0447     0.0448     0.0448     0.0448     0.0448     0.0448     0.0448     0.0447     0.0447     0.0447     0.0447     0.0448     0.0431 
User CPU time              0.0004     0.0004     0.0003     0.0004     0.0004     0.0004     0.0005     0.0005     0.0004     0.0004     0.0004     0.0004     0.0003     0.0003     0.0004     0.0003 
Sys. CPU time              0.0021     0.0021     0.0021     0.0021     0.0021     0.0021     0.0021     0.0021     0.0021     0.0021     0.0021     0.0021     0.0013     0.0013     0.0013     0.0013 
I/O time                   0.0000     0.0000     0.0000     0.0000     0.0000     0.0000     0.0000     0.0000     0.0000     0.0000     0.0000     0.0000     0.0000     0.0000     0.0000     0.0000 
Processors                     16         16         16         16         16         16         16         16         16         16         16         16         16         16         16         16 
           Communication          
Reduction                  0.0007     0.0006     0.0006     0.0007     0.0026     0.0025     0.0021     0.0022     0.0026     0.0025     0.0022     0.0022     0.0068     0.0066     0.0061     0.0068 
Remote access              0.0061     0.0062     0.0058     0.0057     0.0042     0.0043     0.0042     0.0042     0.0043     0.0045     0.0044     0.0044     0.0135     0.0134     0.0134     0.0129 
           Synchronization        
I/O                        0.0003     0.0003     0.0012     0.0012     0.0005     0.0004     0.0011     0.0010     0.0004     0.0004     0.0011     0.0012     0.0042     0.0043     0.0051     0.0050 
Reduction                  0.0002     0.0001     0.0032     0.0031     0.0002     0.0001     0.0032     0.0031     0.0002     0.0001     0.0032     0.0031     0.0002     0.0001     0.0033     0.0031 
Remote access              0.0020     0.0024     0.0032     0.0032     0.0052     0.0049     0.0050     0.0050     0.0052     0.0048     0.0051     0.0056     0.0167     0.0166     0.0169     0.0178 
           Variation              
I/O                        0.0002     0.0005     0.0014     0.0013     0.0006     0.0005     0.0012     0.0012     0.0006     0.0005     0.0013     0.0013     0.0044     0.0045     0.0053     0.0052 
Reduction                  0.0002     0.0001     0.0032     0.0031     0.0002     0.0001     0.0032     0.0031     0.0002     0.0001     0.0032     0.0031     0.0002     0.0001     0.0033     0.0031 
Remote access              0.0015     0.0016     0.0027     0.0027     0.0043     0.0039     0.0041     0.0041     0.0041     0.0036     0.0041     0.0044     0.0174     0.0172     0.0177     0.0183 
           Overlap                
Reduction                  0.0000     0.0000     0.0000     0.0000     0.0000     0.0000     0.0000     0.0000     0.0000     0.0000     0.0000     0.0000     0.0000     0.0000     0.0000     0.0000 
Remote access              0.0142     0.0141     0.0131     0.0131     0.0118     0.0119     0.0114     0.0114     0.0118     0.0119     0.0112     0.0110     0.0088     0.0086     0.0078     0.0072 


-------------------------------------------------------------------------
Name (number) and performance time of processors
omp.keldysh.ru(1) 0.933951
omp.keldysh.ru(2) 0.933765
omp.keldysh.ru(3) 0.958800
omp.keldysh.ru(4) 0.958724
omp.keldysh.ru(5) 0.958105
omp.keldysh.ru(6) 0.958516
omp.keldysh.ru(7) 0.959912
omp.keldysh.ru(8) 0.959990
omp.keldysh.ru(9) 0.955259
omp.keldysh.ru(10) 0.955125
omp.keldysh.ru(11) 0.958257
omp.keldysh.ru(12) 0.958161
omp.keldysh.ru(13) 0.959588
omp.keldysh.ru(14) 0.959606
omp.keldysh.ru(15) 0.955986
omp.keldysh.ru(16) 0.956057
min - omp.keldysh.ru(2) 0.933765; max - omp.keldysh.ru(8) 0.959990; mid - 0.954988
