Processor system=3*1*1*6
Statistics has been accumulated on DVM-system version 5.0, platform DVM
Analyzer is executing on DVM-system version 5.0, platform DVM
-------------------------------------------------------------------------
INTERVAL ( NLINE=7 SOURCE=rem42.f ) LEVEL=0  EXE_COUNT=2
--- The main characteristics --- 
Parallelization efficiency      0.0496 
Execution time                  0.0394 
Processors                          18
Threads amount                      18
Total time                      0.7094
Productive time                 0.0352 ( CPU= 0.0140 Sys= 0.0212 I/O= 0.0000 )
Lost  time                      0.6742 
   Insufficient parallelism     0.5979 ( User= 0.2377 Sys= 0.3602 )
   Communication                0.0380 ( Real_sync= 0.0000 Starts= 0.0000 )
   Idle time                    0.0383
Load imbalance                  0.0035
Synchronization                25.1371
Time variation                 25.1399
Overlap                         0.0002
                  Nop   Communic    Synchro  Variation    Overlap 
I/O                17     0.0000     0.1062     0.1091     0.0000 
Reduction           8     0.0380     0.0064     0.0064     0.0000 
Remote access    4155     0.0000    25.0245    25.0243     0.0002 
--- The comparative characteristics --- 
                              Tmin N proc      Tmax N proc      Tmid
Lost time                   0.0373     9     0.0384    18     0.0375 
User insufficient par.      0.0057    18     0.0156    10     0.0132 
Sys.insufficient par.       0.0107    18     0.0216     1     0.0200 
Idle time                   0.0000    10     0.0070    17     0.0021 
Communication               0.0002     1     0.0150    18     0.0021 
Synchronization             0.0018     2    10.7272    18     1.3965 
Variation                   0.0019     2    10.7276    18     1.3967 
Overlap                     0.0000     3     0.0001     1     0.0000 
Load imbalance              0.0000     9     0.0012    18     0.0002 
Execution time              0.0324    17     0.0394    10     0.0373 
User CPU time               0.0003    18     0.0009    10     0.0008 
Sys. CPU time               0.0006    18     0.0013     2     0.0012 
I/O time                    0.0000     5     0.0000     1     0.0000 
Processors                      18     1         18    18         18 
                      Communic          Synchro        Variation          Overlap  
I/O             Tmin    0.0000     1     0.0001     1     0.0001     1     0.0000     1 
I/O             Tmax    0.0000    18     0.0436    18     0.0438    18     0.0000    18 
I/O             Tmid    0.0000           0.0059           0.0061           0.0000       
Reduction       Tmin    0.0002     1     0.0000    15     0.0000    15     0.0000     1 
Reduction       Tmax    0.0150    18     0.0019    17     0.0019    17     0.0000    12 
Reduction       Tmid    0.0021           0.0004           0.0004           0.0000       
Remote access   Tmin    0.0000     1     0.0013     2     0.0013     2     0.0000     3 
Remote access   Tmax    0.0000    18    10.6818    18    10.6820    18     0.0001     1 
Remote access   Tmid    0.0000           1.3902           1.3902           0.0000       
--- The execution characteristics --- 
                                1          2          3          4          5          6          7          8          9         10         11         12         13         14         15         16         17         18 
Lost time                  0.0373     0.0374     0.0373     0.0374     0.0374     0.0374     0.0374     0.0373     0.0373     0.0373     0.0374     0.0373     0.0373     0.0373     0.0374     0.0374     0.0384     0.0384 
User insufficient par.     0.0140     0.0135     0.0141     0.0134     0.0135     0.0135     0.0134     0.0147     0.0155     0.0156     0.0134     0.0152     0.0148     0.0148     0.0134     0.0135     0.0058     0.0057 
Sys.insufficient par.      0.0216     0.0214     0.0211     0.0211     0.0214     0.0213     0.0212     0.0209     0.0210     0.0209     0.0211     0.0211     0.0210     0.0210     0.0212     0.0211     0.0109     0.0107 
Idle time                  0.0016     0.0023     0.0015     0.0023     0.0022     0.0023     0.0022     0.0012     0.0000     0.0000     0.0022     0.0004     0.0008     0.0008     0.0022     0.0022     0.0070     0.0070 
Communication              0.0002     0.0002     0.0006     0.0006     0.0003     0.0002     0.0005     0.0005     0.0007     0.0007     0.0006     0.0006     0.0007     0.0007     0.0005     0.0005     0.0147     0.0150 
Synchronization            0.0045     0.0018     0.3893     0.3893     0.0606     0.0744     0.1651     0.1534     0.3719     0.3670     0.3538     0.3537     0.4321     0.4398     0.1763     0.1746    10.5024    10.7272 
Variation                  0.0044     0.0019     0.3894     0.3894     0.0607     0.0745     0.1652     0.1536     0.3721     0.3671     0.3539     0.3539     0.4323     0.4400     0.1764     0.1747    10.5027    10.7276 
Overlap                    0.0001     0.0001     0.0000     0.0000     0.0000     0.0000     0.0000     0.0000     0.0000     0.0000     0.0000     0.0000     0.0000     0.0000     0.0000     0.0000     0.0000     0.0000 
Load imbalance             0.0001     0.0001     0.0001     0.0001     0.0001     0.0001     0.0001     0.0001     0.0000     0.0000     0.0001     0.0000     0.0000     0.0000     0.0001     0.0001     0.0012     0.0012 
Execution time             0.0379     0.0371     0.0379     0.0371     0.0372     0.0371     0.0372     0.0382     0.0394     0.0394     0.0372     0.0390     0.0386     0.0386     0.0372     0.0372     0.0324     0.0324 
User CPU time              0.0008     0.0008     0.0008     0.0008     0.0008     0.0008     0.0008     0.0009     0.0009     0.0009     0.0008     0.0009     0.0009     0.0009     0.0008     0.0008     0.0003     0.0003 
Sys. CPU time              0.0013     0.0013     0.0012     0.0012     0.0013     0.0013     0.0012     0.0012     0.0012     0.0012     0.0012     0.0012     0.0012     0.0012     0.0012     0.0012     0.0006     0.0006 
I/O time                   0.0000     0.0000     0.0000     0.0000     0.0000     0.0000     0.0000     0.0000     0.0000     0.0000     0.0000     0.0000     0.0000     0.0000     0.0000     0.0000     0.0000     0.0000 
Processors                     18         18         18         18         18         18         18         18         18         18         18         18         18         18         18         18         18         18 
           Communication          
Reduction                  0.0002     0.0002     0.0006     0.0006     0.0003     0.0002     0.0005     0.0005     0.0007     0.0007     0.0006     0.0006     0.0007     0.0007     0.0005     0.0005     0.0147     0.0150 
           Synchronization        
I/O                        0.0001     0.0003     0.0019     0.0019     0.0005     0.0006     0.0010     0.0009     0.0019     0.0018     0.0017     0.0017     0.0020     0.0020     0.0008     0.0007     0.0428     0.0436 
Reduction                  0.0001     0.0002     0.0002     0.0002     0.0002     0.0002     0.0002     0.0002     0.0003     0.0002     0.0002     0.0002     0.0002     0.0002     0.0000     0.0000     0.0019     0.0018 
Remote access              0.0042     0.0013     0.3871     0.3871     0.0599     0.0736     0.1639     0.1523     0.3698     0.3649     0.3519     0.3519     0.4299     0.4376     0.1755     0.1738    10.4578    10.6818 
           Variation              
I/O                        0.0001     0.0004     0.0021     0.0021     0.0007     0.0007     0.0012     0.0011     0.0021     0.0020     0.0019     0.0019     0.0022     0.0022     0.0010     0.0009     0.0430     0.0438 
Reduction                  0.0001     0.0002     0.0002     0.0002     0.0002     0.0002     0.0002     0.0002     0.0003     0.0002     0.0002     0.0002     0.0002     0.0002     0.0000     0.0000     0.0019     0.0018 
Remote access              0.0042     0.0013     0.3871     0.3871     0.0598     0.0736     0.1639     0.1523     0.3697     0.3649     0.3519     0.3518     0.4299     0.4376     0.1754     0.1738    10.4579    10.6820 
           Overlap                
Reduction                  0.0000     0.0000     0.0000     0.0000     0.0000     0.0000     0.0000     0.0000     0.0000     0.0000     0.0000     0.0000     0.0000     0.0000     0.0000     0.0000     0.0000     0.0000 
Remote access              0.0001     0.0001     0.0000     0.0000     0.0000     0.0000     0.0000     0.0000     0.0000     0.0000     0.0000     0.0000     0.0000     0.0000     0.0000     0.0000     0.0000     0.0000 


-------------------------------------------------------------------------
Name (number) and performance time of processors
omp.keldysh.ru(1) 0.935607
omp.keldysh.ru(2) 0.935258
omp.keldysh.ru(3) 0.959308
omp.keldysh.ru(4) 0.959352
omp.keldysh.ru(5) 0.935384
omp.keldysh.ru(6) 0.935374
omp.keldysh.ru(7) 0.957487
omp.keldysh.ru(8) 0.957485
omp.keldysh.ru(9) 0.957808
omp.keldysh.ru(10) 0.958126
omp.keldysh.ru(11) 0.958345
omp.keldysh.ru(12) 0.958341
omp.keldysh.ru(13) 0.960422
omp.keldysh.ru(14) 0.960422
omp.keldysh.ru(15) 0.958007
omp.keldysh.ru(16) 0.957990
omp.keldysh.ru(17) 0.956785
omp.keldysh.ru(18) 0.956784
min - omp.keldysh.ru(2) 0.935258; max - omp.keldysh.ru(14) 0.960422; mid - 0.953238
