Processor system=6*3*1*1
Statistics has been accumulated on DVM-system version 5.0, platform DVM
Analyzer is executing on DVM-system version 5.0, platform DVM
-------------------------------------------------------------------------
INTERVAL ( NLINE=7 SOURCE=reda43.f ) LEVEL=0  EXE_COUNT=2
--- The main characteristics --- 
Parallelization efficiency      0.0425 
Execution time                  0.0097 
Processors                          18
Threads amount                      18
Total time                      0.1753
Productive time                 0.0075 ( CPU= 0.0070 Sys= 0.0005 I/O= 0.0000 )
Lost  time                      0.1679 
   Insufficient parallelism     0.1190 ( User= 0.1107 Sys= 0.0083 )
   Communication                0.0068 ( Real_sync= 0.0000 Starts= 0.0000 )
   Idle time                    0.0421
Load imbalance                  0.0025
Synchronization                 0.0070
Time variation                  0.0063
Overlap                         0.0001
                  Nop   Communic    Synchro  Variation    Overlap 
I/O                 6     0.0000     0.0016     0.0035     0.0000 
Reduction           5     0.0037     0.0007     0.0006     0.0001 
Remote access      22     0.0031     0.0047     0.0023     0.0000 
--- The comparative characteristics --- 
                              Tmin N proc      Tmax N proc      Tmid
Lost time                   0.0092     6     0.0094    18     0.0093 
User insufficient par.      0.0046    18     0.0084     6     0.0062 
Sys.insufficient par.       0.0004    17     0.0006     1     0.0005 
Idle time                   0.0000     6     0.0038     7     0.0023 
Communication               0.0003    15     0.0006    18     0.0004 
Synchronization             0.0002    15     0.0006    17     0.0004 
Variation                   0.0002     1     0.0005     2     0.0004 
Overlap                     0.0000    18     0.0000    15     0.0000 
Load imbalance              0.0000     6     0.0002     1     0.0001 
Execution time              0.0059     7     0.0097     6     0.0074 
User CPU time               0.0003     1     0.0005     6     0.0004 
Sys. CPU time               0.0000    17     0.0000    15     0.0000 
I/O time                    0.0000     3     0.0000     1     0.0000 
Processors                      18     1         18    18         18 
                      Communic          Synchro        Variation          Overlap  
I/O             Tmin    0.0000     1     0.0000    13     0.0001     1     0.0000     1 
I/O             Tmax    0.0000    18     0.0001     2     0.0003     2     0.0000    18 
I/O             Tmid    0.0000           0.0001           0.0002           0.0000       
Reduction       Tmin    0.0002    12     0.0000     8     0.0000    11     0.0000    18 
Reduction       Tmax    0.0002    18     0.0001     3     0.0001     1     0.0000    15 
Reduction       Tmid    0.0002           0.0000           0.0000           0.0000       
Remote access   Tmin    0.0001    15     0.0001     1     0.0001    15     0.0000     2 
Remote access   Tmax    0.0004    18     0.0004    17     0.0002     2     0.0000     1 
Remote access   Tmid    0.0002           0.0003           0.0001           0.0000       
--- The execution characteristics --- 
                                1          2          3          4          5          6          7          8          9         10         11         12         13         14         15         16         17         18 
Lost time                  0.0094     0.0093     0.0093     0.0094     0.0093     0.0092     0.0094     0.0093     0.0093     0.0094     0.0093     0.0092     0.0093     0.0093     0.0094     0.0094     0.0093     0.0094 
User insufficient par.     0.0047     0.0062     0.0062     0.0048     0.0058     0.0084     0.0048     0.0065     0.0069     0.0048     0.0069     0.0080     0.0073     0.0073     0.0048     0.0054     0.0075     0.0046 
Sys.insufficient par.      0.0006     0.0005     0.0004     0.0004     0.0005     0.0005     0.0004     0.0005     0.0005     0.0004     0.0005     0.0005     0.0005     0.0005     0.0005     0.0005     0.0004     0.0004 
Idle time                  0.0038     0.0023     0.0023     0.0038     0.0027     0.0000     0.0038     0.0019     0.0016     0.0038     0.0016     0.0004     0.0012     0.0012     0.0038     0.0031     0.0008     0.0038 
Communication              0.0003     0.0004     0.0003     0.0003     0.0003     0.0003     0.0004     0.0004     0.0003     0.0004     0.0003     0.0003     0.0004     0.0003     0.0003     0.0004     0.0006     0.0006 
Synchronization            0.0003     0.0005     0.0005     0.0004     0.0004     0.0004     0.0004     0.0004     0.0004     0.0004     0.0003     0.0003     0.0003     0.0003     0.0002     0.0003     0.0006     0.0006 
Variation                  0.0002     0.0005     0.0005     0.0005     0.0004     0.0004     0.0004     0.0004     0.0004     0.0004     0.0003     0.0003     0.0003     0.0003     0.0003     0.0003     0.0003     0.0003 
Overlap                    0.0000     0.0000     0.0000     0.0000     0.0000     0.0000     0.0000     0.0000     0.0000     0.0000     0.0000     0.0000     0.0000     0.0000     0.0000     0.0000     0.0000     0.0000 
Load imbalance             0.0002     0.0001     0.0001     0.0002     0.0002     0.0000     0.0002     0.0001     0.0001     0.0002     0.0001     0.0000     0.0001     0.0001     0.0002     0.0002     0.0001     0.0002 
Execution time             0.0059     0.0074     0.0074     0.0059     0.0070     0.0097     0.0059     0.0078     0.0082     0.0059     0.0082     0.0094     0.0086     0.0086     0.0059     0.0066     0.0090     0.0059 
User CPU time              0.0003     0.0004     0.0004     0.0003     0.0004     0.0005     0.0003     0.0004     0.0004     0.0003     0.0004     0.0005     0.0005     0.0005     0.0003     0.0003     0.0005     0.0003 
Sys. CPU time              0.0000     0.0000     0.0000     0.0000     0.0000     0.0000     0.0000     0.0000     0.0000     0.0000     0.0000     0.0000     0.0000     0.0000     0.0000     0.0000     0.0000     0.0000 
I/O time                   0.0000     0.0000     0.0000     0.0000     0.0000     0.0000     0.0000     0.0000     0.0000     0.0000     0.0000     0.0000     0.0000     0.0000     0.0000     0.0000     0.0000     0.0000 
Processors                     18         18         18         18         18         18         18         18         18         18         18         18         18         18         18         18         18         18 
           Communication          
Reduction                  0.0002     0.0002     0.0002     0.0002     0.0002     0.0002     0.0002     0.0002     0.0002     0.0002     0.0002     0.0002     0.0002     0.0002     0.0002     0.0002     0.0002     0.0002 
Remote access              0.0001     0.0002     0.0001     0.0001     0.0001     0.0001     0.0002     0.0002     0.0001     0.0002     0.0001     0.0002     0.0002     0.0001     0.0001     0.0001     0.0004     0.0004 
           Synchronization        
I/O                        0.0001     0.0001     0.0001     0.0001     0.0001     0.0001     0.0001     0.0001     0.0001     0.0001     0.0000     0.0001     0.0000     0.0001     0.0001     0.0001     0.0001     0.0001 
Reduction                  0.0001     0.0001     0.0001     0.0001     0.0000     0.0000     0.0000     0.0000     0.0001     0.0000     0.0001     0.0000     0.0000     0.0000     0.0000     0.0000     0.0001     0.0000 
Remote access              0.0001     0.0003     0.0003     0.0003     0.0002     0.0003     0.0003     0.0003     0.0003     0.0003     0.0002     0.0002     0.0002     0.0002     0.0001     0.0002     0.0004     0.0004 
           Variation              
I/O                        0.0001     0.0003     0.0002     0.0002     0.0002     0.0002     0.0002     0.0002     0.0002     0.0002     0.0002     0.0002     0.0002     0.0002     0.0002     0.0002     0.0002     0.0002 
Reduction                  0.0001     0.0001     0.0000     0.0000     0.0000     0.0000     0.0000     0.0000     0.0000     0.0000     0.0000     0.0000     0.0000     0.0000     0.0000     0.0000     0.0000     0.0000 
Remote access              0.0001     0.0002     0.0002     0.0002     0.0001     0.0002     0.0002     0.0002     0.0001     0.0001     0.0001     0.0001     0.0001     0.0001     0.0001     0.0001     0.0001     0.0001 
           Overlap                
Reduction                  0.0000     0.0000     0.0000     0.0000     0.0000     0.0000     0.0000     0.0000     0.0000     0.0000     0.0000     0.0000     0.0000     0.0000     0.0000     0.0000     0.0000     0.0000 
Remote access              0.0000     0.0000     0.0000     0.0000     0.0000     0.0000     0.0000     0.0000     0.0000     0.0000     0.0000     0.0000     0.0000     0.0000     0.0000     0.0000     0.0000     0.0000 


-------------------------------------------------------------------------
Name (number) and performance time of processors
omp.keldysh.ru(1) 0.935756
omp.keldysh.ru(2) 0.935699
omp.keldysh.ru(3) 0.956432
omp.keldysh.ru(4) 0.956467
omp.keldysh.ru(5) 0.956768
omp.keldysh.ru(6) 0.956754
omp.keldysh.ru(7) 0.935385
omp.keldysh.ru(8) 0.935369
omp.keldysh.ru(9) 0.953504
omp.keldysh.ru(10) 0.953501
omp.keldysh.ru(11) 0.953172
omp.keldysh.ru(12) 0.953170
omp.keldysh.ru(13) 0.955356
omp.keldysh.ru(14) 0.955377
omp.keldysh.ru(15) 0.956973
omp.keldysh.ru(16) 0.956965
omp.keldysh.ru(17) 0.954494
omp.keldysh.ru(18) 0.954206
min - omp.keldysh.ru(8) 0.935369; max - omp.keldysh.ru(15) 0.956973; mid - 0.950853
