Processor system=2*2*4
Statistics has been accumulated on DVM-system version 5.0, platform DVM
Analyzer is executing on DVM-system version 5.0, platform DVM
-------------------------------------------------------------------------
INTERVAL ( NLINE=7 SOURCE=rem31.f ) LEVEL=0  EXE_COUNT=1
--- The main characteristics --- 
Parallelization efficiency      0.0431 
Execution time                  0.0567 
Processors                          16
Threads amount                      16
Total time                      0.9068
Productive time                 0.0391 ( CPU= 0.0114 Sys= 0.0277 I/O= 0.0000 )
Lost  time                      0.8677 
   Insufficient parallelism     0.5137 ( User= 0.0984 Sys= 0.4153 )
   Communication                0.3519 ( Real_sync= 0.0000 Starts= 0.0000 )
   Idle time                    0.0021
Load imbalance                  0.0072
Synchronization                 0.2984
Time variation                  0.1590
Overlap                         0.0002
                  Nop   Communic    Synchro  Variation    Overlap 
I/O                15     0.0000     0.0021     0.0049     0.0000 
Reduction           6     0.0021     0.0000     0.0001     0.0000 
Remote access    1863     0.3498     0.2963     0.1540     0.0002 
--- The comparative characteristics --- 
                              Tmin N proc      Tmax N proc      Tmid
Lost time                   0.0538     8     0.0550    14     0.0542 
User insufficient par.      0.0049     2     0.0072     8     0.0061 
Sys.insufficient par.       0.0163    13     0.0315     8     0.0260 
Idle time                   0.0000    16     0.0016     2     0.0001 
Communication               0.0150     8     0.0333    13     0.0220 
Synchronization             0.0086    12     0.0323    13     0.0187 
Variation                   0.0039    12     0.0139    13     0.0099 
Overlap                     0.0000    14     0.0000    12     0.0000 
Load imbalance              0.0000     8     0.0012    14     0.0005 
Execution time              0.0550     2     0.0567    16     0.0565 
User CPU time               0.0006    15     0.0008     8     0.0007 
Sys. CPU time               0.0011    13     0.0021     8     0.0017 
I/O time                    0.0000     9     0.0000     1     0.0000 
Processors                      16     1         16    16         16 
                      Communic          Synchro        Variation          Overlap  
I/O             Tmin    0.0000     1     0.0001     1     0.0000     1     0.0000     1 
I/O             Tmax    0.0000    16     0.0002    14     0.0004    14     0.0000    16 
I/O             Tmid    0.0000           0.0001           0.0003           0.0000       
Reduction       Tmin    0.0001     1     0.0000     7     0.0000     7     0.0000     3 
Reduction       Tmax    0.0003    14     0.0000    14     0.0000     2     0.0000    12 
Reduction       Tmid    0.0001           0.0000           0.0000           0.0000       
Remote access   Tmin    0.0150     8     0.0085    12     0.0036    12     0.0000    13 
Remote access   Tmax    0.0330    13     0.0321    13     0.0135    13     0.0000    12 
Remote access   Tmid    0.0219           0.0185           0.0096           0.0000       
--- The execution characteristics --- 
                                1          2          3          4          5          6          7          8          9         10         11         12         13         14         15         16 
Lost time                  0.0540     0.0542     0.0540     0.0539     0.0539     0.0539     0.0539     0.0538     0.0541     0.0541     0.0541     0.0540     0.0550     0.0550     0.0550     0.0549 
User insufficient par.     0.0063     0.0049     0.0064     0.0067     0.0067     0.0068     0.0069     0.0072     0.0061     0.0061     0.0062     0.0065     0.0054     0.0053     0.0052     0.0056 
Sys.insufficient par.      0.0286     0.0280     0.0283     0.0298     0.0299     0.0298     0.0297     0.0315     0.0277     0.0276     0.0277     0.0295     0.0163     0.0165     0.0167     0.0176 
Idle time                  0.0001     0.0016     0.0000     0.0000     0.0001     0.0001     0.0000     0.0000     0.0001     0.0000     0.0000     0.0000     0.0000     0.0000     0.0000     0.0000 
Communication              0.0190     0.0196     0.0193     0.0174     0.0172     0.0173     0.0173     0.0150     0.0202     0.0203     0.0201     0.0179     0.0333     0.0332     0.0331     0.0318 
Synchronization            0.0192     0.0193     0.0186     0.0142     0.0131     0.0125     0.0127     0.0090     0.0169     0.0170     0.0141     0.0086     0.0323     0.0318     0.0307     0.0285 
Variation                  0.0117     0.0119     0.0112     0.0102     0.0090     0.0083     0.0088     0.0084     0.0085     0.0084     0.0060     0.0039     0.0139     0.0133     0.0128     0.0126 
Overlap                    0.0000     0.0000     0.0000     0.0000     0.0000     0.0000     0.0000     0.0000     0.0000     0.0000     0.0000     0.0000     0.0000     0.0000     0.0000     0.0000 
Load imbalance             0.0003     0.0004     0.0003     0.0001     0.0001     0.0001     0.0001     0.0000     0.0003     0.0003     0.0003     0.0002     0.0012     0.0012     0.0012     0.0011 
Execution time             0.0566     0.0550     0.0566     0.0567     0.0566     0.0566     0.0567     0.0566     0.0566     0.0566     0.0567     0.0566     0.0567     0.0567     0.0567     0.0567 
User CPU time              0.0007     0.0006     0.0007     0.0008     0.0008     0.0008     0.0008     0.0008     0.0007     0.0007     0.0007     0.0007     0.0006     0.0006     0.0006     0.0006 
Sys. CPU time              0.0019     0.0019     0.0019     0.0020     0.0020     0.0020     0.0020     0.0021     0.0018     0.0018     0.0018     0.0020     0.0011     0.0011     0.0011     0.0012 
I/O time                   0.0000     0.0000     0.0000     0.0000     0.0000     0.0000     0.0000     0.0000     0.0000     0.0000     0.0000     0.0000     0.0000     0.0000     0.0000     0.0000 
Processors                     16         16         16         16         16         16         16         16         16         16         16         16         16         16         16         16 
           Communication          
Reduction                  0.0001     0.0001     0.0001     0.0001     0.0001     0.0001     0.0001     0.0001     0.0001     0.0001     0.0001     0.0001     0.0003     0.0003     0.0003     0.0003 
Remote access              0.0189     0.0195     0.0192     0.0173     0.0171     0.0173     0.0172     0.0150     0.0201     0.0202     0.0200     0.0178     0.0330     0.0329     0.0328     0.0315 
           Synchronization        
I/O                        0.0001     0.0001     0.0001     0.0001     0.0001     0.0001     0.0001     0.0001     0.0001     0.0001     0.0001     0.0001     0.0002     0.0002     0.0002     0.0002 
Reduction                  0.0000     0.0000     0.0000     0.0000     0.0000     0.0000     0.0000     0.0000     0.0000     0.0000     0.0000     0.0000     0.0000     0.0000     0.0000     0.0000 
Remote access              0.0192     0.0192     0.0185     0.0140     0.0129     0.0123     0.0126     0.0089     0.0168     0.0169     0.0140     0.0085     0.0321     0.0316     0.0305     0.0283 
           Variation              
I/O                        0.0000     0.0003     0.0003     0.0003     0.0003     0.0003     0.0003     0.0003     0.0003     0.0003     0.0003     0.0003     0.0004     0.0004     0.0004     0.0004 
Reduction                  0.0000     0.0000     0.0000     0.0000     0.0000     0.0000     0.0000     0.0000     0.0000     0.0000     0.0000     0.0000     0.0000     0.0000     0.0000     0.0000 
Remote access              0.0117     0.0115     0.0109     0.0099     0.0087     0.0080     0.0085     0.0081     0.0082     0.0081     0.0057     0.0036     0.0135     0.0130     0.0124     0.0122 
           Overlap                
Reduction                  0.0000     0.0000     0.0000     0.0000     0.0000     0.0000     0.0000     0.0000     0.0000     0.0000     0.0000     0.0000     0.0000     0.0000     0.0000     0.0000 
Remote access              0.0000     0.0000     0.0000     0.0000     0.0000     0.0000     0.0000     0.0000     0.0000     0.0000     0.0000     0.0000     0.0000     0.0000     0.0000     0.0000 


-------------------------------------------------------------------------
Name (number) and performance time of processors
omp.keldysh.ru(1) 0.935338
omp.keldysh.ru(2) 0.935298
omp.keldysh.ru(3) 0.957738
omp.keldysh.ru(4) 0.958041
omp.keldysh.ru(5) 0.958295
omp.keldysh.ru(6) 0.958287
omp.keldysh.ru(7) 0.960826
omp.keldysh.ru(8) 0.960832
omp.keldysh.ru(9) 0.959236
omp.keldysh.ru(10) 0.959350
omp.keldysh.ru(11) 0.957303
omp.keldysh.ru(12) 0.957314
omp.keldysh.ru(13) 0.957993
omp.keldysh.ru(14) 0.957999
omp.keldysh.ru(15) 0.959690
omp.keldysh.ru(16) 0.959693
min - omp.keldysh.ru(2) 0.935298; max - omp.keldysh.ru(8) 0.960832; mid - 0.955827
