Processor system=6*3*1
Statistics has been accumulated on DVM-system version 5.0, platform DVM
Analyzer is executing on DVM-system version 5.0, platform DVM
-------------------------------------------------------------------------
INTERVAL ( NLINE=7 SOURCE=reda32.f ) LEVEL=0  EXE_COUNT=2
--- The main characteristics --- 
Parallelization efficiency      0.0388 
Execution time                  0.0093 
Processors                          18
Threads amount                      18
Total time                      0.1676
Productive time                 0.0065 ( CPU= 0.0061 Sys= 0.0004 I/O= 0.0000 )
Lost  time                      0.1611 
   Insufficient parallelism     0.1083 ( User= 0.1008 Sys= 0.0075 )
   Communication                0.0064 ( Real_sync= 0.0000 Starts= 0.0000 )
   Idle time                    0.0465
Load imbalance                  0.0026
Synchronization                 0.0060
Time variation                  0.0056
Overlap                         0.0001
                  Nop   Communic    Synchro  Variation    Overlap 
I/O                 6     0.0000     0.0010     0.0033     0.0000 
Reduction           5     0.0033     0.0008     0.0006     0.0001 
Remote access      22     0.0031     0.0042     0.0017     0.0000 
--- The comparative characteristics --- 
                              Tmin N proc      Tmax N proc      Tmid
Lost time                   0.0088     5     0.0091     7     0.0090 
User insufficient par.      0.0030     7     0.0081     5     0.0056 
Sys.insufficient par.       0.0004    18     0.0005     1     0.0004 
Idle time                   0.0000     5     0.0054     7     0.0026 
Communication               0.0003     1     0.0004    18     0.0004 
Synchronization             0.0001     1     0.0004     3     0.0003 
Variation                   0.0002     1     0.0004     3     0.0003 
Overlap                     0.0000    18     0.0000     2     0.0000 
Load imbalance              0.0000     5     0.0003     7     0.0001 
Execution time              0.0039     7     0.0093     5     0.0067 
User CPU time               0.0002     7     0.0005     5     0.0003 
Sys. CPU time               0.0000    18     0.0000     4     0.0000 
I/O time                    0.0000     4     0.0000     1     0.0000 
Processors                      18     1         18    18         18 
                      Communic          Synchro        Variation          Overlap  
I/O             Tmin    0.0000     1     0.0000    14     0.0001     1     0.0000     1 
I/O             Tmax    0.0000    18     0.0001     2     0.0002     2     0.0000    18 
I/O             Tmid    0.0000           0.0001           0.0002           0.0000       
Reduction       Tmin    0.0001     1     0.0000     1     0.0000    11     0.0000    18 
Reduction       Tmax    0.0002    18     0.0001     3     0.0001     1     0.0000     2 
Reduction       Tmid    0.0002           0.0000           0.0000           0.0000       
Remote access   Tmin    0.0001     1     0.0001     1     0.0000    17     0.0000     2 
Remote access   Tmax    0.0002    17     0.0003     4     0.0002     3     0.0000     1 
Remote access   Tmid    0.0002           0.0002           0.0001           0.0000       
--- The execution characteristics --- 
                                1          2          3          4          5          6          7          8          9         10         11         12         13         14         15         16         17         18 
Lost time                  0.0089     0.0091     0.0089     0.0090     0.0088     0.0090     0.0091     0.0088     0.0091     0.0089     0.0089     0.0090     0.0090     0.0089     0.0089     0.0089     0.0089     0.0090 
User insufficient par.     0.0058     0.0030     0.0059     0.0051     0.0081     0.0055     0.0030     0.0077     0.0036     0.0062     0.0062     0.0040     0.0044     0.0069     0.0070     0.0066     0.0073     0.0047 
Sys.insufficient par.      0.0005     0.0004     0.0004     0.0004     0.0004     0.0004     0.0004     0.0004     0.0004     0.0004     0.0004     0.0004     0.0004     0.0004     0.0004     0.0004     0.0004     0.0004 
Idle time                  0.0023     0.0054     0.0023     0.0031     0.0000     0.0027     0.0054     0.0004     0.0047     0.0019     0.0019     0.0043     0.0039     0.0012     0.0011     0.0016     0.0008     0.0035 
Communication              0.0003     0.0003     0.0003     0.0003     0.0003     0.0003     0.0003     0.0003     0.0003     0.0004     0.0004     0.0004     0.0004     0.0004     0.0003     0.0004     0.0004     0.0004 
Synchronization            0.0001     0.0004     0.0004     0.0004     0.0004     0.0003     0.0003     0.0003     0.0003     0.0003     0.0003     0.0003     0.0003     0.0003     0.0003     0.0003     0.0003     0.0004 
Variation                  0.0002     0.0004     0.0004     0.0004     0.0004     0.0004     0.0003     0.0003     0.0003     0.0003     0.0003     0.0003     0.0003     0.0003     0.0003     0.0002     0.0002     0.0002 
Overlap                    0.0000     0.0000     0.0000     0.0000     0.0000     0.0000     0.0000     0.0000     0.0000     0.0000     0.0000     0.0000     0.0000     0.0000     0.0000     0.0000     0.0000     0.0000 
Load imbalance             0.0001     0.0003     0.0001     0.0002     0.0000     0.0002     0.0003     0.0000     0.0003     0.0001     0.0001     0.0002     0.0002     0.0001     0.0001     0.0001     0.0001     0.0002 
Execution time             0.0070     0.0039     0.0070     0.0062     0.0093     0.0066     0.0039     0.0089     0.0046     0.0074     0.0074     0.0050     0.0054     0.0081     0.0082     0.0078     0.0086     0.0058 
User CPU time              0.0003     0.0002     0.0004     0.0003     0.0005     0.0003     0.0002     0.0005     0.0002     0.0004     0.0004     0.0002     0.0003     0.0004     0.0004     0.0004     0.0004     0.0003 
Sys. CPU time              0.0000     0.0000     0.0000     0.0000     0.0000     0.0000     0.0000     0.0000     0.0000     0.0000     0.0000     0.0000     0.0000     0.0000     0.0000     0.0000     0.0000     0.0000 
I/O time                   0.0000     0.0000     0.0000     0.0000     0.0000     0.0000     0.0000     0.0000     0.0000     0.0000     0.0000     0.0000     0.0000     0.0000     0.0000     0.0000     0.0000     0.0000 
Processors                     18         18         18         18         18         18         18         18         18         18         18         18         18         18         18         18         18         18 
           Communication          
Reduction                  0.0001     0.0002     0.0002     0.0002     0.0002     0.0002     0.0002     0.0002     0.0002     0.0002     0.0002     0.0002     0.0002     0.0002     0.0002     0.0002     0.0002     0.0002 
Remote access              0.0001     0.0001     0.0001     0.0001     0.0002     0.0002     0.0002     0.0002     0.0002     0.0002     0.0002     0.0002     0.0002     0.0002     0.0002     0.0002     0.0002     0.0002 
           Synchronization        
I/O                        0.0001     0.0001     0.0001     0.0001     0.0001     0.0001     0.0001     0.0000     0.0000     0.0000     0.0000     0.0000     0.0001     0.0000     0.0001     0.0000     0.0000     0.0000 
Reduction                  0.0000     0.0001     0.0001     0.0001     0.0000     0.0000     0.0000     0.0001     0.0000     0.0000     0.0001     0.0000     0.0000     0.0000     0.0000     0.0000     0.0000     0.0001 
Remote access              0.0001     0.0003     0.0003     0.0003     0.0003     0.0003     0.0002     0.0002     0.0002     0.0003     0.0002     0.0002     0.0002     0.0002     0.0002     0.0002     0.0003     0.0003 
           Variation              
I/O                        0.0001     0.0002     0.0002     0.0002     0.0002     0.0002     0.0002     0.0002     0.0002     0.0002     0.0002     0.0002     0.0002     0.0002     0.0002     0.0002     0.0002     0.0002 
Reduction                  0.0001     0.0001     0.0001     0.0000     0.0000     0.0000     0.0000     0.0000     0.0000     0.0000     0.0000     0.0000     0.0000     0.0000     0.0000     0.0000     0.0000     0.0000 
Remote access              0.0000     0.0001     0.0002     0.0002     0.0001     0.0001     0.0001     0.0001     0.0001     0.0001     0.0001     0.0001     0.0001     0.0001     0.0001     0.0001     0.0000     0.0001 
           Overlap                
Reduction                  0.0000     0.0000     0.0000     0.0000     0.0000     0.0000     0.0000     0.0000     0.0000     0.0000     0.0000     0.0000     0.0000     0.0000     0.0000     0.0000     0.0000     0.0000 
Remote access              0.0000     0.0000     0.0000     0.0000     0.0000     0.0000     0.0000     0.0000     0.0000     0.0000     0.0000     0.0000     0.0000     0.0000     0.0000     0.0000     0.0000     0.0000 


-------------------------------------------------------------------------
Name (number) and performance time of processors
omp.keldysh.ru(1) 0.935505
omp.keldysh.ru(2) 0.935422
omp.keldysh.ru(3) 0.958130
omp.keldysh.ru(4) 0.958177
omp.keldysh.ru(5) 0.955489
omp.keldysh.ru(6) 0.955464
omp.keldysh.ru(7) 0.959174
omp.keldysh.ru(8) 0.959157
omp.keldysh.ru(9) 0.955633
omp.keldysh.ru(10) 0.955646
omp.keldysh.ru(11) 0.957252
omp.keldysh.ru(12) 0.957246
omp.keldysh.ru(13) 0.957191
omp.keldysh.ru(14) 0.957186
omp.keldysh.ru(15) 0.955475
omp.keldysh.ru(16) 0.955455
omp.keldysh.ru(17) 0.956781
omp.keldysh.ru(18) 0.957101
min - omp.keldysh.ru(2) 0.935422; max - omp.keldysh.ru(7) 0.959174; mid - 0.954527
