Processor system=2*4*1*2
Statistics has been accumulated on DVM-system version 5.0, platform DVM
Analyzer is executing on DVM-system version 5.0, platform DVM
-------------------------------------------------------------------------
INTERVAL ( NLINE=5 SOURCE=prf41.f ) LEVEL=0  EXE_COUNT=1
--- The main characteristics --- 
Parallelization efficiency      0.0500 
Execution time                  0.0387 
Processors                          16
Threads amount                      16
Total time                      0.6192
Productive time                 0.0310 ( CPU= 0.0081 Sys= 0.0229 I/O= 0.0000 )
Lost  time                      0.5883 
   Insufficient parallelism     0.4360 ( User= 0.0920 Sys= 0.3440 )
   Communication                0.1245 ( Real_sync= 0.0000 Starts= 0.0000 )
   Idle time                    0.0277
Load imbalance                  0.0055
Synchronization                 0.1386
Time variation                  0.1110
Overlap                         0.0787
                  Nop   Communic    Synchro  Variation    Overlap 
I/O                11     0.0000     0.0179     0.0203     0.0000 
Reduction          21     0.0353     0.0004     0.0004     0.0000 
Remote access     180     0.0892     0.1203     0.0903     0.0787 
--- The comparative characteristics --- 
                              Tmin N proc      Tmax N proc      Tmid
Lost time                   0.0364     8     0.0373    15     0.0368 
User insufficient par.      0.0048    16     0.0074     1     0.0058 
Sys.insufficient par.       0.0139    13     0.0252     8     0.0215 
Idle time                   0.0000     1     0.0027     3     0.0017 
Communication               0.0037     8     0.0161    13     0.0078 
Synchronization             0.0014     8     0.0189    13     0.0087 
Variation                   0.0018     8     0.0165    13     0.0069 
Overlap                     0.0027    13     0.0073     8     0.0049 
Load imbalance              0.0000     8     0.0009    15     0.0003 
Execution time              0.0360     3     0.0387     1     0.0370 
User CPU time               0.0004    15     0.0006     1     0.0005 
Sys. CPU time               0.0009    13     0.0017     8     0.0014 
I/O time                    0.0000    11     0.0000     1     0.0000 
Processors                      16     1         16    16         16 
                      Communic          Synchro        Variation          Overlap  
I/O             Tmin    0.0000     1     0.0002     8     0.0004     8     0.0000     1 
I/O             Tmax    0.0000    16     0.0027    14     0.0029    14     0.0000    16 
I/O             Tmid    0.0000           0.0011           0.0013           0.0000       
Reduction       Tmin    0.0006     8     0.0000     8     0.0000     8     0.0000     1 
Reduction       Tmax    0.0056    13     0.0000     1     0.0000    13     0.0000    12 
Reduction       Tmid    0.0022           0.0000           0.0000           0.0000       
Remote access   Tmin    0.0031     8     0.0011     8     0.0014     8     0.0027    13 
Remote access   Tmax    0.0105    13     0.0162    13     0.0136    13     0.0073     8 
Remote access   Tmid    0.0056           0.0075           0.0056           0.0049       
--- The execution characteristics --- 
                                1          2          3          4          5          6          7          8          9         10         11         12         13         14         15         16 
Lost time                  0.0365     0.0366     0.0367     0.0366     0.0366     0.0366     0.0366     0.0364     0.0366     0.0366     0.0367     0.0367     0.0373     0.0372     0.0373     0.0373 
User insufficient par.     0.0074     0.0055     0.0049     0.0050     0.0060     0.0060     0.0050     0.0071     0.0063     0.0063     0.0050     0.0049     0.0065     0.0065     0.0048     0.0048 
Sys.insufficient par.      0.0238     0.0240     0.0236     0.0239     0.0236     0.0240     0.0248     0.0252     0.0231     0.0236     0.0232     0.0237     0.0139     0.0141     0.0146     0.0149 
Idle time                  0.0000     0.0019     0.0027     0.0026     0.0016     0.0016     0.0026     0.0004     0.0012     0.0012     0.0026     0.0026     0.0008     0.0008     0.0026     0.0026 
Communication              0.0053     0.0052     0.0055     0.0051     0.0055     0.0051     0.0041     0.0037     0.0060     0.0055     0.0058     0.0054     0.0161     0.0158     0.0153     0.0150 
Synchronization            0.0064     0.0055     0.0073     0.0049     0.0069     0.0047     0.0029     0.0014     0.0084     0.0058     0.0082     0.0060     0.0189     0.0180     0.0173     0.0161 
Variation                  0.0043     0.0040     0.0050     0.0036     0.0047     0.0033     0.0025     0.0018     0.0052     0.0036     0.0048     0.0036     0.0165     0.0163     0.0161     0.0156 
Overlap                    0.0053     0.0058     0.0049     0.0060     0.0051     0.0060     0.0068     0.0073     0.0043     0.0053     0.0044     0.0052     0.0027     0.0030     0.0032     0.0035 
Load imbalance             0.0001     0.0002     0.0002     0.0002     0.0002     0.0001     0.0002     0.0000     0.0002     0.0002     0.0003     0.0002     0.0008     0.0008     0.0009     0.0009 
Execution time             0.0387     0.0368     0.0360     0.0361     0.0371     0.0371     0.0361     0.0383     0.0375     0.0375     0.0361     0.0361     0.0379     0.0379     0.0361     0.0361 
User CPU time              0.0006     0.0005     0.0005     0.0005     0.0005     0.0005     0.0005     0.0006     0.0005     0.0005     0.0005     0.0005     0.0005     0.0005     0.0004     0.0004 
Sys. CPU time              0.0016     0.0016     0.0016     0.0016     0.0016     0.0016     0.0017     0.0017     0.0015     0.0016     0.0015     0.0016     0.0009     0.0009     0.0010     0.0010 
I/O time                   0.0000     0.0000     0.0000     0.0000     0.0000     0.0000     0.0000     0.0000     0.0000     0.0000     0.0000     0.0000     0.0000     0.0000     0.0000     0.0000 
Processors                     16         16         16         16         16         16         16         16         16         16         16         16         16         16         16         16 
           Communication          
Reduction                  0.0014     0.0012     0.0012     0.0011     0.0013     0.0011     0.0007     0.0006     0.0013     0.0012     0.0012     0.0011     0.0056     0.0055     0.0055     0.0054 
Remote access              0.0040     0.0040     0.0042     0.0040     0.0043     0.0040     0.0034     0.0031     0.0047     0.0043     0.0047     0.0043     0.0105     0.0102     0.0099     0.0096 
           Synchronization        
I/O                        0.0007     0.0005     0.0008     0.0005     0.0007     0.0005     0.0003     0.0002     0.0009     0.0005     0.0008     0.0006     0.0027     0.0027     0.0027     0.0026 
Reduction                  0.0000     0.0000     0.0000     0.0000     0.0000     0.0000     0.0000     0.0000     0.0000     0.0000     0.0000     0.0000     0.0000     0.0000     0.0000     0.0000 
Remote access              0.0057     0.0049     0.0064     0.0044     0.0061     0.0043     0.0026     0.0011     0.0075     0.0053     0.0073     0.0054     0.0162     0.0153     0.0146     0.0134 
           Variation              
I/O                        0.0006     0.0007     0.0010     0.0006     0.0009     0.0006     0.0005     0.0004     0.0010     0.0006     0.0010     0.0008     0.0029     0.0029     0.0029     0.0028 
Reduction                  0.0000     0.0000     0.0000     0.0000     0.0000     0.0000     0.0000     0.0000     0.0000     0.0000     0.0000     0.0000     0.0000     0.0000     0.0000     0.0000 
Remote access              0.0036     0.0033     0.0040     0.0029     0.0038     0.0027     0.0020     0.0014     0.0041     0.0030     0.0038     0.0029     0.0136     0.0134     0.0132     0.0128 
           Overlap                
Reduction                  0.0000     0.0000     0.0000     0.0000     0.0000     0.0000     0.0000     0.0000     0.0000     0.0000     0.0000     0.0000     0.0000     0.0000     0.0000     0.0000 
Remote access              0.0053     0.0058     0.0049     0.0060     0.0051     0.0060     0.0068     0.0073     0.0043     0.0053     0.0044     0.0052     0.0027     0.0030     0.0031     0.0035 


-------------------------------------------------------------------------
Name (number) and performance time of processors
omp.keldysh.ru(1) 0.935399
omp.keldysh.ru(2) 0.935330
omp.keldysh.ru(3) 0.958857
omp.keldysh.ru(4) 0.958887
omp.keldysh.ru(5) 0.958146
omp.keldysh.ru(6) 0.958126
omp.keldysh.ru(7) 0.957138
omp.keldysh.ru(8) 0.957133
omp.keldysh.ru(9) 0.960135
omp.keldysh.ru(10) 0.960133
omp.keldysh.ru(11) 0.958729
omp.keldysh.ru(12) 0.959084
omp.keldysh.ru(13) 0.958935
omp.keldysh.ru(14) 0.958927
omp.keldysh.ru(15) 0.959465
omp.keldysh.ru(16) 0.959466
min - omp.keldysh.ru(2) 0.935330; max - omp.keldysh.ru(9) 0.960135; mid - 0.955868
