Processor system=3*3*2*1
Statistics has been accumulated on DVM-system version 5.0, platform DVM
Analyzer is executing on DVM-system version 5.0, platform DVM
-------------------------------------------------------------------------
INTERVAL ( NLINE=7 SOURCE=acr41.f ) LEVEL=0  EXE_COUNT=2
--- The main characteristics --- 
Parallelization efficiency      0.0948 
Execution time                  0.0168 
Processors                          18
Threads amount                      18
Total time                      0.3028
Productive time                 0.0287 ( CPU= 0.0260 Sys= 0.0027 I/O= 0.0000 )
Lost  time                      0.2741 
   Insufficient parallelism     0.2280 ( User= 0.1817 Sys= 0.0463 )
   Communication                0.0437 ( Real_sync= 0.0000 Starts= 0.0000 )
   Idle time                    0.0024
Load imbalance                  0.0026
Synchronization                 0.0570
Time variation                  0.0773
Overlap                         0.0046
                  Nop   Communic    Synchro  Variation    Overlap 
I/O                10     0.0000     0.0005     0.0043     0.0000 
Reduction           9     0.0044     0.0003     0.0003     0.0000 
Shadow             24     0.0376     0.0561     0.0726     0.0045 
--- The comparative characteristics --- 
                              Tmin N proc      Tmax N proc      Tmid
Lost time                   0.0151     9     0.0156    17     0.0152 
User insufficient par.      0.0080    18     0.0106     5     0.0101 
Sys.insufficient par.       0.0011    18     0.0043     1     0.0026 
Idle time                   0.0000     3     0.0017     8     0.0001 
Communication               0.0006     1     0.0065    18     0.0024 
Synchronization             0.0014    16     0.0074    17     0.0032 
Variation                   0.0020    12     0.0070     1     0.0043 
Overlap                     0.0000    18     0.0004     3     0.0003 
Load imbalance              0.0000     9     0.0005    17     0.0001 
Execution time              0.0152     8     0.0168     3     0.0167 
User CPU time               0.0011    17     0.0016    10     0.0014 
Sys. CPU time               0.0001    18     0.0002     1     0.0001 
I/O time                    0.0000     6     0.0000     1     0.0000 
Processors                      18     1         18    18         18 
                      Communic          Synchro        Variation          Overlap  
I/O             Tmin    0.0000     1     0.0000     1     0.0000     1     0.0000     1 
I/O             Tmax    0.0000    18     0.0001    18     0.0003    17     0.0000    18 
I/O             Tmid    0.0000           0.0000           0.0002           0.0000       
Reduction       Tmin    0.0001     9     0.0000     6     0.0000     6     0.0000     1 
Reduction       Tmax    0.0007    18     0.0000     2     0.0000     2     0.0000    16 
Reduction       Tmid    0.0002           0.0000           0.0000           0.0000       
Shadow          Tmin    0.0003     1     0.0014    16     0.0017    12     0.0000    17 
Shadow          Tmax    0.0058    18     0.0073    17     0.0069     1     0.0004     3 
Shadow          Tmid    0.0021           0.0031           0.0040           0.0003       
--- The execution characteristics --- 
                                1          2          3          4          5          6          7          8          9         10         11         12         13         14         15         16         17         18 
Lost time                  0.0152     0.0152     0.0151     0.0152     0.0152     0.0152     0.0152     0.0153     0.0151     0.0152     0.0152     0.0152     0.0152     0.0152     0.0151     0.0152     0.0156     0.0156 
User insufficient par.     0.0103     0.0104     0.0105     0.0104     0.0106     0.0106     0.0104     0.0089     0.0104     0.0104     0.0104     0.0103     0.0104     0.0104     0.0106     0.0106     0.0080     0.0080 
Sys.insufficient par.      0.0043     0.0037     0.0033     0.0029     0.0028     0.0023     0.0036     0.0031     0.0029     0.0013     0.0022     0.0016     0.0031     0.0026     0.0023     0.0017     0.0017     0.0011 
Idle time                  0.0001     0.0000     0.0000     0.0001     0.0001     0.0001     0.0001     0.0017     0.0000     0.0000     0.0001     0.0001     0.0000     0.0000     0.0000     0.0000     0.0001     0.0000 
Communication              0.0006     0.0011     0.0013     0.0018     0.0018     0.0023     0.0011     0.0016     0.0018     0.0034     0.0026     0.0032     0.0016     0.0021     0.0022     0.0028     0.0059     0.0065 
Synchronization            0.0044     0.0040     0.0031     0.0026     0.0026     0.0020     0.0035     0.0029     0.0025     0.0019     0.0023     0.0017     0.0032     0.0027     0.0021     0.0014     0.0074     0.0068 
Variation                  0.0070     0.0064     0.0053     0.0043     0.0042     0.0031     0.0058     0.0048     0.0041     0.0029     0.0031     0.0020     0.0051     0.0041     0.0033     0.0021     0.0054     0.0043 
Overlap                    0.0003     0.0002     0.0004     0.0003     0.0003     0.0003     0.0003     0.0003     0.0003     0.0003     0.0002     0.0002     0.0003     0.0002     0.0003     0.0003     0.0000     0.0000 
Load imbalance             0.0001     0.0001     0.0001     0.0001     0.0001     0.0001     0.0001     0.0002     0.0000     0.0001     0.0001     0.0001     0.0001     0.0001     0.0000     0.0001     0.0005     0.0005 
Execution time             0.0168     0.0168     0.0168     0.0168     0.0168     0.0168     0.0168     0.0152     0.0168     0.0168     0.0168     0.0168     0.0168     0.0168     0.0168     0.0168     0.0168     0.0168 
User CPU time              0.0014     0.0014     0.0015     0.0015     0.0014     0.0015     0.0015     0.0014     0.0016     0.0016     0.0015     0.0015     0.0015     0.0015     0.0016     0.0016     0.0011     0.0012 
Sys. CPU time              0.0002     0.0002     0.0002     0.0002     0.0002     0.0001     0.0002     0.0002     0.0002     0.0001     0.0001     0.0001     0.0002     0.0002     0.0001     0.0001     0.0001     0.0001 
I/O time                   0.0000     0.0000     0.0000     0.0000     0.0000     0.0000     0.0000     0.0000     0.0000     0.0000     0.0000     0.0000     0.0000     0.0000     0.0000     0.0000     0.0000     0.0000 
Processors                     18         18         18         18         18         18         18         18         18         18         18         18         18         18         18         18         18         18 
           Communication          
Reduction                  0.0002     0.0002     0.0002     0.0002     0.0002     0.0002     0.0002     0.0002     0.0001     0.0002     0.0002     0.0002     0.0002     0.0002     0.0001     0.0002     0.0007     0.0007 
Shadow                     0.0003     0.0008     0.0011     0.0016     0.0016     0.0021     0.0009     0.0014     0.0016     0.0022     0.0023     0.0029     0.0014     0.0018     0.0020     0.0026     0.0052     0.0058 
           Synchronization        
I/O                        0.0000     0.0000     0.0000     0.0000     0.0000     0.0000     0.0000     0.0000     0.0000     0.0000     0.0000     0.0000     0.0000     0.0000     0.0000     0.0000     0.0001     0.0001 
Reduction                  0.0000     0.0000     0.0000     0.0000     0.0000     0.0000     0.0000     0.0000     0.0000     0.0000     0.0000     0.0000     0.0000     0.0000     0.0000     0.0000     0.0000     0.0000 
Shadow                     0.0043     0.0039     0.0031     0.0026     0.0025     0.0019     0.0034     0.0029     0.0024     0.0018     0.0022     0.0016     0.0032     0.0027     0.0020     0.0014     0.0073     0.0067 
           Variation              
I/O                        0.0000     0.0002     0.0003     0.0003     0.0003     0.0002     0.0003     0.0003     0.0003     0.0002     0.0003     0.0002     0.0002     0.0003     0.0003     0.0003     0.0003     0.0003 
Reduction                  0.0000     0.0000     0.0000     0.0000     0.0000     0.0000     0.0000     0.0000     0.0000     0.0000     0.0000     0.0000     0.0000     0.0000     0.0000     0.0000     0.0000     0.0000 
Shadow                     0.0069     0.0061     0.0050     0.0040     0.0039     0.0029     0.0056     0.0045     0.0039     0.0027     0.0029     0.0017     0.0048     0.0038     0.0030     0.0018     0.0051     0.0040 
           Overlap                
Reduction                  0.0000     0.0000     0.0000     0.0000     0.0000     0.0000     0.0000     0.0000     0.0000     0.0000     0.0000     0.0000     0.0000     0.0000     0.0000     0.0000     0.0000     0.0000 
Shadow                     0.0003     0.0002     0.0004     0.0003     0.0003     0.0003     0.0003     0.0003     0.0003     0.0003     0.0002     0.0002     0.0003     0.0002     0.0003     0.0002     0.0000     0.0000 


-------------------------------------------------------------------------
Name (number) and performance time of processors
omp.keldysh.ru(1) 0.933798
omp.keldysh.ru(2) 0.933631
omp.keldysh.ru(3) 0.952705
omp.keldysh.ru(4) 0.953023
omp.keldysh.ru(5) 0.947831
omp.keldysh.ru(6) 0.947803
omp.keldysh.ru(7) 0.954223
omp.keldysh.ru(8) 0.954228
omp.keldysh.ru(9) 0.951499
omp.keldysh.ru(10) 0.951514
omp.keldysh.ru(11) 0.954607
omp.keldysh.ru(12) 0.954583
omp.keldysh.ru(13) 0.951087
omp.keldysh.ru(14) 0.951095
omp.keldysh.ru(15) 0.950410
omp.keldysh.ru(16) 0.950438
omp.keldysh.ru(17) 0.951956
omp.keldysh.ru(18) 0.951944
min - omp.keldysh.ru(2) 0.933631; max - omp.keldysh.ru(11) 0.954607; mid - 0.949799
