Processor system=2*3*3
Statistics has been accumulated on DVM-system version 5.0, platform DVM
Analyzer is executing on DVM-system version 5.0, platform DVM
-------------------------------------------------------------------------
INTERVAL ( NLINE=7 SOURCE=sc32.f ) LEVEL=0  EXE_COUNT=2
--- The main characteristics --- 
Parallelization efficiency      0.1089 
Execution time                  0.0823 
Processors                          18
Threads amount                      18
Total time                      1.4823
Productive time                 0.1614 ( CPU= 0.1604 Sys= 0.0010 I/O= 0.0000 )
Lost  time                      1.3208 
   Insufficient parallelism     1.1815 ( User= 1.1647 Sys= 0.0168 )
   Communication                0.1023 ( Real_sync= 0.0000 Starts= 0.0000 )
   Idle time                    0.0370
Load imbalance                  0.0271
Synchronization                 0.0149
Time variation                  0.0178
Overlap                         0.0000
                  Nop   Communic    Synchro  Variation    Overlap 
I/O                12     0.0000     0.0112     0.0141     0.0000 
Reduction          10     0.1023     0.0037     0.0037     0.0000 
--- The comparative characteristics --- 
                              Tmin N proc      Tmax N proc      Tmid
Lost time                   0.0719     5     0.0761    18     0.0734 
User insufficient par.      0.0499    18     0.0695    13     0.0647 
Sys.insufficient par.       0.0007    18     0.0017     5     0.0009 
Idle time                   0.0000    16     0.0030     7     0.0021 
Communication               0.0006     6     0.0227    17     0.0057 
Synchronization             0.0001    14     0.0015    16     0.0008 
Variation                   0.0003    14     0.0017    16     0.0010 
Overlap                     0.0000     2     0.0000    16     0.0000 
Load imbalance              0.0000     5     0.0042    18     0.0015 
Execution time              0.0793     7     0.0823    16     0.0803 
User CPU time               0.0062    18     0.0104     5     0.0089 
Sys. CPU time               0.0000    18     0.0001     5     0.0001 
I/O time                    0.0000    14     0.0000     1     0.0000 
Processors                      18     1         18    18         18 
                      Communic          Synchro        Variation          Overlap  
I/O             Tmin    0.0000     1     0.0001    14     0.0003    14     0.0000     1 
I/O             Tmax    0.0000    18     0.0012    16     0.0014    16     0.0000    18 
I/O             Tmid    0.0000           0.0006           0.0008           0.0000       
Reduction       Tmin    0.0006     6     0.0001    17     0.0001    17     0.0000     2 
Reduction       Tmax    0.0227    17     0.0003    10     0.0003    10     0.0000    16 
Reduction       Tmid    0.0057           0.0002           0.0002           0.0000       
--- The execution characteristics --- 
                                1          2          3          4          5          6          7          8          9         10         11         12         13         14         15         16         17         18 
Lost time                  0.0734     0.0734     0.0739     0.0729     0.0719     0.0720     0.0736     0.0734     0.0734     0.0736     0.0735     0.0735     0.0719     0.0720     0.0727     0.0736     0.0760     0.0761 
User insufficient par.     0.0675     0.0674     0.0638     0.0657     0.0677     0.0672     0.0650     0.0674     0.0666     0.0649     0.0650     0.0652     0.0695     0.0666     0.0679     0.0671     0.0502     0.0499 
Sys.insufficient par.      0.0010     0.0007     0.0008     0.0010     0.0017     0.0013     0.0008     0.0008     0.0007     0.0007     0.0008     0.0008     0.0010     0.0016     0.0011     0.0007     0.0007     0.0007 
Idle time                  0.0016     0.0016     0.0029     0.0029     0.0020     0.0030     0.0030     0.0004     0.0012     0.0030     0.0029     0.0029     0.0008     0.0029     0.0008     0.0000     0.0023     0.0030 
Communication              0.0034     0.0036     0.0064     0.0033     0.0006     0.0006     0.0047     0.0049     0.0049     0.0050     0.0049     0.0046     0.0006     0.0009     0.0029     0.0057     0.0227     0.0226 
Synchronization            0.0014     0.0004     0.0009     0.0010     0.0002     0.0006     0.0015     0.0004     0.0009     0.0015     0.0004     0.0009     0.0009     0.0001     0.0007     0.0015     0.0005     0.0011 
Variation                  0.0014     0.0005     0.0010     0.0011     0.0003     0.0008     0.0017     0.0005     0.0010     0.0017     0.0006     0.0011     0.0011     0.0003     0.0008     0.0017     0.0007     0.0013 
Overlap                    0.0000     0.0000     0.0000     0.0000     0.0000     0.0000     0.0000     0.0000     0.0000     0.0000     0.0000     0.0000     0.0000     0.0000     0.0000     0.0000     0.0000     0.0000 
Load imbalance             0.0015     0.0015     0.0020     0.0010     0.0000     0.0001     0.0017     0.0015     0.0016     0.0017     0.0017     0.0016     0.0001     0.0002     0.0008     0.0017     0.0042     0.0042 
Execution time             0.0808     0.0808     0.0794     0.0795     0.0804     0.0794     0.0793     0.0820     0.0812     0.0794     0.0794     0.0795     0.0816     0.0795     0.0816     0.0823     0.0800     0.0793 
User CPU time              0.0089     0.0089     0.0084     0.0094     0.0104     0.0103     0.0087     0.0089     0.0089     0.0087     0.0088     0.0088     0.0104     0.0102     0.0096     0.0087     0.0063     0.0062 
Sys. CPU time              0.0000     0.0000     0.0000     0.0001     0.0001     0.0001     0.0000     0.0000     0.0000     0.0000     0.0000     0.0000     0.0001     0.0001     0.0001     0.0000     0.0000     0.0000 
I/O time                   0.0000     0.0000     0.0000     0.0000     0.0000     0.0000     0.0000     0.0000     0.0000     0.0000     0.0000     0.0000     0.0000     0.0000     0.0000     0.0000     0.0000     0.0000 
Processors                     18         18         18         18         18         18         18         18         18         18         18         18         18         18         18         18         18         18 
           Communication          
Reduction                  0.0034     0.0036     0.0064     0.0033     0.0006     0.0006     0.0047     0.0049     0.0049     0.0050     0.0049     0.0046     0.0006     0.0009     0.0029     0.0057     0.0227     0.0226 
           Synchronization        
I/O                        0.0011     0.0003     0.0006     0.0006     0.0001     0.0004     0.0012     0.0003     0.0006     0.0012     0.0003     0.0007     0.0006     0.0001     0.0004     0.0012     0.0005     0.0009 
Reduction                  0.0003     0.0001     0.0002     0.0003     0.0001     0.0002     0.0003     0.0001     0.0002     0.0003     0.0001     0.0002     0.0003     0.0001     0.0002     0.0003     0.0001     0.0002 
           Variation              
I/O                        0.0010     0.0005     0.0008     0.0008     0.0003     0.0006     0.0014     0.0005     0.0008     0.0014     0.0005     0.0008     0.0008     0.0003     0.0006     0.0014     0.0006     0.0011 
Reduction                  0.0003     0.0001     0.0002     0.0003     0.0001     0.0002     0.0003     0.0001     0.0002     0.0003     0.0001     0.0002     0.0003     0.0001     0.0002     0.0003     0.0001     0.0002 
           Overlap                
Reduction                  0.0000     0.0000     0.0000     0.0000     0.0000     0.0000     0.0000     0.0000     0.0000     0.0000     0.0000     0.0000     0.0000     0.0000     0.0000     0.0000     0.0000     0.0000 


-------------------------------------------------------------------------
Name (number) and performance time of processors
omp.keldysh.ru(1) 0.935408
omp.keldysh.ru(2) 0.935322
omp.keldysh.ru(3) 0.955087
omp.keldysh.ru(4) 0.955085
omp.keldysh.ru(5) 0.950360
omp.keldysh.ru(6) 0.950282
omp.keldysh.ru(7) 0.935373
omp.keldysh.ru(8) 0.935380
omp.keldysh.ru(9) 0.954550
omp.keldysh.ru(10) 0.954550
omp.keldysh.ru(11) 0.952098
omp.keldysh.ru(12) 0.952092
omp.keldysh.ru(13) 0.952234
omp.keldysh.ru(14) 0.952224
omp.keldysh.ru(15) 0.954209
omp.keldysh.ru(16) 0.954556
omp.keldysh.ru(17) 0.951440
omp.keldysh.ru(18) 0.951469
min - omp.keldysh.ru(2) 0.935322; max - omp.keldysh.ru(3) 0.955087; mid - 0.948984
