Processor system=3*1*2*3
Statistics has been accumulated on DVM-system version 5.0, platform DVM
Analyzer is executing on DVM-system version 5.0, platform DVM
-------------------------------------------------------------------------
INTERVAL ( NLINE=7 SOURCE=sc41.f ) LEVEL=0  EXE_COUNT=2
--- The main characteristics --- 
Parallelization efficiency      0.2334 
Execution time                  2.2767 
Processors                          18
Threads amount                      18
Total time                     40.9802
Productive time                 9.5659 ( CPU= 9.5591 Sys= 0.0068 I/O= 0.0000 )
Lost  time                     31.4143 
   Insufficient parallelism    28.1910 ( User= 28.0749 Sys= 0.1161 )
   Communication                3.1676 ( Real_sync= 0.0000 Starts= 0.0000 )
   Idle time                    0.0557
Load imbalance                  1.9494
Synchronization                 0.0245
Time variation                  0.0279
Overlap                         0.0000
                  Nop   Communic    Synchro  Variation    Overlap 
I/O                12     0.0000     0.0238     0.0272     0.0000 
Reduction          10     3.1676     0.0006     0.0006     0.0000 
--- The comparative characteristics --- 
                              Tmin N proc      Tmax N proc      Tmid
Lost time                   1.6369     8     1.9354    18     1.7452 
User insufficient par.      0.9924    18     1.6390    15     1.5597 
Sys.insufficient par.       0.0041    18     0.0087     8     0.0065 
Idle time                   0.0000     2     0.0085    18     0.0031 
Communication               0.0003     8     0.9304    18     0.1760 
Synchronization             0.0001     8     0.0052    18     0.0014 
Variation                   0.0003     8     0.0054    18     0.0015 
Overlap                     0.0000     1     0.0000    17     0.0000 
Load imbalance              0.0000     8     0.2984    18     0.1083 
Execution time              2.2682    18     2.2767     2     2.2736 
User CPU time               0.3411    18     0.6392     8     0.5311 
Sys. CPU time               0.0002    18     0.0005     8     0.0004 
I/O time                    0.0000     2     0.0000     1     0.0000 
Processors                      18     1         18    18         18 
                      Communic          Synchro        Variation          Overlap  
I/O             Tmin    0.0000     1     0.0001     8     0.0003     8     0.0000     1 
I/O             Tmax    0.0000    18     0.0052    18     0.0054    18     0.0000    18 
I/O             Tmid    0.0000           0.0013           0.0015           0.0000       
Reduction       Tmin    0.0003     8     0.0000    18     0.0000    18     0.0000     1 
Reduction       Tmax    0.9304    18     0.0000     8     0.0000     8     0.0000    17 
Reduction       Tmid    0.1760           0.0000           0.0000           0.0000       
--- The execution characteristics --- 
                                1          2          3          4          5          6          7          8          9         10         11         12         13         14         15         16         17         18 
Lost time                  1.7834     1.7169     1.7913     1.7890     1.7230     1.7843     1.6878     1.6369     1.6979     1.6922     1.6408     1.6846     1.7838     1.7194     1.7939     1.7940     1.7598     1.9354 
User insufficient par.     1.6343     1.6267     1.6320     1.6204     1.6297     1.6289     1.6344     1.6267     1.6351     1.6299     1.6295     1.6312     1.6282     1.6263     1.6390     1.6300     1.0003     0.9924 
Sys.insufficient par.      0.0059     0.0070     0.0055     0.0058     0.0070     0.0057     0.0068     0.0087     0.0068     0.0068     0.0086     0.0068     0.0055     0.0071     0.0058     0.0056     0.0066     0.0041 
Idle time                  0.0000     0.0000     0.0019     0.0071     0.0038     0.0038     0.0008     0.0012     0.0004     0.0004     0.0023     0.0016     0.0067     0.0027     0.0038     0.0075     0.0031     0.0085 
Communication              0.1432     0.0832     0.1519     0.1557     0.0825     0.1459     0.0458     0.0003     0.0557     0.0552     0.0003     0.0450     0.1433     0.0833     0.1453     0.1509     0.7497     0.9304 
Synchronization            0.0017     0.0005     0.0017     0.0022     0.0005     0.0017     0.0006     0.0001     0.0005     0.0008     0.0002     0.0006     0.0021     0.0004     0.0017     0.0023     0.0015     0.0052 
Variation                  0.0016     0.0007     0.0019     0.0024     0.0007     0.0019     0.0008     0.0003     0.0007     0.0010     0.0004     0.0008     0.0023     0.0006     0.0019     0.0025     0.0017     0.0054 
Overlap                    0.0000     0.0000     0.0000     0.0000     0.0000     0.0000     0.0000     0.0000     0.0000     0.0000     0.0000     0.0000     0.0000     0.0000     0.0000     0.0000     0.0000     0.0000 
Load imbalance             0.1464     0.0799     0.1544     0.1520     0.0861     0.1474     0.0509     0.0000     0.0610     0.0553     0.0038     0.0477     0.1468     0.0825     0.1570     0.1570     0.1228     0.2984 
Execution time             2.2767     2.2767     2.2747     2.2696     2.2729     2.2729     2.2759     2.2755     2.2763     2.2763     2.2743     2.2751     2.2700     2.2740     2.2729     2.2692     2.2736     2.2682 
User CPU time              0.4930     0.5594     0.4850     0.4874     0.5532     0.4920     0.5884     0.6392     0.5784     0.5841     0.6354     0.5917     0.4926     0.5569     0.4824     0.4824     0.5165     0.3411 
Sys. CPU time              0.0003     0.0004     0.0003     0.0003     0.0004     0.0003     0.0004     0.0005     0.0004     0.0004     0.0005     0.0004     0.0003     0.0004     0.0003     0.0003     0.0004     0.0002 
I/O time                   0.0000     0.0000     0.0000     0.0000     0.0000     0.0000     0.0000     0.0000     0.0000     0.0000     0.0000     0.0000     0.0000     0.0000     0.0000     0.0000     0.0000     0.0000 
Processors                     18         18         18         18         18         18         18         18         18         18         18         18         18         18         18         18         18         18 
           Communication          
Reduction                  0.1432     0.0832     0.1519     0.1557     0.0825     0.1459     0.0458     0.0003     0.0557     0.0552     0.0003     0.0450     0.1433     0.0833     0.1453     0.1509     0.7497     0.9304 
           Synchronization        
I/O                        0.0016     0.0005     0.0017     0.0021     0.0005     0.0016     0.0005     0.0001     0.0005     0.0007     0.0002     0.0006     0.0021     0.0004     0.0017     0.0023     0.0015     0.0052 
Reduction                  0.0000     0.0000     0.0000     0.0000     0.0000     0.0000     0.0000     0.0000     0.0000     0.0000     0.0000     0.0000     0.0000     0.0000     0.0000     0.0000     0.0000     0.0000 
           Variation              
I/O                        0.0016     0.0007     0.0019     0.0023     0.0007     0.0018     0.0007     0.0003     0.0007     0.0009     0.0004     0.0008     0.0023     0.0006     0.0019     0.0025     0.0017     0.0054 
Reduction                  0.0000     0.0000     0.0000     0.0000     0.0000     0.0000     0.0000     0.0000     0.0000     0.0000     0.0000     0.0000     0.0000     0.0000     0.0000     0.0000     0.0000     0.0000 
           Overlap                
Reduction                  0.0000     0.0000     0.0000     0.0000     0.0000     0.0000     0.0000     0.0000     0.0000     0.0000     0.0000     0.0000     0.0000     0.0000     0.0000     0.0000     0.0000     0.0000 


-------------------------------------------------------------------------
Name (number) and performance time of processors
omp.keldysh.ru(1) 0.935396
omp.keldysh.ru(2) 0.935309
omp.keldysh.ru(3) 0.956150
omp.keldysh.ru(4) 0.956188
omp.keldysh.ru(5) 0.956649
omp.keldysh.ru(6) 0.956666
omp.keldysh.ru(7) 0.959054
omp.keldysh.ru(8) 0.959355
omp.keldysh.ru(9) 0.956922
omp.keldysh.ru(10) 0.956945
omp.keldysh.ru(11) 0.956937
omp.keldysh.ru(12) 0.956932
omp.keldysh.ru(13) 0.958010
omp.keldysh.ru(14) 0.958010
omp.keldysh.ru(15) 0.957254
omp.keldysh.ru(16) 0.957245
omp.keldysh.ru(17) 0.957451
omp.keldysh.ru(18) 0.957422
min - omp.keldysh.ru(2) 0.935309; max - omp.keldysh.ru(8) 0.959355; mid - 0.954883
