Processor system=2*2*4
Statistics has been accumulated on DVM-system version 5.0, platform DVM
Analyzer is executing on DVM-system version 5.0, platform DVM
-------------------------------------------------------------------------
INTERVAL ( NLINE=7 SOURCE=sh32.f ) LEVEL=0  EXE_COUNT=1
--- The main characteristics --- 
Parallelization efficiency      0.1158 
Execution time                  0.0686 
Processors                          16
Threads amount                      16
Total time                      1.0979
Productive time                 0.1271 ( CPU= 0.1237 Sys= 0.0034 I/O= 0.0000 )
Lost  time                      0.9707 
   Insufficient parallelism     0.8180 ( User= 0.7670 Sys= 0.0510 )
   Communication                0.1381 ( Real_sync= 0.0000 Starts= 0.0000 )
   Idle time                    0.0145
Load imbalance                  0.0172
Synchronization                 0.1086
Time variation                  0.0512
Overlap                         0.0000
                  Nop   Communic    Synchro  Variation    Overlap 
I/O                11     0.0000     0.0147     0.0178     0.0000 
Reduction           9     0.0510     0.0065     0.0065     0.0000 
Shadow              9     0.0872     0.0874     0.0269     0.0000 
--- The comparative characteristics --- 
                              Tmin N proc      Tmax N proc      Tmid
Lost time                   0.0596     1     0.0635    13     0.0607 
User insufficient par.      0.0305    13     0.0540     1     0.0479 
Sys.insufficient par.       0.0022    13     0.0040     8     0.0032 
Idle time                   0.0000    16     0.0048    13     0.0009 
Communication               0.0024     1     0.0267    16     0.0086 
Synchronization             0.0009     4     0.0208    13     0.0068 
Variation                   0.0010     4     0.0076    13     0.0032 
Overlap                     0.0000     5     0.0000     1     0.0000 
Load imbalance              0.0000     1     0.0039    13     0.0011 
Execution time              0.0639    13     0.0686    16     0.0677 
User CPU time               0.0050    13     0.0088     1     0.0077 
Sys. CPU time               0.0001    13     0.0003     8     0.0002 
I/O time                    0.0000     7     0.0000     1     0.0000 
Processors                      16     1         16    16         16 
                      Communic          Synchro        Variation          Overlap  
I/O             Tmin    0.0000     1     0.0002     4     0.0004     4     0.0000     1 
I/O             Tmax    0.0000    16     0.0031    13     0.0033    13     0.0000    16 
I/O             Tmid    0.0000           0.0009           0.0011           0.0000       
Reduction       Tmin    0.0003     1     0.0002     4     0.0002    16     0.0000     3 
Reduction       Tmax    0.0115    13     0.0006    13     0.0006    13     0.0000     2 
Reduction       Tmid    0.0032           0.0004           0.0004           0.0000       
Shadow          Tmin    0.0017    10     0.0004     4     0.0003     3     0.0000     2 
Shadow          Tmax    0.0161    16     0.0172    14     0.0037    13     0.0000     4 
Shadow          Tmid    0.0054           0.0055           0.0017           0.0000       
--- The execution characteristics --- 
                                1          2          3          4          5          6          7          8          9         10         11         12         13         14         15         16 
Lost time                  0.0596     0.0597     0.0599     0.0598     0.0598     0.0598     0.0599     0.0600     0.0598     0.0596     0.0598     0.0598     0.0635     0.0632     0.0634     0.0633 
User insufficient par.     0.0540     0.0538     0.0532     0.0532     0.0527     0.0517     0.0531     0.0528     0.0509     0.0538     0.0533     0.0533     0.0305     0.0330     0.0336     0.0340 
Sys.insufficient par.      0.0032     0.0031     0.0037     0.0037     0.0032     0.0032     0.0039     0.0040     0.0032     0.0033     0.0036     0.0037     0.0022     0.0023     0.0022     0.0026 
Idle time                  0.0000     0.0000     0.0000     0.0000     0.0012     0.0024     0.0000     0.0000     0.0031     0.0001     0.0000     0.0000     0.0048     0.0020     0.0009     0.0000 
Communication              0.0024     0.0028     0.0030     0.0029     0.0026     0.0025     0.0028     0.0032     0.0025     0.0025     0.0028     0.0028     0.0261     0.0260     0.0267     0.0267 
Synchronization            0.0046     0.0034     0.0009     0.0009     0.0038     0.0038     0.0014     0.0013     0.0048     0.0045     0.0019     0.0017     0.0208     0.0190     0.0180     0.0178 
Variation                  0.0037     0.0035     0.0010     0.0010     0.0038     0.0038     0.0014     0.0014     0.0044     0.0042     0.0019     0.0017     0.0076     0.0055     0.0032     0.0029 
Overlap                    0.0000     0.0000     0.0000     0.0000     0.0000     0.0000     0.0000     0.0000     0.0000     0.0000     0.0000     0.0000     0.0000     0.0000     0.0000     0.0000 
Load imbalance             0.0000     0.0001     0.0003     0.0003     0.0002     0.0002     0.0003     0.0004     0.0002     0.0000     0.0002     0.0002     0.0039     0.0036     0.0038     0.0037 
Execution time             0.0686     0.0686     0.0686     0.0686     0.0674     0.0662     0.0686     0.0686     0.0655     0.0686     0.0686     0.0686     0.0639     0.0666     0.0678     0.0686 
User CPU time              0.0088     0.0087     0.0085     0.0085     0.0086     0.0086     0.0085     0.0084     0.0086     0.0088     0.0086     0.0086     0.0050     0.0052     0.0051     0.0051 
Sys. CPU time              0.0002     0.0002     0.0002     0.0002     0.0002     0.0002     0.0003     0.0003     0.0002     0.0002     0.0002     0.0002     0.0001     0.0002     0.0001     0.0002 
I/O time                   0.0000     0.0000     0.0000     0.0000     0.0000     0.0000     0.0000     0.0000     0.0000     0.0000     0.0000     0.0000     0.0000     0.0000     0.0000     0.0000 
Processors                     16         16         16         16         16         16         16         16         16         16         16         16         16         16         16         16 
           Communication          
Reduction                  0.0003     0.0004     0.0004     0.0004     0.0006     0.0007     0.0008     0.0011     0.0006     0.0008     0.0005     0.0005     0.0115     0.0110     0.0107     0.0107 
Shadow                     0.0020     0.0024     0.0026     0.0025     0.0020     0.0018     0.0021     0.0020     0.0019     0.0017     0.0023     0.0022     0.0146     0.0149     0.0160     0.0161 
           Synchronization        
I/O                        0.0012     0.0011     0.0002     0.0002     0.0013     0.0012     0.0003     0.0002     0.0014     0.0011     0.0004     0.0003     0.0031     0.0013     0.0008     0.0005 
Reduction                  0.0006     0.0006     0.0002     0.0002     0.0006     0.0006     0.0002     0.0002     0.0006     0.0006     0.0002     0.0002     0.0006     0.0006     0.0002     0.0002 
Shadow                     0.0027     0.0017     0.0004     0.0004     0.0019     0.0021     0.0008     0.0008     0.0028     0.0028     0.0013     0.0012     0.0171     0.0172     0.0170     0.0170 
           Variation              
I/O                        0.0012     0.0013     0.0005     0.0004     0.0015     0.0014     0.0005     0.0005     0.0016     0.0013     0.0006     0.0005     0.0033     0.0015     0.0010     0.0007 
Reduction                  0.0006     0.0006     0.0002     0.0002     0.0006     0.0006     0.0002     0.0002     0.0006     0.0006     0.0002     0.0002     0.0006     0.0006     0.0002     0.0002 
Shadow                     0.0019     0.0016     0.0003     0.0003     0.0017     0.0018     0.0007     0.0007     0.0022     0.0023     0.0011     0.0010     0.0037     0.0034     0.0020     0.0019 
           Overlap                
Reduction                  0.0000     0.0000     0.0000     0.0000     0.0000     0.0000     0.0000     0.0000     0.0000     0.0000     0.0000     0.0000     0.0000     0.0000     0.0000     0.0000 
Shadow                     0.0000     0.0000     0.0000     0.0000     0.0000     0.0000     0.0000     0.0000     0.0000     0.0000     0.0000     0.0000     0.0000     0.0000     0.0000     0.0000 


-------------------------------------------------------------------------
Name (number) and performance time of processors
omp.keldysh.ru(1) 0.933931
omp.keldysh.ru(2) 0.933855
omp.keldysh.ru(3) 0.952795
omp.keldysh.ru(4) 0.952809
omp.keldysh.ru(5) 0.934008
omp.keldysh.ru(6) 0.933998
omp.keldysh.ru(7) 0.955872
omp.keldysh.ru(8) 0.955862
omp.keldysh.ru(9) 0.952632
omp.keldysh.ru(10) 0.952368
omp.keldysh.ru(11) 0.953891
omp.keldysh.ru(12) 0.953892
omp.keldysh.ru(13) 0.956238
omp.keldysh.ru(14) 0.956216
omp.keldysh.ru(15) 0.954745
omp.keldysh.ru(16) 0.954742
min - omp.keldysh.ru(2) 0.933855; max - omp.keldysh.ru(13) 0.956238; mid - 0.949241
