Processor system=2*1*4*2
Statistics has been accumulated on DVM-system version 5.0, platform DVM
Analyzer is executing on DVM-system version 5.0, platform DVM
-------------------------------------------------------------------------
INTERVAL ( NLINE=5 SOURCE=prf43.f ) LEVEL=0  EXE_COUNT=1
--- The main characteristics --- 
Parallelization efficiency      0.0496 
Execution time                  0.0470 
Processors                          16
Threads amount                      16
Total time                      0.7522
Productive time                 0.0373 ( CPU= 0.0083 Sys= 0.0290 I/O= 0.0000 )
Lost  time                      0.7149 
   Insufficient parallelism     0.5291 ( User= 0.0943 Sys= 0.4348 )
   Communication                0.1627 ( Real_sync= 0.0000 Starts= 0.0000 )
   Idle time                    0.0231
Load imbalance                  0.0050
Synchronization                 0.1401
Time variation                  0.1190
Overlap                         0.1522
                  Nop   Communic    Synchro  Variation    Overlap 
I/O                11     0.0000     0.0147     0.0178     0.0000 
Reduction          21     0.0550     0.0016     0.0016     0.0000 
Remote access     180     0.1077     0.1238     0.0997     0.1522 
--- The comparative characteristics --- 
                              Tmin N proc      Tmax N proc      Tmid
Lost time                   0.0444     7     0.0454    14     0.0447 
User insufficient par.      0.0050    14     0.0073     3     0.0059 
Sys.insufficient par.       0.0178    14     0.0308     8     0.0272 
Idle time                   0.0000     3     0.0023     8     0.0014 
Communication               0.0062     8     0.0203    13     0.0102 
Synchronization             0.0017     7     0.0217    14     0.0088 
Variation                   0.0024     7     0.0200    14     0.0074 
Overlap                     0.0055    14     0.0125     7     0.0095 
Load imbalance              0.0000     7     0.0010    14     0.0003 
Execution time              0.0447     8     0.0470     3     0.0456 
User CPU time               0.0004    14     0.0006     3     0.0005 
Sys. CPU time               0.0012    14     0.0021     8     0.0018 
I/O time                    0.0000    15     0.0000     1     0.0000 
Processors                      16     1         16    16         16 
                      Communic          Synchro        Variation          Overlap  
I/O             Tmin    0.0000     1     0.0002     1     0.0002     1     0.0000     1 
I/O             Tmax    0.0000    16     0.0028    14     0.0030    14     0.0000    16 
I/O             Tmid    0.0000           0.0009           0.0011           0.0000       
Reduction       Tmin    0.0010     2     0.0000     7     0.0000     7     0.0000     1 
Reduction       Tmax    0.0081    13     0.0002     2     0.0002    14     0.0000    14 
Reduction       Tmid    0.0034           0.0001           0.0001           0.0000       
Remote access   Tmin    0.0043     4     0.0014     7     0.0019     7     0.0055    14 
Remote access   Tmax    0.0127    16     0.0189    13     0.0170    13     0.0125     7 
Remote access   Tmid    0.0067           0.0077           0.0062           0.0095       
--- The execution characteristics --- 
                                1          2          3          4          5          6          7          8          9         10         11         12         13         14         15         16 
Lost time                  0.0445     0.0444     0.0444     0.0445     0.0445     0.0444     0.0444     0.0445     0.0445     0.0446     0.0445     0.0445     0.0453     0.0454     0.0452     0.0453 
User insufficient par.     0.0050     0.0073     0.0073     0.0052     0.0051     0.0069     0.0069     0.0051     0.0058     0.0052     0.0059     0.0066     0.0059     0.0050     0.0060     0.0050 
Sys.insufficient par.      0.0302     0.0301     0.0301     0.0300     0.0300     0.0300     0.0308     0.0308     0.0296     0.0297     0.0296     0.0296     0.0179     0.0178     0.0202     0.0186 
Idle time                  0.0023     0.0000     0.0000     0.0023     0.0023     0.0004     0.0004     0.0023     0.0016     0.0023     0.0016     0.0008     0.0012     0.0023     0.0012     0.0023 
Communication              0.0070     0.0070     0.0070     0.0070     0.0071     0.0071     0.0063     0.0062     0.0076     0.0074     0.0075     0.0074     0.0203     0.0203     0.0179     0.0195 
Synchronization            0.0037     0.0042     0.0053     0.0057     0.0055     0.0060     0.0017     0.0021     0.0069     0.0067     0.0065     0.0067     0.0216     0.0217     0.0169     0.0186 
Variation                  0.0025     0.0030     0.0042     0.0044     0.0044     0.0047     0.0024     0.0028     0.0044     0.0042     0.0039     0.0041     0.0199     0.0200     0.0162     0.0180 
Overlap                    0.0118     0.0118     0.0101     0.0101     0.0101     0.0100     0.0125     0.0123     0.0093     0.0095     0.0094     0.0094     0.0055     0.0055     0.0076     0.0073 
Load imbalance             0.0002     0.0000     0.0000     0.0002     0.0002     0.0000     0.0000     0.0001     0.0002     0.0002     0.0001     0.0001     0.0010     0.0010     0.0008     0.0010 
Execution time             0.0447     0.0470     0.0470     0.0447     0.0447     0.0466     0.0466     0.0447     0.0454     0.0447     0.0454     0.0462     0.0458     0.0447     0.0458     0.0447 
User CPU time              0.0005     0.0006     0.0006     0.0005     0.0005     0.0006     0.0006     0.0005     0.0005     0.0005     0.0005     0.0006     0.0005     0.0004     0.0005     0.0004 
Sys. CPU time              0.0020     0.0020     0.0020     0.0020     0.0020     0.0020     0.0021     0.0021     0.0020     0.0020     0.0020     0.0020     0.0012     0.0012     0.0013     0.0012 
I/O time                   0.0000     0.0000     0.0000     0.0000     0.0000     0.0000     0.0000     0.0000     0.0000     0.0000     0.0000     0.0000     0.0000     0.0000     0.0000     0.0000 
Processors                     16         16         16         16         16         16         16         16         16         16         16         16         16         16         16         16 
           Communication          
Reduction                  0.0012     0.0010     0.0026     0.0027     0.0027     0.0027     0.0012     0.0012     0.0026     0.0026     0.0026     0.0026     0.0081     0.0081     0.0063     0.0068 
Remote access              0.0058     0.0060     0.0044     0.0043     0.0044     0.0044     0.0051     0.0051     0.0050     0.0048     0.0049     0.0048     0.0122     0.0122     0.0115     0.0127 
           Synchronization        
I/O                        0.0002     0.0003     0.0002     0.0003     0.0002     0.0004     0.0003     0.0005     0.0004     0.0004     0.0003     0.0004     0.0027     0.0028     0.0024     0.0028 
Reduction                  0.0000     0.0002     0.0000     0.0002     0.0000     0.0002     0.0000     0.0002     0.0000     0.0002     0.0000     0.0002     0.0000     0.0002     0.0000     0.0002 
Remote access              0.0034     0.0037     0.0051     0.0052     0.0053     0.0055     0.0014     0.0015     0.0065     0.0062     0.0062     0.0062     0.0189     0.0188     0.0145     0.0157 
           Variation              
I/O                        0.0002     0.0006     0.0004     0.0005     0.0005     0.0006     0.0005     0.0007     0.0006     0.0006     0.0005     0.0006     0.0029     0.0030     0.0026     0.0030 
Reduction                  0.0000     0.0002     0.0000     0.0002     0.0000     0.0002     0.0000     0.0002     0.0000     0.0002     0.0000     0.0002     0.0000     0.0002     0.0000     0.0002 
Remote access              0.0023     0.0022     0.0037     0.0037     0.0039     0.0039     0.0019     0.0019     0.0037     0.0034     0.0034     0.0033     0.0170     0.0168     0.0136     0.0148 
           Overlap                
Reduction                  0.0000     0.0000     0.0000     0.0000     0.0000     0.0000     0.0000     0.0000     0.0000     0.0000     0.0000     0.0000     0.0000     0.0000     0.0000     0.0000 
Remote access              0.0118     0.0118     0.0101     0.0101     0.0101     0.0100     0.0125     0.0123     0.0093     0.0095     0.0094     0.0094     0.0055     0.0055     0.0076     0.0073 


-------------------------------------------------------------------------
Name (number) and performance time of processors
omp.keldysh.ru(1) 0.934031
omp.keldysh.ru(2) 0.933935
omp.keldysh.ru(3) 0.956643
omp.keldysh.ru(4) 0.956387
omp.keldysh.ru(5) 0.951335
omp.keldysh.ru(6) 0.951302
omp.keldysh.ru(7) 0.956457
omp.keldysh.ru(8) 0.956445
omp.keldysh.ru(9) 0.933806
omp.keldysh.ru(10) 0.933802
omp.keldysh.ru(11) 0.952543
omp.keldysh.ru(12) 0.952518
omp.keldysh.ru(13) 0.955075
omp.keldysh.ru(14) 0.955068
omp.keldysh.ru(15) 0.956752
omp.keldysh.ru(16) 0.956749
min - omp.keldysh.ru(10) 0.933802; max - omp.keldysh.ru(15) 0.956752; mid - 0.949553
