Processor system=4*4*1*1
Statistics has been accumulated on DVM-system version 5.0, platform DVM
Analyzer is executing on DVM-system version 5.0, platform DVM
-------------------------------------------------------------------------
INTERVAL ( NLINE=5 SOURCE=align44.f ) LEVEL=0  EXE_COUNT=1
--- The main characteristics --- 
Parallelization efficiency      0.0689 
Execution time                  0.0093 
Processors                          16
Threads amount                      16
Total time                      0.1485
Productive time                 0.0102 ( CPU= 0.0098 Sys= 0.0004 I/O= 0.0000 )
Lost  time                      0.1383 
   Insufficient parallelism     0.1067 ( User= 0.1004 Sys= 0.0064 )
   Communication                0.0060 ( Real_sync= 0.0000 Starts= 0.0000 )
   Idle time                    0.0256
Load imbalance                  0.0018
Synchronization                 0.0007
Time variation                  0.0031
Overlap                         0.0000
                  Nop   Communic    Synchro  Variation    Overlap 
I/O                 9     0.0000     0.0006     0.0030     0.0000 
Reduction           7     0.0060     0.0001     0.0000     0.0000 
--- The comparative characteristics --- 
                              Tmin N proc      Tmax N proc      Tmid
Lost time                   0.0085    10     0.0087    16     0.0086 
User insufficient par.      0.0054    15     0.0078    11     0.0063 
Sys.insufficient par.       0.0003    15     0.0006     1     0.0004 
Idle time                   0.0000    10     0.0023     1     0.0016 
Communication               0.0002     1     0.0007    15     0.0004 
Synchronization             0.0000    11     0.0001    14     0.0000 
Variation                   0.0000     1     0.0002    14     0.0002 
Overlap                     0.0000     1     0.0000    12     0.0000 
Load imbalance              0.0000    10     0.0002    16     0.0001 
Execution time              0.0069     1     0.0093    10     0.0077 
User CPU time               0.0005    16     0.0007    10     0.0006 
Sys. CPU time               0.0000    15     0.0000     6     0.0000 
I/O time                    0.0000    15     0.0000     1     0.0000 
Processors                      16     1         16    16         16 
                      Communic          Synchro        Variation          Overlap  
I/O             Tmin    0.0000     1     0.0000    11     0.0000     1     0.0000     1 
I/O             Tmax    0.0000    16     0.0001    14     0.0002    14     0.0000    16 
I/O             Tmid    0.0000           0.0000           0.0002           0.0000       
Reduction       Tmin    0.0002     1     0.0000     4     0.0000    10     0.0000     1 
Reduction       Tmax    0.0007    15     0.0000     6     0.0000    15     0.0000    12 
Reduction       Tmid    0.0004           0.0000           0.0000           0.0000       
--- The execution characteristics --- 
                                1          2          3          4          5          6          7          8          9         10         11         12         13         14         15         16 
Lost time                  0.0087     0.0086     0.0086     0.0087     0.0086     0.0086     0.0087     0.0086     0.0087     0.0085     0.0086     0.0086     0.0087     0.0087     0.0087     0.0087 
User insufficient par.     0.0056     0.0063     0.0063     0.0056     0.0067     0.0067     0.0057     0.0071     0.0056     0.0078     0.0078     0.0074     0.0055     0.0054     0.0054     0.0055 
Sys.insufficient par.      0.0006     0.0004     0.0004     0.0004     0.0004     0.0004     0.0004     0.0004     0.0004     0.0004     0.0004     0.0004     0.0003     0.0003     0.0003     0.0004 
Idle time                  0.0023     0.0016     0.0016     0.0023     0.0012     0.0012     0.0023     0.0008     0.0023     0.0000     0.0000     0.0005     0.0023     0.0023     0.0023     0.0023 
Communication              0.0002     0.0003     0.0003     0.0003     0.0003     0.0002     0.0003     0.0003     0.0003     0.0003     0.0003     0.0003     0.0006     0.0007     0.0007     0.0006 
Synchronization            0.0000     0.0000     0.0000     0.0000     0.0000     0.0000     0.0000     0.0000     0.0000     0.0000     0.0000     0.0000     0.0001     0.0001     0.0001     0.0001 
Variation                  0.0000     0.0002     0.0002     0.0002     0.0002     0.0002     0.0002     0.0002     0.0002     0.0002     0.0002     0.0002     0.0002     0.0002     0.0002     0.0002 
Overlap                    0.0000     0.0000     0.0000     0.0000     0.0000     0.0000     0.0000     0.0000     0.0000     0.0000     0.0000     0.0000     0.0000     0.0000     0.0000     0.0000 
Load imbalance             0.0001     0.0000     0.0001     0.0001     0.0000     0.0000     0.0002     0.0000     0.0002     0.0000     0.0000     0.0000     0.0002     0.0002     0.0002     0.0002 
Execution time             0.0069     0.0077     0.0077     0.0070     0.0080     0.0080     0.0070     0.0084     0.0070     0.0093     0.0092     0.0088     0.0070     0.0070     0.0070     0.0070 
User CPU time              0.0006     0.0007     0.0006     0.0006     0.0007     0.0007     0.0006     0.0007     0.0006     0.0007     0.0007     0.0007     0.0005     0.0005     0.0005     0.0005 
Sys. CPU time              0.0000     0.0000     0.0000     0.0000     0.0000     0.0000     0.0000     0.0000     0.0000     0.0000     0.0000     0.0000     0.0000     0.0000     0.0000     0.0000 
I/O time                   0.0000     0.0000     0.0000     0.0000     0.0000     0.0000     0.0000     0.0000     0.0000     0.0000     0.0000     0.0000     0.0000     0.0000     0.0000     0.0000 
Processors                     16         16         16         16         16         16         16         16         16         16         16         16         16         16         16         16 
           Communication          
Reduction                  0.0002     0.0003     0.0003     0.0003     0.0003     0.0002     0.0003     0.0003     0.0003     0.0003     0.0003     0.0003     0.0006     0.0007     0.0007     0.0006 
           Synchronization        
I/O                        0.0000     0.0000     0.0000     0.0000     0.0000     0.0000     0.0000     0.0000     0.0000     0.0000     0.0000     0.0000     0.0001     0.0001     0.0001     0.0001 
Reduction                  0.0000     0.0000     0.0000     0.0000     0.0000     0.0000     0.0000     0.0000     0.0000     0.0000     0.0000     0.0000     0.0000     0.0000     0.0000     0.0000 
           Variation              
I/O                        0.0000     0.0002     0.0002     0.0002     0.0002     0.0002     0.0002     0.0002     0.0002     0.0002     0.0002     0.0002     0.0002     0.0002     0.0002     0.0002 
Reduction                  0.0000     0.0000     0.0000     0.0000     0.0000     0.0000     0.0000     0.0000     0.0000     0.0000     0.0000     0.0000     0.0000     0.0000     0.0000     0.0000 
           Overlap                
Reduction                  0.0000     0.0000     0.0000     0.0000     0.0000     0.0000     0.0000     0.0000     0.0000     0.0000     0.0000     0.0000     0.0000     0.0000     0.0000     0.0000 


-------------------------------------------------------------------------
Name (number) and performance time of processors
omp.keldysh.ru(1) 0.933915
omp.keldysh.ru(2) 0.933844
omp.keldysh.ru(3) 0.956359
omp.keldysh.ru(4) 0.956346
omp.keldysh.ru(5) 0.954195
omp.keldysh.ru(6) 0.954183
omp.keldysh.ru(7) 0.956156
omp.keldysh.ru(8) 0.955818
omp.keldysh.ru(9) 0.956766
omp.keldysh.ru(10) 0.956772
omp.keldysh.ru(11) 0.954889
omp.keldysh.ru(12) 0.954883
omp.keldysh.ru(13) 0.956075
omp.keldysh.ru(14) 0.956060
omp.keldysh.ru(15) 0.955013
omp.keldysh.ru(16) 0.955012
min - omp.keldysh.ru(2) 0.933844; max - omp.keldysh.ru(10) 0.956772; mid - 0.952893
