Processor system=4*2*1*2
Statistics has been accumulated on DVM-system version 5.0, platform DVM
Analyzer is executing on DVM-system version 5.0, platform DVM
-------------------------------------------------------------------------
INTERVAL ( NLINE=8 SOURCE=sha41.f ) LEVEL=0  EXE_COUNT=1
--- The main characteristics --- 
Parallelization efficiency      0.0734 
Execution time                  0.0137 
Processors                          16
Threads amount                      16
Total time                      0.2198
Productive time                 0.0161 ( CPU= 0.0142 Sys= 0.0019 I/O= 0.0000 )
Lost  time                      0.2036 
   Insufficient parallelism     0.1292 ( User= 0.1005 Sys= 0.0288 )
   Communication                0.0352 ( Real_sync= 0.0000 Starts= 0.0000 )
   Idle time                    0.0392
Load imbalance                  0.0041
Synchronization                 0.0164
Time variation                  0.0126
Overlap                         0.0000
                  Nop   Communic    Synchro  Variation    Overlap 
I/O                 6     0.0000     0.0006     0.0028     0.0000 
Reduction           4     0.0107     0.0000     0.0000     0.0000 
Shadow              4     0.0245     0.0158     0.0098     0.0000 
--- The comparative characteristics --- 
                              Tmin N proc      Tmax N proc      Tmid
Lost time                   0.0125     5     0.0132    13     0.0127 
User insufficient par.      0.0032    13     0.0082    16     0.0063 
Sys.insufficient par.       0.0010    14     0.0023     7     0.0018 
Idle time                   0.0000    16     0.0050     6     0.0024 
Communication               0.0014     9     0.0039    13     0.0022 
Synchronization             0.0002     7     0.0028    13     0.0010 
Variation                   0.0003     7     0.0013     3     0.0008 
Overlap                     0.0000     1     0.0000    12     0.0000 
Load imbalance              0.0000     5     0.0007    13     0.0003 
Execution time              0.0087     6     0.0137    16     0.0113 
User CPU time               0.0005    13     0.0011     5     0.0009 
Sys. CPU time               0.0001    14     0.0002     7     0.0001 
I/O time                    0.0000     7     0.0000     1     0.0000 
Processors                      16     1         16    16         16 
                      Communic          Synchro        Variation          Overlap  
I/O             Tmin    0.0000     1     0.0000    10     0.0000     1     0.0000     1 
I/O             Tmax    0.0000    16     0.0001    14     0.0002    13     0.0000    16 
I/O             Tmid    0.0000           0.0000           0.0002           0.0000       
Reduction       Tmin    0.0001    11     0.0000     5     0.0000     1     0.0000     1 
Reduction       Tmax    0.0012     3     0.0000     4     0.0000    13     0.0000    16 
Reduction       Tmid    0.0007           0.0000           0.0000           0.0000       
Shadow          Tmin    0.0011     3     0.0001    11     0.0001     7     0.0000     1 
Shadow          Tmax    0.0028    13     0.0028    13     0.0011     3     0.0000    12 
Shadow          Tmid    0.0015           0.0010           0.0006           0.0000       
--- The execution characteristics --- 
                                1          2          3          4          5          6          7          8          9         10         11         12         13         14         15         16 
Lost time                  0.0129     0.0127     0.0127     0.0127     0.0125     0.0127     0.0127     0.0126     0.0125     0.0127     0.0126     0.0126     0.0132     0.0130     0.0128     0.0128 
User insufficient par.     0.0051     0.0073     0.0073     0.0077     0.0080     0.0040     0.0054     0.0058     0.0069     0.0048     0.0069     0.0065     0.0032     0.0055     0.0078     0.0082 
Sys.insufficient par.      0.0017     0.0016     0.0015     0.0016     0.0023     0.0023     0.0023     0.0023     0.0023     0.0022     0.0023     0.0023     0.0010     0.0010     0.0011     0.0010 
Idle time                  0.0039     0.0016     0.0016     0.0012     0.0008     0.0050     0.0035     0.0031     0.0019     0.0043     0.0019     0.0023     0.0050     0.0027     0.0004     0.0000 
Communication              0.0022     0.0023     0.0023     0.0022     0.0014     0.0014     0.0014     0.0014     0.0014     0.0014     0.0014     0.0014     0.0039     0.0038     0.0035     0.0036 
Synchronization            0.0010     0.0012     0.0010     0.0011     0.0003     0.0002     0.0002     0.0003     0.0003     0.0002     0.0002     0.0002     0.0028     0.0028     0.0023     0.0023 
Variation                  0.0011     0.0012     0.0013     0.0013     0.0004     0.0004     0.0003     0.0005     0.0004     0.0004     0.0003     0.0003     0.0012     0.0012     0.0012     0.0012 
Overlap                    0.0000     0.0000     0.0000     0.0000     0.0000     0.0000     0.0000     0.0000     0.0000     0.0000     0.0000     0.0000     0.0000     0.0000     0.0000     0.0000 
Load imbalance             0.0004     0.0002     0.0002     0.0002     0.0000     0.0003     0.0002     0.0002     0.0001     0.0003     0.0001     0.0001     0.0007     0.0006     0.0003     0.0003 
Execution time             0.0098     0.0122     0.0122     0.0126     0.0130     0.0087     0.0102     0.0106     0.0118     0.0094     0.0118     0.0114     0.0087     0.0110     0.0133     0.0137 
User CPU time              0.0007     0.0009     0.0009     0.0010     0.0011     0.0009     0.0009     0.0009     0.0011     0.0009     0.0010     0.0010     0.0005     0.0006     0.0009     0.0009 
Sys. CPU time              0.0001     0.0001     0.0001     0.0001     0.0002     0.0002     0.0002     0.0002     0.0002     0.0001     0.0002     0.0002     0.0001     0.0001     0.0001     0.0001 
I/O time                   0.0000     0.0000     0.0000     0.0000     0.0000     0.0000     0.0000     0.0000     0.0000     0.0000     0.0000     0.0000     0.0000     0.0000     0.0000     0.0000 
Processors                     16         16         16         16         16         16         16         16         16         16         16         16         16         16         16         16 
           Communication          
Reduction                  0.0012     0.0011     0.0012     0.0012     0.0002     0.0002     0.0001     0.0003     0.0002     0.0002     0.0001     0.0001     0.0011     0.0011     0.0011     0.0012 
Shadow                     0.0011     0.0012     0.0011     0.0011     0.0012     0.0012     0.0013     0.0012     0.0012     0.0012     0.0013     0.0013     0.0028     0.0027     0.0024     0.0024 
           Synchronization        
I/O                        0.0000     0.0000     0.0000     0.0000     0.0000     0.0000     0.0000     0.0001     0.0001     0.0000     0.0000     0.0000     0.0001     0.0001     0.0001     0.0001 
Reduction                  0.0000     0.0000     0.0000     0.0000     0.0000     0.0000     0.0000     0.0000     0.0000     0.0000     0.0000     0.0000     0.0000     0.0000     0.0000     0.0000 
Shadow                     0.0010     0.0012     0.0010     0.0011     0.0002     0.0002     0.0001     0.0003     0.0002     0.0002     0.0001     0.0001     0.0028     0.0027     0.0022     0.0023 
           Variation              
I/O                        0.0000     0.0002     0.0002     0.0002     0.0002     0.0002     0.0002     0.0002     0.0002     0.0002     0.0002     0.0002     0.0002     0.0002     0.0002     0.0002 
Reduction                  0.0000     0.0000     0.0000     0.0000     0.0000     0.0000     0.0000     0.0000     0.0000     0.0000     0.0000     0.0000     0.0000     0.0000     0.0000     0.0000 
Shadow                     0.0011     0.0011     0.0011     0.0011     0.0002     0.0002     0.0001     0.0002     0.0002     0.0002     0.0001     0.0001     0.0010     0.0010     0.0010     0.0010 
           Overlap                
Reduction                  0.0000     0.0000     0.0000     0.0000     0.0000     0.0000     0.0000     0.0000     0.0000     0.0000     0.0000     0.0000     0.0000     0.0000     0.0000     0.0000 
Shadow                     0.0000     0.0000     0.0000     0.0000     0.0000     0.0000     0.0000     0.0000     0.0000     0.0000     0.0000     0.0000     0.0000     0.0000     0.0000     0.0000 


-------------------------------------------------------------------------
Name (number) and performance time of processors
omp.keldysh.ru(1) 0.935534
omp.keldysh.ru(2) 0.935474
omp.keldysh.ru(3) 0.960243
omp.keldysh.ru(4) 0.960244
omp.keldysh.ru(5) 0.959584
omp.keldysh.ru(6) 0.959611
omp.keldysh.ru(7) 0.959468
omp.keldysh.ru(8) 0.959723
omp.keldysh.ru(9) 0.959970
omp.keldysh.ru(10) 0.959963
omp.keldysh.ru(11) 0.960858
omp.keldysh.ru(12) 0.960853
omp.keldysh.ru(13) 0.958452
omp.keldysh.ru(14) 0.958449
omp.keldysh.ru(15) 0.935424
omp.keldysh.ru(16) 0.935414
min - omp.keldysh.ru(16) 0.935414; max - omp.keldysh.ru(11) 0.960858; mid - 0.953704
