Processor system=6*1*3*1
Statistics has been accumulated on DVM-system version 5.0, platform DVM
Analyzer is executing on DVM-system version 5.0, platform DVM
-------------------------------------------------------------------------
INTERVAL ( NLINE=7 SOURCE=rem41.f ) LEVEL=0  EXE_COUNT=2
--- The main characteristics --- 
Parallelization efficiency      0.0469 
Execution time                  0.4276 
Processors                          18
Threads amount                      18
Total time                      7.6968
Productive time                 0.3613 ( CPU= 0.0174 Sys= 0.3438 I/O= 0.0000 )
Lost  time                      7.3355 
   Insufficient parallelism     6.0270 ( User= 0.1812 Sys= 5.8458 )
   Communication                1.3035 ( Real_sync= 0.0000 Starts= 0.0000 )
   Idle time                    0.0050
Load imbalance                  0.0372
Synchronization                 2.7879
Time variation                  2.1198
Overlap                         0.0003
                  Nop   Communic    Synchro  Variation    Overlap 
I/O                17     0.0000     0.0073     0.0105     0.0000 
Reduction           8     0.0053     0.0009     0.0009     0.0000 
Remote access    4155     1.2982     2.7797     2.1083     0.0003 
--- The comparative characteristics --- 
                              Tmin N proc      Tmax N proc      Tmid
Lost time                   0.4055     3     0.4152    17     0.4075 
User insufficient par.      0.0073    17     0.0122     3     0.0101 
Sys.insufficient par.       0.1983    17     0.3577     3     0.3248 
Idle time                   0.0000    18     0.0020    14     0.0003 
Communication               0.0356     3     0.2096    17     0.0724 
Synchronization             0.0696    15     0.2745    17     0.1549 
Variation                   0.0436    15     0.1855    18     0.1178 
Overlap                     0.0000     1     0.0001    15     0.0000 
Load imbalance              0.0000     3     0.0097    17     0.0021 
Execution time              0.4256    14     0.4276    18     0.4273 
User CPU time               0.0007    17     0.0011     3     0.0010 
Sys. CPU time               0.0117    17     0.0210     3     0.0191 
I/O time                    0.0000    11     0.0000     1     0.0000 
Processors                      18     1         18    18         18 
                      Communic          Synchro        Variation          Overlap  
I/O             Tmin    0.0000     1     0.0002    15     0.0003     1     0.0000     1 
I/O             Tmax    0.0000    18     0.0006    17     0.0008    17     0.0000    18 
I/O             Tmid    0.0000           0.0004           0.0006           0.0000       
Reduction       Tmin    0.0001    15     0.0000     2     0.0000     2     0.0000     1 
Reduction       Tmax    0.0010    18     0.0001     6     0.0001     4     0.0000    15 
Reduction       Tmid    0.0003           0.0001           0.0001           0.0000       
Remote access   Tmin    0.0354     3     0.0693    15     0.0432    15     0.0000     1 
Remote access   Tmax    0.2087    17     0.2738    17     0.1847    18     0.0001    15 
Remote access   Tmid    0.0721           0.1544           0.1171           0.0000       
--- The execution characteristics --- 
                                1          2          3          4          5          6          7          8          9         10         11         12         13         14         15         16         17         18 
Lost time                  0.4064     0.4061     0.4055     0.4069     0.4068     0.4062     0.4068     0.4068     0.4062     0.4070     0.4069     0.4063     0.4071     0.4071     0.4064     0.4071     0.4152     0.4148 
User insufficient par.     0.0112     0.0111     0.0122     0.0105     0.0104     0.0113     0.0105     0.0104     0.0114     0.0103     0.0085     0.0104     0.0097     0.0077     0.0109     0.0097     0.0073     0.0078 
Sys.insufficient par.      0.3436     0.3479     0.3577     0.3346     0.3371     0.3459     0.3359     0.3367     0.3453     0.3340     0.3362     0.3451     0.3328     0.3338     0.3435     0.3325     0.1983     0.2049 
Idle time                  0.0000     0.0000     0.0000     0.0000     0.0000     0.0000     0.0000     0.0000     0.0000     0.0000     0.0020     0.0008     0.0000     0.0020     0.0000     0.0000     0.0000     0.0000 
Communication              0.0516     0.0471     0.0356     0.0618     0.0592     0.0490     0.0605     0.0597     0.0495     0.0626     0.0603     0.0500     0.0646     0.0637     0.0520     0.0648     0.2096     0.2021 
Synchronization            0.1535     0.1474     0.1177     0.1634     0.1249     0.1055     0.1681     0.1654     0.1486     0.1672     0.1567     0.1395     0.1586     0.1564     0.0696     0.1046     0.2745     0.2664 
Variation                  0.1284     0.1275     0.1144     0.1243     0.0887     0.0842     0.1296     0.1286     0.1262     0.1273     0.1202     0.1175     0.1146     0.1140     0.0436     0.0604     0.1846     0.1855 
Overlap                    0.0000     0.0000     0.0000     0.0000     0.0001     0.0001     0.0000     0.0000     0.0000     0.0000     0.0000     0.0000     0.0000     0.0000     0.0001     0.0000     0.0000     0.0000 
Load imbalance             0.0009     0.0006     0.0000     0.0015     0.0013     0.0007     0.0014     0.0013     0.0008     0.0015     0.0015     0.0008     0.0016     0.0017     0.0009     0.0016     0.0097     0.0093 
Execution time             0.4276     0.4276     0.4276     0.4276     0.4276     0.4276     0.4276     0.4276     0.4276     0.4276     0.4256     0.4268     0.4276     0.4256     0.4276     0.4276     0.4276     0.4276 
User CPU time              0.0010     0.0010     0.0011     0.0010     0.0010     0.0011     0.0010     0.0010     0.0011     0.0010     0.0009     0.0010     0.0009     0.0008     0.0010     0.0010     0.0007     0.0008 
Sys. CPU time              0.0202     0.0205     0.0210     0.0197     0.0198     0.0203     0.0198     0.0198     0.0203     0.0196     0.0198     0.0203     0.0196     0.0196     0.0202     0.0196     0.0117     0.0121 
I/O time                   0.0000     0.0000     0.0000     0.0000     0.0000     0.0000     0.0000     0.0000     0.0000     0.0000     0.0000     0.0000     0.0000     0.0000     0.0000     0.0000     0.0000     0.0000 
Processors                     18         18         18         18         18         18         18         18         18         18         18         18         18         18         18         18         18         18 
           Communication          
Reduction                  0.0003     0.0003     0.0002     0.0003     0.0002     0.0002     0.0003     0.0002     0.0002     0.0003     0.0002     0.0002     0.0002     0.0002     0.0001     0.0002     0.0009     0.0010 
Remote access              0.0513     0.0469     0.0354     0.0616     0.0591     0.0488     0.0602     0.0595     0.0493     0.0624     0.0601     0.0498     0.0643     0.0635     0.0518     0.0646     0.2087     0.2011 
           Synchronization        
I/O                        0.0004     0.0004     0.0004     0.0004     0.0003     0.0002     0.0004     0.0005     0.0004     0.0004     0.0004     0.0004     0.0004     0.0004     0.0002     0.0003     0.0006     0.0006 
Reduction                  0.0001     0.0000     0.0001     0.0001     0.0001     0.0001     0.0001     0.0001     0.0001     0.0001     0.0001     0.0001     0.0001     0.0001     0.0001     0.0001     0.0001     0.0000 
Remote access              0.1530     0.1470     0.1172     0.1629     0.1246     0.1052     0.1676     0.1649     0.1481     0.1667     0.1562     0.1390     0.1582     0.1559     0.0693     0.1043     0.2738     0.2658 
           Variation              
I/O                        0.0003     0.0006     0.0006     0.0006     0.0005     0.0004     0.0006     0.0006     0.0006     0.0006     0.0006     0.0006     0.0006     0.0006     0.0004     0.0005     0.0008     0.0008 
Reduction                  0.0001     0.0000     0.0001     0.0001     0.0001     0.0001     0.0001     0.0001     0.0001     0.0001     0.0001     0.0001     0.0001     0.0001     0.0001     0.0001     0.0001     0.0000 
Remote access              0.1281     0.1269     0.1138     0.1236     0.0882     0.0837     0.1289     0.1279     0.1255     0.1266     0.1195     0.1168     0.1140     0.1133     0.0432     0.0599     0.1837     0.1847 
           Overlap                
Reduction                  0.0000     0.0000     0.0000     0.0000     0.0000     0.0000     0.0000     0.0000     0.0000     0.0000     0.0000     0.0000     0.0000     0.0000     0.0000     0.0000     0.0000     0.0000 
Remote access              0.0000     0.0000     0.0000     0.0000     0.0001     0.0001     0.0000     0.0000     0.0000     0.0000     0.0000     0.0000     0.0000     0.0000     0.0001     0.0000     0.0000     0.0000 


-------------------------------------------------------------------------
Name (number) and performance time of processors
omp.keldysh.ru(1) 0.935526
omp.keldysh.ru(2) 0.935400
omp.keldysh.ru(3) 0.935510
omp.keldysh.ru(4) 0.935488
omp.keldysh.ru(5) 0.958976
omp.keldysh.ru(6) 0.958961
omp.keldysh.ru(7) 0.935394
omp.keldysh.ru(8) 0.935370
omp.keldysh.ru(9) 0.956944
omp.keldysh.ru(10) 0.956948
omp.keldysh.ru(11) 0.952411
omp.keldysh.ru(12) 0.952416
omp.keldysh.ru(13) 0.958635
omp.keldysh.ru(14) 0.958630
omp.keldysh.ru(15) 0.961734
omp.keldysh.ru(16) 0.961437
omp.keldysh.ru(17) 0.957275
omp.keldysh.ru(18) 0.957272
min - omp.keldysh.ru(8) 0.935370; max - omp.keldysh.ru(15) 0.961734; mid - 0.950240
