Processor system=1*1*3*6
Statistics has been accumulated on DVM-system version 5.0, platform DVM
Analyzer is executing on DVM-system version 5.0, platform DVM
-------------------------------------------------------------------------
INTERVAL ( NLINE=5 SOURCE=prf43.f ) LEVEL=0  EXE_COUNT=2
--- The main characteristics --- 
Parallelization efficiency      0.0424 
Execution time                  0.0574 
Processors                          18
Threads amount                      18
Total time                      1.0341
Productive time                 0.0439 ( CPU= 0.0070 Sys= 0.0369 I/O= 0.0000 )
Lost  time                      0.9902 
   Insufficient parallelism     0.7132 ( User= 0.0860 Sys= 0.6272 )
   Communication                0.2372 ( Real_sync= 0.0000 Starts= 0.0000 )
   Idle time                    0.0398
Load imbalance                  0.0034
Synchronization                 0.2715
Time variation                  0.2373
Overlap                         0.3069
                  Nop   Communic    Synchro  Variation    Overlap 
I/O                12     0.0000     0.0320     0.0347     0.0000 
Reduction          22     0.0541     0.0567     0.0567     0.0000 
Remote access     180     0.1831     0.1828     0.1459     0.3069 
--- The comparative characteristics --- 
                              Tmin N proc      Tmax N proc      Tmid
Lost time                   0.0548    17     0.0559    18     0.0550 
User insufficient par.      0.0031    18     0.0075    17     0.0048 
Sys.insufficient par.       0.0217    18     0.0364    15     0.0348 
Idle time                   0.0000    17     0.0046     6     0.0022 
Communication               0.0115    12     0.0265    18     0.0132 
Synchronization             0.0034    15     0.0525    18     0.0151 
Variation                   0.0046    15     0.0499    18     0.0132 
Overlap                     0.0078    18     0.0211    16     0.0170 
Load imbalance              0.0000    17     0.0011    18     0.0002 
Execution time              0.0529     6     0.0574    17     0.0552 
User CPU time               0.0003    18     0.0005    17     0.0004 
Sys. CPU time               0.0013    18     0.0021    15     0.0020 
I/O time                    0.0000    12     0.0000     1     0.0000 
Processors                      18     1         18    18         18 
                      Communic          Synchro        Variation          Overlap  
I/O             Tmin    0.0000     1     0.0003     9     0.0004     9     0.0000     1 
I/O             Tmax    0.0000    18     0.0092    18     0.0094    18     0.0000    18 
I/O             Tmid    0.0000           0.0018           0.0019           0.0000       
Reduction       Tmin    0.0006     6     0.0002     4     0.0002     4     0.0000     1 
Reduction       Tmax    0.0087    18     0.0110    18     0.0110    18     0.0000    16 
Reduction       Tmid    0.0030           0.0032           0.0031           0.0000       
Remote access   Tmin    0.0074     8     0.0021    15     0.0032    15     0.0078    18 
Remote access   Tmax    0.0178    18     0.0323    18     0.0296    18     0.0211    16 
Remote access   Tmid    0.0102           0.0102           0.0081           0.0170       
--- The execution characteristics --- 
                                1          2          3          4          5          6          7          8          9         10         11         12         13         14         15         16         17         18 
Lost time                  0.0550     0.0550     0.0550     0.0550     0.0551     0.0551     0.0550     0.0549     0.0549     0.0549     0.0551     0.0551     0.0549     0.0549     0.0549     0.0549     0.0548     0.0559 
User insufficient par.     0.0047     0.0048     0.0050     0.0050     0.0037     0.0035     0.0051     0.0051     0.0051     0.0051     0.0040     0.0036     0.0052     0.0052     0.0051     0.0051     0.0075     0.0031 
Sys.insufficient par.      0.0359     0.0354     0.0355     0.0355     0.0352     0.0353     0.0353     0.0356     0.0356     0.0355     0.0350     0.0354     0.0362     0.0363     0.0364     0.0360     0.0353     0.0217 
Idle time                  0.0016     0.0016     0.0015     0.0015     0.0039     0.0046     0.0015     0.0015     0.0015     0.0015     0.0035     0.0046     0.0015     0.0015     0.0016     0.0016     0.0000     0.0046 
Communication              0.0127     0.0131     0.0129     0.0129     0.0123     0.0117     0.0130     0.0128     0.0127     0.0128     0.0124     0.0115     0.0120     0.0119     0.0119     0.0122     0.0120     0.0265 
Synchronization            0.0099     0.0098     0.0089     0.0091     0.0211     0.0271     0.0129     0.0129     0.0121     0.0118     0.0223     0.0288     0.0043     0.0052     0.0034     0.0050     0.0147     0.0525 
Variation                  0.0071     0.0071     0.0064     0.0063     0.0182     0.0238     0.0097     0.0095     0.0087     0.0083     0.0189     0.0248     0.0056     0.0061     0.0046     0.0057     0.0165     0.0499 
Overlap                    0.0182     0.0189     0.0192     0.0191     0.0163     0.0154     0.0155     0.0155     0.0159     0.0159     0.0145     0.0133     0.0207     0.0206     0.0206     0.0211     0.0184     0.0078 
Load imbalance             0.0002     0.0002     0.0001     0.0001     0.0002     0.0002     0.0001     0.0001     0.0001     0.0001     0.0002     0.0002     0.0001     0.0001     0.0001     0.0001     0.0000     0.0011 
Execution time             0.0558     0.0558     0.0559     0.0559     0.0535     0.0529     0.0559     0.0559     0.0559     0.0559     0.0539     0.0529     0.0559     0.0559     0.0559     0.0559     0.0574     0.0529 
User CPU time              0.0004     0.0004     0.0004     0.0004     0.0003     0.0003     0.0004     0.0004     0.0004     0.0004     0.0003     0.0003     0.0004     0.0004     0.0004     0.0004     0.0005     0.0003 
Sys. CPU time              0.0021     0.0021     0.0021     0.0021     0.0021     0.0021     0.0021     0.0021     0.0021     0.0021     0.0021     0.0021     0.0021     0.0021     0.0021     0.0021     0.0021     0.0013 
I/O time                   0.0000     0.0000     0.0000     0.0000     0.0000     0.0000     0.0000     0.0000     0.0000     0.0000     0.0000     0.0000     0.0000     0.0000     0.0000     0.0000     0.0000     0.0000 
Processors                     18         18         18         18         18         18         18         18         18         18         18         18         18         18         18         18         18         18 
           Communication          
Reduction                  0.0025     0.0017     0.0018     0.0018     0.0016     0.0006     0.0053     0.0053     0.0048     0.0048     0.0040     0.0030     0.0015     0.0015     0.0015     0.0015     0.0021     0.0087 
Remote access              0.0102     0.0114     0.0111     0.0111     0.0106     0.0110     0.0076     0.0074     0.0079     0.0080     0.0085     0.0085     0.0105     0.0104     0.0103     0.0107     0.0100     0.0178 
           Synchronization        
I/O                        0.0006     0.0007     0.0005     0.0005     0.0026     0.0035     0.0004     0.0004     0.0003     0.0003     0.0022     0.0032     0.0012     0.0013     0.0010     0.0012     0.0030     0.0092 
Reduction                  0.0003     0.0003     0.0002     0.0002     0.0069     0.0110     0.0003     0.0003     0.0002     0.0002     0.0069     0.0110     0.0003     0.0003     0.0002     0.0002     0.0069     0.0110 
Remote access              0.0090     0.0088     0.0082     0.0084     0.0116     0.0126     0.0122     0.0122     0.0116     0.0114     0.0132     0.0146     0.0028     0.0036     0.0021     0.0036     0.0048     0.0323 
           Variation              
I/O                        0.0005     0.0009     0.0007     0.0006     0.0028     0.0037     0.0006     0.0005     0.0004     0.0004     0.0024     0.0034     0.0013     0.0015     0.0012     0.0013     0.0031     0.0094 
Reduction                  0.0003     0.0003     0.0002     0.0002     0.0069     0.0110     0.0003     0.0003     0.0002     0.0002     0.0069     0.0110     0.0003     0.0003     0.0002     0.0002     0.0069     0.0110 
Remote access              0.0063     0.0060     0.0055     0.0055     0.0085     0.0091     0.0089     0.0087     0.0081     0.0077     0.0096     0.0104     0.0039     0.0044     0.0032     0.0042     0.0064     0.0296 
           Overlap                
Reduction                  0.0000     0.0000     0.0000     0.0000     0.0000     0.0000     0.0000     0.0000     0.0000     0.0000     0.0000     0.0000     0.0000     0.0000     0.0000     0.0000     0.0000     0.0000 
Remote access              0.0182     0.0189     0.0192     0.0191     0.0162     0.0154     0.0155     0.0155     0.0159     0.0159     0.0145     0.0133     0.0207     0.0206     0.0206     0.0211     0.0184     0.0078 


-------------------------------------------------------------------------
Name (number) and performance time of processors
omp.keldysh.ru(1) 0.934286
omp.keldysh.ru(2) 0.934193
omp.keldysh.ru(3) 0.960200
omp.keldysh.ru(4) 0.959986
omp.keldysh.ru(5) 0.957204
omp.keldysh.ru(6) 0.957653
omp.keldysh.ru(7) 0.958610
omp.keldysh.ru(8) 0.958810
omp.keldysh.ru(9) 0.958910
omp.keldysh.ru(10) 0.959199
omp.keldysh.ru(11) 0.957661
omp.keldysh.ru(12) 0.957337
omp.keldysh.ru(13) 0.958709
omp.keldysh.ru(14) 0.958694
omp.keldysh.ru(15) 0.956739
omp.keldysh.ru(16) 0.956698
omp.keldysh.ru(17) 0.958537
omp.keldysh.ru(18) 0.958558
min - omp.keldysh.ru(2) 0.934193; max - omp.keldysh.ru(3) 0.960200; mid - 0.955666
