Processor system=4*2*1*2
Statistics has been accumulated on DVM-system version 5.0, platform DVM
Analyzer is executing on DVM-system version 5.0, platform DVM
-------------------------------------------------------------------------
INTERVAL ( NLINE=7 SOURCE=rem43.f ) LEVEL=0  EXE_COUNT=1
--- The main characteristics --- 
Parallelization efficiency      0.0504 
Execution time                  0.4582 
Processors                          16
Threads amount                      16
Total time                      7.3319
Productive time                 0.3692 ( CPU= 0.0165 Sys= 0.3527 I/O= 0.0000 )
Lost  time                      6.9627 
   Insufficient parallelism     5.4939 ( User= 0.2031 Sys= 5.2908 )
   Communication                1.4404 ( Real_sync= 0.0000 Starts= 0.0000 )
   Idle time                    0.0284
Load imbalance                  0.0541
Synchronization                 2.5183
Time variation                  2.0329
Overlap                         0.0004
                  Nop   Communic    Synchro  Variation    Overlap 
I/O                16     0.0000     0.0082     0.0111     0.0000 
Reduction           7     0.0127     0.0002     0.0002     0.0000 
Remote access    4155     1.4276     2.5099     2.0216     0.0004 
--- The comparative characteristics --- 
                              Tmin N proc      Tmax N proc      Tmid
Lost time                   0.4318     7     0.4431    13     0.4352 
User insufficient par.      0.0088    14     0.0154     4     0.0127 
Sys.insufficient par.       0.2138    13     0.3784     7     0.3307 
Idle time                   0.0000    13     0.0027     2     0.0018 
Communication               0.0373     7     0.2179    13     0.0900 
Synchronization             0.0635     7     0.2840    13     0.1574 
Variation                   0.0513     9     0.2050    15     0.1271 
Overlap                     0.0000     1     0.0001     8     0.0000 
Load imbalance              0.0000     7     0.0113    13     0.0034 
Execution time              0.4556     2     0.4582    13     0.4565 
User CPU time               0.0007    14     0.0012     7     0.0010 
Sys. CPU time               0.0143    13     0.0252     7     0.0220 
I/O time                    0.0000     4     0.0000     1     0.0000 
Processors                      16     1         16    16         16 
                      Communic          Synchro        Variation          Overlap  
I/O             Tmin    0.0000     1     0.0002     9     0.0004     1     0.0000     1 
I/O             Tmax    0.0000    16     0.0008    13     0.0010    13     0.0000    16 
I/O             Tmid    0.0000           0.0005           0.0007           0.0000       
Reduction       Tmin    0.0005     7     0.0000    10     0.0000    10     0.0000     1 
Reduction       Tmax    0.0014    14     0.0000     1     0.0000     5     0.0000    15 
Reduction       Tmid    0.0008           0.0000           0.0000           0.0000       
Remote access   Tmin    0.0369     7     0.0631     7     0.0509     9     0.0000     1 
Remote access   Tmax    0.2165    13     0.2832    13     0.2040    15     0.0001     8 
Remote access   Tmid    0.0892           0.1569           0.1263           0.0000       
--- The execution characteristics --- 
                                1          2          3          4          5          6          7          8          9         10         11         12         13         14         15         16 
Lost time                  0.4330     0.4331     0.4328     0.4327     0.4326     0.4325     0.4318     0.4319     0.4325     0.4332     0.4327     0.4327     0.4431     0.4428     0.4427     0.4427 
User insufficient par.     0.0130     0.0120     0.0142     0.0154     0.0123     0.0140     0.0152     0.0133     0.0137     0.0137     0.0133     0.0131     0.0114     0.0088     0.0094     0.0104 
Sys.insufficient par.      0.3632     0.3628     0.3654     0.3649     0.3690     0.3685     0.3784     0.3782     0.3700     0.3588     0.3672     0.3669     0.2138     0.2214     0.2216     0.2206 
Idle time                  0.0019     0.0027     0.0019     0.0004     0.0027     0.0008     0.0008     0.0027     0.0012     0.0012     0.0027     0.0027     0.0000     0.0027     0.0027     0.0016 
Communication              0.0549     0.0556     0.0513     0.0520     0.0486     0.0493     0.0373     0.0377     0.0475     0.0595     0.0496     0.0500     0.2179     0.2099     0.2091     0.2102 
Synchronization            0.1397     0.1391     0.1227     0.1226     0.1136     0.1131     0.0635     0.0635     0.0786     0.1611     0.1476     0.1478     0.2840     0.2779     0.2720     0.2716 
Variation                  0.1129     0.1114     0.1093     0.1087     0.0967     0.0959     0.0664     0.0663     0.0513     0.1338     0.1338     0.1336     0.2034     0.1997     0.2050     0.2046 
Overlap                    0.0000     0.0000     0.0000     0.0000     0.0000     0.0000     0.0001     0.0001     0.0001     0.0000     0.0000     0.0000     0.0000     0.0000     0.0000     0.0000 
Load imbalance             0.0012     0.0013     0.0010     0.0009     0.0008     0.0008     0.0000     0.0001     0.0007     0.0014     0.0009     0.0009     0.0113     0.0110     0.0109     0.0109 
Execution time             0.4563     0.4556     0.4563     0.4579     0.4556     0.4575     0.4575     0.4556     0.4571     0.4571     0.4556     0.4556     0.4582     0.4556     0.4556     0.4567 
User CPU time              0.0011     0.0010     0.0011     0.0012     0.0010     0.0011     0.0012     0.0011     0.0011     0.0011     0.0011     0.0011     0.0009     0.0007     0.0008     0.0008 
Sys. CPU time              0.0242     0.0242     0.0244     0.0243     0.0246     0.0246     0.0252     0.0252     0.0247     0.0239     0.0245     0.0245     0.0143     0.0148     0.0148     0.0147 
I/O time                   0.0000     0.0000     0.0000     0.0000     0.0000     0.0000     0.0000     0.0000     0.0000     0.0000     0.0000     0.0000     0.0000     0.0000     0.0000     0.0000 
Processors                     16         16         16         16         16         16         16         16         16         16         16         16         16         16         16         16 
           Communication          
Reduction                  0.0007     0.0007     0.0007     0.0007     0.0006     0.0006     0.0005     0.0005     0.0006     0.0006     0.0006     0.0006     0.0014     0.0014     0.0013     0.0013 
Remote access              0.0542     0.0549     0.0506     0.0513     0.0480     0.0487     0.0369     0.0372     0.0469     0.0589     0.0490     0.0494     0.2165     0.2085     0.2077     0.2088 
           Synchronization        
I/O                        0.0004     0.0005     0.0005     0.0005     0.0005     0.0005     0.0003     0.0003     0.0002     0.0005     0.0005     0.0005     0.0008     0.0008     0.0008     0.0007 
Reduction                  0.0000     0.0000     0.0000     0.0000     0.0000     0.0000     0.0000     0.0000     0.0000     0.0000     0.0000     0.0000     0.0000     0.0000     0.0000     0.0000 
Remote access              0.1392     0.1386     0.1222     0.1221     0.1132     0.1127     0.0631     0.0632     0.0784     0.1606     0.1471     0.1473     0.2832     0.2771     0.2712     0.2709 
           Variation              
I/O                        0.0004     0.0007     0.0007     0.0007     0.0007     0.0007     0.0005     0.0005     0.0004     0.0007     0.0007     0.0007     0.0010     0.0010     0.0010     0.0009 
Reduction                  0.0000     0.0000     0.0000     0.0000     0.0000     0.0000     0.0000     0.0000     0.0000     0.0000     0.0000     0.0000     0.0000     0.0000     0.0000     0.0000 
Remote access              0.1126     0.1107     0.1086     0.1081     0.0961     0.0953     0.0659     0.0658     0.0509     0.1330     0.1331     0.1329     0.2024     0.1988     0.2040     0.2036 
           Overlap                
Reduction                  0.0000     0.0000     0.0000     0.0000     0.0000     0.0000     0.0000     0.0000     0.0000     0.0000     0.0000     0.0000     0.0000     0.0000     0.0000     0.0000 
Remote access              0.0000     0.0000     0.0000     0.0000     0.0000     0.0000     0.0001     0.0001     0.0001     0.0000     0.0000     0.0000     0.0000     0.0000     0.0000     0.0000 


-------------------------------------------------------------------------
Name (number) and performance time of processors
omp.keldysh.ru(1) 0.935429
omp.keldysh.ru(2) 0.935368
omp.keldysh.ru(3) 0.956328
omp.keldysh.ru(4) 0.956349
omp.keldysh.ru(5) 0.956097
omp.keldysh.ru(6) 0.956085
omp.keldysh.ru(7) 0.957149
omp.keldysh.ru(8) 0.957171
omp.keldysh.ru(9) 0.959402
omp.keldysh.ru(10) 0.959402
omp.keldysh.ru(11) 0.957698
omp.keldysh.ru(12) 0.958009
omp.keldysh.ru(13) 0.956314
omp.keldysh.ru(14) 0.956305
omp.keldysh.ru(15) 0.958294
omp.keldysh.ru(16) 0.958293
min - omp.keldysh.ru(2) 0.935368; max - omp.keldysh.ru(9) 0.959402; mid - 0.954606
