Processor system=1*1*6*3
Statistics has been accumulated on DVM-system version 5.0, platform DVM
Analyzer is executing on DVM-system version 5.0, platform DVM
-------------------------------------------------------------------------
INTERVAL ( NLINE=8 SOURCE=red43.f ) LEVEL=0  EXE_COUNT=2
--- The main characteristics --- 
Parallelization efficiency      0.0525 
Execution time                  0.0125 
Processors                          18
Threads amount                      18
Total time                      0.2247
Productive time                 0.0118 ( CPU= 0.0107 Sys= 0.0010 I/O= 0.0000 )
Lost  time                      0.2129 
   Insufficient parallelism     0.1504 ( User= 0.1323 Sys= 0.0181 )
   Communication                0.0204 ( Real_sync= 0.0000 Starts= 0.0000 )
   Idle time                    0.0420
Load imbalance                  0.0023
Synchronization                 0.0126
Time variation                  0.0110
Overlap                         0.0000
                  Nop   Communic    Synchro  Variation    Overlap 
I/O                17     0.0000     0.0020     0.0055     0.0000 
Reduction          15     0.0133     0.0023     0.0015     0.0000 
Remote access      37     0.0071     0.0084     0.0040     0.0000 
--- The comparative characteristics --- 
                              Tmin N proc      Tmax N proc      Tmid
Lost time                   0.0117     2     0.0120    11     0.0118 
User insufficient par.      0.0055    10     0.0095     2     0.0073 
Sys.insufficient par.       0.0009    18     0.0013     1     0.0010 
Idle time                   0.0000     1     0.0042    10     0.0023 
Communication               0.0010    15     0.0017    18     0.0011 
Synchronization             0.0003     1     0.0012    18     0.0007 
Variation                   0.0002     1     0.0009     6     0.0006 
Overlap                     0.0000     3     0.0000    16     0.0000 
Load imbalance              0.0000     2     0.0003    11     0.0001 
Execution time              0.0082    10     0.0125     1     0.0101 
User CPU time               0.0005    11     0.0007     2     0.0006 
Sys. CPU time               0.0001    18     0.0001    17     0.0001 
I/O time                    0.0000    14     0.0000     1     0.0000 
Processors                      18     1         18    18         18 
                      Communic          Synchro        Variation          Overlap  
I/O             Tmin    0.0000     1     0.0001    13     0.0000     1     0.0000     1 
I/O             Tmax    0.0000    18     0.0002     9     0.0004     9     0.0000    18 
I/O             Tmid    0.0000           0.0001           0.0003           0.0000       
Reduction       Tmin    0.0006    15     0.0001    16     0.0000    16     0.0000     1 
Reduction       Tmax    0.0009     4     0.0002     6     0.0002     3     0.0000    16 
Reduction       Tmid    0.0007           0.0001           0.0001           0.0000       
Remote access   Tmin    0.0002     5     0.0001     1     0.0001    18     0.0000     3 
Remote access   Tmax    0.0008    18     0.0008    18     0.0004     4     0.0000     1 
Remote access   Tmid    0.0004           0.0005           0.0002           0.0000       
--- The execution characteristics --- 
                                1          2          3          4          5          6          7          8          9         10         11         12         13         14         15         16         17         18 
Lost time                  0.0117     0.0117     0.0119     0.0118     0.0118     0.0118     0.0119     0.0119     0.0118     0.0119     0.0120     0.0119     0.0119     0.0118     0.0118     0.0117     0.0118     0.0118 
User insufficient par.     0.0094     0.0095     0.0070     0.0074     0.0081     0.0081     0.0057     0.0057     0.0085     0.0055     0.0056     0.0062     0.0057     0.0078     0.0078     0.0089     0.0066     0.0088 
Sys.insufficient par.      0.0013     0.0010     0.0010     0.0010     0.0010     0.0010     0.0009     0.0009     0.0010     0.0010     0.0009     0.0010     0.0010     0.0010     0.0011     0.0010     0.0011     0.0009 
Idle time                  0.0000     0.0000     0.0027     0.0023     0.0016     0.0016     0.0042     0.0042     0.0012     0.0042     0.0042     0.0035     0.0042     0.0019     0.0019     0.0008     0.0031     0.0004 
Communication              0.0011     0.0011     0.0011     0.0011     0.0011     0.0011     0.0011     0.0011     0.0011     0.0012     0.0013     0.0012     0.0011     0.0011     0.0010     0.0011     0.0011     0.0017 
Synchronization            0.0003     0.0003     0.0006     0.0008     0.0007     0.0009     0.0007     0.0008     0.0010     0.0007     0.0008     0.0009     0.0005     0.0006     0.0008     0.0005     0.0006     0.0012 
Variation                  0.0002     0.0005     0.0008     0.0008     0.0008     0.0009     0.0006     0.0007     0.0008     0.0006     0.0006     0.0007     0.0005     0.0005     0.0007     0.0004     0.0005     0.0006 
Overlap                    0.0000     0.0000     0.0000     0.0000     0.0000     0.0000     0.0000     0.0000     0.0000     0.0000     0.0000     0.0000     0.0000     0.0000     0.0000     0.0000     0.0000     0.0000 
Load imbalance             0.0000     0.0000     0.0002     0.0001     0.0001     0.0001     0.0002     0.0002     0.0001     0.0002     0.0003     0.0002     0.0002     0.0001     0.0001     0.0000     0.0001     0.0001 
Execution time             0.0125     0.0125     0.0098     0.0102     0.0109     0.0109     0.0083     0.0083     0.0113     0.0082     0.0083     0.0090     0.0083     0.0105     0.0105     0.0117     0.0094     0.0121 
User CPU time              0.0007     0.0007     0.0006     0.0006     0.0006     0.0006     0.0005     0.0005     0.0007     0.0005     0.0005     0.0005     0.0005     0.0006     0.0006     0.0007     0.0006     0.0007 
Sys. CPU time              0.0001     0.0001     0.0001     0.0001     0.0001     0.0001     0.0001     0.0001     0.0001     0.0001     0.0001     0.0001     0.0001     0.0001     0.0001     0.0001     0.0001     0.0001 
I/O time                   0.0000     0.0000     0.0000     0.0000     0.0000     0.0000     0.0000     0.0000     0.0000     0.0000     0.0000     0.0000     0.0000     0.0000     0.0000     0.0000     0.0000     0.0000 
Processors                     18         18         18         18         18         18         18         18         18         18         18         18         18         18         18         18         18         18 
           Communication          
Reduction                  0.0006     0.0007     0.0007     0.0009     0.0009     0.0008     0.0008     0.0008     0.0007     0.0008     0.0008     0.0007     0.0007     0.0007     0.0006     0.0007     0.0006     0.0009 
Remote access              0.0005     0.0004     0.0005     0.0002     0.0002     0.0003     0.0003     0.0003     0.0004     0.0004     0.0005     0.0004     0.0003     0.0003     0.0004     0.0004     0.0004     0.0008 
           Synchronization        
I/O                        0.0001     0.0001     0.0002     0.0001     0.0001     0.0002     0.0001     0.0001     0.0002     0.0001     0.0001     0.0001     0.0001     0.0001     0.0002     0.0001     0.0001     0.0002 
Reduction                  0.0001     0.0001     0.0002     0.0001     0.0001     0.0002     0.0001     0.0001     0.0002     0.0001     0.0001     0.0002     0.0001     0.0001     0.0001     0.0001     0.0001     0.0002 
Remote access              0.0001     0.0001     0.0002     0.0005     0.0005     0.0005     0.0005     0.0005     0.0006     0.0005     0.0006     0.0006     0.0004     0.0004     0.0005     0.0004     0.0004     0.0008 
           Variation              
I/O                        0.0000     0.0003     0.0004     0.0003     0.0003     0.0004     0.0003     0.0003     0.0004     0.0003     0.0003     0.0003     0.0003     0.0003     0.0004     0.0003     0.0003     0.0004 
Reduction                  0.0001     0.0001     0.0002     0.0000     0.0001     0.0001     0.0000     0.0001     0.0001     0.0000     0.0001     0.0001     0.0000     0.0001     0.0001     0.0000     0.0001     0.0001 
Remote access              0.0001     0.0001     0.0002     0.0004     0.0004     0.0003     0.0003     0.0003     0.0003     0.0002     0.0002     0.0002     0.0002     0.0002     0.0001     0.0001     0.0001     0.0001 
           Overlap                
Reduction                  0.0000     0.0000     0.0000     0.0000     0.0000     0.0000     0.0000     0.0000     0.0000     0.0000     0.0000     0.0000     0.0000     0.0000     0.0000     0.0000     0.0000     0.0000 
Remote access              0.0000     0.0000     0.0000     0.0000     0.0000     0.0000     0.0000     0.0000     0.0000     0.0000     0.0000     0.0000     0.0000     0.0000     0.0000     0.0000     0.0000     0.0000 


-------------------------------------------------------------------------
Name (number) and performance time of processors
omp.keldysh.ru(1) 0.933930
omp.keldysh.ru(2) 0.933919
omp.keldysh.ru(3) 0.960367
omp.keldysh.ru(4) 0.960406
omp.keldysh.ru(5) 0.957343
omp.keldysh.ru(6) 0.957332
omp.keldysh.ru(7) 0.954546
omp.keldysh.ru(8) 0.954774
omp.keldysh.ru(9) 0.955960
omp.keldysh.ru(10) 0.955979
omp.keldysh.ru(11) 0.954373
omp.keldysh.ru(12) 0.954694
omp.keldysh.ru(13) 0.959299
omp.keldysh.ru(14) 0.959281
omp.keldysh.ru(15) 0.957774
omp.keldysh.ru(16) 0.957761
omp.keldysh.ru(17) 0.954965
omp.keldysh.ru(18) 0.956088
min - omp.keldysh.ru(2) 0.933919; max - omp.keldysh.ru(4) 0.960406; mid - 0.954377
