Processor system=4*2*1*2
Statistics has been accumulated on DVM-system version 5.0, platform DVM
Analyzer is executing on DVM-system version 5.0, platform DVM
-------------------------------------------------------------------------
INTERVAL ( NLINE=7 SOURCE=acr41.f ) LEVEL=0  EXE_COUNT=1
--- The main characteristics --- 
Parallelization efficiency      0.0901 
Execution time                  0.0190 
Processors                          16
Threads amount                      16
Total time                      0.3040
Productive time                 0.0274 ( CPU= 0.0244 Sys= 0.0029 I/O= 0.0000 )
Lost  time                      0.2767 
   Insufficient parallelism     0.2138 ( User= 0.1696 Sys= 0.0442 )
   Communication                0.0402 ( Real_sync= 0.0000 Starts= 0.0000 )
   Idle time                    0.0227
Load imbalance                  0.0037
Synchronization                 0.0593
Time variation                  0.0757
Overlap                         0.0044
                  Nop   Communic    Synchro  Variation    Overlap 
I/O                10     0.0000     0.0006     0.0038     0.0000 
Reduction           8     0.0023     0.0001     0.0001     0.0000 
Shadow             24     0.0368     0.0586     0.0719     0.0044 
--- The comparative characteristics --- 
                              Tmin N proc      Tmax N proc      Tmid
Lost time                   0.0171    11     0.0177    16     0.0173 
User insufficient par.      0.0083    13     0.0126    11     0.0106 
Sys.insufficient par.       0.0013    12     0.0042     1     0.0028 
Idle time                   0.0000    11     0.0042     8     0.0014 
Communication               0.0005     1     0.0057    16     0.0025 
Synchronization             0.0009    12     0.0089    13     0.0037 
Variation                   0.0016    12     0.0078    13     0.0047 
Overlap                     0.0000    13     0.0005     7     0.0003 
Load imbalance              0.0000    11     0.0006    16     0.0002 
Execution time              0.0149     8     0.0190    11     0.0176 
User CPU time               0.0011    13     0.0018    11     0.0015 
Sys. CPU time               0.0001    12     0.0003     1     0.0002 
I/O time                    0.0000     5     0.0000     1     0.0000 
Processors                      16     1         16    16         16 
                      Communic          Synchro        Variation          Overlap  
I/O             Tmin    0.0000     1     0.0000     5     0.0000     1     0.0000     1 
I/O             Tmax    0.0000    16     0.0001    13     0.0003    13     0.0000    16 
I/O             Tmid    0.0000           0.0000           0.0002           0.0000       
Reduction       Tmin    0.0001     5     0.0000     9     0.0000    12     0.0000     1 
Reduction       Tmax    0.0003    13     0.0000     1     0.0000    15     0.0000    12 
Reduction       Tmid    0.0001           0.0000           0.0000           0.0000       
Shadow          Tmin    0.0003     1     0.0009    12     0.0013    12     0.0000    13 
Shadow          Tmax    0.0054    16     0.0088    13     0.0075    13     0.0005     7 
Shadow          Tmid    0.0023           0.0037           0.0045           0.0003       
--- The execution characteristics --- 
                                1          2          3          4          5          6          7          8          9         10         11         12         13         14         15         16 
Lost time                  0.0172     0.0171     0.0172     0.0173     0.0171     0.0172     0.0171     0.0173     0.0171     0.0172     0.0171     0.0172     0.0177     0.0176     0.0177     0.0177 
User insufficient par.     0.0111     0.0122     0.0111     0.0111     0.0112     0.0111     0.0113     0.0089     0.0118     0.0111     0.0126     0.0112     0.0083     0.0088     0.0088     0.0089 
Sys.insufficient par.      0.0042     0.0035     0.0034     0.0028     0.0035     0.0030     0.0029     0.0023     0.0030     0.0024     0.0024     0.0013     0.0031     0.0024     0.0023     0.0017 
Idle time                  0.0014     0.0004     0.0014     0.0014     0.0015     0.0015     0.0015     0.0042     0.0008     0.0015     0.0000     0.0015     0.0015     0.0014     0.0014     0.0014 
Communication              0.0005     0.0011     0.0012     0.0019     0.0009     0.0016     0.0014     0.0020     0.0015     0.0021     0.0021     0.0032     0.0047     0.0051     0.0051     0.0057 
Synchronization            0.0039     0.0035     0.0033     0.0027     0.0029     0.0023     0.0019     0.0012     0.0024     0.0017     0.0015     0.0009     0.0089     0.0078     0.0077     0.0069 
Variation                  0.0066     0.0059     0.0055     0.0043     0.0054     0.0042     0.0040     0.0026     0.0044     0.0031     0.0028     0.0016     0.0078     0.0064     0.0062     0.0048 
Overlap                    0.0003     0.0002     0.0003     0.0003     0.0004     0.0004     0.0005     0.0005     0.0004     0.0003     0.0004     0.0003     0.0000     0.0000     0.0000     0.0000 
Load imbalance             0.0002     0.0000     0.0002     0.0002     0.0000     0.0001     0.0000     0.0002     0.0001     0.0001     0.0000     0.0002     0.0006     0.0006     0.0006     0.0006 
Execution time             0.0176     0.0186     0.0176     0.0176     0.0175     0.0175     0.0175     0.0149     0.0182     0.0175     0.0190     0.0175     0.0175     0.0176     0.0176     0.0176 
User CPU time              0.0015     0.0017     0.0016     0.0016     0.0017     0.0016     0.0017     0.0015     0.0017     0.0017     0.0018     0.0017     0.0011     0.0012     0.0012     0.0012 
Sys. CPU time              0.0003     0.0002     0.0002     0.0002     0.0002     0.0002     0.0002     0.0002     0.0002     0.0002     0.0002     0.0001     0.0002     0.0002     0.0002     0.0001 
I/O time                   0.0000     0.0000     0.0000     0.0000     0.0000     0.0000     0.0000     0.0000     0.0000     0.0000     0.0000     0.0000     0.0000     0.0000     0.0000     0.0000 
Processors                     16         16         16         16         16         16         16         16         16         16         16         16         16         16         16         16 
           Communication          
Reduction                  0.0001     0.0001     0.0001     0.0001     0.0001     0.0001     0.0001     0.0001     0.0001     0.0001     0.0001     0.0001     0.0003     0.0003     0.0003     0.0003 
Shadow                     0.0003     0.0009     0.0011     0.0017     0.0008     0.0014     0.0013     0.0019     0.0013     0.0020     0.0020     0.0027     0.0044     0.0048     0.0048     0.0054 
           Synchronization        
I/O                        0.0000     0.0000     0.0000     0.0000     0.0000     0.0000     0.0000     0.0000     0.0000     0.0000     0.0000     0.0000     0.0001     0.0001     0.0001     0.0001 
Reduction                  0.0000     0.0000     0.0000     0.0000     0.0000     0.0000     0.0000     0.0000     0.0000     0.0000     0.0000     0.0000     0.0000     0.0000     0.0000     0.0000 
Shadow                     0.0039     0.0034     0.0032     0.0027     0.0029     0.0023     0.0019     0.0011     0.0024     0.0017     0.0014     0.0009     0.0088     0.0077     0.0076     0.0068 
           Variation              
I/O                        0.0000     0.0002     0.0002     0.0002     0.0002     0.0002     0.0002     0.0002     0.0002     0.0002     0.0002     0.0002     0.0003     0.0003     0.0003     0.0003 
Reduction                  0.0000     0.0000     0.0000     0.0000     0.0000     0.0000     0.0000     0.0000     0.0000     0.0000     0.0000     0.0000     0.0000     0.0000     0.0000     0.0000 
Shadow                     0.0066     0.0056     0.0053     0.0040     0.0052     0.0039     0.0037     0.0024     0.0041     0.0029     0.0026     0.0013     0.0075     0.0061     0.0059     0.0046 
           Overlap                
Reduction                  0.0000     0.0000     0.0000     0.0000     0.0000     0.0000     0.0000     0.0000     0.0000     0.0000     0.0000     0.0000     0.0000     0.0000     0.0000     0.0000 
Shadow                     0.0003     0.0002     0.0003     0.0003     0.0004     0.0004     0.0005     0.0005     0.0004     0.0003     0.0004     0.0003     0.0000     0.0000     0.0000     0.0000 


-------------------------------------------------------------------------
Name (number) and performance time of processors
omp.keldysh.ru(1) 0.933930
omp.keldysh.ru(2) 0.933866
omp.keldysh.ru(3) 0.957141
omp.keldysh.ru(4) 0.957182
omp.keldysh.ru(5) 0.958724
omp.keldysh.ru(6) 0.958731
omp.keldysh.ru(7) 0.956174
omp.keldysh.ru(8) 0.956161
omp.keldysh.ru(9) 0.956743
omp.keldysh.ru(10) 0.957014
omp.keldysh.ru(11) 0.954584
omp.keldysh.ru(12) 0.954548
omp.keldysh.ru(13) 0.956509
omp.keldysh.ru(14) 0.956513
omp.keldysh.ru(15) 0.954750
omp.keldysh.ru(16) 0.954755
min - omp.keldysh.ru(2) 0.933866; max - omp.keldysh.ru(6) 0.958731; mid - 0.953583
