Processor system=3*1*6
Statistics has been accumulated on DVM-system version 5.0, platform DVM
Analyzer is executing on DVM-system version 5.0, platform DVM
-------------------------------------------------------------------------
INTERVAL ( NLINE=5 SOURCE=inoutlocal32.f ) LEVEL=0  EXE_COUNT=2
--- The main characteristics --- 
Parallelization efficiency      0.0483 
Execution time                  0.0124 
Processors                          18
Threads amount                      18
Total time                      0.2227
Productive time                 0.0107 ( CPU= 0.0098 Sys= 0.0009 I/O= 0.0000 )
Lost  time                      0.2120 
   Insufficient parallelism     0.1682 ( User= 0.1522 Sys= 0.0161 )
   Communication                0.0099 ( Real_sync= 0.0000 Starts= 0.0000 )
   Idle time                    0.0338
Load imbalance                  0.0019
Synchronization                 0.0288
Time variation                  0.0337
Overlap                         0.0000
                  Nop   Communic    Synchro  Variation    Overlap 
I/O                19     0.0000     0.0157     0.0207     0.0000 
Reduction          17     0.0099     0.0131     0.0131     0.0000 
--- The comparative characteristics --- 
                              Tmin N proc      Tmax N proc      Tmid
Lost time                   0.0117    12     0.0119    17     0.0118 
User insufficient par.      0.0073    17     0.0103    12     0.0085 
Sys.insufficient par.       0.0007    17     0.0012     1     0.0009 
Idle time                   0.0000    12     0.0027    13     0.0019 
Communication               0.0004     1     0.0013    17     0.0006 
Synchronization             0.0000     1     0.0023    14     0.0016 
Variation                   0.0000     1     0.0026    14     0.0019 
Overlap                     0.0000     2     0.0000    13     0.0000 
Load imbalance              0.0000    12     0.0002    17     0.0001 
Execution time              0.0097    13     0.0124    12     0.0105 
User CPU time               0.0005    17     0.0007    12     0.0005 
Sys. CPU time               0.0000    17     0.0001    15     0.0001 
I/O time                    0.0000     3     0.0000     1     0.0000 
Processors                      18     1         18    18         18 
                      Communic          Synchro        Variation          Overlap  
I/O             Tmin    0.0000     1     0.0000     1     0.0000     1     0.0000     1 
I/O             Tmax    0.0000    18     0.0012    14     0.0015    14     0.0000    18 
I/O             Tmid    0.0000           0.0009           0.0011           0.0000       
Reduction       Tmin    0.0004     1     0.0000    13     0.0000     1     0.0000     2 
Reduction       Tmax    0.0013    17     0.0011     8     0.0010    14     0.0000    13 
Reduction       Tmid    0.0006           0.0007           0.0007           0.0000       
--- The execution characteristics --- 
                                1          2          3          4          5          6          7          8          9         10         11         12         13         14         15         16         17         18 
Lost time                  0.0118     0.0118     0.0118     0.0118     0.0118     0.0118     0.0118     0.0117     0.0118     0.0117     0.0117     0.0117     0.0118     0.0118     0.0118     0.0118     0.0119     0.0117 
User insufficient par.     0.0076     0.0085     0.0085     0.0079     0.0078     0.0079     0.0077     0.0100     0.0078     0.0092     0.0092     0.0103     0.0076     0.0088     0.0089     0.0079     0.0073     0.0095 
Sys.insufficient par.      0.0012     0.0009     0.0009     0.0009     0.0009     0.0009     0.0009     0.0009     0.0008     0.0009     0.0009     0.0009     0.0009     0.0009     0.0009     0.0009     0.0007     0.0008 
Idle time                  0.0026     0.0019     0.0019     0.0026     0.0026     0.0026     0.0026     0.0004     0.0026     0.0011     0.0011     0.0000     0.0027     0.0015     0.0015     0.0026     0.0026     0.0008 
Communication              0.0004     0.0005     0.0005     0.0005     0.0005     0.0005     0.0006     0.0005     0.0005     0.0006     0.0004     0.0005     0.0007     0.0005     0.0004     0.0004     0.0013     0.0007 
Synchronization            0.0000     0.0023     0.0017     0.0018     0.0019     0.0018     0.0001     0.0023     0.0018     0.0018     0.0019     0.0018     0.0001     0.0023     0.0018     0.0018     0.0019     0.0018 
Variation                  0.0000     0.0026     0.0021     0.0021     0.0022     0.0021     0.0004     0.0026     0.0021     0.0021     0.0021     0.0021     0.0004     0.0026     0.0021     0.0021     0.0022     0.0021 
Overlap                    0.0000     0.0000     0.0000     0.0000     0.0000     0.0000     0.0000     0.0000     0.0000     0.0000     0.0000     0.0000     0.0000     0.0000     0.0000     0.0000     0.0000     0.0000 
Load imbalance             0.0002     0.0001     0.0001     0.0001     0.0001     0.0001     0.0002     0.0000     0.0001     0.0001     0.0001     0.0000     0.0002     0.0001     0.0001     0.0001     0.0002     0.0001 
Execution time             0.0097     0.0104     0.0104     0.0098     0.0097     0.0098     0.0098     0.0120     0.0097     0.0113     0.0112     0.0124     0.0097     0.0109     0.0109     0.0098     0.0098     0.0116 
User CPU time              0.0005     0.0005     0.0005     0.0005     0.0005     0.0005     0.0005     0.0006     0.0005     0.0006     0.0006     0.0007     0.0005     0.0006     0.0006     0.0005     0.0005     0.0006 
Sys. CPU time              0.0000     0.0001     0.0001     0.0001     0.0001     0.0000     0.0000     0.0001     0.0000     0.0001     0.0001     0.0001     0.0001     0.0001     0.0001     0.0001     0.0000     0.0000 
I/O time                   0.0000     0.0000     0.0000     0.0000     0.0000     0.0000     0.0000     0.0000     0.0000     0.0000     0.0000     0.0000     0.0000     0.0000     0.0000     0.0000     0.0000     0.0000 
Processors                     18         18         18         18         18         18         18         18         18         18         18         18         18         18         18         18         18         18 
           Communication          
Reduction                  0.0004     0.0005     0.0005     0.0005     0.0005     0.0005     0.0006     0.0005     0.0005     0.0006     0.0004     0.0005     0.0007     0.0005     0.0004     0.0004     0.0013     0.0007 
           Synchronization        
I/O                        0.0000     0.0012     0.0009     0.0010     0.0010     0.0010     0.0001     0.0012     0.0009     0.0010     0.0010     0.0010     0.0001     0.0012     0.0010     0.0010     0.0011     0.0010 
Reduction                  0.0000     0.0010     0.0008     0.0008     0.0009     0.0008     0.0000     0.0011     0.0008     0.0008     0.0009     0.0008     0.0000     0.0011     0.0008     0.0008     0.0009     0.0008 
           Variation              
I/O                        0.0000     0.0015     0.0012     0.0013     0.0013     0.0013     0.0004     0.0015     0.0012     0.0013     0.0013     0.0013     0.0004     0.0015     0.0013     0.0013     0.0014     0.0013 
Reduction                  0.0000     0.0010     0.0008     0.0008     0.0008     0.0008     0.0000     0.0010     0.0008     0.0008     0.0009     0.0008     0.0000     0.0010     0.0008     0.0008     0.0009     0.0008 
           Overlap                
Reduction                  0.0000     0.0000     0.0000     0.0000     0.0000     0.0000     0.0000     0.0000     0.0000     0.0000     0.0000     0.0000     0.0000     0.0000     0.0000     0.0000     0.0000     0.0000 


-------------------------------------------------------------------------
Name (number) and performance time of processors
omp.keldysh.ru(1) 0.933999
omp.keldysh.ru(2) 0.933892
omp.keldysh.ru(3) 0.951699
omp.keldysh.ru(4) 0.951691
omp.keldysh.ru(5) 0.953259
omp.keldysh.ru(6) 0.953204
omp.keldysh.ru(7) 0.953072
omp.keldysh.ru(8) 0.953362
omp.keldysh.ru(9) 0.933911
omp.keldysh.ru(10) 0.933916
omp.keldysh.ru(11) 0.951118
omp.keldysh.ru(12) 0.951127
omp.keldysh.ru(13) 0.950713
omp.keldysh.ru(14) 0.950709
omp.keldysh.ru(15) 0.952540
omp.keldysh.ru(16) 0.952524
omp.keldysh.ru(17) 0.951110
omp.keldysh.ru(18) 0.951079
min - omp.keldysh.ru(2) 0.933892; max - omp.keldysh.ru(8) 0.953362; mid - 0.947940
