Processor system=1*3*1*6
Statistics has been accumulated on DVM-system version 5.0, platform DVM
Analyzer is executing on DVM-system version 5.0, platform DVM
-------------------------------------------------------------------------
INTERVAL ( NLINE=7 SOURCE=rem41.f ) LEVEL=0  EXE_COUNT=2
--- The main characteristics --- 
Parallelization efficiency      0.0430 
Execution time                  0.3371 
Processors                          18
Threads amount                      18
Total time                      6.0686
Productive time                 0.2608 ( CPU= 0.0210 Sys= 0.2397 I/O= 0.0000 )
Lost  time                      5.8079 
   Insufficient parallelism     4.3129 ( User= 0.2375 Sys= 4.0754 )
   Communication                1.4620 ( Real_sync= 0.0000 Starts= 0.0000 )
   Idle time                    0.0330
Load imbalance                  0.0268
Synchronization                 2.4274
Time variation                  1.3865
Overlap                         0.0004
                  Nop   Communic    Synchro  Variation    Overlap 
I/O                17     0.0000     0.0057     0.0091     0.0000 
Reduction           8     0.0032     0.0001     0.0001     0.0000 
Remote access    4155     1.4588     2.4215     1.3773     0.0004 
--- The comparative characteristics --- 
                              Tmin N proc      Tmax N proc      Tmid
Lost time                   0.3212    12     0.3281    17     0.3227 
User insufficient par.      0.0099    17     0.0161    16     0.0132 
Sys.insufficient par.       0.1381    17     0.2523    12     0.2264 
Idle time                   0.0000    18     0.0027     1     0.0018 
Communication               0.0537    12     0.1775    17     0.0812 
Synchronization             0.0732    12     0.2206    17     0.1349 
Variation                   0.0420    12     0.1254    18     0.0770 
Overlap                     0.0000     1     0.0001    12     0.0000 
Load imbalance              0.0000    12     0.0070    17     0.0015 
Execution time              0.3345     1     0.3371    18     0.3353 
User CPU time               0.0009    17     0.0014    16     0.0012 
Sys. CPU time               0.0081    17     0.0148    12     0.0133 
I/O time                    0.0000    18     0.0000     1     0.0000 
Processors                      18     1         18    18         18 
                      Communic          Synchro        Variation          Overlap  
I/O             Tmin    0.0000     1     0.0002    13     0.0003     1     0.0000     1 
I/O             Tmax    0.0000    18     0.0005    18     0.0007    18     0.0000    18 
I/O             Tmid    0.0000           0.0003           0.0005           0.0000       
Reduction       Tmin    0.0001    15     0.0000    14     0.0000    11     0.0000     1 
Reduction       Tmax    0.0007    18     0.0000    18     0.0000    18     0.0000    14 
Reduction       Tmid    0.0002           0.0000           0.0000           0.0000       
Remote access   Tmin    0.0536    12     0.0729    12     0.0415    12     0.0000     1 
Remote access   Tmax    0.1769    17     0.2201    17     0.1247    18     0.0001    12 
Remote access   Tmid    0.0810           0.1345           0.0765           0.0000       
--- The execution characteristics --- 
                                1          2          3          4          5          6          7          8          9         10         11         12         13         14         15         16         17         18 
Lost time                  0.3223     0.3223     0.3223     0.3223     0.3228     0.3218     0.3222     0.3222     0.3221     0.3222     0.3227     0.3212     0.3215     0.3217     0.3215     0.3215     0.3281     0.3272 
User insufficient par.     0.0126     0.0125     0.0128     0.0133     0.0121     0.0133     0.0126     0.0126     0.0140     0.0125     0.0126     0.0125     0.0154     0.0137     0.0158     0.0161     0.0099     0.0131 
Sys.insufficient par.      0.2335     0.2321     0.2328     0.2322     0.2256     0.2422     0.2348     0.2343     0.2343     0.2336     0.2271     0.2523     0.2432     0.2425     0.2424     0.2426     0.1381     0.1517 
Idle time                  0.0027     0.0026     0.0026     0.0019     0.0015     0.0016     0.0026     0.0026     0.0012     0.0026     0.0012     0.0026     0.0008     0.0026     0.0008     0.0004     0.0026     0.0000 
Communication              0.0735     0.0751     0.0740     0.0748     0.0835     0.0647     0.0721     0.0727     0.0727     0.0735     0.0818     0.0537     0.0621     0.0629     0.0625     0.0625     0.1775     0.1624 
Synchronization            0.1528     0.1514     0.1473     0.1470     0.1574     0.1277     0.1303     0.1305     0.1384     0.1379     0.1178     0.0732     0.0962     0.0963     0.1010     0.1009     0.2206     0.2008 
Variation                  0.0919     0.0896     0.0876     0.0870     0.0849     0.0834     0.0718     0.0723     0.0800     0.0793     0.0465     0.0420     0.0526     0.0528     0.0597     0.0584     0.1214     0.1254 
Overlap                    0.0000     0.0000     0.0000     0.0000     0.0000     0.0000     0.0000     0.0000     0.0000     0.0000     0.0000     0.0001     0.0000     0.0000     0.0001     0.0001     0.0000     0.0000 
Load imbalance             0.0011     0.0012     0.0011     0.0011     0.0016     0.0006     0.0010     0.0010     0.0009     0.0011     0.0015     0.0000     0.0004     0.0005     0.0003     0.0003     0.0070     0.0060 
Execution time             0.3345     0.3346     0.3346     0.3352     0.3356     0.3356     0.3345     0.3345     0.3360     0.3345     0.3360     0.3345     0.3364     0.3345     0.3364     0.3368     0.3345     0.3371 
User CPU time              0.0011     0.0011     0.0012     0.0012     0.0011     0.0011     0.0011     0.0011     0.0013     0.0012     0.0011     0.0011     0.0013     0.0012     0.0014     0.0014     0.0009     0.0011 
Sys. CPU time              0.0137     0.0137     0.0137     0.0137     0.0133     0.0142     0.0138     0.0138     0.0138     0.0137     0.0134     0.0148     0.0143     0.0143     0.0143     0.0143     0.0081     0.0089 
I/O time                   0.0000     0.0000     0.0000     0.0000     0.0000     0.0000     0.0000     0.0000     0.0000     0.0000     0.0000     0.0000     0.0000     0.0000     0.0000     0.0000     0.0000     0.0000 
Processors                     18         18         18         18         18         18         18         18         18         18         18         18         18         18         18         18         18         18 
           Communication          
Reduction                  0.0001     0.0001     0.0002     0.0002     0.0002     0.0002     0.0001     0.0001     0.0001     0.0001     0.0001     0.0001     0.0001     0.0001     0.0001     0.0001     0.0007     0.0007 
Remote access              0.0733     0.0750     0.0739     0.0747     0.0834     0.0646     0.0720     0.0726     0.0725     0.0734     0.0817     0.0536     0.0620     0.0628     0.0624     0.0624     0.1769     0.1617 
           Synchronization        
I/O                        0.0003     0.0004     0.0003     0.0003     0.0003     0.0003     0.0002     0.0002     0.0003     0.0003     0.0003     0.0003     0.0002     0.0002     0.0002     0.0002     0.0005     0.0005 
Reduction                  0.0000     0.0000     0.0000     0.0000     0.0000     0.0000     0.0000     0.0000     0.0000     0.0000     0.0000     0.0000     0.0000     0.0000     0.0000     0.0000     0.0000     0.0000 
Remote access              0.1524     0.1511     0.1469     0.1466     0.1571     0.1273     0.1300     0.1302     0.1380     0.1376     0.1175     0.0729     0.0960     0.0961     0.1008     0.1007     0.2201     0.2003 
           Variation              
I/O                        0.0003     0.0006     0.0006     0.0005     0.0006     0.0006     0.0005     0.0004     0.0005     0.0005     0.0005     0.0005     0.0004     0.0004     0.0004     0.0004     0.0007     0.0007 
Reduction                  0.0000     0.0000     0.0000     0.0000     0.0000     0.0000     0.0000     0.0000     0.0000     0.0000     0.0000     0.0000     0.0000     0.0000     0.0000     0.0000     0.0000     0.0000 
Remote access              0.0916     0.0890     0.0870     0.0865     0.0844     0.0829     0.0713     0.0718     0.0795     0.0787     0.0460     0.0415     0.0522     0.0524     0.0592     0.0579     0.1206     0.1247 
           Overlap                
Reduction                  0.0000     0.0000     0.0000     0.0000     0.0000     0.0000     0.0000     0.0000     0.0000     0.0000     0.0000     0.0000     0.0000     0.0000     0.0000     0.0000     0.0000     0.0000 
Remote access              0.0000     0.0000     0.0000     0.0000     0.0000     0.0000     0.0000     0.0000     0.0000     0.0000     0.0000     0.0001     0.0000     0.0000     0.0001     0.0001     0.0000     0.0000 


-------------------------------------------------------------------------
Name (number) and performance time of processors
omp.keldysh.ru(1) 0.935401
omp.keldysh.ru(2) 0.935319
omp.keldysh.ru(3) 0.958557
omp.keldysh.ru(4) 0.958569
omp.keldysh.ru(5) 0.958928
omp.keldysh.ru(6) 0.958612
omp.keldysh.ru(7) 0.935380
omp.keldysh.ru(8) 0.935365
omp.keldysh.ru(9) 0.955860
omp.keldysh.ru(10) 0.955865
omp.keldysh.ru(11) 0.953117
omp.keldysh.ru(12) 0.953123
omp.keldysh.ru(13) 0.935418
omp.keldysh.ru(14) 0.935371
omp.keldysh.ru(15) 0.957459
omp.keldysh.ru(16) 0.957451
omp.keldysh.ru(17) 0.958859
omp.keldysh.ru(18) 0.958839
min - omp.keldysh.ru(2) 0.935319; max - omp.keldysh.ru(5) 0.958928; mid - 0.949861
