Processor system=1*4*4
Statistics has been accumulated on DVM-system version 5.0, platform DVM
Analyzer is executing on DVM-system version 5.0, platform DVM
-------------------------------------------------------------------------
INTERVAL ( NLINE=7 SOURCE=d_sor3d.f ) LEVEL=0  EXE_COUNT=1
--- The main characteristics --- 
Parallelization efficiency      0.6187 
Execution time                 14.8314 
Processors                          16
Threads amount                      16
Total time                    237.3018
Productive time               146.8295 ( CPU= 146.4492 Sys= 0.3797 I/O= 0.0005 )
Lost  time                     90.4724 
   Insufficient parallelism     6.0663 ( User= 0.3624 Sys= 5.7040 )
   Communication               84.3796 ( Real_sync= 0.0023 Starts= 0.0000 )
   Idle time                    0.0265
Load imbalance                 31.3931
Synchronization                 2.3887
Time variation                  3.2497
Overlap                         0.0009
                  Nop   Communic  Real_sync    Synchro  Variation    Overlap 
I/O               107     0.0000     0.0000     0.0109     0.0972     0.0000 
Reduction         100    39.6587     0.0000     0.0052     0.0050     0.0004 
Shadow            102    44.6376     0.0000     2.3727     3.1475     0.0005 
--- The comparative characteristics --- 
                              Tmin N proc      Tmax N proc      Tmid
Lost time                   3.6925    11     7.8774    14     5.6545 
User insufficient par.      0.0197    14     0.0261     1     0.0226 
Sys.insufficient par.       0.1879    16     0.4654     6     0.3565 
Idle time                   0.0000    10     0.0040    15     0.0017 
Communication               3.3086    11     7.5858    13     5.2737 
Real synchronization        0.0000    10     0.0005    14     0.0001 
Synchronization             0.0660    12     0.3421     1     0.1493 
Variation                   0.0910    12     0.3587     1     0.2031 
Overlap                     0.0000     4     0.0003     7     0.0001 
Load imbalance              0.0000    11     4.1849    14     1.9621 
Execution time             14.8274    15    14.8314    10    14.8297 
User CPU time               6.9361    14    11.1147    11     9.1531 
Sys. CPU time               0.0125    16     0.0310     6     0.0237 
I/O time                    0.0000    14     0.0004     1     0.0000 
Processors                      16     1         16    16         16 
                      Communic        Real_sync          Synchro        Variation          Overlap  
I/O             Tmin    0.0000     1     0.0000     1     0.0002     9     0.0000     1     0.0000     1 
I/O             Tmax    0.0000    16     0.0000    16     0.0013    16     0.0070    16     0.0000    16 
I/O             Tmid    0.0000           0.0000           0.0007           0.0061           0.0000       
Reduction       Tmin    0.0015    16     0.0000     1     0.0000     7     0.0000     7     0.0000     4 
Reduction       Tmax    6.0106     1     0.0000    16     0.0006    16     0.0006    16     0.0001     7 
Reduction       Tmid    2.4787           0.0000           0.0003           0.0003           0.0000       
Shadow          Tmin    0.1902     1     0.0000     1     0.0643    12     0.0835    12     0.0000     1 
Shadow          Tmax    7.5177    16     0.0000    16     0.3415     1     0.3584     1     0.0001     7 
Shadow          Tmid    2.7898           0.0000           0.1483           0.1967           0.0000       
--- The execution characteristics --- 
                                1          2          3          4          5          6          7          8          9         10         11         12         13         14         15         16 
Lost time                  6.5852     6.6575     6.1238     6.6284     4.2063     4.2761     3.8997     4.2663     4.3943     4.3656     3.6925     4.2933     7.8495     7.8774     7.6164     7.7401 
User insufficient par.     0.0261     0.0236     0.0251     0.0251     0.0234     0.0220     0.0213     0.0244     0.0230     0.0215     0.0214     0.0242     0.0208     0.0197     0.0200     0.0210 
Sys.insufficient par.      0.3580     0.3966     0.3800     0.3083     0.4404     0.4654     0.4446     0.3930     0.4144     0.4350     0.3625     0.3608     0.2389     0.2684     0.2498     0.1879 
Idle time                  0.0000     0.0020     0.0000     0.0034     0.0024     0.0000     0.0000     0.0000     0.0027     0.0000     0.0000     0.0000     0.0040     0.0039     0.0040     0.0039 
Communication              6.2010     6.2353     5.7187     6.2917     3.7401     3.7887     3.4338     3.8488     3.9543     3.9091     3.3086     3.9083     7.5858     7.5854     7.3426     7.5273 
Real synchronization       0.0000     0.0000     0.0000     0.0000     0.0000     0.0000     0.0000     0.0000     0.0000     0.0000     0.0000     0.0000     0.0005     0.0005     0.0005     0.0005 
Synchronization            0.3421     0.2237     0.1839     0.1565     0.2049     0.1250     0.0933     0.0834     0.1815     0.0987     0.0707     0.0660     0.2060     0.1371     0.1124     0.1035 
Variation                  0.3587     0.3019     0.2431     0.2249     0.2820     0.2133     0.1601     0.1344     0.2326     0.1630     0.1124     0.0910     0.2629     0.1946     0.1440     0.1308 
Overlap                    0.0000     0.0000     0.0000     0.0000     0.0001     0.0001     0.0003     0.0000     0.0001     0.0001     0.0001     0.0000     0.0000     0.0000     0.0000     0.0000 
Load imbalance             2.8931     2.9650     2.4313     2.9360     0.5138     0.5836     0.2073     0.5738     0.7019     0.6732     0.0000     0.6008     4.1570     4.1849     3.9239     4.0476 
Execution time            14.8313    14.8294    14.8313    14.8280    14.8290    14.8313    14.8313    14.8313    14.8286    14.8314    14.8314    14.8314    14.8274    14.8274    14.8274    14.8274 
User CPU time              8.2223     8.1474     8.6822     8.1824    10.5957    10.5242    10.9020    10.5389    10.4094    10.4367    11.1147    10.5140     6.9660     6.9361     7.1983     7.0787 
Sys. CPU time              0.0235     0.0264     0.0253     0.0205     0.0294     0.0310     0.0296     0.0262     0.0276     0.0290     0.0242     0.0240     0.0159     0.0179     0.0166     0.0125 
I/O time                   0.0004     0.0000     0.0000     0.0000     0.0000     0.0000     0.0000     0.0000     0.0000     0.0000     0.0000     0.0000     0.0000     0.0000     0.0000     0.0000 
Processors                     16         16         16         16         16         16         16         16         16         16         16         16         16         16         16         16 
           Communication          
Reduction                  6.0106     5.2268     4.4325     3.6865     3.4356     2.7381     2.0216     1.3279     2.7359     2.0319     1.3099     0.6319     2.0695     1.3524     0.6461     0.0015 
Shadow                     0.1902     1.0084     1.2860     2.6051     0.3042     1.0504     1.4120     2.5207     1.2182     1.8772     1.9497     3.2761     5.5083     6.2249     6.6885     7.5177 
           Real synchronization   
           Synchronization        
I/O                        0.0004     0.0007     0.0004     0.0007     0.0002     0.0007     0.0003     0.0007     0.0002     0.0006     0.0003     0.0012     0.0010     0.0011     0.0012     0.0013 
Reduction                  0.0003     0.0004     0.0002     0.0004     0.0001     0.0003     0.0000     0.0003     0.0001     0.0003     0.0001     0.0006     0.0005     0.0004     0.0005     0.0006 
Shadow                     0.3415     0.2225     0.1834     0.1554     0.2046     0.1240     0.0930     0.0824     0.1813     0.0977     0.0703     0.0643     0.2045     0.1356     0.1106     0.1016 
           Variation              
I/O                        0.0000     0.0065     0.0061     0.0065     0.0060     0.0064     0.0061     0.0064     0.0059     0.0064     0.0061     0.0070     0.0068     0.0069     0.0070     0.0070 
Reduction                  0.0002     0.0004     0.0001     0.0004     0.0001     0.0003     0.0000     0.0003     0.0001     0.0003     0.0001     0.0005     0.0005     0.0004     0.0005     0.0006 
Shadow                     0.3584     0.2950     0.2368     0.2180     0.2759     0.2065     0.1540     0.1277     0.2266     0.1562     0.1062     0.0835     0.2556     0.1872     0.1365     0.1232 
           Overlap                
Reduction                  0.0000     0.0000     0.0000     0.0000     0.0001     0.0000     0.0001     0.0000     0.0001     0.0000     0.0001     0.0000     0.0000     0.0000     0.0000     0.0000 
Shadow                     0.0000     0.0000     0.0000     0.0000     0.0000     0.0001     0.0001     0.0000     0.0000     0.0001     0.0001     0.0000     0.0000     0.0000     0.0000     0.0000 


-------------------------------------------------------------------------
Name (number) and performance time of processors
omp.keldysh.ru(1) 0.933827
omp.keldysh.ru(2) 0.933749
omp.keldysh.ru(3) 0.955080
omp.keldysh.ru(4) 0.955066
omp.keldysh.ru(5) 0.954200
omp.keldysh.ru(6) 0.954186
omp.keldysh.ru(7) 0.955176
omp.keldysh.ru(8) 0.955167
omp.keldysh.ru(9) 0.956499
omp.keldysh.ru(10) 0.956498
omp.keldysh.ru(11) 0.933954
omp.keldysh.ru(12) 0.933950
omp.keldysh.ru(13) 0.949416
omp.keldysh.ru(14) 0.949403
omp.keldysh.ru(15) 0.955613
omp.keldysh.ru(16) 0.955317
min - omp.keldysh.ru(2) 0.933749; max - omp.keldysh.ru(9) 0.956499; mid - 0.949194
