Processor system=2*2*2*2
Statistics has been accumulated on DVM-system version 5.0, platform DVM
Analyzer is executing on DVM-system version 5.0, platform DVM
-------------------------------------------------------------------------
INTERVAL ( NLINE=7 SOURCE=reda41.f ) LEVEL=0  EXE_COUNT=1
--- The main characteristics --- 
Parallelization efficiency      0.0585 
Execution time                  0.0049 
Processors                          16
Threads amount                      16
Total time                      0.0783
Productive time                 0.0046 ( CPU= 0.0041 Sys= 0.0004 I/O= 0.0000 )
Lost  time                      0.0737 
   Insufficient parallelism     0.0637 ( User= 0.0568 Sys= 0.0069 )
   Communication                0.0065 ( Real_sync= 0.0000 Starts= 0.0000 )
   Idle time                    0.0035
Load imbalance                  0.0004
Synchronization                 0.0060
Time variation                  0.0051
Overlap                         0.0001
                  Nop   Communic    Synchro  Variation    Overlap 
I/O                 6     0.0000     0.0009     0.0033     0.0000 
Reduction           4     0.0026     0.0005     0.0004     0.0001 
Remote access      21     0.0039     0.0046     0.0013     0.0000 
--- The comparative characteristics --- 
                              Tmin N proc      Tmax N proc      Tmid
Lost time                   0.0046     1     0.0047     7     0.0046 
User insufficient par.      0.0023     7     0.0038     4     0.0036 
Sys.insufficient par.       0.0003    15     0.0006     1     0.0004 
Idle time                   0.0000    15     0.0016     6     0.0002 
Communication               0.0003     1     0.0007    15     0.0004 
Synchronization             0.0001     1     0.0006    14     0.0004 
Variation                   0.0001     1     0.0004     2     0.0003 
Overlap                     0.0000    13     0.0000     1     0.0000 
Load imbalance              0.0000     2     0.0001     7     0.0000 
Execution time              0.0033     6     0.0049    15     0.0047 
User CPU time               0.0002     7     0.0003     2     0.0003 
Sys. CPU time               0.0000    15     0.0000     3     0.0000 
I/O time                    0.0000    11     0.0000     1     0.0000 
Processors                      16     1         16    16         16 
                      Communic          Synchro        Variation          Overlap  
I/O             Tmin    0.0000     1     0.0000    16     0.0000     1     0.0000     1 
I/O             Tmax    0.0000    16     0.0001     2     0.0002     2     0.0000    16 
I/O             Tmid    0.0000           0.0001           0.0002           0.0000       
Reduction       Tmin    0.0001     3     0.0000    11     0.0000    16     0.0000    13 
Reduction       Tmax    0.0002    14     0.0001    14     0.0000     1     0.0000     7 
Reduction       Tmid    0.0002           0.0000           0.0000           0.0000       
Remote access   Tmin    0.0001     1     0.0000     1     0.0000     1     0.0000     2 
Remote access   Tmax    0.0005    15     0.0005    14     0.0001     2     0.0000     1 
Remote access   Tmid    0.0002           0.0003           0.0001           0.0000       
--- The execution characteristics --- 
                                1          2          3          4          5          6          7          8          9         10         11         12         13         14         15         16 
Lost time                  0.0046     0.0046     0.0046     0.0046     0.0046     0.0047     0.0047     0.0046     0.0046     0.0046     0.0046     0.0046     0.0046     0.0046     0.0046     0.0046 
User insufficient par.     0.0037     0.0037     0.0038     0.0038     0.0037     0.0023     0.0023     0.0037     0.0038     0.0038     0.0038     0.0038     0.0036     0.0036     0.0036     0.0036 
Sys.insufficient par.      0.0006     0.0005     0.0005     0.0004     0.0005     0.0004     0.0004     0.0004     0.0004     0.0004     0.0004     0.0004     0.0004     0.0003     0.0003     0.0004 
Idle time                  0.0000     0.0000     0.0000     0.0000     0.0001     0.0016     0.0016     0.0001     0.0000     0.0000     0.0000     0.0000     0.0000     0.0000     0.0000     0.0000 
Communication              0.0003     0.0004     0.0003     0.0003     0.0003     0.0003     0.0004     0.0004     0.0003     0.0003     0.0003     0.0003     0.0006     0.0007     0.0007     0.0006 
Synchronization            0.0001     0.0004     0.0003     0.0003     0.0004     0.0003     0.0003     0.0004     0.0003     0.0003     0.0002     0.0003     0.0006     0.0006     0.0006     0.0005 
Variation                  0.0001     0.0004     0.0004     0.0004     0.0004     0.0004     0.0004     0.0004     0.0003     0.0003     0.0003     0.0003     0.0003     0.0003     0.0003     0.0003 
Overlap                    0.0000     0.0000     0.0000     0.0000     0.0000     0.0000     0.0000     0.0000     0.0000     0.0000     0.0000     0.0000     0.0000     0.0000     0.0000     0.0000 
Load imbalance             0.0000     0.0000     0.0000     0.0000     0.0000     0.0001     0.0001     0.0000     0.0000     0.0000     0.0000     0.0000     0.0000     0.0000     0.0000     0.0000 
Execution time             0.0049     0.0049     0.0049     0.0049     0.0048     0.0033     0.0033     0.0048     0.0049     0.0049     0.0049     0.0049     0.0049     0.0049     0.0049     0.0049 
User CPU time              0.0003     0.0003     0.0003     0.0003     0.0003     0.0002     0.0002     0.0003     0.0003     0.0003     0.0003     0.0003     0.0003     0.0003     0.0003     0.0003 
Sys. CPU time              0.0000     0.0000     0.0000     0.0000     0.0000     0.0000     0.0000     0.0000     0.0000     0.0000     0.0000     0.0000     0.0000     0.0000     0.0000     0.0000 
I/O time                   0.0000     0.0000     0.0000     0.0000     0.0000     0.0000     0.0000     0.0000     0.0000     0.0000     0.0000     0.0000     0.0000     0.0000     0.0000     0.0000 
Processors                     16         16         16         16         16         16         16         16         16         16         16         16         16         16         16         16 
           Communication          
Reduction                  0.0001     0.0002     0.0001     0.0001     0.0001     0.0002     0.0002     0.0002     0.0002     0.0001     0.0002     0.0002     0.0002     0.0002     0.0002     0.0002 
Remote access              0.0001     0.0002     0.0001     0.0001     0.0002     0.0002     0.0002     0.0002     0.0002     0.0002     0.0002     0.0002     0.0004     0.0005     0.0005     0.0004 
           Synchronization        
I/O                        0.0001     0.0001     0.0001     0.0001     0.0001     0.0001     0.0001     0.0001     0.0000     0.0000     0.0000     0.0000     0.0001     0.0001     0.0000     0.0000 
Reduction                  0.0000     0.0000     0.0000     0.0000     0.0000     0.0000     0.0000     0.0000     0.0000     0.0000     0.0000     0.0000     0.0001     0.0001     0.0000     0.0001 
Remote access              0.0000     0.0003     0.0002     0.0002     0.0003     0.0003     0.0003     0.0003     0.0002     0.0002     0.0002     0.0002     0.0005     0.0005     0.0005     0.0004 
           Variation              
I/O                        0.0000     0.0002     0.0002     0.0002     0.0002     0.0002     0.0002     0.0002     0.0002     0.0002     0.0002     0.0002     0.0002     0.0002     0.0002     0.0002 
Reduction                  0.0000     0.0000     0.0000     0.0000     0.0000     0.0000     0.0000     0.0000     0.0000     0.0000     0.0000     0.0000     0.0000     0.0000     0.0000     0.0000 
Remote access              0.0000     0.0001     0.0001     0.0001     0.0001     0.0001     0.0001     0.0001     0.0001     0.0001     0.0001     0.0001     0.0001     0.0001     0.0001     0.0000 
           Overlap                
Reduction                  0.0000     0.0000     0.0000     0.0000     0.0000     0.0000     0.0000     0.0000     0.0000     0.0000     0.0000     0.0000     0.0000     0.0000     0.0000     0.0000 
Remote access              0.0000     0.0000     0.0000     0.0000     0.0000     0.0000     0.0000     0.0000     0.0000     0.0000     0.0000     0.0000     0.0000     0.0000     0.0000     0.0000 


-------------------------------------------------------------------------
Name (number) and performance time of processors
omp.keldysh.ru(1) 0.935384
omp.keldysh.ru(2) 0.935316
omp.keldysh.ru(3) 0.962137
omp.keldysh.ru(4) 0.961876
omp.keldysh.ru(5) 0.957948
omp.keldysh.ru(6) 0.957946
omp.keldysh.ru(7) 0.959255
omp.keldysh.ru(8) 0.959239
omp.keldysh.ru(9) 0.935539
omp.keldysh.ru(10) 0.935546
omp.keldysh.ru(11) 0.958266
omp.keldysh.ru(12) 0.958297
omp.keldysh.ru(13) 0.959424
omp.keldysh.ru(14) 0.959425
omp.keldysh.ru(15) 0.960361
omp.keldysh.ru(16) 0.960358
min - omp.keldysh.ru(2) 0.935316; max - omp.keldysh.ru(3) 0.962137; mid - 0.953520
