Processor system=6*1*1*3
Statistics has been accumulated on DVM-system version 5.0, platform DVM
Analyzer is executing on DVM-system version 5.0, platform DVM
-------------------------------------------------------------------------
INTERVAL ( NLINE=7 SOURCE=acr42.f ) LEVEL=0  EXE_COUNT=2
--- The main characteristics --- 
Parallelization efficiency      0.0530 
Execution time                  0.8803 
Processors                          18
Threads amount                      18
Total time                     15.8446
Productive time                 0.8405 ( CPU= 0.8331 Sys= 0.0074 I/O= 0.0000 )
Lost  time                     15.0041 
   Insufficient parallelism    14.2892 ( User= 14.1625 Sys= 0.1267 )
   Communication                0.0050 ( Real_sync= 0.0000 Starts= 0.0000 )
   Idle time                    0.7099
Load imbalance                  0.0395
Synchronization                 4.5851
Time variation                  4.5869
Overlap                         0.0033
                  Nop   Communic    Synchro  Variation    Overlap 
I/O                12     0.0000     1.4295     1.4313     0.0000 
Reduction          10     0.0050     0.7332     0.7332     0.0000 
Shadow             28     0.0000     2.4224     2.4224     0.0033 
--- The comparative characteristics --- 
                              Tmin N proc      Tmax N proc      Tmid
Lost time                   0.8314    15     0.8485    18     0.8336 
User insufficient par.      0.5363    18     0.8230    15     0.7868 
Sys.insufficient par.       0.0029    17     0.0112     1     0.0070 
Idle time                   0.0000    15     0.3080    18     0.0394 
Communication               0.0002    16     0.0004    17     0.0003 
Synchronization             0.0026    16     1.8919    18     0.2547 
Variation                   0.0027    16     1.8920    18     0.2548 
Overlap                     0.0000    17     0.0004    10     0.0002 
Load imbalance              0.0000    15     0.0171    18     0.0022 
Execution time              0.5722    18     0.8803    15     0.8408 
User CPU time               0.0315    18     0.0484    15     0.0463 
Sys. CPU time               0.0002    17     0.0006     1     0.0004 
I/O time                    0.0000     8     0.0000     1     0.0000 
Processors                      18     1         18    18         18 
                      Communic          Synchro        Variation          Overlap  
I/O             Tmin    0.0000     1     0.0005    16     0.0006    16     0.0000     1 
I/O             Tmax    0.0000    18     0.6218    18     0.6219    18     0.0000    18 
I/O             Tmid    0.0000           0.0794           0.0795           0.0000       
Reduction       Tmin    0.0002    16     0.0005    16     0.0005    16     0.0000     1 
Reduction       Tmax    0.0004    17     0.3131    18     0.3131    18     0.0000    16 
Reduction       Tmid    0.0003           0.0407           0.0407           0.0000       
Shadow          Tmin    0.0000     1     0.0016    16     0.0016    16     0.0000    17 
Shadow          Tmax    0.0000    18     0.9570    18     0.9570    18     0.0004    10 
Shadow          Tmid    0.0000           0.1346           0.1346           0.0002       
--- The execution characteristics --- 
                                1          2          3          4          5          6          7          8          9         10         11         12         13         14         15         16         17         18 
Lost time                  0.8323     0.8318     0.8317     0.8316     0.8318     0.8317     0.8315     0.8316     0.8317     0.8315     0.8317     0.8317     0.8323     0.8318     0.8314     0.8315     0.8482     0.8485 
User insufficient par.     0.8046     0.8184     0.8184     0.8187     0.8176     0.8190     0.8195     0.8193     0.8189     0.8209     0.8197     0.8181     0.8085     0.8181     0.8230     0.8218     0.5418     0.5363 
Sys.insufficient par.      0.0112     0.0061     0.0079     0.0083     0.0062     0.0061     0.0087     0.0085     0.0059     0.0084     0.0062     0.0074     0.0074     0.0057     0.0081     0.0079     0.0029     0.0038 
Idle time                  0.0162     0.0070     0.0051     0.0044     0.0078     0.0063     0.0030     0.0035     0.0066     0.0020     0.0055     0.0059     0.0162     0.0078     0.0000     0.0016     0.3031     0.3080 
Communication              0.0003     0.0003     0.0003     0.0003     0.0003     0.0003     0.0003     0.0003     0.0003     0.0003     0.0003     0.0003     0.0003     0.0003     0.0002     0.0002     0.0004     0.0004 
Synchronization            0.1234     0.0615     0.0491     0.0374     0.0706     0.0768     0.0234     0.0308     0.0605     0.0039     0.0561     0.0468     0.1146     0.0804     0.0068     0.0026     1.8486     1.8919 
Variation                  0.1230     0.0616     0.0493     0.0375     0.0707     0.0770     0.0235     0.0310     0.0607     0.0040     0.0562     0.0469     0.1147     0.0805     0.0069     0.0027     1.8487     1.8920 
Overlap                    0.0002     0.0001     0.0001     0.0001     0.0001     0.0001     0.0002     0.0001     0.0002     0.0004     0.0002     0.0003     0.0003     0.0003     0.0002     0.0002     0.0000     0.0000 
Load imbalance             0.0009     0.0004     0.0003     0.0002     0.0004     0.0004     0.0002     0.0002     0.0004     0.0001     0.0003     0.0003     0.0009     0.0004     0.0000     0.0001     0.0168     0.0171 
Execution time             0.8641     0.8732     0.8752     0.8759     0.8725     0.8740     0.8773     0.8768     0.8736     0.8783     0.8748     0.8744     0.8641     0.8725     0.8803     0.8787     0.5771     0.5722 
User CPU time              0.0473     0.0481     0.0481     0.0482     0.0481     0.0482     0.0482     0.0482     0.0482     0.0483     0.0482     0.0481     0.0476     0.0481     0.0484     0.0483     0.0319     0.0315 
Sys. CPU time              0.0006     0.0004     0.0005     0.0005     0.0004     0.0004     0.0005     0.0005     0.0003     0.0005     0.0004     0.0004     0.0004     0.0003     0.0005     0.0005     0.0002     0.0002 
I/O time                   0.0000     0.0000     0.0000     0.0000     0.0000     0.0000     0.0000     0.0000     0.0000     0.0000     0.0000     0.0000     0.0000     0.0000     0.0000     0.0000     0.0000     0.0000 
Processors                     18         18         18         18         18         18         18         18         18         18         18         18         18         18         18         18         18         18 
           Communication          
Reduction                  0.0003     0.0003     0.0003     0.0003     0.0003     0.0003     0.0003     0.0003     0.0003     0.0003     0.0003     0.0003     0.0003     0.0003     0.0002     0.0002     0.0004     0.0004 
           Synchronization        
I/O                        0.0380     0.0141     0.0083     0.0063     0.0158     0.0182     0.0033     0.0044     0.0131     0.0012     0.0110     0.0086     0.0341     0.0212     0.0010     0.0005     0.6088     0.6218 
Reduction                  0.0209     0.0081     0.0056     0.0044     0.0091     0.0099     0.0029     0.0034     0.0073     0.0009     0.0064     0.0052     0.0176     0.0108     0.0008     0.0005     0.3064     0.3131 
Shadow                     0.0645     0.0393     0.0352     0.0268     0.0457     0.0488     0.0172     0.0230     0.0401     0.0017     0.0387     0.0330     0.0630     0.0483     0.0051     0.0016     0.9334     0.9570 
           Variation              
I/O                        0.0376     0.0142     0.0085     0.0064     0.0159     0.0183     0.0034     0.0046     0.0132     0.0013     0.0111     0.0087     0.0342     0.0213     0.0011     0.0006     0.6089     0.6219 
Reduction                  0.0209     0.0081     0.0056     0.0044     0.0091     0.0099     0.0029     0.0034     0.0073     0.0009     0.0064     0.0052     0.0175     0.0108     0.0008     0.0005     0.3064     0.3131 
Shadow                     0.0645     0.0393     0.0352     0.0268     0.0457     0.0488     0.0172     0.0230     0.0401     0.0017     0.0387     0.0330     0.0630     0.0483     0.0051     0.0016     0.9334     0.9570 
           Overlap                
Reduction                  0.0000     0.0000     0.0000     0.0000     0.0000     0.0000     0.0000     0.0000     0.0000     0.0000     0.0000     0.0000     0.0000     0.0000     0.0000     0.0000     0.0000     0.0000 
Shadow                     0.0002     0.0001     0.0001     0.0001     0.0001     0.0001     0.0002     0.0001     0.0002     0.0004     0.0002     0.0003     0.0003     0.0003     0.0002     0.0002     0.0000     0.0000 


-------------------------------------------------------------------------
Name (number) and performance time of processors
omp.keldysh.ru(1) 0.933951
omp.keldysh.ru(2) 0.933904
omp.keldysh.ru(3) 0.956946
omp.keldysh.ru(4) 0.957735
omp.keldysh.ru(5) 0.956531
omp.keldysh.ru(6) 0.956448
omp.keldysh.ru(7) 0.958875
omp.keldysh.ru(8) 0.958897
omp.keldysh.ru(9) 0.956303
omp.keldysh.ru(10) 0.955995
omp.keldysh.ru(11) 0.958241
omp.keldysh.ru(12) 0.958247
omp.keldysh.ru(13) 0.957886
omp.keldysh.ru(14) 0.957886
omp.keldysh.ru(15) 0.957963
omp.keldysh.ru(16) 0.957962
omp.keldysh.ru(17) 0.956288
omp.keldysh.ru(18) 0.956245
min - omp.keldysh.ru(2) 0.933904; max - omp.keldysh.ru(8) 0.958897; mid - 0.954795
