Processor system=3*6*1
Statistics has been accumulated on DVM-system version 5.0, platform DVM
Analyzer is executing on DVM-system version 5.0, platform DVM
-------------------------------------------------------------------------
INTERVAL ( NLINE=5 SOURCE=inoutlocal31.f ) LEVEL=0  EXE_COUNT=2
--- The main characteristics --- 
Parallelization efficiency      0.0687 
Execution time                  0.0122 
Processors                          18
Threads amount                      18
Total time                      0.2205
Productive time                 0.0152 ( CPU= 0.0142 Sys= 0.0009 I/O= 0.0000 )
Lost  time                      0.2053 
   Insufficient parallelism     0.1578 ( User= 0.1415 Sys= 0.0164 )
   Communication                0.0092 ( Real_sync= 0.0000 Starts= 0.0000 )
   Idle time                    0.0383
Load imbalance                  0.0029
Synchronization                 0.0007
Time variation                  0.0049
Overlap                         0.0000
                  Nop   Communic    Synchro  Variation    Overlap 
I/O                19     0.0000     0.0005     0.0047     0.0000 
Reduction          17     0.0092     0.0002     0.0001     0.0000 
--- The comparative characteristics --- 
                              Tmin N proc      Tmax N proc      Tmid
Lost time                   0.0112     9     0.0117    13     0.0114 
User insufficient par.      0.0066    17     0.0099     9     0.0079 
Sys.insufficient par.       0.0007    17     0.0011    18     0.0009 
Idle time                   0.0000     9     0.0031    10     0.0021 
Communication               0.0002    18     0.0012    17     0.0005 
Synchronization             0.0000    15     0.0001    17     0.0000 
Variation                   0.0000     1     0.0003    17     0.0003 
Overlap                     0.0000     1     0.0000    15     0.0000 
Load imbalance              0.0000     9     0.0004    13     0.0002 
Execution time              0.0092    10     0.0122     9     0.0101 
User CPU time               0.0005    13     0.0009     9     0.0008 
Sys. CPU time               0.0000    17     0.0001    18     0.0001 
I/O time                    0.0000     7     0.0000     1     0.0000 
Processors                      18     1         18    18         18 
                      Communic          Synchro        Variation          Overlap  
I/O             Tmin    0.0000     1     0.0000    10     0.0000     1     0.0000     1 
I/O             Tmax    0.0000    18     0.0001    17     0.0003    17     0.0000    18 
I/O             Tmid    0.0000           0.0000           0.0003           0.0000       
Reduction       Tmin    0.0002    18     0.0000    15     0.0000    15     0.0000     1 
Reduction       Tmax    0.0012    17     0.0000     4     0.0000     4     0.0000    15 
Reduction       Tmid    0.0005           0.0000           0.0000           0.0000       
--- The execution characteristics --- 
                                1          2          3          4          5          6          7          8          9         10         11         12         13         14         15         16         17         18 
Lost time                  0.0116     0.0114     0.0114     0.0114     0.0113     0.0114     0.0116     0.0113     0.0112     0.0114     0.0114     0.0114     0.0117     0.0114     0.0113     0.0113     0.0115     0.0113 
User insufficient par.     0.0074     0.0077     0.0072     0.0071     0.0085     0.0072     0.0082     0.0091     0.0099     0.0070     0.0071     0.0071     0.0068     0.0080     0.0081     0.0095     0.0066     0.0089 
Sys.insufficient par.      0.0011     0.0009     0.0008     0.0009     0.0009     0.0009     0.0009     0.0009     0.0009     0.0009     0.0009     0.0009     0.0009     0.0009     0.0009     0.0010     0.0007     0.0011 
Idle time                  0.0024     0.0023     0.0030     0.0030     0.0016     0.0030     0.0016     0.0008     0.0000     0.0031     0.0030     0.0030     0.0030     0.0019     0.0020     0.0004     0.0030     0.0012 
Communication              0.0008     0.0004     0.0004     0.0004     0.0003     0.0003     0.0009     0.0005     0.0004     0.0004     0.0004     0.0004     0.0009     0.0005     0.0004     0.0004     0.0012     0.0002 
Synchronization            0.0000     0.0000     0.0000     0.0000     0.0000     0.0000     0.0000     0.0001     0.0000     0.0000     0.0001     0.0000     0.0000     0.0000     0.0000     0.0000     0.0001     0.0000 
Variation                  0.0000     0.0003     0.0003     0.0003     0.0003     0.0003     0.0003     0.0003     0.0003     0.0003     0.0003     0.0003     0.0003     0.0003     0.0003     0.0003     0.0003     0.0003 
Overlap                    0.0000     0.0000     0.0000     0.0000     0.0000     0.0000     0.0000     0.0000     0.0000     0.0000     0.0000     0.0000     0.0000     0.0000     0.0000     0.0000     0.0000     0.0000 
Load imbalance             0.0004     0.0001     0.0002     0.0002     0.0001     0.0002     0.0003     0.0000     0.0000     0.0002     0.0002     0.0002     0.0004     0.0001     0.0001     0.0000     0.0003     0.0001 
Execution time             0.0099     0.0099     0.0092     0.0092     0.0107     0.0092     0.0107     0.0115     0.0122     0.0092     0.0093     0.0093     0.0092     0.0103     0.0103     0.0119     0.0092     0.0111 
User CPU time              0.0006     0.0008     0.0008     0.0008     0.0009     0.0008     0.0006     0.0009     0.0009     0.0008     0.0008     0.0008     0.0005     0.0008     0.0008     0.0009     0.0007     0.0009 
Sys. CPU time              0.0000     0.0001     0.0000     0.0001     0.0001     0.0001     0.0001     0.0001     0.0001     0.0001     0.0001     0.0001     0.0001     0.0001     0.0001     0.0001     0.0000     0.0001 
I/O time                   0.0000     0.0000     0.0000     0.0000     0.0000     0.0000     0.0000     0.0000     0.0000     0.0000     0.0000     0.0000     0.0000     0.0000     0.0000     0.0000     0.0000     0.0000 
Processors                     18         18         18         18         18         18         18         18         18         18         18         18         18         18         18         18         18         18 
           Communication          
Reduction                  0.0008     0.0004     0.0004     0.0004     0.0003     0.0003     0.0009     0.0005     0.0004     0.0004     0.0004     0.0004     0.0009     0.0005     0.0004     0.0004     0.0012     0.0002 
           Synchronization        
I/O                        0.0000     0.0000     0.0000     0.0000     0.0000     0.0000     0.0000     0.0000     0.0000     0.0000     0.0000     0.0000     0.0000     0.0000     0.0000     0.0000     0.0001     0.0000 
Reduction                  0.0000     0.0000     0.0000     0.0000     0.0000     0.0000     0.0000     0.0000     0.0000     0.0000     0.0000     0.0000     0.0000     0.0000     0.0000     0.0000     0.0000     0.0000 
           Variation              
I/O                        0.0000     0.0003     0.0003     0.0003     0.0003     0.0003     0.0003     0.0003     0.0003     0.0003     0.0003     0.0003     0.0003     0.0003     0.0003     0.0003     0.0003     0.0003 
Reduction                  0.0000     0.0000     0.0000     0.0000     0.0000     0.0000     0.0000     0.0000     0.0000     0.0000     0.0000     0.0000     0.0000     0.0000     0.0000     0.0000     0.0000     0.0000 
           Overlap                
Reduction                  0.0000     0.0000     0.0000     0.0000     0.0000     0.0000     0.0000     0.0000     0.0000     0.0000     0.0000     0.0000     0.0000     0.0000     0.0000     0.0000     0.0000     0.0000 


-------------------------------------------------------------------------
Name (number) and performance time of processors
omp.keldysh.ru(1) 0.934109
omp.keldysh.ru(2) 0.933760
omp.keldysh.ru(3) 0.956435
omp.keldysh.ru(4) 0.956469
omp.keldysh.ru(5) 0.952437
omp.keldysh.ru(6) 0.952420
omp.keldysh.ru(7) 0.956564
omp.keldysh.ru(8) 0.956566
omp.keldysh.ru(9) 0.956207
omp.keldysh.ru(10) 0.956192
omp.keldysh.ru(11) 0.955871
omp.keldysh.ru(12) 0.955874
omp.keldysh.ru(13) 0.956835
omp.keldysh.ru(14) 0.957134
omp.keldysh.ru(15) 0.933723
omp.keldysh.ru(16) 0.933700
omp.keldysh.ru(17) 0.955659
omp.keldysh.ru(18) 0.955641
min - omp.keldysh.ru(16) 0.933700; max - omp.keldysh.ru(14) 0.957134; mid - 0.950866
