Processor system=1*6*1*3
Statistics has been accumulated on DVM-system version 5.0, platform DVM
Analyzer is executing on DVM-system version 5.0, platform DVM
-------------------------------------------------------------------------
INTERVAL ( NLINE=8 SOURCE=red43.f ) LEVEL=0  EXE_COUNT=2
--- The main characteristics --- 
Parallelization efficiency      0.0544 
Execution time                  0.0112 
Processors                          18
Threads amount                      18
Total time                      0.2019
Productive time                 0.0110 ( CPU= 0.0100 Sys= 0.0010 I/O= 0.0000 )
Lost  time                      0.1909 
   Insufficient parallelism     0.1439 ( User= 0.1262 Sys= 0.0177 )
   Communication                0.0208 ( Real_sync= 0.0000 Starts= 0.0000 )
   Idle time                    0.0263
Load imbalance                  0.0015
Synchronization                 0.0145
Time variation                  0.0126
Overlap                         0.0000
                  Nop   Communic    Synchro  Variation    Overlap 
I/O                17     0.0000     0.0032     0.0062     0.0000 
Reduction          15     0.0137     0.0031     0.0022     0.0000 
Remote access      37     0.0070     0.0081     0.0042     0.0000 
--- The comparative characteristics --- 
                              Tmin N proc      Tmax N proc      Tmid
Lost time                   0.0105     4     0.0107     2     0.0106 
User insufficient par.      0.0064    18     0.0084     4     0.0070 
Sys.insufficient par.       0.0009     9     0.0012     1     0.0010 
Idle time                   0.0000     4     0.0021    11     0.0015 
Communication               0.0011     8     0.0014    17     0.0012 
Synchronization             0.0003     1     0.0010     6     0.0008 
Variation                   0.0003     1     0.0010     5     0.0007 
Overlap                     0.0000     4     0.0000    18     0.0000 
Load imbalance              0.0000     4     0.0001     2     0.0001 
Execution time              0.0091    11     0.0112     4     0.0098 
User CPU time               0.0005     2     0.0006     4     0.0006 
Sys. CPU time               0.0001     9     0.0001    18     0.0001 
I/O time                    0.0000    15     0.0000     1     0.0000 
Processors                      18     1         18    18         18 
                      Communic          Synchro        Variation          Overlap  
I/O             Tmin    0.0000     1     0.0001    10     0.0001     1     0.0000     1 
I/O             Tmax    0.0000    18     0.0002     3     0.0004     3     0.0000    18 
I/O             Tmid    0.0000           0.0002           0.0003           0.0000       
Reduction       Tmin    0.0006    18     0.0001     1     0.0001    10     0.0000     1 
Reduction       Tmax    0.0009     4     0.0002     6     0.0002     3     0.0000    18 
Reduction       Tmid    0.0008           0.0002           0.0001           0.0000       
Remote access   Tmin    0.0002     4     0.0001     1     0.0001     1     0.0000     4 
Remote access   Tmax    0.0006    17     0.0006    17     0.0004     4     0.0000     3 
Remote access   Tmid    0.0004           0.0005           0.0002           0.0000       
--- The execution characteristics --- 
                                1          2          3          4          5          6          7          8          9         10         11         12         13         14         15         16         17         18 
Lost time                  0.0106     0.0107     0.0106     0.0105     0.0106     0.0106     0.0106     0.0106     0.0106     0.0106     0.0106     0.0106     0.0106     0.0106     0.0106     0.0106     0.0106     0.0106 
User insufficient par.     0.0071     0.0064     0.0072     0.0084     0.0071     0.0071     0.0065     0.0065     0.0065     0.0065     0.0064     0.0079     0.0065     0.0076     0.0076     0.0065     0.0079     0.0064 
Sys.insufficient par.      0.0012     0.0010     0.0010     0.0010     0.0009     0.0010     0.0010     0.0010     0.0009     0.0009     0.0010     0.0009     0.0009     0.0010     0.0010     0.0009     0.0009     0.0011 
Idle time                  0.0012     0.0021     0.0012     0.0000     0.0014     0.0014     0.0021     0.0020     0.0020     0.0020     0.0021     0.0006     0.0020     0.0009     0.0009     0.0020     0.0003     0.0020 
Communication              0.0011     0.0011     0.0012     0.0011     0.0012     0.0012     0.0011     0.0011     0.0012     0.0012     0.0012     0.0012     0.0011     0.0011     0.0011     0.0011     0.0014     0.0011 
Synchronization            0.0003     0.0005     0.0006     0.0008     0.0010     0.0010     0.0008     0.0009     0.0009     0.0008     0.0009     0.0009     0.0007     0.0008     0.0009     0.0007     0.0010     0.0008 
Variation                  0.0003     0.0007     0.0007     0.0009     0.0010     0.0009     0.0007     0.0008     0.0008     0.0006     0.0008     0.0007     0.0006     0.0007     0.0007     0.0005     0.0006     0.0006 
Overlap                    0.0000     0.0000     0.0000     0.0000     0.0000     0.0000     0.0000     0.0000     0.0000     0.0000     0.0000     0.0000     0.0000     0.0000     0.0000     0.0000     0.0000     0.0000 
Load imbalance             0.0001     0.0001     0.0001     0.0000     0.0001     0.0001     0.0001     0.0001     0.0001     0.0001     0.0001     0.0000     0.0001     0.0000     0.0000     0.0001     0.0000     0.0001 
Execution time             0.0100     0.0092     0.0100     0.0112     0.0098     0.0098     0.0092     0.0092     0.0092     0.0092     0.0091     0.0106     0.0092     0.0103     0.0103     0.0092     0.0109     0.0092 
User CPU time              0.0005     0.0005     0.0006     0.0006     0.0006     0.0005     0.0005     0.0005     0.0005     0.0005     0.0005     0.0006     0.0005     0.0006     0.0006     0.0005     0.0006     0.0005 
Sys. CPU time              0.0001     0.0001     0.0001     0.0001     0.0001     0.0001     0.0001     0.0001     0.0001     0.0001     0.0001     0.0001     0.0001     0.0001     0.0001     0.0001     0.0001     0.0001 
I/O time                   0.0000     0.0000     0.0000     0.0000     0.0000     0.0000     0.0000     0.0000     0.0000     0.0000     0.0000     0.0000     0.0000     0.0000     0.0000     0.0000     0.0000     0.0000 
Processors                     18         18         18         18         18         18         18         18         18         18         18         18         18         18         18         18         18         18 
           Communication          
Reduction                  0.0007     0.0007     0.0007     0.0009     0.0009     0.0009     0.0008     0.0007     0.0008     0.0009     0.0008     0.0008     0.0007     0.0007     0.0006     0.0007     0.0008     0.0006 
Remote access              0.0005     0.0005     0.0005     0.0002     0.0003     0.0003     0.0003     0.0003     0.0003     0.0003     0.0004     0.0004     0.0004     0.0004     0.0005     0.0004     0.0006     0.0005 
           Synchronization        
I/O                        0.0001     0.0002     0.0002     0.0001     0.0002     0.0002     0.0001     0.0002     0.0002     0.0001     0.0002     0.0002     0.0001     0.0002     0.0002     0.0001     0.0002     0.0002 
Reduction                  0.0001     0.0001     0.0002     0.0002     0.0002     0.0002     0.0002     0.0002     0.0002     0.0002     0.0002     0.0002     0.0001     0.0002     0.0002     0.0001     0.0002     0.0001 
Remote access              0.0001     0.0002     0.0001     0.0005     0.0006     0.0006     0.0005     0.0005     0.0005     0.0005     0.0005     0.0005     0.0005     0.0005     0.0005     0.0005     0.0006     0.0005 
           Variation              
I/O                        0.0001     0.0004     0.0004     0.0003     0.0004     0.0004     0.0003     0.0004     0.0004     0.0003     0.0004     0.0004     0.0003     0.0004     0.0004     0.0003     0.0004     0.0004 
Reduction                  0.0001     0.0002     0.0002     0.0001     0.0002     0.0002     0.0001     0.0001     0.0001     0.0001     0.0001     0.0001     0.0001     0.0001     0.0001     0.0001     0.0001     0.0001 
Remote access              0.0001     0.0001     0.0002     0.0004     0.0004     0.0004     0.0003     0.0003     0.0003     0.0003     0.0003     0.0002     0.0002     0.0002     0.0002     0.0001     0.0001     0.0001 
           Overlap                
Reduction                  0.0000     0.0000     0.0000     0.0000     0.0000     0.0000     0.0000     0.0000     0.0000     0.0000     0.0000     0.0000     0.0000     0.0000     0.0000     0.0000     0.0000     0.0000 
Remote access              0.0000     0.0000     0.0000     0.0000     0.0000     0.0000     0.0000     0.0000     0.0000     0.0000     0.0000     0.0000     0.0000     0.0000     0.0000     0.0000     0.0000     0.0000 


-------------------------------------------------------------------------
Name (number) and performance time of processors
omp.keldysh.ru(1) 0.933978
omp.keldysh.ru(2) 0.933938
omp.keldysh.ru(3) 0.953697
omp.keldysh.ru(4) 0.954053
omp.keldysh.ru(5) 0.955695
omp.keldysh.ru(6) 0.955712
omp.keldysh.ru(7) 0.933856
omp.keldysh.ru(8) 0.933845
omp.keldysh.ru(9) 0.956718
omp.keldysh.ru(10) 0.956698
omp.keldysh.ru(11) 0.952113
omp.keldysh.ru(12) 0.952107
omp.keldysh.ru(13) 0.956243
omp.keldysh.ru(14) 0.956244
omp.keldysh.ru(15) 0.953676
omp.keldysh.ru(16) 0.953672
omp.keldysh.ru(17) 0.953610
omp.keldysh.ru(18) 0.953603
min - omp.keldysh.ru(8) 0.933845; max - omp.keldysh.ru(9) 0.956718; mid - 0.949970
