Processor system=4*4
Statistics has been accumulated on DVM-system version 5.0, platform DVM
Analyzer is executing on DVM-system version 5.0, platform DVM
-------------------------------------------------------------------------
INTERVAL ( NLINE=7 SOURCE=sc22.f ) LEVEL=0  EXE_COUNT=1
--- The main characteristics --- 
Parallelization efficiency      0.0703 
Execution time                  0.0152 
Processors                          16
Threads amount                      16
Total time                      0.2426
Productive time                 0.0171 ( CPU= 0.0157 Sys= 0.0013 I/O= 0.0000 )
Lost  time                      0.2256 
   Insufficient parallelism     0.1827 ( User= 0.1630 Sys= 0.0197 )
   Communication                0.0188 ( Real_sync= 0.0000 Starts= 0.0000 )
   Idle time                    0.0241
Load imbalance                  0.0030
Synchronization                 0.0080
Time variation                  0.0106
Overlap                         0.0000
                  Nop   Communic    Synchro  Variation    Overlap 
I/O                22     0.0000     0.0047     0.0073     0.0000 
Reduction          20     0.0188     0.0033     0.0033     0.0000 
--- The comparative characteristics --- 
                              Tmin N proc      Tmax N proc      Tmid
Lost time                   0.0139     8     0.0144    16     0.0141 
User insufficient par.      0.0080    16     0.0121     8     0.0102 
Sys.insufficient par.       0.0009    16     0.0016     1     0.0012 
Idle time                   0.0000     8     0.0023     1     0.0015 
Communication               0.0005     5     0.0032    15     0.0012 
Synchronization             0.0002    12     0.0008    14     0.0005 
Variation                   0.0003     4     0.0010    14     0.0007 
Overlap                     0.0000     1     0.0000    12     0.0000 
Load imbalance              0.0000     8     0.0005    16     0.0002 
Execution time              0.0129     1     0.0152     8     0.0137 
User CPU time               0.0007    16     0.0012     8     0.0010 
Sys. CPU time               0.0001    16     0.0001     5     0.0001 
I/O time                    0.0000    15     0.0000     1     0.0000 
Processors                      16     1         16    16         16 
                      Communic          Synchro        Variation          Overlap  
I/O             Tmin    0.0000     1     0.0001     4     0.0002     1     0.0000     1 
I/O             Tmax    0.0000    16     0.0005    14     0.0007    14     0.0000    16 
I/O             Tmid    0.0000           0.0003           0.0005           0.0000       
Reduction       Tmin    0.0005     5     0.0000    12     0.0000    12     0.0000     1 
Reduction       Tmax    0.0032    15     0.0004    13     0.0004    13     0.0000    12 
Reduction       Tmid    0.0012           0.0002           0.0002           0.0000       
--- The execution characteristics --- 
                                1          2          3          4          5          6          7          8          9         10         11         12         13         14         15         16 
Lost time                  0.0141     0.0141     0.0141     0.0141     0.0139     0.0139     0.0141     0.0139     0.0140     0.0140     0.0141     0.0140     0.0144     0.0143     0.0143     0.0144 
User insufficient par.     0.0097     0.0099     0.0101     0.0100     0.0118     0.0118     0.0100     0.0121     0.0114     0.0114     0.0100     0.0106     0.0081     0.0092     0.0090     0.0080 
Sys.insufficient par.      0.0016     0.0013     0.0013     0.0013     0.0013     0.0013     0.0013     0.0013     0.0013     0.0013     0.0013     0.0013     0.0010     0.0010     0.0009     0.0009 
Idle time                  0.0023     0.0022     0.0022     0.0022     0.0004     0.0004     0.0022     0.0000     0.0008     0.0008     0.0022     0.0016     0.0022     0.0012     0.0012     0.0023 
Communication              0.0006     0.0007     0.0006     0.0006     0.0005     0.0005     0.0005     0.0005     0.0005     0.0005     0.0006     0.0006     0.0030     0.0029     0.0032     0.0032 
Synchronization            0.0007     0.0008     0.0002     0.0002     0.0008     0.0008     0.0002     0.0002     0.0008     0.0008     0.0002     0.0002     0.0008     0.0008     0.0003     0.0003 
Variation                  0.0006     0.0009     0.0004     0.0003     0.0009     0.0009     0.0004     0.0004     0.0009     0.0009     0.0004     0.0003     0.0010     0.0010     0.0005     0.0004 
Overlap                    0.0000     0.0000     0.0000     0.0000     0.0000     0.0000     0.0000     0.0000     0.0000     0.0000     0.0000     0.0000     0.0000     0.0000     0.0000     0.0000 
Load imbalance             0.0002     0.0002     0.0002     0.0002     0.0000     0.0000     0.0001     0.0000     0.0000     0.0001     0.0002     0.0001     0.0005     0.0004     0.0004     0.0005 
Execution time             0.0129     0.0130     0.0130     0.0130     0.0148     0.0148     0.0129     0.0152     0.0144     0.0144     0.0129     0.0136     0.0129     0.0140     0.0140     0.0129 
User CPU time              0.0010     0.0010     0.0010     0.0010     0.0011     0.0011     0.0010     0.0012     0.0011     0.0011     0.0010     0.0011     0.0007     0.0008     0.0008     0.0007 
Sys. CPU time              0.0001     0.0001     0.0001     0.0001     0.0001     0.0001     0.0001     0.0001     0.0001     0.0001     0.0001     0.0001     0.0001     0.0001     0.0001     0.0001 
I/O time                   0.0000     0.0000     0.0000     0.0000     0.0000     0.0000     0.0000     0.0000     0.0000     0.0000     0.0000     0.0000     0.0000     0.0000     0.0000     0.0000 
Processors                     16         16         16         16         16         16         16         16         16         16         16         16         16         16         16         16 
           Communication          
Reduction                  0.0006     0.0007     0.0006     0.0006     0.0005     0.0005     0.0005     0.0005     0.0005     0.0005     0.0006     0.0006     0.0030     0.0029     0.0032     0.0032 
           Synchronization        
I/O                        0.0004     0.0004     0.0002     0.0001     0.0004     0.0004     0.0002     0.0001     0.0004     0.0004     0.0002     0.0001     0.0005     0.0005     0.0003     0.0002 
Reduction                  0.0004     0.0004     0.0001     0.0000     0.0004     0.0004     0.0001     0.0000     0.0004     0.0003     0.0001     0.0000     0.0004     0.0004     0.0001     0.0000 
           Variation              
I/O                        0.0002     0.0006     0.0004     0.0003     0.0006     0.0006     0.0004     0.0003     0.0006     0.0006     0.0004     0.0003     0.0007     0.0007     0.0005     0.0004 
Reduction                  0.0004     0.0004     0.0001     0.0000     0.0004     0.0003     0.0001     0.0000     0.0004     0.0003     0.0001     0.0000     0.0004     0.0004     0.0001     0.0000 
           Overlap                
Reduction                  0.0000     0.0000     0.0000     0.0000     0.0000     0.0000     0.0000     0.0000     0.0000     0.0000     0.0000     0.0000     0.0000     0.0000     0.0000     0.0000 


-------------------------------------------------------------------------
Name (number) and performance time of processors
omp.keldysh.ru(1) 0.935383
omp.keldysh.ru(2) 0.935320
omp.keldysh.ru(3) 0.935380
omp.keldysh.ru(4) 0.935390
omp.keldysh.ru(5) 0.959883
omp.keldysh.ru(6) 0.960170
omp.keldysh.ru(7) 0.954831
omp.keldysh.ru(8) 0.954800
omp.keldysh.ru(9) 0.954796
omp.keldysh.ru(10) 0.954791
omp.keldysh.ru(11) 0.956002
omp.keldysh.ru(12) 0.956025
omp.keldysh.ru(13) 0.935383
omp.keldysh.ru(14) 0.935388
omp.keldysh.ru(15) 0.952711
omp.keldysh.ru(16) 0.952790
min - omp.keldysh.ru(2) 0.935320; max - omp.keldysh.ru(6) 0.960170; mid - 0.948065
