Processor system=4*2*2*1
Statistics has been accumulated on DVM-system version 5.0, platform DVM
Analyzer is executing on DVM-system version 5.0, platform DVM
-------------------------------------------------------------------------
INTERVAL ( NLINE=5 SOURCE=prf41.f ) LEVEL=0  EXE_COUNT=1
--- The main characteristics --- 
Parallelization efficiency      0.0499 
Execution time                  0.0386 
Processors                          16
Threads amount                      16
Total time                      0.6174
Productive time                 0.0308 ( CPU= 0.0078 Sys= 0.0229 I/O= 0.0000 )
Lost  time                      0.5866 
   Insufficient parallelism     0.4350 ( User= 0.0907 Sys= 0.3443 )
   Communication                0.1234 ( Real_sync= 0.0000 Starts= 0.0000 )
   Idle time                    0.0282
Load imbalance                  0.0051
Synchronization                 0.1479
Time variation                  0.1198
Overlap                         0.0811
                  Nop   Communic    Synchro  Variation    Overlap 
I/O                11     0.0000     0.0211     0.0236     0.0000 
Reduction          21     0.0367     0.0010     0.0010     0.0000 
Remote access     180     0.0867     0.1258     0.0952     0.0810 
--- The comparative characteristics --- 
                              Tmin N proc      Tmax N proc      Tmid
Lost time                   0.0363    12     0.0373    13     0.0367 
User insufficient par.      0.0047    13     0.0074     5     0.0057 
Sys.insufficient par.       0.0135    13     0.0252     4     0.0215 
Idle time                   0.0000     6     0.0027     3     0.0018 
Communication               0.0037     4     0.0164    13     0.0077 
Synchronization             0.0018     4     0.0206    13     0.0092 
Variation                   0.0020    12     0.0178    13     0.0075 
Overlap                     0.0026    13     0.0076     4     0.0051 
Load imbalance              0.0000    12     0.0009    13     0.0003 
Execution time              0.0359     3     0.0386     6     0.0368 
User CPU time               0.0004    15     0.0006     6     0.0005 
Sys. CPU time               0.0009    13     0.0017     4     0.0014 
I/O time                    0.0000    10     0.0000     1     0.0000 
Processors                      16     1         16    16         16 
                      Communic          Synchro        Variation          Overlap  
I/O             Tmin    0.0000     1     0.0003    12     0.0004    12     0.0000     1 
I/O             Tmax    0.0000    16     0.0033    14     0.0035    14     0.0000    16 
I/O             Tmid    0.0000           0.0013           0.0015           0.0000       
Reduction       Tmin    0.0007     4     0.0000     6     0.0000     6     0.0000     1 
Reduction       Tmax    0.0058    13     0.0001     2     0.0001    13     0.0000     7 
Reduction       Tmid    0.0023           0.0001           0.0001           0.0000       
Remote access   Tmin    0.0030     4     0.0015     4     0.0015    12     0.0026    13 
Remote access   Tmax    0.0106    13     0.0172    13     0.0143    13     0.0076     4 
Remote access   Tmid    0.0054           0.0079           0.0060           0.0051       
--- The execution characteristics --- 
                                1          2          3          4          5          6          7          8          9         10         11         12         13         14         15         16 
Lost time                  0.0366     0.0365     0.0365     0.0365     0.0364     0.0364     0.0365     0.0365     0.0366     0.0364     0.0365     0.0363     0.0373     0.0371     0.0372     0.0372 
User insufficient par.     0.0048     0.0059     0.0049     0.0049     0.0074     0.0074     0.0055     0.0048     0.0049     0.0063     0.0063     0.0070     0.0047     0.0065     0.0047     0.0047 
Sys.insufficient par.      0.0235     0.0244     0.0244     0.0252     0.0229     0.0238     0.0238     0.0247     0.0228     0.0238     0.0237     0.0247     0.0135     0.0142     0.0141     0.0149 
Idle time                  0.0027     0.0016     0.0027     0.0026     0.0000     0.0000     0.0019     0.0027     0.0027     0.0012     0.0012     0.0004     0.0027     0.0008     0.0026     0.0026 
Communication              0.0056     0.0046     0.0046     0.0037     0.0062     0.0053     0.0052     0.0043     0.0063     0.0052     0.0053     0.0043     0.0164     0.0157     0.0158     0.0149 
Synchronization            0.0077     0.0046     0.0046     0.0018     0.0100     0.0067     0.0068     0.0033     0.0102     0.0059     0.0063     0.0029     0.0206     0.0195     0.0194     0.0178 
Variation                  0.0056     0.0038     0.0037     0.0021     0.0065     0.0047     0.0048     0.0026     0.0066     0.0040     0.0041     0.0020     0.0178     0.0175     0.0173     0.0167 
Overlap                    0.0052     0.0066     0.0065     0.0076     0.0042     0.0056     0.0055     0.0068     0.0040     0.0056     0.0056     0.0068     0.0026     0.0027     0.0027     0.0030 
Load imbalance             0.0003     0.0001     0.0002     0.0001     0.0001     0.0000     0.0002     0.0002     0.0003     0.0001     0.0001     0.0000     0.0009     0.0008     0.0009     0.0009 
Execution time             0.0359     0.0370     0.0359     0.0360     0.0386     0.0386     0.0366     0.0359     0.0359     0.0374     0.0374     0.0382     0.0359     0.0378     0.0360     0.0360 
User CPU time              0.0004     0.0005     0.0004     0.0004     0.0006     0.0006     0.0005     0.0004     0.0005     0.0006     0.0005     0.0006     0.0004     0.0005     0.0004     0.0004 
Sys. CPU time              0.0016     0.0016     0.0016     0.0017     0.0015     0.0016     0.0016     0.0016     0.0015     0.0016     0.0016     0.0016     0.0009     0.0009     0.0009     0.0010 
I/O time                   0.0000     0.0000     0.0000     0.0000     0.0000     0.0000     0.0000     0.0000     0.0000     0.0000     0.0000     0.0000     0.0000     0.0000     0.0000     0.0000 
Processors                     16         16         16         16         16         16         16         16         16         16         16         16         16         16         16         16 
           Communication          
Reduction                  0.0017     0.0012     0.0011     0.0007     0.0017     0.0014     0.0013     0.0008     0.0015     0.0013     0.0012     0.0007     0.0058     0.0056     0.0056     0.0052 
Remote access              0.0040     0.0034     0.0035     0.0030     0.0046     0.0039     0.0039     0.0035     0.0048     0.0039     0.0041     0.0036     0.0106     0.0101     0.0102     0.0096 
           Synchronization        
I/O                        0.0009     0.0006     0.0005     0.0003     0.0011     0.0007     0.0008     0.0004     0.0012     0.0006     0.0007     0.0003     0.0033     0.0033     0.0033     0.0033 
Reduction                  0.0001     0.0001     0.0001     0.0001     0.0001     0.0000     0.0000     0.0001     0.0001     0.0001     0.0001     0.0001     0.0001     0.0001     0.0001     0.0001 
Remote access              0.0068     0.0040     0.0040     0.0015     0.0088     0.0059     0.0059     0.0029     0.0089     0.0052     0.0055     0.0025     0.0172     0.0161     0.0161     0.0145 
           Variation              
I/O                        0.0009     0.0007     0.0007     0.0005     0.0012     0.0009     0.0010     0.0005     0.0014     0.0008     0.0008     0.0004     0.0035     0.0035     0.0034     0.0034 
Reduction                  0.0001     0.0001     0.0001     0.0001     0.0001     0.0000     0.0000     0.0001     0.0001     0.0001     0.0001     0.0001     0.0001     0.0001     0.0001     0.0001 
Remote access              0.0047     0.0030     0.0029     0.0015     0.0052     0.0038     0.0038     0.0020     0.0052     0.0032     0.0033     0.0015     0.0143     0.0139     0.0138     0.0132 
           Overlap                
Reduction                  0.0000     0.0000     0.0000     0.0000     0.0000     0.0000     0.0000     0.0000     0.0000     0.0000     0.0000     0.0000     0.0000     0.0000     0.0000     0.0000 
Remote access              0.0052     0.0066     0.0065     0.0076     0.0042     0.0056     0.0055     0.0068     0.0040     0.0056     0.0056     0.0068     0.0026     0.0027     0.0027     0.0030 


-------------------------------------------------------------------------
Name (number) and performance time of processors
omp.keldysh.ru(1) 0.935398
omp.keldysh.ru(2) 0.935407
omp.keldysh.ru(3) 0.956645
omp.keldysh.ru(4) 0.956645
omp.keldysh.ru(5) 0.957326
omp.keldysh.ru(6) 0.957324
omp.keldysh.ru(7) 0.935373
omp.keldysh.ru(8) 0.935349
omp.keldysh.ru(9) 0.954988
omp.keldysh.ru(10) 0.954940
omp.keldysh.ru(11) 0.953781
omp.keldysh.ru(12) 0.953739
omp.keldysh.ru(13) 0.953438
omp.keldysh.ru(14) 0.953733
omp.keldysh.ru(15) 0.954346
omp.keldysh.ru(16) 0.954392
min - omp.keldysh.ru(8) 0.935349; max - omp.keldysh.ru(5) 0.957326; mid - 0.950177
