Processor system=2*1*4*2
Statistics has been accumulated on DVM-system version 5.0, platform DVM
Analyzer is executing on DVM-system version 5.0, platform DVM
-------------------------------------------------------------------------
INTERVAL ( NLINE=8 SOURCE=sha42.f ) LEVEL=0  EXE_COUNT=1
--- The main characteristics --- 
Parallelization efficiency      0.0516 
Execution time                  0.0197 
Processors                          16
Threads amount                      16
Total time                      0.3158
Productive time                 0.0163 ( CPU= 0.0157 Sys= 0.0006 I/O= 0.0000 )
Lost  time                      0.2995 
   Insufficient parallelism     0.2446 ( User= 0.2351 Sys= 0.0095 )
   Communication                0.0093 ( Real_sync= 0.0000 Starts= 0.0000 )
   Idle time                    0.0457
Load imbalance                  0.0032
Synchronization                 0.1123
Time variation                  0.1149
Overlap                         0.0147
                  Nop   Communic    Synchro  Variation    Overlap 
I/O                 6     0.0000     0.0460     0.0487     0.0000 
Reduction           4     0.0093     0.0317     0.0317     0.0000 
Shadow              4     0.0000     0.0346     0.0345     0.0147 
--- The comparative characteristics --- 
                              Tmin N proc      Tmax N proc      Tmid
Lost time                   0.0185     7     0.0191    13     0.0187 
User insufficient par.      0.0094    13     0.0176     7     0.0147 
Sys.insufficient par.       0.0005    13     0.0010     1     0.0006 
Idle time                   0.0000     7     0.0076    13     0.0029 
Communication               0.0003     7     0.0016    13     0.0006 
Synchronization             0.0007    12     0.0293    13     0.0070 
Variation                   0.0007     1     0.0295    13     0.0072 
Overlap                     0.0000    13     0.0016     1     0.0009 
Load imbalance              0.0000     7     0.0006    13     0.0002 
Execution time              0.0121    13     0.0197     7     0.0169 
User CPU time               0.0006    13     0.0012     7     0.0010 
Sys. CPU time               0.0000    13     0.0000     1     0.0000 
I/O time                    0.0000    16     0.0000     1     0.0000 
Processors                      16     1         16    16         16 
                      Communic          Synchro        Variation          Overlap  
I/O             Tmin    0.0000     1     0.0002    12     0.0003     1     0.0000     1 
I/O             Tmax    0.0000    16     0.0124    13     0.0126    13     0.0000    16 
I/O             Tmid    0.0000           0.0029           0.0030           0.0000       
Reduction       Tmin    0.0003     7     0.0001    12     0.0001    12     0.0000     1 
Reduction       Tmax    0.0016    13     0.0084    13     0.0084    13     0.0000    16 
Reduction       Tmid    0.0006           0.0020           0.0020           0.0000       
Shadow          Tmin    0.0000     1     0.0001     1     0.0001     1     0.0000    13 
Shadow          Tmax    0.0000    16     0.0085    13     0.0085    13     0.0016     1 
Shadow          Tmid    0.0000           0.0022           0.0022           0.0009       
--- The execution characteristics --- 
                                1          2          3          4          5          6          7          8          9         10         11         12         13         14         15         16 
Lost time                  0.0187     0.0188     0.0186     0.0185     0.0187     0.0186     0.0185     0.0186     0.0187     0.0187     0.0186     0.0186     0.0191     0.0189     0.0190     0.0189 
User insufficient par.     0.0150     0.0129     0.0167     0.0174     0.0154     0.0166     0.0176     0.0162     0.0154     0.0154     0.0171     0.0160     0.0094     0.0113     0.0111     0.0114 
Sys.insufficient par.      0.0010     0.0006     0.0006     0.0006     0.0006     0.0006     0.0006     0.0006     0.0006     0.0006     0.0005     0.0005     0.0005     0.0006     0.0005     0.0006 
Idle time                  0.0024     0.0050     0.0009     0.0003     0.0024     0.0012     0.0000     0.0015     0.0024     0.0024     0.0006     0.0018     0.0076     0.0058     0.0058     0.0058 
Communication              0.0003     0.0004     0.0003     0.0003     0.0003     0.0003     0.0003     0.0003     0.0003     0.0003     0.0003     0.0003     0.0016     0.0012     0.0016     0.0012 
Synchronization            0.0008     0.0037     0.0025     0.0021     0.0012     0.0017     0.0009     0.0013     0.0010     0.0010     0.0008     0.0007     0.0293     0.0186     0.0265     0.0201 
Variation                  0.0007     0.0039     0.0027     0.0023     0.0014     0.0019     0.0011     0.0015     0.0011     0.0012     0.0010     0.0009     0.0295     0.0188     0.0267     0.0203 
Overlap                    0.0016     0.0007     0.0009     0.0010     0.0014     0.0012     0.0014     0.0012     0.0013     0.0013     0.0014     0.0014     0.0000     0.0000     0.0000     0.0000 
Load imbalance             0.0002     0.0003     0.0001     0.0000     0.0002     0.0001     0.0000     0.0001     0.0002     0.0002     0.0000     0.0001     0.0006     0.0004     0.0004     0.0004 
Execution time             0.0174     0.0148     0.0189     0.0194     0.0173     0.0186     0.0197     0.0183     0.0174     0.0174     0.0191     0.0180     0.0121     0.0139     0.0139     0.0139 
User CPU time              0.0010     0.0009     0.0011     0.0012     0.0010     0.0011     0.0012     0.0011     0.0010     0.0010     0.0011     0.0011     0.0006     0.0008     0.0007     0.0008 
Sys. CPU time              0.0000     0.0000     0.0000     0.0000     0.0000     0.0000     0.0000     0.0000     0.0000     0.0000     0.0000     0.0000     0.0000     0.0000     0.0000     0.0000 
I/O time                   0.0000     0.0000     0.0000     0.0000     0.0000     0.0000     0.0000     0.0000     0.0000     0.0000     0.0000     0.0000     0.0000     0.0000     0.0000     0.0000 
Processors                     16         16         16         16         16         16         16         16         16         16         16         16         16         16         16         16 
           Communication          
Reduction                  0.0003     0.0004     0.0003     0.0003     0.0003     0.0003     0.0003     0.0003     0.0003     0.0003     0.0003     0.0003     0.0016     0.0012     0.0016     0.0012 
           Synchronization        
I/O                        0.0004     0.0014     0.0009     0.0008     0.0004     0.0007     0.0003     0.0004     0.0002     0.0002     0.0002     0.0002     0.0124     0.0078     0.0112     0.0085 
Reduction                  0.0003     0.0010     0.0007     0.0005     0.0003     0.0005     0.0002     0.0003     0.0002     0.0002     0.0001     0.0001     0.0084     0.0054     0.0076     0.0058 
Shadow                     0.0001     0.0014     0.0009     0.0008     0.0005     0.0006     0.0004     0.0006     0.0005     0.0006     0.0004     0.0004     0.0085     0.0054     0.0077     0.0058 
           Variation              
I/O                        0.0003     0.0015     0.0011     0.0010     0.0006     0.0008     0.0005     0.0006     0.0004     0.0004     0.0004     0.0004     0.0126     0.0080     0.0114     0.0087 
Reduction                  0.0003     0.0010     0.0007     0.0005     0.0003     0.0005     0.0002     0.0003     0.0002     0.0002     0.0002     0.0001     0.0084     0.0054     0.0076     0.0058 
Shadow                     0.0001     0.0014     0.0009     0.0008     0.0005     0.0006     0.0004     0.0006     0.0005     0.0006     0.0004     0.0004     0.0085     0.0054     0.0077     0.0058 
           Overlap                
Shadow                     0.0016     0.0007     0.0009     0.0010     0.0014     0.0012     0.0014     0.0012     0.0013     0.0013     0.0014     0.0014     0.0000     0.0000     0.0000     0.0000 


-------------------------------------------------------------------------
Name (number) and performance time of processors
omp.keldysh.ru(1) 0.935332
omp.keldysh.ru(2) 0.935282
omp.keldysh.ru(3) 0.957562
omp.keldysh.ru(4) 0.957963
omp.keldysh.ru(5) 0.957632
omp.keldysh.ru(6) 0.957613
omp.keldysh.ru(7) 0.958499
omp.keldysh.ru(8) 0.958504
omp.keldysh.ru(9) 0.958231
omp.keldysh.ru(10) 0.958208
omp.keldysh.ru(11) 0.956733
omp.keldysh.ru(12) 0.956732
omp.keldysh.ru(13) 0.935297
omp.keldysh.ru(14) 0.935294
omp.keldysh.ru(15) 0.956103
omp.keldysh.ru(16) 0.956076
min - omp.keldysh.ru(2) 0.935282; max - omp.keldysh.ru(8) 0.958504; mid - 0.951941
