Processor system=1*2*4*2
Statistics has been accumulated on DVM-system version 5.0, platform DVM
Analyzer is executing on DVM-system version 5.0, platform DVM
-------------------------------------------------------------------------
INTERVAL ( NLINE=5 SOURCE=prf42.f ) LEVEL=0  EXE_COUNT=1
--- The main characteristics --- 
Parallelization efficiency      0.0533 
Execution time                  0.0100 
Processors                          16
Threads amount                      16
Total time                      0.1604
Productive time                 0.0085 ( CPU= 0.0067 Sys= 0.0018 I/O= 0.0000 )
Lost  time                      0.1518 
   Insufficient parallelism     0.1281 ( User= 0.1008 Sys= 0.0274 )
   Communication                0.0080 ( Real_sync= 0.0000 Starts= 0.0000 )
   Idle time                    0.0158
Load imbalance                  0.0012
Synchronization                 0.2320
Time variation                  0.2343
Overlap                         0.0116
                  Nop   Communic    Synchro  Variation    Overlap 
I/O                11     0.0000     0.0347     0.0370     0.0000 
Reduction          21     0.0080     0.0863     0.0863     0.0000 
Remote access     180     0.0000     0.1110     0.1110     0.0116 
--- The comparative characteristics --- 
                              Tmin N proc      Tmax N proc      Tmid
Lost time                   0.0094     9     0.0097    14     0.0095 
User insufficient par.      0.0042    14     0.0073     7     0.0063 
Sys.insufficient par.       0.0012    15     0.0020     1     0.0017 
Idle time                   0.0000     2     0.0031    14     0.0010 
Communication               0.0002     4     0.0011    14     0.0005 
Synchronization             0.0016    11     0.0500    15     0.0145 
Variation                   0.0018    11     0.0501    15     0.0146 
Overlap                     0.0000    13     0.0011    11     0.0007 
Load imbalance              0.0000     9     0.0002    14     0.0001 
Execution time              0.0069    14     0.0100    12     0.0090 
User CPU time               0.0003    14     0.0005     7     0.0004 
Sys. CPU time               0.0001    15     0.0001     3     0.0001 
I/O time                    0.0000    15     0.0000     1     0.0000 
Processors                      16     1         16    16         16 
                      Communic          Synchro        Variation          Overlap  
I/O             Tmin    0.0000     1     0.0002    11     0.0004    11     0.0000     1 
I/O             Tmax    0.0000    16     0.0076    15     0.0078    15     0.0000    16 
I/O             Tmid    0.0000           0.0022           0.0023           0.0000       
Reduction       Tmin    0.0002     4     0.0002    11     0.0002    11     0.0000     1 
Reduction       Tmax    0.0011    14     0.0194    15     0.0194    15     0.0000    12 
Reduction       Tmid    0.0005           0.0054           0.0054           0.0000       
Remote access   Tmin    0.0000     1     0.0011     5     0.0011     5     0.0000    13 
Remote access   Tmax    0.0000    16     0.0229    15     0.0229    15     0.0011    11 
Remote access   Tmid    0.0000           0.0069           0.0069           0.0007       
--- The execution characteristics --- 
                                1          2          3          4          5          6          7          8          9         10         11         12         13         14         15         16 
Lost time                  0.0094     0.0094     0.0095     0.0094     0.0095     0.0094     0.0094     0.0094     0.0094     0.0094     0.0094     0.0094     0.0097     0.0097     0.0097     0.0097 
User insufficient par.     0.0070     0.0071     0.0058     0.0073     0.0058     0.0072     0.0073     0.0072     0.0073     0.0073     0.0073     0.0073     0.0042     0.0042     0.0043     0.0042 
Sys.insufficient par.      0.0020     0.0019     0.0020     0.0019     0.0019     0.0019     0.0018     0.0019     0.0019     0.0019     0.0018     0.0018     0.0012     0.0012     0.0012     0.0012 
Idle time                  0.0000     0.0000     0.0016     0.0001     0.0016     0.0001     0.0000     0.0000     0.0000     0.0000     0.0000     0.0000     0.0031     0.0031     0.0031     0.0031 
Communication              0.0005     0.0005     0.0002     0.0002     0.0003     0.0003     0.0003     0.0003     0.0002     0.0002     0.0003     0.0003     0.0011     0.0011     0.0011     0.0011 
Synchronization            0.0033     0.0062     0.0021     0.0020     0.0022     0.0024     0.0027     0.0032     0.0033     0.0031     0.0016     0.0017     0.0490     0.0496     0.0500     0.0496 
Variation                  0.0032     0.0064     0.0023     0.0022     0.0024     0.0026     0.0029     0.0033     0.0035     0.0033     0.0018     0.0018     0.0491     0.0497     0.0501     0.0497 
Overlap                    0.0008     0.0008     0.0011     0.0011     0.0010     0.0010     0.0010     0.0010     0.0009     0.0009     0.0011     0.0011     0.0000     0.0000     0.0000     0.0000 
Load imbalance             0.0000     0.0000     0.0001     0.0000     0.0001     0.0000     0.0000     0.0000     0.0000     0.0000     0.0000     0.0000     0.0002     0.0002     0.0002     0.0002 
Execution time             0.0100     0.0100     0.0085     0.0100     0.0085     0.0100     0.0100     0.0100     0.0100     0.0100     0.0100     0.0100     0.0069     0.0069     0.0069     0.0069 
User CPU time              0.0005     0.0005     0.0004     0.0005     0.0004     0.0005     0.0005     0.0005     0.0005     0.0005     0.0005     0.0005     0.0003     0.0003     0.0003     0.0003 
Sys. CPU time              0.0001     0.0001     0.0001     0.0001     0.0001     0.0001     0.0001     0.0001     0.0001     0.0001     0.0001     0.0001     0.0001     0.0001     0.0001     0.0001 
I/O time                   0.0000     0.0000     0.0000     0.0000     0.0000     0.0000     0.0000     0.0000     0.0000     0.0000     0.0000     0.0000     0.0000     0.0000     0.0000     0.0000 
Processors                     16         16         16         16         16         16         16         16         16         16         16         16         16         16         16         16 
           Communication          
Reduction                  0.0005     0.0005     0.0002     0.0002     0.0003     0.0003     0.0003     0.0003     0.0002     0.0002     0.0003     0.0003     0.0011     0.0011     0.0011     0.0011 
           Synchronization        
I/O                        0.0005     0.0010     0.0002     0.0003     0.0003     0.0003     0.0003     0.0003     0.0004     0.0004     0.0002     0.0002     0.0075     0.0076     0.0076     0.0076 
Reduction                  0.0010     0.0008     0.0005     0.0005     0.0009     0.0010     0.0011     0.0013     0.0013     0.0012     0.0002     0.0002     0.0187     0.0191     0.0194     0.0193 
Remote access              0.0018     0.0044     0.0014     0.0013     0.0011     0.0011     0.0014     0.0016     0.0016     0.0015     0.0012     0.0012     0.0228     0.0229     0.0229     0.0227 
           Variation              
I/O                        0.0004     0.0012     0.0004     0.0004     0.0004     0.0004     0.0004     0.0005     0.0006     0.0006     0.0004     0.0004     0.0077     0.0078     0.0078     0.0078 
Reduction                  0.0010     0.0008     0.0005     0.0005     0.0009     0.0010     0.0011     0.0013     0.0013     0.0012     0.0002     0.0002     0.0187     0.0191     0.0194     0.0193 
Remote access              0.0018     0.0044     0.0014     0.0013     0.0011     0.0011     0.0014     0.0016     0.0016     0.0015     0.0012     0.0012     0.0228     0.0229     0.0229     0.0227 
           Overlap                
Reduction                  0.0000     0.0000     0.0000     0.0000     0.0000     0.0000     0.0000     0.0000     0.0000     0.0000     0.0000     0.0000     0.0000     0.0000     0.0000     0.0000 
Remote access              0.0008     0.0008     0.0011     0.0011     0.0010     0.0010     0.0010     0.0010     0.0009     0.0009     0.0011     0.0011     0.0000     0.0000     0.0000     0.0000 


-------------------------------------------------------------------------
Name (number) and performance time of processors
omp.keldysh.ru(1) 0.934014
omp.keldysh.ru(2) 0.933922
omp.keldysh.ru(3) 0.954434
omp.keldysh.ru(4) 0.954408
omp.keldysh.ru(5) 0.955209
omp.keldysh.ru(6) 0.955172
omp.keldysh.ru(7) 0.956822
omp.keldysh.ru(8) 0.956846
omp.keldysh.ru(9) 0.954624
omp.keldysh.ru(10) 0.954909
omp.keldysh.ru(11) 0.955910
omp.keldysh.ru(12) 0.955903
omp.keldysh.ru(13) 0.933739
omp.keldysh.ru(14) 0.933740
omp.keldysh.ru(15) 0.957726
omp.keldysh.ru(16) 0.957718
min - omp.keldysh.ru(13) 0.933739; max - omp.keldysh.ru(15) 0.957726; mid - 0.950319
