Processor system=1*3*2*3
Statistics has been accumulated on DVM-system version 5.0, platform DVM
Analyzer is executing on DVM-system version 5.0, platform DVM
-------------------------------------------------------------------------
INTERVAL ( NLINE=5 SOURCE=distr4.f ) LEVEL=0  EXE_COUNT=2
--- The main characteristics --- 
Parallelization efficiency      0.0477 
Execution time                  0.0109 
Processors                          18
Threads amount                      18
Total time                      0.1970
Productive time                 0.0094 ( CPU= 0.0087 Sys= 0.0007 I/O= 0.0000 )
Lost  time                      0.1876 
   Insufficient parallelism     0.1360 ( User= 0.1235 Sys= 0.0125 )
   Communication                0.0137 ( Real_sync= 0.0000 Starts= 0.0000 )
   Idle time                    0.0379
Load imbalance                  0.0022
Synchronization                 0.0057
Time variation                  0.0096
Overlap                         0.0000
                  Nop   Communic    Synchro  Variation    Overlap 
I/O                 6     0.0000     0.0016     0.0040     0.0000 
Reduction           5     0.0077     0.0007     0.0007     0.0000 
Redistribution      5     0.0060     0.0035     0.0049     0.0000 
--- The comparative characteristics --- 
                              Tmin N proc      Tmax N proc      Tmid
Lost time                   0.0103     4     0.0105    18     0.0104 
User insufficient par.      0.0057    18     0.0089     4     0.0069 
Sys.insufficient par.       0.0005    18     0.0009     1     0.0007 
Idle time                   0.0000     4     0.0031     3     0.0021 
Communication               0.0006     1     0.0013    18     0.0008 
Synchronization             0.0001    12     0.0009    17     0.0003 
Variation                   0.0004    12     0.0010    17     0.0005 
Overlap                     0.0000     1     0.0000     8     0.0000 
Load imbalance              0.0000     4     0.0002    18     0.0001 
Execution time              0.0079     3     0.0109     4     0.0088 
User CPU time               0.0004    18     0.0006     4     0.0005 
Sys. CPU time               0.0000    18     0.0000     7     0.0000 
I/O time                    0.0000     2     0.0000     1     0.0000 
Processors                      18     1         18    18         18 
                      Communic          Synchro        Variation          Overlap  
I/O             Tmin    0.0000     1     0.0000    12     0.0001     1     0.0000     1 
I/O             Tmax    0.0000    18     0.0002    17     0.0003    17     0.0000    18 
I/O             Tmid    0.0000           0.0001           0.0002           0.0000       
Reduction       Tmin    0.0003    13     0.0000    12     0.0000    12     0.0000     1 
Reduction       Tmax    0.0008    18     0.0001    17     0.0001    17     0.0000     8 
Reduction       Tmid    0.0004           0.0000           0.0000           0.0000       
Redistribution  Tmin    0.0001     1     0.0000     1     0.0001    15     0.0000     1 
Redistribution  Tmax    0.0005    18     0.0007    17     0.0006    17     0.0000    18 
Redistribution  Tmid    0.0003           0.0002           0.0003           0.0000       
--- The execution characteristics --- 
                                1          2          3          4          5          6          7          8          9         10         11         12         13         14         15         16         17         18 
Lost time                  0.0104     0.0105     0.0105     0.0103     0.0104     0.0105     0.0105     0.0105     0.0105     0.0104     0.0104     0.0104     0.0103     0.0103     0.0105     0.0105     0.0104     0.0105 
User insufficient par.     0.0070     0.0060     0.0061     0.0089     0.0067     0.0060     0.0060     0.0061     0.0060     0.0074     0.0074     0.0077     0.0082     0.0082     0.0060     0.0060     0.0082     0.0057 
Sys.insufficient par.      0.0009     0.0007     0.0006     0.0007     0.0007     0.0007     0.0008     0.0007     0.0007     0.0007     0.0007     0.0007     0.0007     0.0007     0.0007     0.0007     0.0005     0.0005 
Idle time                  0.0020     0.0030     0.0031     0.0000     0.0023     0.0030     0.0030     0.0030     0.0030     0.0015     0.0016     0.0012     0.0008     0.0008     0.0030     0.0030     0.0004     0.0030 
Communication              0.0006     0.0007     0.0007     0.0007     0.0007     0.0007     0.0007     0.0007     0.0007     0.0007     0.0007     0.0007     0.0007     0.0007     0.0007     0.0007     0.0013     0.0013 
Synchronization            0.0003     0.0004     0.0003     0.0002     0.0003     0.0002     0.0002     0.0002     0.0002     0.0002     0.0002     0.0001     0.0003     0.0003     0.0003     0.0003     0.0009     0.0008 
Variation                  0.0005     0.0007     0.0007     0.0005     0.0006     0.0005     0.0004     0.0004     0.0004     0.0004     0.0004     0.0004     0.0004     0.0004     0.0004     0.0004     0.0010     0.0010 
Overlap                    0.0000     0.0000     0.0000     0.0000     0.0000     0.0000     0.0000     0.0000     0.0000     0.0000     0.0000     0.0000     0.0000     0.0000     0.0000     0.0000     0.0000     0.0000 
Load imbalance             0.0001     0.0002     0.0002     0.0000     0.0001     0.0002     0.0002     0.0002     0.0002     0.0001     0.0001     0.0001     0.0000     0.0000     0.0002     0.0002     0.0001     0.0002 
Execution time             0.0090     0.0079     0.0079     0.0109     0.0086     0.0079     0.0079     0.0079     0.0079     0.0094     0.0094     0.0098     0.0102     0.0102     0.0079     0.0079     0.0106     0.0079 
User CPU time              0.0005     0.0004     0.0004     0.0006     0.0005     0.0004     0.0004     0.0004     0.0004     0.0005     0.0005     0.0005     0.0006     0.0006     0.0004     0.0004     0.0006     0.0004 
Sys. CPU time              0.0000     0.0000     0.0000     0.0000     0.0000     0.0000     0.0000     0.0000     0.0000     0.0000     0.0000     0.0000     0.0000     0.0000     0.0000     0.0000     0.0000     0.0000 
I/O time                   0.0000     0.0000     0.0000     0.0000     0.0000     0.0000     0.0000     0.0000     0.0000     0.0000     0.0000     0.0000     0.0000     0.0000     0.0000     0.0000     0.0000     0.0000 
Processors                     18         18         18         18         18         18         18         18         18         18         18         18         18         18         18         18         18         18 
           Communication          
Reduction                  0.0004     0.0005     0.0005     0.0004     0.0004     0.0004     0.0004     0.0004     0.0004     0.0004     0.0004     0.0004     0.0003     0.0003     0.0003     0.0003     0.0008     0.0008 
Redistribution             0.0001     0.0002     0.0002     0.0003     0.0003     0.0003     0.0003     0.0003     0.0003     0.0003     0.0003     0.0003     0.0004     0.0004     0.0004     0.0004     0.0005     0.0005 
           Synchronization        
I/O                        0.0002     0.0002     0.0001     0.0001     0.0001     0.0000     0.0001     0.0001     0.0001     0.0001     0.0000     0.0000     0.0001     0.0001     0.0001     0.0001     0.0002     0.0001 
Reduction                  0.0001     0.0001     0.0001     0.0000     0.0000     0.0000     0.0000     0.0000     0.0000     0.0000     0.0000     0.0000     0.0000     0.0000     0.0000     0.0000     0.0001     0.0001 
Redistribution             0.0000     0.0002     0.0001     0.0001     0.0001     0.0001     0.0001     0.0001     0.0001     0.0001     0.0001     0.0001     0.0002     0.0002     0.0002     0.0002     0.0007     0.0007 
           Variation              
I/O                        0.0001     0.0003     0.0003     0.0002     0.0003     0.0002     0.0002     0.0002     0.0002     0.0002     0.0002     0.0002     0.0002     0.0002     0.0002     0.0002     0.0003     0.0003 
Reduction                  0.0001     0.0001     0.0001     0.0000     0.0001     0.0000     0.0000     0.0000     0.0000     0.0000     0.0000     0.0000     0.0000     0.0001     0.0000     0.0000     0.0001     0.0001 
Redistribution             0.0003     0.0003     0.0003     0.0003     0.0003     0.0003     0.0002     0.0002     0.0002     0.0002     0.0002     0.0002     0.0002     0.0001     0.0001     0.0002     0.0006     0.0006 
           Overlap                
Reduction                  0.0000     0.0000     0.0000     0.0000     0.0000     0.0000     0.0000     0.0000     0.0000     0.0000     0.0000     0.0000     0.0000     0.0000     0.0000     0.0000     0.0000     0.0000 


-------------------------------------------------------------------------
Name (number) and performance time of processors
omp.keldysh.ru(1) 0.933658
omp.keldysh.ru(2) 0.933589
omp.keldysh.ru(3) 0.933893
omp.keldysh.ru(4) 0.934138
omp.keldysh.ru(5) 0.955494
omp.keldysh.ru(6) 0.955470
omp.keldysh.ru(7) 0.953951
omp.keldysh.ru(8) 0.953672
omp.keldysh.ru(9) 0.952510
omp.keldysh.ru(10) 0.952499
omp.keldysh.ru(11) 0.952691
omp.keldysh.ru(12) 0.952695
omp.keldysh.ru(13) 0.954909
omp.keldysh.ru(14) 0.954903
omp.keldysh.ru(15) 0.951863
omp.keldysh.ru(16) 0.951878
omp.keldysh.ru(17) 0.951701
omp.keldysh.ru(18) 0.951692
min - omp.keldysh.ru(2) 0.933589; max - omp.keldysh.ru(5) 0.955494; mid - 0.948956
