Processor system=2*2*4*1
Statistics has been accumulated on DVM-system version 5.0, platform DVM
Analyzer is executing on DVM-system version 5.0, platform DVM
-------------------------------------------------------------------------
INTERVAL ( NLINE=7 SOURCE=rem43.f ) LEVEL=0  EXE_COUNT=1
--- The main characteristics --- 
Parallelization efficiency      0.0487 
Execution time                  0.3389 
Processors                          16
Threads amount                      16
Total time                      5.4225
Productive time                 0.2642 ( CPU= 0.0178 Sys= 0.2464 I/O= 0.0000 )
Lost  time                      5.1584 
   Insufficient parallelism     3.8766 ( User= 0.1809 Sys= 3.6957 )
   Communication                1.2537 ( Real_sync= 0.0000 Starts= 0.0000 )
   Idle time                    0.0281
Load imbalance                  0.0477
Synchronization                 1.5637
Time variation                  0.9533
Overlap                         0.0003
                  Nop   Communic    Synchro  Variation    Overlap 
I/O                16     0.0000     0.0050     0.0074     0.0000 
Reduction           7     0.0033     0.0001     0.0001     0.0000 
Remote access    4155     1.2503     1.5586     0.9458     0.0003 
--- The comparative characteristics --- 
                              Tmin N proc      Tmax N proc      Tmid
Lost time                   0.3194     8     0.3280    14     0.3224 
User insufficient par.      0.0084    14     0.0131     4     0.0113 
Sys.insufficient par.       0.1493    13     0.2738     8     0.2310 
Idle time                   0.0000    15     0.0027     6     0.0018 
Communication               0.0301     8     0.1678    15     0.0784 
Synchronization             0.0435     6     0.1935    13     0.0977 
Variation                   0.0112    10     0.1208    16     0.0596 
Overlap                     0.0000    13     0.0001     6     0.0000 
Load imbalance              0.0000     8     0.0086    14     0.0030 
Execution time              0.3362     6     0.3389    15     0.3372 
User CPU time               0.0009    14     0.0012     4     0.0011 
Sys. CPU time               0.0100    13     0.0183     8     0.0154 
I/O time                    0.0000    16     0.0000     1     0.0000 
Processors                      16     1         16    16         16 
                      Communic          Synchro        Variation          Overlap  
I/O             Tmin    0.0000     1     0.0001     9     0.0002     1     0.0000     1 
I/O             Tmax    0.0000    16     0.0005    13     0.0007    13     0.0000    16 
I/O             Tmid    0.0000           0.0003           0.0005           0.0000       
Reduction       Tmin    0.0001    10     0.0000    11     0.0000    11     0.0000     1 
Reduction       Tmax    0.0005    13     0.0000     2     0.0000    15     0.0000    11 
Reduction       Tmid    0.0002           0.0000           0.0000           0.0000       
Remote access   Tmin    0.0300     8     0.0433     6     0.0109    10     0.0000    13 
Remote access   Tmax    0.1673    15     0.1929    13     0.1201    16     0.0001     6 
Remote access   Tmid    0.0781           0.0974           0.0591           0.0000       
--- The execution characteristics --- 
                                1          2          3          4          5          6          7          8          9         10         11         12         13         14         15         16 
Lost time                  0.3210     0.3209     0.3213     0.3199     0.3204     0.3205     0.3207     0.3194     0.3210     0.3210     0.3212     0.3200     0.3280     0.3280     0.3280     0.3272 
User insufficient par.     0.0123     0.0121     0.0104     0.0131     0.0126     0.0113     0.0114     0.0128     0.0112     0.0102     0.0105     0.0118     0.0108     0.0084     0.0108     0.0114 
Sys.insufficient par.      0.2516     0.2516     0.2489     0.2669     0.2587     0.2591     0.2557     0.2738     0.2519     0.2525     0.2490     0.2669     0.1493     0.1504     0.1493     0.1601 
Idle time                  0.0008     0.0008     0.0027     0.0012     0.0016     0.0027     0.0027     0.0027     0.0020     0.0027     0.0027     0.0027     0.0000     0.0026     0.0000     0.0004 
Communication              0.0563     0.0565     0.0593     0.0387     0.0476     0.0474     0.0509     0.0301     0.0560     0.0556     0.0591     0.0386     0.1678     0.1666     0.1678     0.1553 
Synchronization            0.0911     0.0891     0.0934     0.0645     0.0454     0.0435     0.0834     0.0585     0.0509     0.0491     0.0854     0.0565     0.1935     0.1911     0.1918     0.1765 
Variation                  0.0523     0.0513     0.0528     0.0534     0.0193     0.0175     0.0553     0.0600     0.0129     0.0112     0.0453     0.0459     0.1194     0.1185     0.1174     0.1208 
Overlap                    0.0000     0.0000     0.0000     0.0000     0.0001     0.0001     0.0000     0.0000     0.0000     0.0000     0.0000     0.0000     0.0000     0.0000     0.0000     0.0000 
Load imbalance             0.0016     0.0015     0.0018     0.0005     0.0010     0.0011     0.0013     0.0000     0.0016     0.0016     0.0018     0.0005     0.0085     0.0086     0.0085     0.0078 
Execution time             0.3381     0.3381     0.3362     0.3377     0.3373     0.3362     0.3362     0.3362     0.3370     0.3362     0.3362     0.3363     0.3389     0.3363     0.3389     0.3385 
User CPU time              0.0012     0.0012     0.0011     0.0012     0.0012     0.0011     0.0012     0.0012     0.0011     0.0011     0.0011     0.0012     0.0010     0.0009     0.0010     0.0011 
Sys. CPU time              0.0168     0.0168     0.0166     0.0178     0.0172     0.0173     0.0170     0.0183     0.0168     0.0168     0.0166     0.0178     0.0100     0.0100     0.0100     0.0107 
I/O time                   0.0000     0.0000     0.0000     0.0000     0.0000     0.0000     0.0000     0.0000     0.0000     0.0000     0.0000     0.0000     0.0000     0.0000     0.0000     0.0000 
Processors                     16         16         16         16         16         16         16         16         16         16         16         16         16         16         16         16 
           Communication          
Reduction                  0.0002     0.0001     0.0001     0.0001     0.0001     0.0001     0.0001     0.0001     0.0001     0.0001     0.0001     0.0001     0.0005     0.0005     0.0005     0.0005 
Remote access              0.0562     0.0564     0.0592     0.0386     0.0475     0.0473     0.0508     0.0300     0.0559     0.0555     0.0590     0.0385     0.1673     0.1661     0.1673     0.1548 
           Synchronization        
I/O                        0.0002     0.0003     0.0003     0.0003     0.0002     0.0002     0.0003     0.0003     0.0001     0.0001     0.0003     0.0003     0.0005     0.0005     0.0005     0.0005 
Reduction                  0.0000     0.0000     0.0000     0.0000     0.0000     0.0000     0.0000     0.0000     0.0000     0.0000     0.0000     0.0000     0.0000     0.0000     0.0000     0.0000 
Remote access              0.0909     0.0888     0.0931     0.0642     0.0452     0.0433     0.0831     0.0582     0.0507     0.0489     0.0851     0.0563     0.1929     0.1905     0.1913     0.1760 
           Variation              
I/O                        0.0002     0.0005     0.0005     0.0005     0.0003     0.0003     0.0005     0.0005     0.0003     0.0003     0.0004     0.0004     0.0007     0.0007     0.0007     0.0007 
Reduction                  0.0000     0.0000     0.0000     0.0000     0.0000     0.0000     0.0000     0.0000     0.0000     0.0000     0.0000     0.0000     0.0000     0.0000     0.0000     0.0000 
Remote access              0.0521     0.0508     0.0523     0.0529     0.0189     0.0172     0.0548     0.0595     0.0126     0.0109     0.0449     0.0455     0.1187     0.1178     0.1167     0.1201 
           Overlap                
Reduction                  0.0000     0.0000     0.0000     0.0000     0.0000     0.0000     0.0000     0.0000     0.0000     0.0000     0.0000     0.0000     0.0000     0.0000     0.0000     0.0000 
Remote access              0.0000     0.0000     0.0000     0.0000     0.0001     0.0001     0.0000     0.0000     0.0000     0.0000     0.0000     0.0000     0.0000     0.0000     0.0000     0.0000 


-------------------------------------------------------------------------
Name (number) and performance time of processors
omp.keldysh.ru(1) 0.935431
omp.keldysh.ru(2) 0.935359
omp.keldysh.ru(3) 0.935353
omp.keldysh.ru(4) 0.935340
omp.keldysh.ru(5) 0.958907
omp.keldysh.ru(6) 0.958894
omp.keldysh.ru(7) 0.960133
omp.keldysh.ru(8) 0.960134
omp.keldysh.ru(9) 0.958370
omp.keldysh.ru(10) 0.958370
omp.keldysh.ru(11) 0.959510
omp.keldysh.ru(12) 0.959514
omp.keldysh.ru(13) 0.957119
omp.keldysh.ru(14) 0.956836
omp.keldysh.ru(15) 0.957956
omp.keldysh.ru(16) 0.957957
min - omp.keldysh.ru(4) 0.935340; max - omp.keldysh.ru(8) 0.960134; mid - 0.952824
