Processor system=6*1*1*3
Statistics has been accumulated on DVM-system version 5.0, platform DVM
Analyzer is executing on DVM-system version 5.0, platform DVM
-------------------------------------------------------------------------
INTERVAL ( NLINE=5 SOURCE=distr4.f ) LEVEL=0  EXE_COUNT=2
--- The main characteristics --- 
Parallelization efficiency      0.0589 
Execution time                  0.0064 
Processors                          18
Threads amount                      18
Total time                      0.1159
Productive time                 0.0068 ( CPU= 0.0060 Sys= 0.0008 I/O= 0.0000 )
Lost  time                      0.1091 
   Insufficient parallelism     0.0956 ( User= 0.0813 Sys= 0.0143 )
   Communication                0.0130 ( Real_sync= 0.0000 Starts= 0.0000 )
   Idle time                    0.0004
Load imbalance                  0.0004
Synchronization                 0.0064
Time variation                  0.0098
Overlap                         0.0000
                  Nop   Communic    Synchro  Variation    Overlap 
I/O                 6     0.0000     0.0017     0.0044     0.0000 
Reduction           5     0.0081     0.0005     0.0006     0.0000 
Redistribution      5     0.0049     0.0042     0.0049     0.0000 
--- The comparative characteristics --- 
                              Tmin N proc      Tmax N proc      Tmid
Lost time                   0.0060     2     0.0061    18     0.0061 
User insufficient par.      0.0042    17     0.0046     4     0.0045 
Sys.insufficient par.       0.0006    18     0.0009     1     0.0008 
Idle time                   0.0000     4     0.0001     2     0.0000 
Communication               0.0005     1     0.0013    17     0.0007 
Synchronization             0.0001     1     0.0009    17     0.0004 
Variation                   0.0002     1     0.0011    17     0.0005 
Overlap                     0.0000     1     0.0000    12     0.0000 
Load imbalance              0.0000     2     0.0001    18     0.0000 
Execution time              0.0064     2     0.0064     4     0.0064 
User CPU time               0.0003    18     0.0004     2     0.0003 
Sys. CPU time               0.0000    18     0.0001    15     0.0000 
I/O time                    0.0000     3     0.0000     1     0.0000 
Processors                      18     1         18    18         18 
                      Communic          Synchro        Variation          Overlap  
I/O             Tmin    0.0000     1     0.0000    15     0.0000     1     0.0000     1 
I/O             Tmax    0.0000    18     0.0002    17     0.0003    17     0.0000    18 
I/O             Tmid    0.0000           0.0001           0.0002           0.0000       
Reduction       Tmin    0.0003     1     0.0000    16     0.0000    16     0.0000     1 
Reduction       Tmax    0.0009    17     0.0001    17     0.0001    17     0.0000    12 
Reduction       Tmid    0.0004           0.0000           0.0000           0.0000       
Redistribution  Tmin    0.0002     3     0.0000     1     0.0002    16     0.0000     1 
Redistribution  Tmax    0.0004    17     0.0007    17     0.0007    17     0.0000    18 
Redistribution  Tmid    0.0003           0.0002           0.0003           0.0000       
--- The execution characteristics --- 
                                1          2          3          4          5          6          7          8          9         10         11         12         13         14         15         16         17         18 
Lost time                  0.0060     0.0060     0.0061     0.0061     0.0061     0.0061     0.0061     0.0061     0.0061     0.0060     0.0061     0.0061     0.0061     0.0061     0.0061     0.0061     0.0061     0.0061 
User insufficient par.     0.0045     0.0045     0.0046     0.0046     0.0046     0.0046     0.0046     0.0045     0.0046     0.0046     0.0046     0.0046     0.0045     0.0045     0.0045     0.0046     0.0042     0.0042 
Sys.insufficient par.      0.0009     0.0008     0.0008     0.0008     0.0008     0.0008     0.0008     0.0009     0.0008     0.0008     0.0008     0.0008     0.0008     0.0008     0.0009     0.0008     0.0006     0.0006 
Idle time                  0.0001     0.0001     0.0000     0.0000     0.0000     0.0000     0.0001     0.0001     0.0000     0.0000     0.0000     0.0000     0.0000     0.0001     0.0000     0.0000     0.0000     0.0000 
Communication              0.0005     0.0007     0.0007     0.0007     0.0006     0.0006     0.0006     0.0006     0.0007     0.0007     0.0006     0.0006     0.0007     0.0007     0.0007     0.0007     0.0013     0.0012 
Synchronization            0.0001     0.0003     0.0003     0.0004     0.0004     0.0003     0.0003     0.0003     0.0003     0.0003     0.0003     0.0003     0.0003     0.0003     0.0002     0.0002     0.0009     0.0009 
Variation                  0.0002     0.0005     0.0006     0.0006     0.0006     0.0005     0.0006     0.0006     0.0005     0.0005     0.0004     0.0004     0.0004     0.0004     0.0004     0.0004     0.0011     0.0011 
Overlap                    0.0000     0.0000     0.0000     0.0000     0.0000     0.0000     0.0000     0.0000     0.0000     0.0000     0.0000     0.0000     0.0000     0.0000     0.0000     0.0000     0.0000     0.0000 
Load imbalance             0.0000     0.0000     0.0000     0.0000     0.0000     0.0000     0.0000     0.0000     0.0000     0.0000     0.0000     0.0000     0.0000     0.0000     0.0000     0.0000     0.0001     0.0001 
Execution time             0.0064     0.0064     0.0064     0.0064     0.0064     0.0064     0.0064     0.0064     0.0064     0.0064     0.0064     0.0064     0.0064     0.0064     0.0064     0.0064     0.0064     0.0064 
User CPU time              0.0003     0.0004     0.0003     0.0003     0.0003     0.0003     0.0003     0.0003     0.0003     0.0003     0.0003     0.0003     0.0003     0.0003     0.0003     0.0003     0.0003     0.0003 
Sys. CPU time              0.0000     0.0000     0.0000     0.0000     0.0000     0.0000     0.0000     0.0000     0.0000     0.0000     0.0000     0.0000     0.0000     0.0000     0.0001     0.0000     0.0000     0.0000 
I/O time                   0.0000     0.0000     0.0000     0.0000     0.0000     0.0000     0.0000     0.0000     0.0000     0.0000     0.0000     0.0000     0.0000     0.0000     0.0000     0.0000     0.0000     0.0000 
Processors                     18         18         18         18         18         18         18         18         18         18         18         18         18         18         18         18         18         18 
           Communication          
Reduction                  0.0003     0.0004     0.0005     0.0005     0.0004     0.0004     0.0004     0.0004     0.0004     0.0004     0.0004     0.0004     0.0004     0.0004     0.0004     0.0004     0.0009     0.0009 
Redistribution             0.0002     0.0002     0.0002     0.0002     0.0002     0.0003     0.0002     0.0002     0.0003     0.0003     0.0003     0.0003     0.0003     0.0003     0.0003     0.0004     0.0004     0.0004 
           Synchronization        
I/O                        0.0000     0.0001     0.0001     0.0001     0.0001     0.0001     0.0001     0.0001     0.0001     0.0001     0.0001     0.0001     0.0001     0.0001     0.0000     0.0000     0.0002     0.0001 
Reduction                  0.0000     0.0000     0.0000     0.0000     0.0000     0.0000     0.0000     0.0000     0.0000     0.0000     0.0000     0.0000     0.0000     0.0000     0.0000     0.0000     0.0001     0.0001 
Redistribution             0.0000     0.0002     0.0002     0.0002     0.0002     0.0002     0.0002     0.0002     0.0001     0.0002     0.0002     0.0002     0.0002     0.0002     0.0002     0.0002     0.0007     0.0007 
           Variation              
I/O                        0.0000     0.0002     0.0003     0.0003     0.0003     0.0003     0.0003     0.0003     0.0003     0.0002     0.0002     0.0002     0.0002     0.0002     0.0002     0.0002     0.0003     0.0003 
Reduction                  0.0000     0.0000     0.0000     0.0000     0.0000     0.0000     0.0000     0.0000     0.0000     0.0000     0.0000     0.0000     0.0000     0.0000     0.0000     0.0000     0.0001     0.0001 
Redistribution             0.0002     0.0002     0.0003     0.0003     0.0003     0.0002     0.0003     0.0002     0.0002     0.0002     0.0002     0.0002     0.0002     0.0002     0.0002     0.0002     0.0007     0.0007 
           Overlap                
Reduction                  0.0000     0.0000     0.0000     0.0000     0.0000     0.0000     0.0000     0.0000     0.0000     0.0000     0.0000     0.0000     0.0000     0.0000     0.0000     0.0000     0.0000     0.0000 


-------------------------------------------------------------------------
Name (number) and performance time of processors
omp.keldysh.ru(1) 0.934000
omp.keldysh.ru(2) 0.933949
omp.keldysh.ru(3) 0.933944
omp.keldysh.ru(4) 0.933943
omp.keldysh.ru(5) 0.949694
omp.keldysh.ru(6) 0.949663
omp.keldysh.ru(7) 0.956603
omp.keldysh.ru(8) 0.956598
omp.keldysh.ru(9) 0.956315
omp.keldysh.ru(10) 0.956312
omp.keldysh.ru(11) 0.958376
omp.keldysh.ru(12) 0.958369
omp.keldysh.ru(13) 0.956401
omp.keldysh.ru(14) 0.956713
omp.keldysh.ru(15) 0.956291
omp.keldysh.ru(16) 0.956282
omp.keldysh.ru(17) 0.957216
omp.keldysh.ru(18) 0.957227
min - omp.keldysh.ru(4) 0.933943; max - omp.keldysh.ru(11) 0.958376; mid - 0.950994
