Processor system=3*2*1*3
Statistics has been accumulated on DVM-system version 5.0, platform DVM
Analyzer is executing on DVM-system version 5.0, platform DVM
-------------------------------------------------------------------------
INTERVAL ( NLINE=7 SOURCE=sc41.f ) LEVEL=0  EXE_COUNT=2
--- The main characteristics --- 
Parallelization efficiency      0.2247 
Execution time                  2.2461 
Processors                          18
Threads amount                      18
Total time                     40.4306
Productive time                 9.0853 ( CPU= 9.0783 Sys= 0.0069 I/O= 0.0000 )
Lost  time                     31.3454 
   Insufficient parallelism    28.1605 ( User= 28.0421 Sys= 0.1184 )
   Communication                3.1247 ( Real_sync= 0.0000 Starts= 0.0000 )
   Idle time                    0.0602
Load imbalance                  1.9092
Synchronization                 0.0205
Time variation                  0.0258
Overlap                         0.0000
                  Nop   Communic    Synchro  Variation    Overlap 
I/O                12     0.0000     0.0204     0.0256     0.0000 
Reduction          10     3.1247     0.0001     0.0001     0.0000 
--- The comparative characteristics --- 
                              Tmin N proc      Tmax N proc      Tmid
Lost time                   1.6353     8     1.9214    18     1.7414 
User insufficient par.      0.9890    18     1.6363    16     1.5579 
Sys.insufficient par.       0.0043    18     0.0094    14     0.0066 
Idle time                   0.0000     7     0.0088    18     0.0033 
Communication               0.0027     8     0.9193    18     0.1736 
Synchronization             0.0000    11     0.0051    18     0.0011 
Variation                   0.0003    11     0.0054    18     0.0014 
Overlap                     0.0000     1     0.0000    16     0.0000 
Load imbalance              0.0000     8     0.2861    18     0.1061 
Execution time              2.2373    18     2.2461     7     2.2428 
User CPU time               0.3244    18     0.6103     8     0.5043 
Sys. CPU time               0.0003    18     0.0006    14     0.0004 
I/O time                    0.0000     4     0.0000     1     0.0000 
Processors                      18     1         18    18         18 
                      Communic          Synchro        Variation          Overlap  
I/O             Tmin    0.0000     1     0.0000    11     0.0003    11     0.0000     1 
I/O             Tmax    0.0000    18     0.0051    18     0.0054    18     0.0000    18 
I/O             Tmid    0.0000           0.0011           0.0014           0.0000       
Reduction       Tmin    0.0027     8     0.0000    16     0.0000    16     0.0000     1 
Reduction       Tmax    0.9193    18     0.0000    11     0.0000     8     0.0000    16 
Reduction       Tmid    0.1736           0.0000           0.0000           0.0000       
--- The execution characteristics --- 
                                1          2          3          4          5          6          7          8          9         10         11         12         13         14         15         16         17         18 
Lost time                  1.7720     1.7202     1.7836     1.7808     1.7231     1.7736     1.6841     1.6353     1.6994     1.6945     1.6440     1.6828     1.7753     1.7200     1.7840     1.7840     1.7674     1.9214 
User insufficient par.     1.6314     1.6247     1.6232     1.6246     1.6293     1.6302     1.6338     1.6222     1.6344     1.6286     1.6261     1.6244     1.6266     1.6258     1.6337     1.6363     0.9976     0.9890 
Sys.insufficient par.      0.0059     0.0071     0.0055     0.0059     0.0070     0.0056     0.0066     0.0085     0.0068     0.0068     0.0084     0.0070     0.0055     0.0094     0.0056     0.0058     0.0066     0.0043 
Idle time                  0.0016     0.0043     0.0074     0.0004     0.0039     0.0050     0.0000     0.0019     0.0012     0.0012     0.0035     0.0031     0.0071     0.0027     0.0050     0.0008     0.0023     0.0088 
Communication              0.1331     0.0842     0.1474     0.1499     0.0829     0.1328     0.0437     0.0027     0.0570     0.0578     0.0059     0.0483     0.1360     0.0821     0.1397     0.1411     0.7609     0.9193 
Synchronization            0.0016     0.0002     0.0022     0.0014     0.0002     0.0015     0.0005     0.0001     0.0003     0.0003     0.0000     0.0004     0.0021     0.0002     0.0017     0.0015     0.0011     0.0051 
Variation                  0.0016     0.0006     0.0025     0.0017     0.0005     0.0018     0.0008     0.0004     0.0006     0.0006     0.0003     0.0007     0.0024     0.0005     0.0020     0.0018     0.0014     0.0054 
Overlap                    0.0000     0.0000     0.0000     0.0000     0.0000     0.0000     0.0000     0.0000     0.0000     0.0000     0.0000     0.0000     0.0000     0.0000     0.0000     0.0000     0.0000     0.0000 
Load imbalance             0.1367     0.0848     0.1482     0.1454     0.0878     0.1383     0.0487     0.0000     0.0640     0.0591     0.0086     0.0474     0.1399     0.0847     0.1487     0.1486     0.1320     0.2861 
Execution time             2.2446     2.2419     2.2387     2.2458     2.2423     2.2411     2.2461     2.2442     2.2450     2.2450     2.2426     2.2430     2.2391     2.2434     2.2411     2.2454     2.2438     2.2373 
User CPU time              0.4738     0.5255     0.4622     0.4650     0.5226     0.4722     0.5617     0.6103     0.5464     0.5513     0.6017     0.5630     0.4706     0.5256     0.4618     0.4618     0.4784     0.3244 
Sys. CPU time              0.0003     0.0004     0.0003     0.0003     0.0004     0.0003     0.0004     0.0005     0.0004     0.0004     0.0005     0.0004     0.0003     0.0006     0.0003     0.0003     0.0004     0.0003 
I/O time                   0.0000     0.0000     0.0000     0.0000     0.0000     0.0000     0.0000     0.0000     0.0000     0.0000     0.0000     0.0000     0.0000     0.0000     0.0000     0.0000     0.0000     0.0000 
Processors                     18         18         18         18         18         18         18         18         18         18         18         18         18         18         18         18         18         18 
           Communication          
Reduction                  0.1331     0.0842     0.1474     0.1499     0.0829     0.1328     0.0437     0.0027     0.0570     0.0578     0.0059     0.0483     0.1360     0.0821     0.1397     0.1411     0.7609     0.9193 
           Synchronization        
I/O                        0.0016     0.0002     0.0022     0.0014     0.0002     0.0015     0.0005     0.0001     0.0003     0.0003     0.0000     0.0004     0.0021     0.0002     0.0017     0.0015     0.0011     0.0051 
Reduction                  0.0000     0.0000     0.0000     0.0000     0.0000     0.0000     0.0000     0.0000     0.0000     0.0000     0.0000     0.0000     0.0000     0.0000     0.0000     0.0000     0.0000     0.0000 
           Variation              
I/O                        0.0016     0.0005     0.0025     0.0017     0.0005     0.0018     0.0008     0.0004     0.0006     0.0006     0.0003     0.0007     0.0024     0.0005     0.0020     0.0018     0.0014     0.0054 
Reduction                  0.0000     0.0000     0.0000     0.0000     0.0000     0.0000     0.0000     0.0000     0.0000     0.0000     0.0000     0.0000     0.0000     0.0000     0.0000     0.0000     0.0000     0.0000 
           Overlap                
Reduction                  0.0000     0.0000     0.0000     0.0000     0.0000     0.0000     0.0000     0.0000     0.0000     0.0000     0.0000     0.0000     0.0000     0.0000     0.0000     0.0000     0.0000     0.0000 


-------------------------------------------------------------------------
Name (number) and performance time of processors
omp.keldysh.ru(1) 0.935455
omp.keldysh.ru(2) 0.935378
omp.keldysh.ru(3) 0.958766
omp.keldysh.ru(4) 0.958854
omp.keldysh.ru(5) 0.956913
omp.keldysh.ru(6) 0.956898
omp.keldysh.ru(7) 0.958729
omp.keldysh.ru(8) 0.958727
omp.keldysh.ru(9) 0.958742
omp.keldysh.ru(10) 0.958743
omp.keldysh.ru(11) 0.960428
omp.keldysh.ru(12) 0.960742
omp.keldysh.ru(13) 0.956793
omp.keldysh.ru(14) 0.956794
omp.keldysh.ru(15) 0.935347
omp.keldysh.ru(16) 0.935327
omp.keldysh.ru(17) 0.956155
omp.keldysh.ru(18) 0.956163
min - omp.keldysh.ru(16) 0.935327; max - omp.keldysh.ru(12) 0.960742; mid - 0.953053
