Processor system=1*2*4*2
Statistics has been accumulated on DVM-system version 5.0, platform DVM
Analyzer is executing on DVM-system version 5.0, platform DVM
-------------------------------------------------------------------------
INTERVAL ( NLINE=7 SOURCE=rem41.f ) LEVEL=0  EXE_COUNT=1
--- The main characteristics --- 
Parallelization efficiency      0.0481 
Execution time                  0.3141 
Processors                          16
Threads amount                      16
Total time                      5.0251
Productive time                 0.2419 ( CPU= 0.0172 Sys= 0.2247 I/O= 0.0000 )
Lost  time                      4.7832 
   Insufficient parallelism     3.5419 ( User= 0.1717 Sys= 3.3703 )
   Communication                1.2086 ( Real_sync= 0.0000 Starts= 0.0000 )
   Idle time                    0.0327
Load imbalance                  0.0365
Synchronization                 1.7602
Time variation                  1.1132
Overlap                         0.0003
                  Nop   Communic    Synchro  Variation    Overlap 
I/O                16     0.0000     0.0048     0.0076     0.0000 
Reduction           7     0.0052     0.0002     0.0003     0.0000 
Remote access    4155     1.2033     1.7552     1.1053     0.0003 
--- The comparative characteristics --- 
                              Tmin N proc      Tmax N proc      Tmid
Lost time                   0.2967     8     0.3043    13     0.2989 
User insufficient par.      0.0068    13     0.0132     9     0.0107 
Sys.insufficient par.       0.1351    13     0.2444     8     0.2106 
Idle time                   0.0000     9     0.0039    13     0.0020 
Communication               0.0377     8     0.1585    13     0.0755 
Synchronization             0.0266    12     0.1919    13     0.1100 
Variation                   0.0109    12     0.1175    16     0.0696 
Overlap                     0.0000    13     0.0001    12     0.0000 
Load imbalance              0.0000     8     0.0076    13     0.0023 
Execution time              0.3102    13     0.3141     9     0.3120 
User CPU time               0.0007    13     0.0013    11     0.0011 
Sys. CPU time               0.0090    13     0.0163     8     0.0140 
I/O time                    0.0000     7     0.0000     1     0.0000 
Processors                      16     1         16    16         16 
                      Communic          Synchro        Variation          Overlap  
I/O             Tmin    0.0000     1     0.0001    12     0.0002     1     0.0000     1 
I/O             Tmax    0.0000    16     0.0005    14     0.0007    14     0.0000    16 
I/O             Tmid    0.0000           0.0003           0.0005           0.0000       
Reduction       Tmin    0.0001    12     0.0000     6     0.0000     6     0.0000     1 
Reduction       Tmax    0.0008    13     0.0000     2     0.0000    13     0.0000    16 
Reduction       Tmid    0.0003           0.0000           0.0000           0.0000       
Remote access   Tmin    0.0375     8     0.0265    12     0.0106    12     0.0000    13 
Remote access   Tmax    0.1578    13     0.1914    13     0.1168    16     0.0001    12 
Remote access   Tmid    0.0752           0.1097           0.0691           0.0000       
--- The execution characteristics --- 
                                1          2          3          4          5          6          7          8          9         10         11         12         13         14         15         16 
Lost time                  0.2980     0.2974     0.2980     0.2972     0.2979     0.2973     0.2973     0.2967     0.2974     0.2968     0.2974     0.2967     0.3043     0.3037     0.3038     0.3032 
User insufficient par.     0.0102     0.0096     0.0102     0.0117     0.0110     0.0096     0.0120     0.0107     0.0132     0.0122     0.0130     0.0118     0.0068     0.0082     0.0101     0.0115 
Sys.insufficient par.      0.2250     0.2346     0.2254     0.2351     0.2254     0.2354     0.2342     0.2444     0.2309     0.2409     0.2312     0.2425     0.1351     0.1424     0.1403     0.1474 
Idle time                  0.0020     0.0039     0.0020     0.0016     0.0012     0.0038     0.0012     0.0038     0.0000     0.0024     0.0000     0.0027     0.0039     0.0031     0.0008     0.0004 
Communication              0.0609     0.0494     0.0604     0.0489     0.0603     0.0485     0.0498     0.0377     0.0534     0.0414     0.0532     0.0396     0.1585     0.1501     0.1526     0.1439 
Synchronization            0.1160     0.0960     0.1107     0.0912     0.0983     0.0769     0.0976     0.0774     0.0894     0.0700     0.0797     0.0266     0.1919     0.1829     0.1827     0.1728 
Variation                  0.0680     0.0662     0.0635     0.0619     0.0510     0.0476     0.0663     0.0648     0.0536     0.0528     0.0441     0.0109     0.1138     0.1168     0.1147     0.1175 
Overlap                    0.0000     0.0000     0.0000     0.0000     0.0000     0.0000     0.0000     0.0000     0.0000     0.0000     0.0001     0.0001     0.0000     0.0000     0.0000     0.0000 
Load imbalance             0.0014     0.0008     0.0013     0.0006     0.0013     0.0007     0.0006     0.0000     0.0008     0.0002     0.0007     0.0001     0.0076     0.0071     0.0071     0.0065 
Execution time             0.3121     0.3102     0.3121     0.3125     0.3129     0.3102     0.3129     0.3102     0.3141     0.3117     0.3141     0.3113     0.3102     0.3109     0.3133     0.3137 
User CPU time              0.0010     0.0010     0.0011     0.0012     0.0011     0.0010     0.0012     0.0011     0.0013     0.0012     0.0013     0.0012     0.0007     0.0008     0.0010     0.0011 
Sys. CPU time              0.0150     0.0156     0.0150     0.0157     0.0150     0.0157     0.0156     0.0163     0.0154     0.0161     0.0154     0.0162     0.0090     0.0095     0.0094     0.0098 
I/O time                   0.0000     0.0000     0.0000     0.0000     0.0000     0.0000     0.0000     0.0000     0.0000     0.0000     0.0000     0.0000     0.0000     0.0000     0.0000     0.0000 
Processors                     16         16         16         16         16         16         16         16         16         16         16         16         16         16         16         16 
           Communication          
Reduction                  0.0002     0.0002     0.0002     0.0002     0.0002     0.0002     0.0002     0.0002     0.0002     0.0002     0.0002     0.0001     0.0008     0.0007     0.0007     0.0007 
Remote access              0.0606     0.0492     0.0602     0.0487     0.0601     0.0483     0.0496     0.0375     0.0532     0.0413     0.0530     0.0396     0.1578     0.1493     0.1519     0.1431 
           Synchronization        
I/O                        0.0002     0.0003     0.0003     0.0003     0.0002     0.0002     0.0003     0.0003     0.0003     0.0003     0.0002     0.0001     0.0005     0.0005     0.0005     0.0005 
Reduction                  0.0000     0.0000     0.0000     0.0000     0.0000     0.0000     0.0000     0.0000     0.0000     0.0000     0.0000     0.0000     0.0000     0.0000     0.0000     0.0000 
Remote access              0.1158     0.0956     0.1104     0.0909     0.0980     0.0767     0.0973     0.0771     0.0892     0.0697     0.0795     0.0265     0.1914     0.1824     0.1822     0.1724 
           Variation              
I/O                        0.0002     0.0005     0.0005     0.0005     0.0004     0.0004     0.0005     0.0005     0.0004     0.0004     0.0004     0.0003     0.0007     0.0007     0.0007     0.0007 
Reduction                  0.0000     0.0000     0.0000     0.0000     0.0000     0.0000     0.0000     0.0000     0.0000     0.0000     0.0000     0.0000     0.0000     0.0000     0.0000     0.0000 
Remote access              0.0678     0.0657     0.0630     0.0614     0.0505     0.0472     0.0657     0.0643     0.0531     0.0523     0.0436     0.0106     0.1131     0.1161     0.1140     0.1168 
           Overlap                
Remote access              0.0000     0.0000     0.0000     0.0000     0.0000     0.0000     0.0000     0.0000     0.0000     0.0000     0.0001     0.0001     0.0000     0.0000     0.0000     0.0000 


-------------------------------------------------------------------------
Name (number) and performance time of processors
omp.keldysh.ru(1) 0.935413
omp.keldysh.ru(2) 0.935349
omp.keldysh.ru(3) 0.956772
omp.keldysh.ru(4) 0.956843
omp.keldysh.ru(5) 0.958178
omp.keldysh.ru(6) 0.958149
omp.keldysh.ru(7) 0.935428
omp.keldysh.ru(8) 0.935394
omp.keldysh.ru(9) 0.958503
omp.keldysh.ru(10) 0.958821
omp.keldysh.ru(11) 0.954164
omp.keldysh.ru(12) 0.954162
omp.keldysh.ru(13) 0.953500
omp.keldysh.ru(14) 0.953484
omp.keldysh.ru(15) 0.958732
omp.keldysh.ru(16) 0.958710
min - omp.keldysh.ru(2) 0.935349; max - omp.keldysh.ru(10) 0.958821; mid - 0.951350
