Processor system=3*1*3*2
Statistics has been accumulated on DVM-system version 5.0, platform DVM
Analyzer is executing on DVM-system version 5.0, platform DVM
-------------------------------------------------------------------------
INTERVAL ( NLINE=7 SOURCE=sc41.f ) LEVEL=0  EXE_COUNT=2
--- The main characteristics --- 
Parallelization efficiency      0.2358 
Execution time                  2.3293 
Processors                          18
Threads amount                      18
Total time                     41.9279
Productive time                 9.8871 ( CPU= 9.8801 Sys= 0.0069 I/O= 0.0000 )
Lost  time                     32.0409 
   Insufficient parallelism    28.0082 ( User= 27.8904 Sys= 0.1179 )
   Communication                3.9722 ( Real_sync= 0.0000 Starts= 0.0000 )
   Idle time                    0.0604
Load imbalance                  2.6961
Synchronization                 0.0276
Time variation                  0.0305
Overlap                         0.0000
                  Nop   Communic    Synchro  Variation    Overlap 
I/O                12     0.0000     0.0275     0.0305     0.0000 
Reduction          10     3.9722     0.0001     0.0001     0.0000 
--- The comparative characteristics --- 
                              Tmin N proc      Tmax N proc      Tmid
Lost time                   1.6303    10     1.9888    17     1.7800 
User insufficient par.      0.9926    17     1.6247    15     1.5495 
Sys.insufficient par.       0.0045    18     0.0087    10     0.0065 
Idle time                   0.0000     8     0.0078    17     0.0034 
Communication               0.0003     9     0.9838    17     0.2207 
Synchronization             0.0001     9     0.0048    17     0.0015 
Variation                   0.0002     9     0.0050    17     0.0017 
Overlap                     0.0000     1     0.0000    17     0.0000 
Load imbalance              0.0000    10     0.3585    17     0.1498 
Execution time              2.3216    17     2.3293     8     2.3260 
User CPU time               0.3403    17     0.6985    10     0.5489 
Sys. CPU time               0.0003    18     0.0005    10     0.0004 
I/O time                    0.0000     2     0.0000     1     0.0000 
Processors                      18     1         18    18         18 
                      Communic          Synchro        Variation          Overlap  
I/O             Tmin    0.0000     1     0.0001     9     0.0002     9     0.0000     1 
I/O             Tmax    0.0000    18     0.0048    17     0.0050    17     0.0000    18 
I/O             Tmid    0.0000           0.0015           0.0017           0.0000       
Reduction       Tmin    0.0003     9     0.0000    17     0.0000    14     0.0000     1 
Reduction       Tmax    0.9838    17     0.0000    10     0.0000    10     0.0000    17 
Reduction       Tmid    0.2207           0.0000           0.0000           0.0000       
--- The execution characteristics --- 
                                1          2          3          4          5          6          7          8          9         10         11         12         13         14         15         16         17         18 
Lost time                  1.8382     1.8393     1.7237     1.7216     1.8370     1.8369     1.7254     1.7217     1.6307     1.6303     1.7229     1.7190     1.8371     1.8340     1.7271     1.7270     1.9888     1.9804 
User insufficient par.     1.6243     1.6120     1.6163     1.6138     1.6207     1.6174     1.6231     1.6191     1.6209     1.6177     1.6207     1.6132     1.6180     1.6191     1.6247     1.6233     0.9926     0.9935 
Sys.insufficient par.      0.0057     0.0057     0.0073     0.0074     0.0055     0.0056     0.0071     0.0073     0.0087     0.0087     0.0068     0.0073     0.0052     0.0059     0.0074     0.0073     0.0045     0.0045 
Idle time                  0.0012     0.0066     0.0039     0.0023     0.0046     0.0046     0.0020     0.0000     0.0008     0.0031     0.0008     0.0016     0.0070     0.0004     0.0027     0.0035     0.0078     0.0078 
Communication              0.2070     0.2150     0.0962     0.0981     0.2061     0.2093     0.0933     0.0953     0.0003     0.0008     0.0946     0.0969     0.2069     0.2085     0.0924     0.0929     0.9838     0.9747 
Synchronization            0.0024     0.0027     0.0002     0.0002     0.0022     0.0023     0.0004     0.0004     0.0001     0.0001     0.0008     0.0005     0.0031     0.0021     0.0003     0.0003     0.0048     0.0047 
Variation                  0.0024     0.0029     0.0004     0.0004     0.0024     0.0025     0.0005     0.0006     0.0002     0.0003     0.0010     0.0007     0.0032     0.0023     0.0004     0.0005     0.0050     0.0049 
Overlap                    0.0000     0.0000     0.0000     0.0000     0.0000     0.0000     0.0000     0.0000     0.0000     0.0000     0.0000     0.0000     0.0000     0.0000     0.0000     0.0000     0.0000     0.0000 
Load imbalance             0.2079     0.2090     0.0934     0.0913     0.2067     0.2066     0.0952     0.0914     0.0004     0.0000     0.0927     0.0887     0.2068     0.2037     0.0969     0.0967     0.3585     0.3501 
Execution time             2.3282     2.3227     2.3254     2.3270     2.3247     2.3247     2.3274     2.3293     2.3286     2.3262     2.3286     2.3278     2.3224     2.3289     2.3266     2.3258     2.3216     2.3216 
User CPU time              0.4908     0.4897     0.6052     0.6073     0.4920     0.4922     0.6035     0.6072     0.6982     0.6985     0.6060     0.6099     0.4919     0.4950     0.6018     0.6019     0.3403     0.3487 
Sys. CPU time              0.0003     0.0003     0.0004     0.0004     0.0003     0.0003     0.0004     0.0004     0.0005     0.0005     0.0004     0.0004     0.0003     0.0003     0.0004     0.0004     0.0003     0.0003 
I/O time                   0.0000     0.0000     0.0000     0.0000     0.0000     0.0000     0.0000     0.0000     0.0000     0.0000     0.0000     0.0000     0.0000     0.0000     0.0000     0.0000     0.0000     0.0000 
Processors                     18         18         18         18         18         18         18         18         18         18         18         18         18         18         18         18         18         18 
           Communication          
Reduction                  0.2070     0.2150     0.0962     0.0981     0.2061     0.2093     0.0933     0.0953     0.0003     0.0008     0.0946     0.0969     0.2069     0.2085     0.0924     0.0929     0.9838     0.9747 
           Synchronization        
I/O                        0.0024     0.0027     0.0002     0.0002     0.0022     0.0023     0.0004     0.0004     0.0001     0.0001     0.0008     0.0005     0.0031     0.0021     0.0003     0.0003     0.0048     0.0047 
Reduction                  0.0000     0.0000     0.0000     0.0000     0.0000     0.0000     0.0000     0.0000     0.0000     0.0000     0.0000     0.0000     0.0000     0.0000     0.0000     0.0000     0.0000     0.0000 
           Variation              
I/O                        0.0024     0.0029     0.0004     0.0004     0.0024     0.0025     0.0005     0.0006     0.0002     0.0003     0.0010     0.0007     0.0032     0.0023     0.0004     0.0004     0.0050     0.0049 
Reduction                  0.0000     0.0000     0.0000     0.0000     0.0000     0.0000     0.0000     0.0000     0.0000     0.0000     0.0000     0.0000     0.0000     0.0000     0.0000     0.0000     0.0000     0.0000 
           Overlap                
Reduction                  0.0000     0.0000     0.0000     0.0000     0.0000     0.0000     0.0000     0.0000     0.0000     0.0000     0.0000     0.0000     0.0000     0.0000     0.0000     0.0000     0.0000     0.0000 


-------------------------------------------------------------------------
Name (number) and performance time of processors
omp.keldysh.ru(1) 0.935436
omp.keldysh.ru(2) 0.935359
omp.keldysh.ru(3) 0.953361
omp.keldysh.ru(4) 0.953442
omp.keldysh.ru(5) 0.935395
omp.keldysh.ru(6) 0.935377
omp.keldysh.ru(7) 0.955213
omp.keldysh.ru(8) 0.955213
omp.keldysh.ru(9) 0.956140
omp.keldysh.ru(10) 0.956468
omp.keldysh.ru(11) 0.952312
omp.keldysh.ru(12) 0.952305
omp.keldysh.ru(13) 0.954827
omp.keldysh.ru(14) 0.954837
omp.keldysh.ru(15) 0.953234
omp.keldysh.ru(16) 0.953212
omp.keldysh.ru(17) 0.957008
omp.keldysh.ru(18) 0.956986
min - omp.keldysh.ru(2) 0.935359; max - omp.keldysh.ru(17) 0.957008; mid - 0.950340
