Processor system=6*3*1*1
Statistics has been accumulated on DVM-system version 5.0, platform DVM
Analyzer is executing on DVM-system version 5.0, platform DVM
-------------------------------------------------------------------------
INTERVAL ( NLINE=5 SOURCE=prf41.f ) LEVEL=0  EXE_COUNT=2
--- The main characteristics --- 
Parallelization efficiency      0.0458 
Execution time                  0.0504 
Processors                          18
Threads amount                      18
Total time                      0.9081
Productive time                 0.0416 ( CPU= 0.0096 Sys= 0.0319 I/O= 0.0000 )
Lost  time                      0.8665 
   Insufficient parallelism     0.6690 ( User= 0.1256 Sys= 0.5434 )
   Communication                0.1643 ( Real_sync= 0.0000 Starts= 0.0000 )
   Idle time                    0.0331
Load imbalance                  0.0039
Synchronization                 0.2734
Time variation                  0.2118
Overlap                         0.1228
                  Nop   Communic    Synchro  Variation    Overlap 
I/O                12     0.0000     0.0422     0.0444     0.0000 
Reduction          22     0.0330     0.0010     0.0010     0.0000 
Remote access     180     0.1313     0.2301     0.1665     0.1228 
--- The comparative characteristics --- 
                              Tmin N proc      Tmax N proc      Tmid
Lost time                   0.0479    12     0.0489    17     0.0481 
User insufficient par.      0.0061     1     0.0087    12     0.0070 
Sys.insufficient par.       0.0189    17     0.0330     3     0.0302 
Idle time                   0.0000    12     0.0027     1     0.0018 
Communication               0.0062     3     0.0212    17     0.0091 
Synchronization             0.0043     2     0.0306    17     0.0152 
Variation                   0.0030     2     0.0266    17     0.0118 
Overlap                     0.0030    17     0.0119     2     0.0068 
Load imbalance              0.0000    12     0.0009    17     0.0002 
Execution time              0.0478     1     0.0504    12     0.0486 
User CPU time               0.0004     1     0.0006    12     0.0005 
Sys. CPU time               0.0011    17     0.0019     3     0.0018 
I/O time                    0.0000     7     0.0000     1     0.0000 
Processors                      18     1         18    18         18 
                      Communic          Synchro        Variation          Overlap  
I/O             Tmin    0.0000     1     0.0003     2     0.0005     2     0.0000     1 
I/O             Tmax    0.0000    18     0.0046    17     0.0047    17     0.0000    18 
I/O             Tmid    0.0000           0.0023           0.0025           0.0000       
Reduction       Tmin    0.0007     6     0.0000     9     0.0000    15     0.0000     1 
Reduction       Tmax    0.0068    17     0.0001     3     0.0001     3     0.0000    16 
Reduction       Tmid    0.0018           0.0001           0.0001           0.0000       
Remote access   Tmin    0.0052     3     0.0037     3     0.0024     2     0.0030    17 
Remote access   Tmax    0.0144    17     0.0259    17     0.0219    17     0.0119     2 
Remote access   Tmid    0.0073           0.0128           0.0092           0.0068       
--- The execution characteristics --- 
                                1          2          3          4          5          6          7          8          9         10         11         12         13         14         15         16         17         18 
Lost time                  0.0481     0.0481     0.0480     0.0482     0.0480     0.0480     0.0481     0.0480     0.0479     0.0481     0.0481     0.0479     0.0481     0.0480     0.0480     0.0482     0.0489     0.0486 
User insufficient par.     0.0061     0.0063     0.0063     0.0063     0.0069     0.0062     0.0069     0.0072     0.0076     0.0077     0.0063     0.0087     0.0080     0.0080     0.0063     0.0064     0.0062     0.0083 
Sys.insufficient par.      0.0315     0.0320     0.0330     0.0305     0.0311     0.0325     0.0309     0.0314     0.0326     0.0304     0.0308     0.0320     0.0308     0.0313     0.0325     0.0306     0.0189     0.0207 
Idle time                  0.0027     0.0025     0.0026     0.0026     0.0020     0.0027     0.0020     0.0016     0.0012     0.0012     0.0026     0.0000     0.0008     0.0008     0.0026     0.0026     0.0026     0.0004 
Communication              0.0078     0.0073     0.0062     0.0088     0.0081     0.0066     0.0084     0.0078     0.0066     0.0089     0.0085     0.0072     0.0085     0.0079     0.0066     0.0087     0.0212     0.0193 
Synchronization            0.0070     0.0043     0.0045     0.0208     0.0185     0.0072     0.0199     0.0174     0.0070     0.0211     0.0203     0.0079     0.0200     0.0172     0.0056     0.0191     0.0306     0.0251 
Variation                  0.0053     0.0030     0.0043     0.0154     0.0138     0.0058     0.0145     0.0127     0.0055     0.0154     0.0149     0.0059     0.0145     0.0124     0.0043     0.0138     0.0266     0.0237 
Overlap                    0.0107     0.0119     0.0111     0.0045     0.0052     0.0095     0.0047     0.0053     0.0094     0.0044     0.0046     0.0095     0.0045     0.0053     0.0099     0.0048     0.0030     0.0049 
Load imbalance             0.0002     0.0002     0.0001     0.0003     0.0001     0.0001     0.0002     0.0001     0.0000     0.0002     0.0002     0.0000     0.0001     0.0001     0.0001     0.0002     0.0009     0.0007 
Execution time             0.0478     0.0479     0.0479     0.0478     0.0485     0.0478     0.0485     0.0489     0.0493     0.0493     0.0478     0.0504     0.0497     0.0497     0.0479     0.0479     0.0479     0.0501 
User CPU time              0.0004     0.0005     0.0005     0.0005     0.0006     0.0005     0.0005     0.0006     0.0006     0.0005     0.0005     0.0006     0.0006     0.0006     0.0005     0.0005     0.0005     0.0006 
Sys. CPU time              0.0018     0.0019     0.0019     0.0018     0.0018     0.0019     0.0018     0.0018     0.0019     0.0018     0.0018     0.0019     0.0018     0.0018     0.0019     0.0018     0.0011     0.0012 
I/O time                   0.0000     0.0000     0.0000     0.0000     0.0000     0.0000     0.0000     0.0000     0.0000     0.0000     0.0000     0.0000     0.0000     0.0000     0.0000     0.0000     0.0000     0.0000 
Processors                     18         18         18         18         18         18         18         18         18         18         18         18         18         18         18         18         18         18 
           Communication          
Reduction                  0.0018     0.0011     0.0010     0.0016     0.0012     0.0007     0.0016     0.0011     0.0009     0.0018     0.0013     0.0012     0.0014     0.0010     0.0008     0.0014     0.0068     0.0065 
Remote access              0.0061     0.0062     0.0052     0.0071     0.0069     0.0059     0.0068     0.0068     0.0057     0.0071     0.0071     0.0060     0.0071     0.0070     0.0058     0.0073     0.0144     0.0128 
           Synchronization        
I/O                        0.0008     0.0003     0.0007     0.0033     0.0030     0.0012     0.0030     0.0027     0.0010     0.0033     0.0033     0.0011     0.0031     0.0028     0.0008     0.0030     0.0046     0.0044 
Reduction                  0.0001     0.0001     0.0001     0.0001     0.0001     0.0001     0.0001     0.0001     0.0000     0.0001     0.0001     0.0001     0.0001     0.0000     0.0000     0.0001     0.0001     0.0001 
Remote access              0.0062     0.0039     0.0037     0.0174     0.0154     0.0060     0.0168     0.0146     0.0059     0.0178     0.0169     0.0068     0.0169     0.0144     0.0048     0.0161     0.0259     0.0206 
           Variation              
I/O                        0.0007     0.0005     0.0009     0.0034     0.0032     0.0013     0.0031     0.0029     0.0011     0.0034     0.0034     0.0012     0.0032     0.0029     0.0009     0.0031     0.0047     0.0045 
Reduction                  0.0001     0.0001     0.0001     0.0001     0.0001     0.0001     0.0001     0.0001     0.0000     0.0001     0.0001     0.0001     0.0001     0.0000     0.0000     0.0000     0.0001     0.0001 
Remote access              0.0045     0.0024     0.0034     0.0120     0.0106     0.0044     0.0113     0.0098     0.0043     0.0120     0.0114     0.0047     0.0112     0.0095     0.0033     0.0106     0.0219     0.0192 
           Overlap                
Reduction                  0.0000     0.0000     0.0000     0.0000     0.0000     0.0000     0.0000     0.0000     0.0000     0.0000     0.0000     0.0000     0.0000     0.0000     0.0000     0.0000     0.0000     0.0000 
Remote access              0.0107     0.0119     0.0111     0.0045     0.0052     0.0095     0.0047     0.0053     0.0094     0.0044     0.0046     0.0095     0.0045     0.0053     0.0099     0.0048     0.0030     0.0049 


-------------------------------------------------------------------------
Name (number) and performance time of processors
omp.keldysh.ru(1) 0.935473
omp.keldysh.ru(2) 0.935409
omp.keldysh.ru(3) 0.960191
omp.keldysh.ru(4) 0.959872
omp.keldysh.ru(5) 0.955225
omp.keldysh.ru(6) 0.955230
omp.keldysh.ru(7) 0.935430
omp.keldysh.ru(8) 0.935397
omp.keldysh.ru(9) 0.954744
omp.keldysh.ru(10) 0.954740
omp.keldysh.ru(11) 0.958434
omp.keldysh.ru(12) 0.958436
omp.keldysh.ru(13) 0.958392
omp.keldysh.ru(14) 0.958382
omp.keldysh.ru(15) 0.958790
omp.keldysh.ru(16) 0.958785
omp.keldysh.ru(17) 0.955308
omp.keldysh.ru(18) 0.955298
min - omp.keldysh.ru(8) 0.935397; max - omp.keldysh.ru(3) 0.960191; mid - 0.952419
