Processor system=1*3*3*2
Statistics has been accumulated on DVM-system version 5.0, platform DVM
Analyzer is executing on DVM-system version 5.0, platform DVM
-------------------------------------------------------------------------
INTERVAL ( NLINE=7 SOURCE=rem42.f ) LEVEL=0  EXE_COUNT=2
--- The main characteristics --- 
Parallelization efficiency      0.0494 
Execution time                  0.0393 
Processors                          18
Threads amount                      18
Total time                      0.7066
Productive time                 0.0349 ( CPU= 0.0138 Sys= 0.0211 I/O= 0.0000 )
Lost  time                      0.6717 
   Insufficient parallelism     0.5928 ( User= 0.2338 Sys= 0.3590 )
   Communication                0.0378 ( Real_sync= 0.0000 Starts= 0.0000 )
   Idle time                    0.0411
Load imbalance                  0.0038
Synchronization                25.0902
Time variation                 25.0931
Overlap                         0.0002
                  Nop   Communic    Synchro  Variation    Overlap 
I/O                17     0.0000     0.1045     0.1071     0.0000 
Reduction           8     0.0378     0.0058     0.0058     0.0000 
Remote access    4155     0.0000    24.9799    24.9802     0.0002 
--- The comparative characteristics --- 
                              Tmin N proc      Tmax N proc      Tmid
Lost time                   0.0371    12     0.0383    18     0.0373 
User insufficient par.      0.0059    18     0.0155    12     0.0130 
Sys.insufficient par.       0.0109    18     0.0215     1     0.0199 
Idle time                   0.0000    12     0.0068    18     0.0023 
Communication               0.0002     1     0.0146    18     0.0021 
Synchronization             0.0082     2    10.4452    18     1.3939 
Variation                   0.0084     2    10.4456    18     1.3941 
Overlap                     0.0000     3     0.0001     2     0.0000 
Load imbalance              0.0000    12     0.0012    18     0.0002 
Execution time              0.0324    18     0.0393    12     0.0370 
User CPU time               0.0003    18     0.0009    12     0.0008 
Sys. CPU time               0.0006    18     0.0013     1     0.0012 
I/O time                    0.0000    17     0.0000     1     0.0000 
Processors                      18     1         18    18         18 
                      Communic          Synchro        Variation          Overlap  
I/O             Tmin    0.0000     1     0.0003     1     0.0002     1     0.0000     1 
I/O             Tmax    0.0000    18     0.0424    18     0.0426    18     0.0000    18 
I/O             Tmid    0.0000           0.0058           0.0059           0.0000       
Reduction       Tmin    0.0002     1     0.0000    16     0.0000    16     0.0000     1 
Reduction       Tmax    0.0146    18     0.0018    17     0.0018    17     0.0000    16 
Reduction       Tmid    0.0021           0.0003           0.0003           0.0000       
Remote access   Tmin    0.0000     1     0.0076     2     0.0076     2     0.0000     3 
Remote access   Tmax    0.0000    18    10.4010    18    10.4012    18     0.0001     2 
Remote access   Tmid    0.0000           1.3878           1.3878           0.0000       
--- The execution characteristics --- 
                                1          2          3          4          5          6          7          8          9         10         11         12         13         14         15         16         17         18 
Lost time                  0.0372     0.0372     0.0372     0.0372     0.0372     0.0372     0.0372     0.0372     0.0373     0.0372     0.0373     0.0371     0.0373     0.0371     0.0371     0.0372     0.0383     0.0383 
User insufficient par.     0.0128     0.0141     0.0140     0.0137     0.0144     0.0144     0.0130     0.0130     0.0129     0.0146     0.0129     0.0155     0.0130     0.0152     0.0153     0.0132     0.0059     0.0059 
Sys.insufficient par.      0.0215     0.0213     0.0211     0.0210     0.0209     0.0210     0.0213     0.0212     0.0207     0.0207     0.0211     0.0210     0.0211     0.0210     0.0211     0.0210     0.0110     0.0109 
Idle time                  0.0026     0.0016     0.0015     0.0019     0.0012     0.0012     0.0026     0.0027     0.0027     0.0008     0.0026     0.0000     0.0026     0.0004     0.0004     0.0026     0.0068     0.0068 
Communication              0.0002     0.0002     0.0005     0.0005     0.0006     0.0006     0.0003     0.0003     0.0010     0.0010     0.0006     0.0006     0.0005     0.0005     0.0004     0.0004     0.0145     0.0146 
Synchronization            0.0102     0.0082     0.3097     0.3097     0.3766     0.3707     0.1270     0.1238     0.6228     0.6228     0.3287     0.3287     0.2196     0.2040     0.1345     0.1282    10.4197    10.4452 
Variation                  0.0101     0.0084     0.3099     0.3098     0.3768     0.3709     0.1272     0.1240     0.6229     0.6229     0.3289     0.3288     0.2197     0.2042     0.1347     0.1283    10.4201    10.4456 
Overlap                    0.0001     0.0001     0.0000     0.0000     0.0000     0.0000     0.0000     0.0000     0.0000     0.0000     0.0000     0.0000     0.0000     0.0000     0.0000     0.0000     0.0000     0.0000 
Load imbalance             0.0001     0.0001     0.0001     0.0001     0.0001     0.0001     0.0001     0.0001     0.0002     0.0001     0.0001     0.0000     0.0001     0.0000     0.0000     0.0001     0.0012     0.0012 
Execution time             0.0366     0.0377     0.0377     0.0373     0.0381     0.0381     0.0366     0.0366     0.0366     0.0385     0.0366     0.0393     0.0366     0.0389     0.0389     0.0366     0.0324     0.0324 
User CPU time              0.0008     0.0008     0.0008     0.0008     0.0008     0.0008     0.0008     0.0008     0.0008     0.0009     0.0008     0.0009     0.0008     0.0009     0.0009     0.0008     0.0003     0.0003 
Sys. CPU time              0.0013     0.0013     0.0012     0.0012     0.0012     0.0012     0.0013     0.0012     0.0012     0.0012     0.0012     0.0012     0.0012     0.0012     0.0012     0.0012     0.0006     0.0006 
I/O time                   0.0000     0.0000     0.0000     0.0000     0.0000     0.0000     0.0000     0.0000     0.0000     0.0000     0.0000     0.0000     0.0000     0.0000     0.0000     0.0000     0.0000     0.0000 
Processors                     18         18         18         18         18         18         18         18         18         18         18         18         18         18         18         18         18         18 
           Communication          
Reduction                  0.0002     0.0002     0.0005     0.0005     0.0006     0.0006     0.0003     0.0003     0.0010     0.0010     0.0006     0.0006     0.0005     0.0005     0.0004     0.0004     0.0145     0.0146 
           Synchronization        
I/O                        0.0003     0.0004     0.0014     0.0014     0.0017     0.0016     0.0006     0.0006     0.0028     0.0028     0.0015     0.0015     0.0010     0.0010     0.0006     0.0006     0.0423     0.0424 
Reduction                  0.0002     0.0002     0.0002     0.0001     0.0002     0.0002     0.0001     0.0001     0.0003     0.0003     0.0001     0.0001     0.0001     0.0001     0.0000     0.0000     0.0018     0.0018 
Remote access              0.0097     0.0076     0.3082     0.3082     0.3748     0.3689     0.1263     0.1231     0.6197     0.6197     0.3272     0.3271     0.2184     0.2029     0.1340     0.1276    10.3756    10.4010 
           Variation              
I/O                        0.0002     0.0006     0.0016     0.0016     0.0018     0.0018     0.0008     0.0007     0.0030     0.0030     0.0016     0.0016     0.0012     0.0011     0.0007     0.0007     0.0425     0.0426 
Reduction                  0.0002     0.0002     0.0002     0.0001     0.0002     0.0002     0.0001     0.0001     0.0003     0.0003     0.0001     0.0001     0.0001     0.0001     0.0000     0.0000     0.0018     0.0018 
Remote access              0.0097     0.0076     0.3081     0.3081     0.3748     0.3689     0.1263     0.1231     0.6197     0.6197     0.3272     0.3271     0.2184     0.2029     0.1340     0.1276    10.3758    10.4012 
           Overlap                
Reduction                  0.0000     0.0000     0.0000     0.0000     0.0000     0.0000     0.0000     0.0000     0.0000     0.0000     0.0000     0.0000     0.0000     0.0000     0.0000     0.0000     0.0000     0.0000 
Remote access              0.0001     0.0001     0.0000     0.0000     0.0000     0.0000     0.0000     0.0000     0.0000     0.0000     0.0000     0.0000     0.0000     0.0000     0.0000     0.0000     0.0000     0.0000 


-------------------------------------------------------------------------
Name (number) and performance time of processors
omp.keldysh.ru(1) 0.935449
omp.keldysh.ru(2) 0.935391
omp.keldysh.ru(3) 0.935421
omp.keldysh.ru(4) 0.935429
omp.keldysh.ru(5) 0.956442
omp.keldysh.ru(6) 0.956443
omp.keldysh.ru(7) 0.958696
omp.keldysh.ru(8) 0.958693
omp.keldysh.ru(9) 0.958475
omp.keldysh.ru(10) 0.958460
omp.keldysh.ru(11) 0.960165
omp.keldysh.ru(12) 0.960167
omp.keldysh.ru(13) 0.959398
omp.keldysh.ru(14) 0.959398
omp.keldysh.ru(15) 0.955177
omp.keldysh.ru(16) 0.955150
omp.keldysh.ru(17) 0.959269
omp.keldysh.ru(18) 0.959528
min - omp.keldysh.ru(2) 0.935391; max - omp.keldysh.ru(12) 0.960167; mid - 0.953175
