Processor system=4*4
Statistics has been accumulated on DVM-system version 5.0, platform DVM
Analyzer is executing on DVM-system version 5.0, platform DVM
-------------------------------------------------------------------------
INTERVAL ( NLINE=9 SOURCE=jac2d.f ) LEVEL=0  EXE_COUNT=1
--- The main characteristics --- 
Parallelization efficiency      0.9251 
Execution time                  7.0970 
Processors                          16
Threads amount                      16
Total time                    113.5513
Productive time               105.0421 ( CPU= 104.9786 Sys= 0.0617 I/O= 0.0019 )
Lost  time                      8.5092 
   Insufficient parallelism     1.4301 ( User= 0.4765 Sys= 0.9537 )
   Communication                7.0423 ( Real_sync= 0.0050 Starts= 0.0000 )
   Idle time                    0.0367
Load imbalance                  6.9023
Synchronization                 5.8036
Time variation                  5.7898
Overlap                         0.0005
                  Nop   Communic  Real_sync    Synchro  Variation    Overlap 
I/O               107     0.0000     0.0000     5.6472     5.6352     0.0000 
Reduction         100     6.8331     0.0000     0.0046     0.0043     0.0002 
Shadow            100     0.1338     0.0000     0.1518     0.1503     0.0003 
--- The comparative characteristics --- 
                              Tmin N proc      Tmax N proc      Tmid
Lost time                   0.1005     5     1.7841    14     0.5318 
User insufficient par.      0.0239    15     0.0384     4     0.0298 
Sys.insufficient par.       0.0443    14     0.0703     1     0.0596 
Idle time                   0.0000     6     0.0054    14     0.0023 
Communication               0.0067     5     1.7090    15     0.4401 
Real synchronization        0.0000     6     0.0012    14     0.0003 
Synchronization             0.0054     5     1.3179    13     0.3627 
Variation                   0.0070     5     1.3096    13     0.3619 
Overlap                     0.0000     1     0.0002    12     0.0000 
Load imbalance              0.0000     5     1.6836    14     0.4314 
Execution time              7.0915    14     7.0970     6     7.0947 
User CPU time               5.3099    14     6.9921     5     6.5612 
Sys. CPU time               0.0029    14     0.0046    10     0.0039 
I/O time                    0.0000    15     0.0012     1     0.0001 
Processors                      16     1         16    16         16 
                      Communic        Real_sync          Synchro        Variation          Overlap  
I/O             Tmin    0.0000     1     0.0000     1     0.0018     5     0.0022     5     0.0000     1 
I/O             Tmax    0.0000    16     0.0000    16     1.2963    13     1.2965    13     0.0000    16 
I/O             Tmid    0.0000           0.0000           0.3529           0.3522           0.0000       
Reduction       Tmin    0.0015     5     0.0000     1     0.0001    15     0.0001    15     0.0000     1 
Reduction       Tmax    1.6716    15     0.0000    16     0.0004     2     0.0003    10     0.0001    16 
Reduction       Tmid    0.4271           0.0000           0.0003           0.0003           0.0000       
Shadow          Tmin    0.0033     1     0.0000     1     0.0015    10     0.0018    10     0.0000     1 
Shadow          Tmax    0.0195    13     0.0000    16     0.0215    16     0.0197     1     0.0002    12 
Shadow          Tmid    0.0084           0.0000           0.0095           0.0094           0.0000       
--- The execution characteristics --- 
                                1          2          3          4          5          6          7          8          9         10         11         12         13         14         15         16 
Lost time                  0.1132     0.1073     0.1070     0.1142     0.1005     0.1027     0.1150     0.1150     0.1236     0.1327     0.1191     0.1331     1.7764     1.7841     1.7828     1.7823 
User insufficient par.     0.0279     0.0359     0.0307     0.0384     0.0287     0.0279     0.0263     0.0266     0.0300     0.0298     0.0287     0.0329     0.0322     0.0264     0.0239     0.0303 
Sys.insufficient par.      0.0703     0.0555     0.0548     0.0566     0.0651     0.0659     0.0673     0.0664     0.0671     0.0693     0.0674     0.0688     0.0449     0.0443     0.0446     0.0454 
Idle time                  0.0004     0.0004     0.0024     0.0008     0.0000     0.0000     0.0019     0.0027     0.0012     0.0035     0.0012     0.0016     0.0043     0.0054     0.0054     0.0054 
Communication              0.0147     0.0155     0.0191     0.0184     0.0067     0.0088     0.0195     0.0193     0.0253     0.0301     0.0218     0.0299     1.6950     1.7080     1.7090     1.7012 
Real synchronization       0.0000     0.0000     0.0000     0.0000     0.0000     0.0000     0.0000     0.0000     0.0000     0.0000     0.0000     0.0000     0.0012     0.0012     0.0012     0.0012 
Synchronization            0.0709     0.0688     0.0630     0.0714     0.0054     0.0198     0.0352     0.0362     0.0485     0.0485     0.0399     0.0501     1.3179     1.3086     1.3028     1.3166 
Variation                  0.0601     0.0756     0.0699     0.0781     0.0070     0.0201     0.0358     0.0374     0.0502     0.0493     0.0400     0.0511     1.3096     1.3016     1.2955     1.3086 
Overlap                    0.0000     0.0000     0.0000     0.0000     0.0000     0.0000     0.0000     0.0000     0.0000     0.0000     0.0000     0.0002     0.0000     0.0001     0.0001     0.0001 
Load imbalance             0.0138     0.0068     0.0065     0.0137     0.0000     0.0022     0.0145     0.0145     0.0231     0.0322     0.0186     0.0326     1.6760     1.6836     1.6823     1.6818 
Execution time             7.0965     7.0966     7.0946     7.0962     7.0970     7.0970     7.0950     7.0942     7.0958     7.0934     7.0958     7.0954     7.0926     7.0915     7.0915     7.0915 
User CPU time              6.9791     6.9859     6.9863     6.9790     6.9921     6.9899     6.9774     6.9775     6.9689     6.9597     6.9734     6.9592     5.3175     5.3099     5.3111     5.3116 
Sys. CPU time              0.0035     0.0036     0.0036     0.0037     0.0043     0.0043     0.0044     0.0044     0.0044     0.0046     0.0045     0.0045     0.0029     0.0029     0.0029     0.0030 
I/O time                   0.0012     0.0001     0.0001     0.0001     0.0000     0.0000     0.0000     0.0000     0.0000     0.0000     0.0000     0.0001     0.0001     0.0000     0.0000     0.0001 
Processors                     16         16         16         16         16         16         16         16         16         16         16         16         16         16         16         16 
           Communication          
Reduction                  0.0110     0.0114     0.0148     0.0147     0.0015     0.0032     0.0144     0.0143     0.0200     0.0241     0.0160     0.0245     1.6571     1.6705     1.6716     1.6640 
Shadow                     0.0033     0.0039     0.0041     0.0034     0.0052     0.0056     0.0049     0.0049     0.0052     0.0056     0.0057     0.0050     0.0195     0.0191     0.0191     0.0190 
           Real synchronization   
           Synchronization        
I/O                        0.0577     0.0564     0.0512     0.0587     0.0018     0.0170     0.0328     0.0327     0.0453     0.0467     0.0372     0.0466     1.2963     1.2890     1.2827     1.2950 
Reduction                  0.0003     0.0004     0.0003     0.0004     0.0003     0.0003     0.0003     0.0003     0.0004     0.0004     0.0004     0.0004     0.0002     0.0001     0.0001     0.0001 
Shadow                     0.0129     0.0120     0.0115     0.0123     0.0033     0.0025     0.0020     0.0032     0.0029     0.0015     0.0024     0.0032     0.0214     0.0195     0.0200     0.0215 
           Variation              
I/O                        0.0401     0.0567     0.0515     0.0587     0.0022     0.0174     0.0334     0.0331     0.0458     0.0472     0.0378     0.0469     1.2965     1.2894     1.2833     1.2952 
Reduction                  0.0003     0.0003     0.0003     0.0003     0.0003     0.0003     0.0003     0.0003     0.0003     0.0003     0.0003     0.0003     0.0002     0.0001     0.0001     0.0001 
Shadow                     0.0197     0.0185     0.0181     0.0192     0.0044     0.0024     0.0021     0.0040     0.0041     0.0018     0.0019     0.0039     0.0129     0.0120     0.0121     0.0133 
           Overlap                
Reduction                  0.0000     0.0000     0.0000     0.0000     0.0000     0.0000     0.0000     0.0000     0.0000     0.0000     0.0000     0.0000     0.0000     0.0001     0.0001     0.0001 
Shadow                     0.0000     0.0000     0.0000     0.0000     0.0000     0.0000     0.0000     0.0000     0.0000     0.0000     0.0000     0.0002     0.0000     0.0000     0.0000     0.0000 


-------------------------------------------------------------------------
Name (number) and performance time of processors
omp.keldysh.ru(1) 0.933934
omp.keldysh.ru(2) 0.933869
omp.keldysh.ru(3) 0.957965
omp.keldysh.ru(4) 0.957992
omp.keldysh.ru(5) 0.955314
omp.keldysh.ru(6) 0.955307
omp.keldysh.ru(7) 0.957368
omp.keldysh.ru(8) 0.957401
omp.keldysh.ru(9) 0.959746
omp.keldysh.ru(10) 0.959718
omp.keldysh.ru(11) 0.959091
omp.keldysh.ru(12) 0.959088
omp.keldysh.ru(13) 0.956002
omp.keldysh.ru(14) 0.955993
omp.keldysh.ru(15) 0.933668
omp.keldysh.ru(16) 0.933987
min - omp.keldysh.ru(15) 0.933668; max - omp.keldysh.ru(9) 0.959746; mid - 0.951653
