Processor system=1*4*4*1
Statistics has been accumulated on DVM-system version 5.0, platform DVM
Analyzer is executing on DVM-system version 5.0, platform DVM
-------------------------------------------------------------------------
INTERVAL ( NLINE=7 SOURCE=rem43.f ) LEVEL=0  EXE_COUNT=1
--- The main characteristics --- 
Parallelization efficiency      0.0499 
Execution time                  0.3085 
Processors                          16
Threads amount                      16
Total time                      4.9353
Productive time                 0.2462 ( CPU= 0.0179 Sys= 0.2282 I/O= 0.0000 )
Lost  time                      4.6891 
   Insufficient parallelism     3.5990 ( User= 0.1753 Sys= 3.4238 )
   Communication                1.0597 ( Real_sync= 0.0000 Starts= 0.0000 )
   Idle time                    0.0304
Load imbalance                  0.0418
Synchronization                 4.8575
Time variation                  4.4180
Overlap                         0.0002
                  Nop   Communic    Synchro  Variation    Overlap 
I/O                16     0.0000     0.0277     0.0307     0.0000 
Reduction           7     0.0035     0.0004     0.0004     0.0000 
Remote access    4155     1.0562     4.8294     4.3869     0.0002 
--- The comparative characteristics --- 
                              Tmin N proc      Tmax N proc      Tmid
Lost time                   0.2905    12     0.2981    13     0.2931 
User insufficient par.      0.0079    14     0.0143    12     0.0110 
Sys.insufficient par.       0.1415    13     0.2497     8     0.2140 
Idle time                   0.0000    12     0.0031     1     0.0019 
Communication               0.0264     8     0.1457    13     0.0662 
Synchronization             0.0540     6     0.9202    13     0.3036 
Variation                   0.0290     6     0.8653    16     0.2761 
Overlap                     0.0000     3     0.0001     6     0.0000 
Load imbalance              0.0000    12     0.0077    13     0.0026 
Execution time              0.3054     1     0.3085    12     0.3066 
User CPU time               0.0008    14     0.0014    12     0.0011 
Sys. CPU time               0.0094    13     0.0166     8     0.0143 
I/O time                    0.0000    15     0.0000     1     0.0000 
Processors                      16     1         16    16         16 
                      Communic          Synchro        Variation          Overlap  
I/O             Tmin    0.0000     1     0.0002     6     0.0004     6     0.0000     1 
I/O             Tmax    0.0000    16     0.0056    13     0.0058    13     0.0000    16 
I/O             Tmid    0.0000           0.0017           0.0019           0.0000       
Reduction       Tmin    0.0001     8     0.0000    12     0.0000    12     0.0000     1 
Reduction       Tmax    0.0006    16     0.0000    13     0.0000    16     0.0000    11 
Reduction       Tmid    0.0002           0.0000           0.0000           0.0000       
Remote access   Tmin    0.0264     8     0.0538     6     0.0285     6     0.0000     3 
Remote access   Tmax    0.1451    13     0.9146    13     0.8595    16     0.0001     6 
Remote access   Tmid    0.0660           0.3018           0.2742           0.0000       
--- The execution characteristics --- 
                                1          2          3          4          5          6          7          8          9         10         11         12         13         14         15         16 
Lost time                  0.2918     0.2917     0.2919     0.2905     0.2917     0.2916     0.2919     0.2906     0.2917     0.2916     0.2920     0.2905     0.2981     0.2981     0.2980     0.2973 
User insufficient par.     0.0101     0.0111     0.0112     0.0140     0.0119     0.0117     0.0102     0.0115     0.0123     0.0122     0.0102     0.0143     0.0094     0.0079     0.0080     0.0095 
Sys.insufficient par.      0.2335     0.2337     0.2306     0.2495     0.2337     0.2345     0.2309     0.2497     0.2323     0.2339     0.2306     0.2494     0.1415     0.1432     0.1441     0.1528 
Idle time                  0.0031     0.0019     0.0019     0.0004     0.0012     0.0012     0.0031     0.0030     0.0008     0.0008     0.0031     0.0000     0.0015     0.0031     0.0031     0.0023 
Communication              0.0451     0.0450     0.0482     0.0266     0.0449     0.0443     0.0478     0.0264     0.0463     0.0448     0.0482     0.0268     0.1457     0.1439     0.1429     0.1328 
Synchronization            0.1278     0.1261     0.0914     0.0634     0.0558     0.0540     0.1239     0.0975     0.1255     0.0949     0.1312     0.1078     0.9202     0.9166     0.9171     0.9043 
Variation                  0.1010     0.1000     0.0638     0.0652     0.0298     0.0290     0.0968     0.0998     0.0993     0.0702     0.1040     0.1093     0.8628     0.8604     0.8613     0.8653 
Overlap                    0.0000     0.0000     0.0000     0.0000     0.0000     0.0001     0.0000     0.0000     0.0000     0.0000     0.0000     0.0000     0.0000     0.0000     0.0000     0.0000 
Load imbalance             0.0014     0.0013     0.0015     0.0000     0.0012     0.0012     0.0015     0.0002     0.0013     0.0012     0.0015     0.0000     0.0077     0.0076     0.0076     0.0069 
Execution time             0.3054     0.3065     0.3065     0.3081     0.3073     0.3073     0.3054     0.3054     0.3077     0.3077     0.3054     0.3085     0.3069     0.3054     0.3054     0.3061 
User CPU time              0.0011     0.0012     0.0012     0.0014     0.0012     0.0012     0.0011     0.0012     0.0012     0.0012     0.0011     0.0014     0.0009     0.0008     0.0008     0.0009 
Sys. CPU time              0.0156     0.0156     0.0154     0.0166     0.0156     0.0156     0.0154     0.0166     0.0155     0.0156     0.0154     0.0166     0.0094     0.0095     0.0096     0.0102 
I/O time                   0.0000     0.0000     0.0000     0.0000     0.0000     0.0000     0.0000     0.0000     0.0000     0.0000     0.0000     0.0000     0.0000     0.0000     0.0000     0.0000 
Processors                     16         16         16         16         16         16         16         16         16         16         16         16         16         16         16         16 
           Communication          
Reduction                  0.0001     0.0001     0.0001     0.0001     0.0001     0.0001     0.0001     0.0001     0.0001     0.0001     0.0001     0.0001     0.0006     0.0006     0.0006     0.0006 
Remote access              0.0450     0.0449     0.0481     0.0265     0.0449     0.0443     0.0477     0.0264     0.0463     0.0448     0.0481     0.0267     0.1451     0.1432     0.1423     0.1321 
           Synchronization        
I/O                        0.0005     0.0006     0.0003     0.0003     0.0002     0.0002     0.0005     0.0006     0.0006     0.0004     0.0006     0.0006     0.0056     0.0056     0.0056     0.0056 
Reduction                  0.0000     0.0000     0.0000     0.0000     0.0000     0.0000     0.0000     0.0000     0.0000     0.0000     0.0000     0.0000     0.0000     0.0000     0.0000     0.0000 
Remote access              0.1273     0.1255     0.0910     0.0631     0.0555     0.0538     0.1233     0.0970     0.1249     0.0944     0.1306     0.1072     0.9146     0.9110     0.9115     0.8987 
           Variation              
I/O                        0.0005     0.0008     0.0005     0.0005     0.0004     0.0004     0.0008     0.0008     0.0008     0.0006     0.0008     0.0008     0.0058     0.0058     0.0058     0.0058 
Reduction                  0.0000     0.0000     0.0000     0.0000     0.0000     0.0000     0.0000     0.0000     0.0000     0.0000     0.0000     0.0000     0.0000     0.0000     0.0000     0.0000 
Remote access              0.1005     0.0991     0.0632     0.0646     0.0294     0.0285     0.0961     0.0990     0.0985     0.0696     0.1032     0.1085     0.8570     0.8546     0.8555     0.8595 
           Overlap                
Reduction                  0.0000     0.0000     0.0000     0.0000     0.0000     0.0000     0.0000     0.0000     0.0000     0.0000     0.0000     0.0000     0.0000     0.0000     0.0000     0.0000 
Remote access              0.0000     0.0000     0.0000     0.0000     0.0000     0.0001     0.0000     0.0000     0.0000     0.0000     0.0000     0.0000     0.0000     0.0000     0.0000     0.0000 


-------------------------------------------------------------------------
Name (number) and performance time of processors
omp.keldysh.ru(1) 0.935363
omp.keldysh.ru(2) 0.935302
omp.keldysh.ru(3) 0.961665
omp.keldysh.ru(4) 0.961694
omp.keldysh.ru(5) 0.957568
omp.keldysh.ru(6) 0.957555
omp.keldysh.ru(7) 0.959655
omp.keldysh.ru(8) 0.959648
omp.keldysh.ru(9) 0.959813
omp.keldysh.ru(10) 0.959799
omp.keldysh.ru(11) 0.958951
omp.keldysh.ru(12) 0.959279
omp.keldysh.ru(13) 0.957020
omp.keldysh.ru(14) 0.957026
omp.keldysh.ru(15) 0.958789
omp.keldysh.ru(16) 0.958777
min - omp.keldysh.ru(2) 0.935302; max - omp.keldysh.ru(4) 0.961694; mid - 0.956119
