Processor system=3*1*2*3
Statistics has been accumulated on DVM-system version 5.0, platform DVM
Analyzer is executing on DVM-system version 5.0, platform DVM
-------------------------------------------------------------------------
INTERVAL ( NLINE=5 SOURCE=parallel4.f ) LEVEL=0  EXE_COUNT=2
--- The main characteristics --- 
Parallelization efficiency      0.0522 
Execution time                  0.0100 
Processors                          18
Threads amount                      18
Total time                      0.1804
Productive time                 0.0094 ( CPU= 0.0091 Sys= 0.0003 I/O= 0.0000 )
Lost  time                      0.1710 
   Insufficient parallelism     0.1255 ( User= 0.1200 Sys= 0.0055 )
   Communication                0.0125 ( Real_sync= 0.0000 Starts= 0.0000 )
   Idle time                    0.0330
Load imbalance                  0.0019
Synchronization                 0.0010
Time variation                  0.0031
Overlap                         0.0000
                  Nop   Communic    Synchro  Variation    Overlap 
I/O                 8     0.0000     0.0007     0.0029     0.0000 
Reduction           5     0.0125     0.0003     0.0002     0.0000 
--- The comparative characteristics --- 
                              Tmin N proc      Tmax N proc      Tmid
Lost time                   0.0094    14     0.0096     6     0.0095 
User insufficient par.      0.0058    18     0.0084    14     0.0067 
Sys.insufficient par.       0.0002    17     0.0004     1     0.0003 
Idle time                   0.0000    13     0.0027    11     0.0018 
Communication               0.0006     8     0.0008    17     0.0007 
Synchronization             0.0000    12     0.0001    15     0.0001 
Variation                   0.0000     1     0.0002    15     0.0002 
Overlap                     0.0000     1     0.0000    18     0.0000 
Load imbalance              0.0000    14     0.0002     1     0.0001 
Execution time              0.0073    11     0.0100    14     0.0082 
User CPU time               0.0004     1     0.0006    14     0.0005 
Sys. CPU time               0.0000    17     0.0000     5     0.0000 
I/O time                    0.0000     4     0.0000     1     0.0000 
Processors                      18     1         18    18         18 
                      Communic          Synchro        Variation          Overlap  
I/O             Tmin    0.0000     1     0.0000    12     0.0000     1     0.0000     1 
I/O             Tmax    0.0000    18     0.0001    15     0.0002    15     0.0000    18 
I/O             Tmid    0.0000           0.0000           0.0002           0.0000       
Reduction       Tmin    0.0006     8     0.0000    16     0.0000    16     0.0000     1 
Reduction       Tmax    0.0008    17     0.0000     1     0.0000    15     0.0000    18 
Reduction       Tmid    0.0007           0.0000           0.0000           0.0000       
--- The execution characteristics --- 
                                1          2          3          4          5          6          7          8          9         10         11         12         13         14         15         16         17         18 
Lost time                  0.0095     0.0095     0.0095     0.0094     0.0095     0.0096     0.0095     0.0095     0.0095     0.0095     0.0095     0.0095     0.0094     0.0094     0.0095     0.0095     0.0094     0.0096 
User insufficient par.     0.0058     0.0066     0.0065     0.0080     0.0059     0.0059     0.0059     0.0059     0.0073     0.0073     0.0059     0.0059     0.0084     0.0084     0.0059     0.0069     0.0076     0.0058 
Sys.insufficient par.      0.0004     0.0003     0.0003     0.0003     0.0003     0.0003     0.0003     0.0003     0.0003     0.0003     0.0003     0.0003     0.0003     0.0003     0.0003     0.0003     0.0002     0.0003 
Idle time                  0.0027     0.0019     0.0020     0.0004     0.0026     0.0027     0.0026     0.0027     0.0012     0.0012     0.0027     0.0027     0.0000     0.0000     0.0026     0.0016     0.0008     0.0027 
Communication              0.0006     0.0006     0.0007     0.0007     0.0007     0.0007     0.0007     0.0006     0.0007     0.0007     0.0006     0.0007     0.0007     0.0007     0.0007     0.0007     0.0008     0.0008 
Synchronization            0.0001     0.0001     0.0001     0.0000     0.0000     0.0000     0.0001     0.0001     0.0001     0.0000     0.0000     0.0000     0.0001     0.0001     0.0001     0.0000     0.0000     0.0000 
Variation                  0.0000     0.0002     0.0002     0.0002     0.0002     0.0002     0.0002     0.0002     0.0002     0.0002     0.0002     0.0002     0.0002     0.0002     0.0002     0.0002     0.0002     0.0002 
Overlap                    0.0000     0.0000     0.0000     0.0000     0.0000     0.0000     0.0000     0.0000     0.0000     0.0000     0.0000     0.0000     0.0000     0.0000     0.0000     0.0000     0.0000     0.0000 
Load imbalance             0.0002     0.0001     0.0001     0.0000     0.0001     0.0002     0.0001     0.0001     0.0001     0.0001     0.0001     0.0001     0.0000     0.0000     0.0001     0.0001     0.0000     0.0002 
Execution time             0.0074     0.0081     0.0081     0.0096     0.0074     0.0073     0.0074     0.0073     0.0088     0.0089     0.0073     0.0074     0.0100     0.0100     0.0074     0.0085     0.0092     0.0073 
User CPU time              0.0004     0.0005     0.0005     0.0006     0.0005     0.0004     0.0005     0.0005     0.0005     0.0005     0.0005     0.0005     0.0006     0.0006     0.0005     0.0005     0.0006     0.0005 
Sys. CPU time              0.0000     0.0000     0.0000     0.0000     0.0000     0.0000     0.0000     0.0000     0.0000     0.0000     0.0000     0.0000     0.0000     0.0000     0.0000     0.0000     0.0000     0.0000 
I/O time                   0.0000     0.0000     0.0000     0.0000     0.0000     0.0000     0.0000     0.0000     0.0000     0.0000     0.0000     0.0000     0.0000     0.0000     0.0000     0.0000     0.0000     0.0000 
Processors                     18         18         18         18         18         18         18         18         18         18         18         18         18         18         18         18         18         18 
           Communication          
Reduction                  0.0006     0.0006     0.0007     0.0007     0.0007     0.0007     0.0007     0.0006     0.0007     0.0007     0.0006     0.0007     0.0007     0.0007     0.0007     0.0007     0.0008     0.0008 
           Synchronization        
I/O                        0.0000     0.0000     0.0000     0.0000     0.0000     0.0000     0.0000     0.0000     0.0001     0.0000     0.0000     0.0000     0.0000     0.0001     0.0001     0.0000     0.0000     0.0000 
Reduction                  0.0000     0.0000     0.0000     0.0000     0.0000     0.0000     0.0000     0.0000     0.0000     0.0000     0.0000     0.0000     0.0000     0.0000     0.0000     0.0000     0.0000     0.0000 
           Variation              
I/O                        0.0000     0.0002     0.0002     0.0002     0.0002     0.0002     0.0002     0.0002     0.0002     0.0002     0.0002     0.0002     0.0002     0.0002     0.0002     0.0002     0.0002     0.0002 
Reduction                  0.0000     0.0000     0.0000     0.0000     0.0000     0.0000     0.0000     0.0000     0.0000     0.0000     0.0000     0.0000     0.0000     0.0000     0.0000     0.0000     0.0000     0.0000 
           Overlap                
Reduction                  0.0000     0.0000     0.0000     0.0000     0.0000     0.0000     0.0000     0.0000     0.0000     0.0000     0.0000     0.0000     0.0000     0.0000     0.0000     0.0000     0.0000     0.0000 


-------------------------------------------------------------------------
Name (number) and performance time of processors
omp.keldysh.ru(1) 0.934865
omp.keldysh.ru(2) 0.934602
omp.keldysh.ru(3) 0.954077
omp.keldysh.ru(4) 0.954106
omp.keldysh.ru(5) 0.955467
omp.keldysh.ru(6) 0.955422
omp.keldysh.ru(7) 0.955220
omp.keldysh.ru(8) 0.955177
omp.keldysh.ru(9) 0.954780
omp.keldysh.ru(10) 0.954617
omp.keldysh.ru(11) 0.953123
omp.keldysh.ru(12) 0.953298
omp.keldysh.ru(13) 0.954271
omp.keldysh.ru(14) 0.954258
omp.keldysh.ru(15) 0.934835
omp.keldysh.ru(16) 0.934755
omp.keldysh.ru(17) 0.953844
omp.keldysh.ru(18) 0.953970
min - omp.keldysh.ru(2) 0.934602; max - omp.keldysh.ru(5) 0.955467; mid - 0.950038
