Processor system=3*1*6*1
Statistics has been accumulated on DVM-system version 5.0, platform DVM
Analyzer is executing on DVM-system version 5.0, platform DVM
-------------------------------------------------------------------------
INTERVAL ( NLINE=8 SOURCE=sha42.f ) LEVEL=0  EXE_COUNT=2
--- The main characteristics --- 
Parallelization efficiency      0.0490 
Execution time                  0.0195 
Processors                          18
Threads amount                      18
Total time                      0.3502
Productive time                 0.0172 ( CPU= 0.0165 Sys= 0.0007 I/O= 0.0000 )
Lost  time                      0.3330 
   Insufficient parallelism     0.2918 ( User= 0.2799 Sys= 0.0119 )
   Communication                0.0107 ( Real_sync= 0.0000 Starts= 0.0000 )
   Idle time                    0.0305
Load imbalance                  0.0018
Synchronization                 0.1056
Time variation                  0.1081
Overlap                         0.0157
                  Nop   Communic    Synchro  Variation    Overlap 
I/O                 6     0.0000     0.0457     0.0483     0.0000 
Reduction           5     0.0107     0.0303     0.0303     0.0000 
Shadow              5     0.0000     0.0296     0.0296     0.0157 
--- The comparative characteristics --- 
                              Tmin N proc      Tmax N proc      Tmid
Lost time                   0.0184    12     0.0188    17     0.0185 
User insufficient par.      0.0102    17     0.0173    12     0.0156 
Sys.insufficient par.       0.0005    18     0.0008     1     0.0007 
Idle time                   0.0000    12     0.0063    18     0.0017 
Communication               0.0004    15     0.0018    17     0.0006 
Synchronization             0.0003    15     0.0297    17     0.0059 
Variation                   0.0005    15     0.0298    17     0.0060 
Overlap                     0.0000    17     0.0016    15     0.0009 
Load imbalance              0.0000    12     0.0004    17     0.0001 
Execution time              0.0132    18     0.0195    12     0.0178 
User CPU time               0.0006    17     0.0010    12     0.0009 
Sys. CPU time               0.0000    18     0.0000    11     0.0000 
I/O time                    0.0000    12     0.0000     1     0.0000 
Processors                      18     1         18    18         18 
                      Communic          Synchro        Variation          Overlap  
I/O             Tmin    0.0000     1     0.0002    15     0.0003    15     0.0000     1 
I/O             Tmax    0.0000    18     0.0127    17     0.0128    17     0.0000    18 
I/O             Tmid    0.0000           0.0025           0.0027           0.0000       
Reduction       Tmin    0.0004    15     0.0001    15     0.0001    15     0.0000     1 
Reduction       Tmax    0.0018    17     0.0085    17     0.0085    17     0.0000     9 
Reduction       Tmid    0.0006           0.0017           0.0017           0.0000       
Shadow          Tmin    0.0000     1     0.0001    15     0.0001    15     0.0000    17 
Shadow          Tmax    0.0000    18     0.0085    17     0.0085    17     0.0016    15 
Shadow          Tmid    0.0000           0.0016           0.0016           0.0009       
--- The execution characteristics --- 
                                1          2          3          4          5          6          7          8          9         10         11         12         13         14         15         16         17         18 
Lost time                  0.0185     0.0185     0.0185     0.0185     0.0184     0.0185     0.0184     0.0185     0.0185     0.0186     0.0185     0.0184     0.0184     0.0185     0.0185     0.0185     0.0188     0.0188 
User insufficient par.     0.0161     0.0162     0.0163     0.0162     0.0170     0.0163     0.0170     0.0163     0.0161     0.0137     0.0160     0.0173     0.0167     0.0160     0.0162     0.0162     0.0102     0.0103 
Sys.insufficient par.      0.0008     0.0007     0.0006     0.0007     0.0007     0.0006     0.0007     0.0006     0.0006     0.0007     0.0008     0.0006     0.0006     0.0007     0.0006     0.0006     0.0006     0.0005 
Idle time                  0.0012     0.0012     0.0012     0.0012     0.0003     0.0012     0.0003     0.0012     0.0012     0.0037     0.0012     0.0000     0.0006     0.0012     0.0012     0.0012     0.0063     0.0063 
Communication              0.0004     0.0004     0.0004     0.0004     0.0004     0.0004     0.0004     0.0004     0.0006     0.0006     0.0005     0.0005     0.0005     0.0005     0.0004     0.0004     0.0018     0.0018 
Synchronization            0.0076     0.0023     0.0055     0.0023     0.0007     0.0008     0.0028     0.0020     0.0035     0.0083     0.0030     0.0021     0.0021     0.0022     0.0003     0.0009     0.0297     0.0295 
Variation                  0.0075     0.0025     0.0056     0.0025     0.0009     0.0010     0.0029     0.0022     0.0036     0.0084     0.0031     0.0023     0.0022     0.0024     0.0005     0.0011     0.0298     0.0296 
Overlap                    0.0001     0.0013     0.0003     0.0012     0.0014     0.0014     0.0008     0.0011     0.0010     0.0001     0.0008     0.0012     0.0011     0.0010     0.0016     0.0013     0.0000     0.0000 
Load imbalance             0.0001     0.0001     0.0001     0.0001     0.0000     0.0001     0.0000     0.0001     0.0001     0.0002     0.0001     0.0000     0.0000     0.0001     0.0001     0.0001     0.0004     0.0004 
Execution time             0.0183     0.0183     0.0183     0.0183     0.0192     0.0183     0.0192     0.0183     0.0183     0.0158     0.0182     0.0195     0.0189     0.0182     0.0182     0.0183     0.0132     0.0132 
User CPU time              0.0009     0.0010     0.0010     0.0010     0.0010     0.0010     0.0010     0.0010     0.0009     0.0008     0.0009     0.0010     0.0010     0.0009     0.0010     0.0010     0.0006     0.0006 
Sys. CPU time              0.0000     0.0000     0.0000     0.0000     0.0000     0.0000     0.0000     0.0000     0.0000     0.0000     0.0000     0.0000     0.0000     0.0000     0.0000     0.0000     0.0000     0.0000 
I/O time                   0.0000     0.0000     0.0000     0.0000     0.0000     0.0000     0.0000     0.0000     0.0000     0.0000     0.0000     0.0000     0.0000     0.0000     0.0000     0.0000     0.0000     0.0000 
Processors                     18         18         18         18         18         18         18         18         18         18         18         18         18         18         18         18         18         18 
           Communication          
Reduction                  0.0004     0.0004     0.0004     0.0004     0.0004     0.0004     0.0004     0.0004     0.0006     0.0006     0.0005     0.0005     0.0005     0.0005     0.0004     0.0004     0.0018     0.0018 
           Synchronization        
I/O                        0.0034     0.0012     0.0024     0.0012     0.0003     0.0004     0.0011     0.0009     0.0017     0.0036     0.0012     0.0009     0.0008     0.0009     0.0002     0.0003     0.0127     0.0126 
Reduction                  0.0022     0.0007     0.0016     0.0007     0.0002     0.0002     0.0008     0.0006     0.0010     0.0024     0.0009     0.0006     0.0006     0.0006     0.0001     0.0003     0.0085     0.0084 
Shadow                     0.0020     0.0004     0.0016     0.0005     0.0002     0.0003     0.0009     0.0006     0.0008     0.0022     0.0009     0.0006     0.0006     0.0007     0.0001     0.0004     0.0085     0.0085 
           Variation              
I/O                        0.0033     0.0014     0.0025     0.0013     0.0005     0.0005     0.0012     0.0010     0.0019     0.0038     0.0013     0.0011     0.0010     0.0011     0.0003     0.0004     0.0128     0.0127 
Reduction                  0.0022     0.0007     0.0016     0.0007     0.0002     0.0002     0.0008     0.0006     0.0010     0.0024     0.0009     0.0006     0.0006     0.0006     0.0001     0.0003     0.0085     0.0084 
Shadow                     0.0020     0.0004     0.0016     0.0005     0.0002     0.0003     0.0009     0.0006     0.0008     0.0022     0.0009     0.0006     0.0006     0.0007     0.0001     0.0004     0.0085     0.0085 
           Overlap                
Reduction                  0.0000     0.0000     0.0000     0.0000     0.0000     0.0000     0.0000     0.0000     0.0000     0.0000     0.0000     0.0000     0.0000     0.0000     0.0000     0.0000     0.0000     0.0000 
Shadow                     0.0001     0.0013     0.0003     0.0012     0.0014     0.0014     0.0008     0.0011     0.0010     0.0001     0.0008     0.0012     0.0011     0.0010     0.0016     0.0013     0.0000     0.0000 


-------------------------------------------------------------------------
Name (number) and performance time of processors
omp.keldysh.ru(1) 0.935398
omp.keldysh.ru(2) 0.935346
omp.keldysh.ru(3) 0.953022
omp.keldysh.ru(4) 0.953043
omp.keldysh.ru(5) 0.954241
omp.keldysh.ru(6) 0.954552
omp.keldysh.ru(7) 0.951203
omp.keldysh.ru(8) 0.951074
omp.keldysh.ru(9) 0.954668
omp.keldysh.ru(10) 0.954667
omp.keldysh.ru(11) 0.935601
omp.keldysh.ru(12) 0.935609
omp.keldysh.ru(13) 0.955165
omp.keldysh.ru(14) 0.955145
omp.keldysh.ru(15) 0.953067
omp.keldysh.ru(16) 0.953061
omp.keldysh.ru(17) 0.952537
omp.keldysh.ru(18) 0.952503
min - omp.keldysh.ru(2) 0.935346; max - omp.keldysh.ru(13) 0.955165; mid - 0.949439
