Processor system=2*4*1*2
Statistics has been accumulated on DVM-system version 5.0, platform DVM
Analyzer is executing on DVM-system version 5.0, platform DVM
-------------------------------------------------------------------------
INTERVAL ( NLINE=8 SOURCE=red41.f ) LEVEL=0  EXE_COUNT=1
--- The main characteristics --- 
Parallelization efficiency      0.0802 
Execution time                  0.0111 
Processors                          16
Threads amount                      16
Total time                      0.1770
Productive time                 0.0142 ( CPU= 0.0132 Sys= 0.0010 I/O= 0.0000 )
Lost  time                      0.1629 
   Insufficient parallelism     0.1246 ( User= 0.1098 Sys= 0.0147 )
   Communication                0.0134 ( Real_sync= 0.0000 Starts= 0.0000 )
   Idle time                    0.0249
Load imbalance                  0.0023
Synchronization                 0.0096
Time variation                  0.0077
Overlap                         0.0000
                  Nop   Communic    Synchro  Variation    Overlap 
I/O                16     0.0000     0.0012     0.0041     0.0000 
Reduction          14     0.0085     0.0020     0.0010     0.0000 
Remote access      36     0.0050     0.0064     0.0027     0.0000 
--- The comparative characteristics --- 
                              Tmin N proc      Tmax N proc      Tmid
Lost time                   0.0100     5     0.0103    13     0.0102 
User insufficient par.      0.0059    13     0.0085     5     0.0069 
Sys.insufficient par.       0.0007    15     0.0011     1     0.0009 
Idle time                   0.0000     5     0.0023     7     0.0016 
Communication               0.0005    12     0.0017    15     0.0008 
Synchronization             0.0003     1     0.0012    15     0.0006 
Variation                   0.0002     1     0.0006     4     0.0005 
Overlap                     0.0000     2     0.0000    14     0.0000 
Load imbalance              0.0000     5     0.0003    13     0.0001 
Execution time              0.0088     7     0.0111     5     0.0095 
User CPU time               0.0007    13     0.0010     5     0.0008 
Sys. CPU time               0.0000    15     0.0001    11     0.0001 
I/O time                    0.0000     7     0.0000     1     0.0000 
Processors                      16     1         16    16         16 
                      Communic          Synchro        Variation          Overlap  
I/O             Tmin    0.0000     1     0.0000    12     0.0001     1     0.0000     1 
I/O             Tmax    0.0000    16     0.0001     1     0.0003     4     0.0000    16 
I/O             Tmid    0.0000           0.0001           0.0003           0.0000       
Reduction       Tmin    0.0003     1     0.0000    12     0.0000    12     0.0000     1 
Reduction       Tmax    0.0009    14     0.0002    14     0.0001     1     0.0000    14 
Reduction       Tmid    0.0005           0.0001           0.0001           0.0000       
Remote access   Tmin    0.0001     4     0.0000     1     0.0000     1     0.0000     2 
Remote access   Tmax    0.0008    15     0.0009    15     0.0003     2     0.0000     1 
Remote access   Tmid    0.0003           0.0004           0.0002           0.0000       
--- The execution characteristics --- 
                                1          2          3          4          5          6          7          8          9         10         11         12         13         14         15         16 
Lost time                  0.0102     0.0101     0.0102     0.0102     0.0100     0.0102     0.0102     0.0102     0.0102     0.0102     0.0102     0.0101     0.0103     0.0102     0.0103     0.0102 
User insufficient par.     0.0072     0.0074     0.0064     0.0065     0.0085     0.0065     0.0064     0.0064     0.0070     0.0070     0.0064     0.0065     0.0059     0.0071     0.0071     0.0075 
Sys.insufficient par.      0.0011     0.0009     0.0010     0.0010     0.0010     0.0010     0.0010     0.0010     0.0010     0.0010     0.0010     0.0010     0.0008     0.0007     0.0007     0.0008 
Idle time                  0.0012     0.0012     0.0022     0.0022     0.0000     0.0021     0.0023     0.0023     0.0016     0.0016     0.0022     0.0021     0.0022     0.0008     0.0007     0.0004 
Communication              0.0006     0.0007     0.0006     0.0006     0.0005     0.0005     0.0006     0.0006     0.0006     0.0006     0.0005     0.0005     0.0015     0.0017     0.0017     0.0015 
Synchronization            0.0003     0.0005     0.0005     0.0006     0.0005     0.0005     0.0004     0.0005     0.0005     0.0005     0.0003     0.0003     0.0010     0.0012     0.0012     0.0010 
Variation                  0.0002     0.0006     0.0006     0.0006     0.0006     0.0006     0.0005     0.0005     0.0005     0.0005     0.0004     0.0004     0.0004     0.0004     0.0004     0.0004 
Overlap                    0.0000     0.0000     0.0000     0.0000     0.0000     0.0000     0.0000     0.0000     0.0000     0.0000     0.0000     0.0000     0.0000     0.0000     0.0000     0.0000 
Load imbalance             0.0001     0.0001     0.0001     0.0001     0.0000     0.0001     0.0001     0.0002     0.0001     0.0001     0.0001     0.0001     0.0003     0.0002     0.0002     0.0002 
Execution time             0.0099     0.0099     0.0089     0.0089     0.0111     0.0089     0.0088     0.0088     0.0095     0.0095     0.0088     0.0089     0.0089     0.0103     0.0103     0.0107 
User CPU time              0.0008     0.0009     0.0008     0.0008     0.0010     0.0008     0.0008     0.0008     0.0008     0.0008     0.0008     0.0009     0.0007     0.0008     0.0008     0.0008 
Sys. CPU time              0.0001     0.0001     0.0001     0.0001     0.0001     0.0001     0.0001     0.0001     0.0001     0.0001     0.0001     0.0001     0.0001     0.0000     0.0000     0.0001 
I/O time                   0.0000     0.0000     0.0000     0.0000     0.0000     0.0000     0.0000     0.0000     0.0000     0.0000     0.0000     0.0000     0.0000     0.0000     0.0000     0.0000 
Processors                     16         16         16         16         16         16         16         16         16         16         16         16         16         16         16         16 
           Communication          
Reduction                  0.0003     0.0005     0.0005     0.0005     0.0004     0.0004     0.0004     0.0004     0.0004     0.0004     0.0004     0.0003     0.0009     0.0009     0.0009     0.0008 
Remote access              0.0003     0.0001     0.0001     0.0001     0.0001     0.0001     0.0002     0.0002     0.0002     0.0002     0.0002     0.0002     0.0006     0.0008     0.0008     0.0007 
           Synchronization        
I/O                        0.0001     0.0001     0.0001     0.0001     0.0001     0.0001     0.0001     0.0001     0.0001     0.0001     0.0000     0.0000     0.0001     0.0001     0.0001     0.0001 
Reduction                  0.0001     0.0001     0.0001     0.0002     0.0001     0.0001     0.0001     0.0001     0.0001     0.0001     0.0000     0.0000     0.0002     0.0002     0.0002     0.0002 
Remote access              0.0000     0.0003     0.0003     0.0003     0.0003     0.0003     0.0003     0.0003     0.0003     0.0003     0.0002     0.0003     0.0007     0.0008     0.0009     0.0007 
           Variation              
I/O                        0.0001     0.0003     0.0003     0.0003     0.0003     0.0003     0.0003     0.0003     0.0003     0.0003     0.0002     0.0002     0.0003     0.0003     0.0003     0.0003 
Reduction                  0.0001     0.0000     0.0000     0.0001     0.0001     0.0001     0.0001     0.0001     0.0001     0.0001     0.0000     0.0000     0.0000     0.0001     0.0001     0.0001 
Remote access              0.0000     0.0003     0.0003     0.0003     0.0002     0.0002     0.0002     0.0002     0.0002     0.0002     0.0001     0.0001     0.0002     0.0001     0.0001     0.0001 
           Overlap                
Reduction                  0.0000     0.0000     0.0000     0.0000     0.0000     0.0000     0.0000     0.0000     0.0000     0.0000     0.0000     0.0000     0.0000     0.0000     0.0000     0.0000 
Remote access              0.0000     0.0000     0.0000     0.0000     0.0000     0.0000     0.0000     0.0000     0.0000     0.0000     0.0000     0.0000     0.0000     0.0000     0.0000     0.0000 


-------------------------------------------------------------------------
Name (number) and performance time of processors
omp.keldysh.ru(1) 0.933909
omp.keldysh.ru(2) 0.933837
omp.keldysh.ru(3) 0.933868
omp.keldysh.ru(4) 0.933983
omp.keldysh.ru(5) 0.954146
omp.keldysh.ru(6) 0.954148
omp.keldysh.ru(7) 0.956028
omp.keldysh.ru(8) 0.956022
omp.keldysh.ru(9) 0.957464
omp.keldysh.ru(10) 0.957786
omp.keldysh.ru(11) 0.956777
omp.keldysh.ru(12) 0.956784
omp.keldysh.ru(13) 0.954539
omp.keldysh.ru(14) 0.954550
omp.keldysh.ru(15) 0.954219
omp.keldysh.ru(16) 0.954216
min - omp.keldysh.ru(2) 0.933837; max - omp.keldysh.ru(10) 0.957786; mid - 0.950142
