Processor system=4*4*1*1
Statistics has been accumulated on DVM-system version 5.0, platform DVM
Analyzer is executing on DVM-system version 5.0, platform DVM
-------------------------------------------------------------------------
INTERVAL ( NLINE=7 SOURCE=acr41.f ) LEVEL=0  EXE_COUNT=1
--- The main characteristics --- 
Parallelization efficiency      0.0844 
Execution time                  0.0212 
Processors                          16
Threads amount                      16
Total time                      0.3397
Productive time                 0.0287 ( CPU= 0.0254 Sys= 0.0033 I/O= 0.0000 )
Lost  time                      0.3110 
   Insufficient parallelism     0.2369 ( User= 0.1874 Sys= 0.0496 )
   Communication                0.0487 ( Real_sync= 0.0000 Starts= 0.0000 )
   Idle time                    0.0254
Load imbalance                  0.0062
Synchronization                 0.0708
Time variation                  0.0926
Overlap                         0.0035
                  Nop   Communic    Synchro  Variation    Overlap 
I/O                10     0.0000     0.0004     0.0035     0.0000 
Reduction           8     0.0042     0.0001     0.0001     0.0000 
Shadow             24     0.0431     0.0703     0.0889     0.0035 
--- The comparative characteristics --- 
                              Tmin N proc      Tmax N proc      Tmid
Lost time                   0.0191     6     0.0199    13     0.0194 
User insufficient par.      0.0091    14     0.0138    12     0.0117 
Sys.insufficient par.       0.0014    11     0.0049     1     0.0031 
Idle time                   0.0000    12     0.0023    15     0.0016 
Communication               0.0007     1     0.0069    16     0.0030 
Synchronization             0.0014    12     0.0103    13     0.0044 
Variation                   0.0017    12     0.0106    13     0.0058 
Overlap                     0.0000    13     0.0005     5     0.0002 
Load imbalance              0.0000     6     0.0009    13     0.0004 
Execution time              0.0189    15     0.0212    12     0.0196 
User CPU time               0.0011    13     0.0019     6     0.0016 
Sys. CPU time               0.0001    11     0.0003     1     0.0002 
I/O time                    0.0000     6     0.0000     1     0.0000 
Processors                      16     1         16    16         16 
                      Communic          Synchro        Variation          Overlap  
I/O             Tmin    0.0000     1     0.0000     1     0.0000     1     0.0000     1 
I/O             Tmax    0.0000    16     0.0001    13     0.0003    13     0.0000    16 
I/O             Tmid    0.0000           0.0000           0.0002           0.0000       
Reduction       Tmin    0.0001     7     0.0000    11     0.0000    11     0.0000     1 
Reduction       Tmax    0.0007    13     0.0000     2     0.0000    15     0.0000    11 
Reduction       Tmid    0.0003           0.0000           0.0000           0.0000       
Shadow          Tmin    0.0004     1     0.0014    12     0.0015    12     0.0000    13 
Shadow          Tmax    0.0062    16     0.0102    13     0.0104    13     0.0005     5 
Shadow          Tmid    0.0027           0.0044           0.0056           0.0002       
--- The execution characteristics --- 
                                1          2          3          4          5          6          7          8          9         10         11         12         13         14         15         16 
Lost time                  0.0195     0.0192     0.0193     0.0194     0.0195     0.0191     0.0191     0.0193     0.0194     0.0192     0.0193     0.0193     0.0199     0.0198     0.0198     0.0199 
User insufficient par.     0.0117     0.0123     0.0124     0.0117     0.0119     0.0127     0.0127     0.0134     0.0132     0.0116     0.0130     0.0138     0.0093     0.0091     0.0092     0.0093 
Sys.insufficient par.      0.0049     0.0042     0.0035     0.0028     0.0046     0.0037     0.0030     0.0023     0.0041     0.0031     0.0014     0.0016     0.0039     0.0028     0.0021     0.0014 
Idle time                  0.0023     0.0015     0.0015     0.0022     0.0023     0.0011     0.0012     0.0004     0.0008     0.0023     0.0008     0.0000     0.0022     0.0022     0.0023     0.0022 
Communication              0.0007     0.0012     0.0019     0.0027     0.0007     0.0015     0.0023     0.0031     0.0013     0.0022     0.0040     0.0039     0.0045     0.0056     0.0063     0.0069 
Synchronization            0.0048     0.0041     0.0034     0.0031     0.0040     0.0030     0.0023     0.0020     0.0039     0.0026     0.0018     0.0014     0.0103     0.0090     0.0079     0.0072 
Variation                  0.0082     0.0072     0.0057     0.0047     0.0075     0.0056     0.0042     0.0031     0.0068     0.0045     0.0030     0.0017     0.0106     0.0081     0.0063     0.0051 
Overlap                    0.0004     0.0003     0.0002     0.0002     0.0005     0.0004     0.0003     0.0002     0.0004     0.0003     0.0003     0.0002     0.0000     0.0000     0.0000     0.0000 
Load imbalance             0.0005     0.0002     0.0002     0.0004     0.0004     0.0000     0.0001     0.0002     0.0004     0.0002     0.0002     0.0002     0.0009     0.0007     0.0008     0.0008 
Execution time             0.0190     0.0197     0.0197     0.0190     0.0190     0.0201     0.0201     0.0208     0.0205     0.0190     0.0205     0.0212     0.0190     0.0190     0.0189     0.0190 
User CPU time              0.0014     0.0017     0.0017     0.0016     0.0015     0.0019     0.0019     0.0018     0.0015     0.0018     0.0019     0.0018     0.0011     0.0013     0.0013     0.0013 
Sys. CPU time              0.0003     0.0003     0.0002     0.0002     0.0003     0.0002     0.0002     0.0002     0.0003     0.0002     0.0001     0.0001     0.0003     0.0002     0.0001     0.0001 
I/O time                   0.0000     0.0000     0.0000     0.0000     0.0000     0.0000     0.0000     0.0000     0.0000     0.0000     0.0000     0.0000     0.0000     0.0000     0.0000     0.0000 
Processors                     16         16         16         16         16         16         16         16         16         16         16         16         16         16         16         16 
           Communication          
Reduction                  0.0002     0.0001     0.0001     0.0002     0.0002     0.0001     0.0001     0.0001     0.0002     0.0001     0.0001     0.0002     0.0007     0.0006     0.0006     0.0006 
Shadow                     0.0004     0.0010     0.0017     0.0025     0.0005     0.0014     0.0022     0.0030     0.0011     0.0021     0.0029     0.0037     0.0038     0.0050     0.0057     0.0062 
           Synchronization        
I/O                        0.0000     0.0000     0.0000     0.0000     0.0000     0.0000     0.0000     0.0000     0.0000     0.0000     0.0000     0.0000     0.0001     0.0001     0.0000     0.0001 
Reduction                  0.0000     0.0000     0.0000     0.0000     0.0000     0.0000     0.0000     0.0000     0.0000     0.0000     0.0000     0.0000     0.0000     0.0000     0.0000     0.0000 
Shadow                     0.0048     0.0041     0.0034     0.0031     0.0040     0.0029     0.0022     0.0020     0.0038     0.0026     0.0018     0.0014     0.0102     0.0089     0.0078     0.0071 
           Variation              
I/O                        0.0000     0.0002     0.0002     0.0002     0.0002     0.0002     0.0002     0.0002     0.0002     0.0002     0.0002     0.0002     0.0003     0.0003     0.0003     0.0003 
Reduction                  0.0000     0.0000     0.0000     0.0000     0.0000     0.0000     0.0000     0.0000     0.0000     0.0000     0.0000     0.0000     0.0000     0.0000     0.0000     0.0000 
Shadow                     0.0082     0.0069     0.0055     0.0045     0.0073     0.0054     0.0039     0.0029     0.0066     0.0043     0.0028     0.0015     0.0104     0.0079     0.0061     0.0048 
           Overlap                
Reduction                  0.0000     0.0000     0.0000     0.0000     0.0000     0.0000     0.0000     0.0000     0.0000     0.0000     0.0000     0.0000     0.0000     0.0000     0.0000     0.0000 
Shadow                     0.0004     0.0003     0.0002     0.0002     0.0005     0.0004     0.0003     0.0002     0.0004     0.0003     0.0002     0.0002     0.0000     0.0000     0.0000     0.0000 


-------------------------------------------------------------------------
Name (number) and performance time of processors
omp.keldysh.ru(1) 0.934044
omp.keldysh.ru(2) 0.933978
omp.keldysh.ru(3) 0.933591
omp.keldysh.ru(4) 0.933589
omp.keldysh.ru(5) 0.952570
omp.keldysh.ru(6) 0.952543
omp.keldysh.ru(7) 0.952923
omp.keldysh.ru(8) 0.952909
omp.keldysh.ru(9) 0.953840
omp.keldysh.ru(10) 0.953851
omp.keldysh.ru(11) 0.954386
omp.keldysh.ru(12) 0.954687
omp.keldysh.ru(13) 0.951487
omp.keldysh.ru(14) 0.951464
omp.keldysh.ru(15) 0.954066
omp.keldysh.ru(16) 0.954042
min - omp.keldysh.ru(4) 0.933589; max - omp.keldysh.ru(12) 0.954687; mid - 0.948373
