Processor system=1*2*2*4
Statistics has been accumulated on DVM-system version 5.0, platform DVM
Analyzer is executing on DVM-system version 5.0, platform DVM
-------------------------------------------------------------------------
INTERVAL ( NLINE=8 SOURCE=red42.f ) LEVEL=0  EXE_COUNT=1
--- The main characteristics --- 
Parallelization efficiency      0.0571 
Execution time                  0.0079 
Processors                          16
Threads amount                      16
Total time                      0.1269
Productive time                 0.0072 ( CPU= 0.0064 Sys= 0.0008 I/O= 0.0000 )
Lost  time                      0.1196 
   Insufficient parallelism     0.1087 ( User= 0.0962 Sys= 0.0125 )
   Communication                0.0041 ( Real_sync= 0.0000 Starts= 0.0000 )
   Idle time                    0.0068
Load imbalance                  0.0005
Synchronization                 0.1282
Time variation                  0.1300
Overlap                         0.0000
                  Nop   Communic    Synchro  Variation    Overlap 
I/O                16     0.0000     0.0471     0.0489     0.0000 
Reduction          14     0.0041     0.0402     0.0402     0.0000 
Remote access      36     0.0000     0.0408     0.0409     0.0000 
--- The comparative characteristics --- 
                              Tmin N proc      Tmax N proc      Tmid
Lost time                   0.0074     1     0.0076    13     0.0075 
User insufficient par.      0.0037    13     0.0064    16     0.0060 
Sys.insufficient par.       0.0006    15     0.0010     1     0.0008 
Idle time                   0.0000     2     0.0031    13     0.0004 
Communication               0.0002     1     0.0003    16     0.0003 
Synchronization             0.0001     6     0.0293    13     0.0080 
Variation                   0.0002     6     0.0294    13     0.0081 
Overlap                     0.0000     1     0.0000    15     0.0000 
Load imbalance              0.0000     8     0.0002    13     0.0000 
Execution time              0.0049    13     0.0079     2     0.0075 
User CPU time               0.0002    13     0.0004    16     0.0004 
Sys. CPU time               0.0000    15     0.0001     2     0.0001 
I/O time                    0.0000    14     0.0000     1     0.0000 
Processors                      16     1         16    16         16 
                      Communic          Synchro        Variation          Overlap  
I/O             Tmin    0.0000     1     0.0000     6     0.0002     6     0.0000     1 
I/O             Tmax    0.0000    16     0.0108    13     0.0109    13     0.0000    16 
I/O             Tmid    0.0000           0.0029           0.0031           0.0000       
Reduction       Tmin    0.0002     1     0.0000     6     0.0000     6     0.0000     1 
Reduction       Tmax    0.0003    16     0.0092    13     0.0092    13     0.0000    15 
Reduction       Tmid    0.0003           0.0025           0.0025           0.0000       
Remote access   Tmin    0.0000     1     0.0000     6     0.0000     6     0.0000     1 
Remote access   Tmax    0.0000    16     0.0093    13     0.0093    13     0.0000     6 
Remote access   Tmid    0.0000           0.0026           0.0026           0.0000       
--- The execution characteristics --- 
                                1          2          3          4          5          6          7          8          9         10         11         12         13         14         15         16 
Lost time                  0.0074     0.0075     0.0075     0.0074     0.0075     0.0075     0.0074     0.0074     0.0075     0.0075     0.0074     0.0074     0.0076     0.0076     0.0075     0.0075 
User insufficient par.     0.0062     0.0063     0.0064     0.0064     0.0064     0.0064     0.0064     0.0064     0.0064     0.0064     0.0064     0.0064     0.0037     0.0043     0.0054     0.0064 
Sys.insufficient par.      0.0010     0.0009     0.0008     0.0008     0.0008     0.0008     0.0008     0.0008     0.0008     0.0008     0.0008     0.0008     0.0006     0.0007     0.0006     0.0007 
Idle time                  0.0000     0.0000     0.0000     0.0000     0.0000     0.0000     0.0000     0.0000     0.0000     0.0000     0.0000     0.0000     0.0031     0.0023     0.0012     0.0001 
Communication              0.0002     0.0003     0.0003     0.0002     0.0003     0.0003     0.0002     0.0002     0.0002     0.0003     0.0002     0.0002     0.0003     0.0003     0.0003     0.0003 
Synchronization            0.0083     0.0070     0.0014     0.0014     0.0001     0.0001     0.0007     0.0008     0.0002     0.0001     0.0007     0.0007     0.0293     0.0251     0.0285     0.0237 
Variation                  0.0082     0.0071     0.0015     0.0015     0.0002     0.0002     0.0009     0.0009     0.0003     0.0003     0.0009     0.0009     0.0294     0.0253     0.0286     0.0238 
Overlap                    0.0000     0.0000     0.0000     0.0000     0.0000     0.0000     0.0000     0.0000     0.0000     0.0000     0.0000     0.0000     0.0000     0.0000     0.0000     0.0000 
Load imbalance             0.0000     0.0000     0.0000     0.0000     0.0000     0.0000     0.0000     0.0000     0.0000     0.0000     0.0000     0.0000     0.0002     0.0001     0.0001     0.0000 
Execution time             0.0079     0.0079     0.0079     0.0079     0.0079     0.0079     0.0079     0.0079     0.0079     0.0079     0.0079     0.0079     0.0049     0.0056     0.0067     0.0079 
User CPU time              0.0004     0.0004     0.0004     0.0004     0.0004     0.0004     0.0004     0.0004     0.0004     0.0004     0.0004     0.0004     0.0002     0.0003     0.0004     0.0004 
Sys. CPU time              0.0001     0.0001     0.0001     0.0001     0.0001     0.0001     0.0001     0.0001     0.0001     0.0001     0.0001     0.0001     0.0000     0.0000     0.0000     0.0000 
I/O time                   0.0000     0.0000     0.0000     0.0000     0.0000     0.0000     0.0000     0.0000     0.0000     0.0000     0.0000     0.0000     0.0000     0.0000     0.0000     0.0000 
Processors                     16         16         16         16         16         16         16         16         16         16         16         16         16         16         16         16 
           Communication          
Reduction                  0.0002     0.0003     0.0003     0.0002     0.0003     0.0003     0.0002     0.0002     0.0002     0.0003     0.0002     0.0002     0.0003     0.0003     0.0003     0.0003 
           Synchronization        
I/O                        0.0030     0.0026     0.0005     0.0005     0.0000     0.0000     0.0003     0.0003     0.0001     0.0001     0.0003     0.0003     0.0108     0.0092     0.0105     0.0087 
Reduction                  0.0026     0.0022     0.0005     0.0005     0.0000     0.0000     0.0002     0.0002     0.0001     0.0000     0.0002     0.0002     0.0092     0.0079     0.0089     0.0074 
Remote access              0.0027     0.0022     0.0004     0.0004     0.0000     0.0000     0.0002     0.0003     0.0000     0.0000     0.0002     0.0002     0.0093     0.0080     0.0091     0.0076 
           Variation              
I/O                        0.0029     0.0027     0.0006     0.0006     0.0002     0.0002     0.0004     0.0004     0.0002     0.0002     0.0004     0.0004     0.0109     0.0094     0.0106     0.0088 
Reduction                  0.0026     0.0022     0.0005     0.0005     0.0000     0.0000     0.0002     0.0002     0.0001     0.0000     0.0002     0.0002     0.0092     0.0079     0.0089     0.0074 
Remote access              0.0027     0.0022     0.0004     0.0004     0.0000     0.0000     0.0002     0.0003     0.0000     0.0000     0.0002     0.0002     0.0093     0.0080     0.0091     0.0076 
           Overlap                
Reduction                  0.0000     0.0000     0.0000     0.0000     0.0000     0.0000     0.0000     0.0000     0.0000     0.0000     0.0000     0.0000     0.0000     0.0000     0.0000     0.0000 
Remote access              0.0000     0.0000     0.0000     0.0000     0.0000     0.0000     0.0000     0.0000     0.0000     0.0000     0.0000     0.0000     0.0000     0.0000     0.0000     0.0000 


-------------------------------------------------------------------------
Name (number) and performance time of processors
omp.keldysh.ru(1) 0.935428
omp.keldysh.ru(2) 0.935390
omp.keldysh.ru(3) 0.957680
omp.keldysh.ru(4) 0.957676
omp.keldysh.ru(5) 0.935508
omp.keldysh.ru(6) 0.935479
omp.keldysh.ru(7) 0.957241
omp.keldysh.ru(8) 0.957238
omp.keldysh.ru(9) 0.958254
omp.keldysh.ru(10) 0.958258
omp.keldysh.ru(11) 0.956725
omp.keldysh.ru(12) 0.956705
omp.keldysh.ru(13) 0.956260
omp.keldysh.ru(14) 0.956235
omp.keldysh.ru(15) 0.956688
omp.keldysh.ru(16) 0.956959
min - omp.keldysh.ru(2) 0.935390; max - omp.keldysh.ru(10) 0.958258; mid - 0.951733
