Processor system=3*6*1*1
Statistics has been accumulated on DVM-system version 5.0, platform DVM
Analyzer is executing on DVM-system version 5.0, platform DVM
-------------------------------------------------------------------------
INTERVAL ( NLINE=5 SOURCE=prf43.f ) LEVEL=0  EXE_COUNT=2
--- The main characteristics --- 
Parallelization efficiency      0.0430 
Execution time                  0.0475 
Processors                          18
Threads amount                      18
Total time                      0.8541
Productive time                 0.0367 ( CPU= 0.0077 Sys= 0.0290 I/O= 0.0000 )
Lost  time                      0.8174 
   Insufficient parallelism     0.5885 ( User= 0.0948 Sys= 0.4937 )
   Communication                0.1801 ( Real_sync= 0.0000 Starts= 0.0000 )
   Idle time                    0.0488
Load imbalance                  0.0053
Synchronization                 0.2659
Time variation                  0.1992
Overlap                         0.1268
                  Nop   Communic    Synchro  Variation    Overlap 
I/O                12     0.0000     0.0380     0.0409     0.0000 
Reduction          22     0.0354     0.0010     0.0010     0.0000 
Remote access     180     0.1447     0.2270     0.1573     0.1268 
--- The comparative characteristics --- 
                              Tmin N proc      Tmax N proc      Tmid
Lost time                   0.0451    15     0.0460    18     0.0454 
User insufficient par.      0.0027     6     0.0079    13     0.0053 
Sys.insufficient par.       0.0170    17     0.0311     6     0.0274 
Idle time                   0.0000    15     0.0054     9     0.0027 
Communication               0.0061     6     0.0212    17     0.0100 
Synchronization             0.0033     6     0.0299    17     0.0148 
Variation                   0.0029     3     0.0251    17     0.0111 
Overlap                     0.0031    17     0.0112     4     0.0070 
Load imbalance              0.0000    15     0.0009    18     0.0003 
Execution time              0.0420     9     0.0475    15     0.0447 
User CPU time               0.0003    16     0.0006    15     0.0004 
Sys. CPU time               0.0010    17     0.0018     6     0.0016 
I/O time                    0.0000     2     0.0000     1     0.0000 
Processors                      18     1         18    18         18 
                      Communic          Synchro        Variation          Overlap  
I/O             Tmin    0.0000     1     0.0003     4     0.0005     4     0.0000     1 
I/O             Tmax    0.0000    18     0.0043    17     0.0045    17     0.0000    18 
I/O             Tmid    0.0000           0.0021           0.0023           0.0000       
Reduction       Tmin    0.0008     6     0.0000    15     0.0000    15     0.0000     2 
Reduction       Tmax    0.0064    17     0.0001    18     0.0001    18     0.0000    16 
Reduction       Tmid    0.0020           0.0001           0.0001           0.0000       
Remote access   Tmin    0.0053     6     0.0026     6     0.0023     3     0.0031    17 
Remote access   Tmax    0.0148    17     0.0255    17     0.0206    17     0.0112     4 
Remote access   Tmid    0.0080           0.0126           0.0087           0.0070       
--- The execution characteristics --- 
                                1          2          3          4          5          6          7          8          9         10         11         12         13         14         15         16         17         18 
Lost time                  0.0453     0.0453     0.0453     0.0454     0.0454     0.0453     0.0453     0.0453     0.0455     0.0454     0.0453     0.0453     0.0452     0.0454     0.0451     0.0455     0.0460     0.0460 
User insufficient par.     0.0059     0.0060     0.0037     0.0045     0.0053     0.0027     0.0075     0.0068     0.0027     0.0049     0.0071     0.0034     0.0079     0.0056     0.0078     0.0027     0.0062     0.0040 
Sys.insufficient par.      0.0286     0.0284     0.0294     0.0284     0.0283     0.0311     0.0280     0.0280     0.0286     0.0281     0.0277     0.0305     0.0279     0.0280     0.0288     0.0281     0.0170     0.0186 
Idle time                  0.0020     0.0020     0.0043     0.0035     0.0027     0.0054     0.0004     0.0012     0.0054     0.0031     0.0008     0.0047     0.0000     0.0024     0.0000     0.0054     0.0016     0.0039 
Communication              0.0088     0.0090     0.0080     0.0090     0.0090     0.0061     0.0093     0.0093     0.0087     0.0093     0.0097     0.0067     0.0094     0.0094     0.0085     0.0092     0.0212     0.0195 
Synchronization            0.0066     0.0068     0.0046     0.0058     0.0095     0.0033     0.0199     0.0199     0.0175     0.0197     0.0204     0.0045     0.0188     0.0190     0.0163     0.0191     0.0299     0.0243 
Variation                  0.0044     0.0047     0.0029     0.0036     0.0067     0.0036     0.0144     0.0143     0.0125     0.0141     0.0147     0.0037     0.0134     0.0135     0.0114     0.0134     0.0251     0.0228 
Overlap                    0.0107     0.0106     0.0111     0.0112     0.0091     0.0109     0.0047     0.0047     0.0053     0.0047     0.0046     0.0107     0.0049     0.0049     0.0055     0.0048     0.0031     0.0053 
Load imbalance             0.0002     0.0002     0.0002     0.0003     0.0003     0.0002     0.0001     0.0002     0.0003     0.0003     0.0002     0.0002     0.0001     0.0002     0.0000     0.0004     0.0009     0.0009 
Execution time             0.0455     0.0455     0.0431     0.0439     0.0447     0.0420     0.0471     0.0463     0.0420     0.0443     0.0467     0.0428     0.0474     0.0451     0.0475     0.0420     0.0459     0.0435 
User CPU time              0.0004     0.0004     0.0004     0.0004     0.0004     0.0003     0.0006     0.0005     0.0003     0.0004     0.0005     0.0003     0.0006     0.0004     0.0006     0.0003     0.0004     0.0003 
Sys. CPU time              0.0017     0.0017     0.0017     0.0017     0.0017     0.0018     0.0016     0.0016     0.0017     0.0017     0.0016     0.0018     0.0016     0.0016     0.0017     0.0017     0.0010     0.0011 
I/O time                   0.0000     0.0000     0.0000     0.0000     0.0000     0.0000     0.0000     0.0000     0.0000     0.0000     0.0000     0.0000     0.0000     0.0000     0.0000     0.0000     0.0000     0.0000 
Processors                     18         18         18         18         18         18         18         18         18         18         18         18         18         18         18         18         18         18 
           Communication          
Reduction                  0.0017     0.0017     0.0011     0.0016     0.0017     0.0008     0.0017     0.0017     0.0012     0.0016     0.0016     0.0010     0.0015     0.0015     0.0011     0.0014     0.0064     0.0060 
Remote access              0.0070     0.0073     0.0069     0.0074     0.0073     0.0053     0.0076     0.0076     0.0075     0.0077     0.0081     0.0057     0.0079     0.0079     0.0074     0.0079     0.0148     0.0134 
           Synchronization        
I/O                        0.0005     0.0005     0.0003     0.0003     0.0010     0.0007     0.0029     0.0029     0.0026     0.0029     0.0032     0.0005     0.0028     0.0028     0.0024     0.0028     0.0043     0.0043 
Reduction                  0.0001     0.0001     0.0001     0.0001     0.0001     0.0001     0.0001     0.0001     0.0001     0.0001     0.0001     0.0000     0.0001     0.0001     0.0000     0.0000     0.0000     0.0001 
Remote access              0.0060     0.0062     0.0042     0.0055     0.0084     0.0026     0.0170     0.0169     0.0148     0.0168     0.0171     0.0039     0.0159     0.0161     0.0138     0.0162     0.0255     0.0199 
           Variation              
I/O                        0.0005     0.0007     0.0005     0.0005     0.0012     0.0008     0.0031     0.0031     0.0028     0.0031     0.0034     0.0007     0.0030     0.0030     0.0026     0.0030     0.0045     0.0045 
Reduction                  0.0001     0.0001     0.0001     0.0001     0.0001     0.0001     0.0001     0.0001     0.0001     0.0001     0.0001     0.0000     0.0001     0.0001     0.0000     0.0000     0.0001     0.0001 
Remote access              0.0039     0.0039     0.0023     0.0031     0.0054     0.0027     0.0113     0.0112     0.0096     0.0110     0.0112     0.0029     0.0104     0.0104     0.0087     0.0103     0.0206     0.0183 
           Overlap                
Reduction                  0.0000     0.0000     0.0000     0.0000     0.0000     0.0000     0.0000     0.0000     0.0000     0.0000     0.0000     0.0000     0.0000     0.0000     0.0000     0.0000     0.0000     0.0000 
Remote access              0.0107     0.0106     0.0111     0.0112     0.0091     0.0109     0.0047     0.0047     0.0053     0.0047     0.0046     0.0107     0.0049     0.0049     0.0055     0.0048     0.0031     0.0053 


-------------------------------------------------------------------------
Name (number) and performance time of processors
omp.keldysh.ru(1) 0.933979
omp.keldysh.ru(2) 0.933858
omp.keldysh.ru(3) 0.957842
omp.keldysh.ru(4) 0.957874
omp.keldysh.ru(5) 0.957743
omp.keldysh.ru(6) 0.957749
omp.keldysh.ru(7) 0.955235
omp.keldysh.ru(8) 0.955218
omp.keldysh.ru(9) 0.956499
omp.keldysh.ru(10) 0.956485
omp.keldysh.ru(11) 0.957482
omp.keldysh.ru(12) 0.957818
omp.keldysh.ru(13) 0.955695
omp.keldysh.ru(14) 0.955680
omp.keldysh.ru(15) 0.957078
omp.keldysh.ru(16) 0.957073
omp.keldysh.ru(17) 0.954373
omp.keldysh.ru(18) 0.954366
min - omp.keldysh.ru(2) 0.933858; max - omp.keldysh.ru(4) 0.957874; mid - 0.954003
