Processor system=1*3*6
Statistics has been accumulated on DVM-system version 5.0, platform DVM
Analyzer is executing on DVM-system version 5.0, platform DVM
-------------------------------------------------------------------------
INTERVAL ( NLINE=5 SOURCE=prf32.f ) LEVEL=0  EXE_COUNT=2
--- The main characteristics --- 
Parallelization efficiency      0.0258 
Execution time                  0.0159 
Processors                          18
Threads amount                      18
Total time                      0.2855
Productive time                 0.0074 ( CPU= 0.0040 Sys= 0.0033 I/O= 0.0000 )
Lost  time                      0.2781 
   Insufficient parallelism     0.1227 ( User= 0.0656 Sys= 0.0571 )
   Communication                0.1516 ( Real_sync= 0.0000 Starts= 0.0000 )
   Idle time                    0.0037
Load imbalance                  0.0005
Synchronization                 0.2038
Time variation                  0.1921
Overlap                         0.0936
                  Nop   Communic    Synchro  Variation    Overlap 
I/O                12     0.0000     0.0315     0.0344     0.0000 
Reduction          22     0.0597     0.0066     0.0066     0.0000 
Remote access     172     0.0920     0.1657     0.1512     0.0936 
--- The comparative characteristics --- 
                              Tmin N proc      Tmax N proc      Tmid
Lost time                   0.0154     1     0.0155     5     0.0155 
User insufficient par.      0.0023     5     0.0039    16     0.0036 
Sys.insufficient par.       0.0023    17     0.0035     1     0.0032 
Idle time                   0.0000    15     0.0016     8     0.0002 
Communication               0.0081     1     0.0095    17     0.0084 
Synchronization             0.0034    16     0.0157     7     0.0113 
Variation                   0.0035    15     0.0147     7     0.0107 
Overlap                     0.0032     7     0.0078    15     0.0052 
Load imbalance              0.0000    15     0.0001     5     0.0000 
Execution time              0.0142     8     0.0159    15     0.0157 
User CPU time               0.0001     5     0.0002    16     0.0002 
Sys. CPU time               0.0001    17     0.0002     7     0.0002 
I/O time                    0.0000    13     0.0000     1     0.0000 
Processors                      18     1         18    18         18 
                      Communic          Synchro        Variation          Overlap  
I/O             Tmin    0.0000     1     0.0003    16     0.0005    16     0.0000     1 
I/O             Tmax    0.0000    18     0.0027     2     0.0029     2     0.0000    18 
I/O             Tmid    0.0000           0.0018           0.0019           0.0000       
Reduction       Tmin    0.0025    15     0.0002     5     0.0002    11     0.0000     1 
Reduction       Tmax    0.0046    10     0.0005    14     0.0005    14     0.0000     6 
Reduction       Tmid    0.0033           0.0004           0.0004           0.0000       
Remote access   Tmin    0.0037    10     0.0027    15     0.0026    15     0.0032     7 
Remote access   Tmax    0.0061    17     0.0129     7     0.0118     7     0.0078    15 
Remote access   Tmid    0.0051           0.0092           0.0084           0.0052       
--- The execution characteristics --- 
                                1          2          3          4          5          6          7          8          9         10         11         12         13         14         15         16         17         18 
Lost time                  0.0154     0.0154     0.0154     0.0154     0.0155     0.0154     0.0154     0.0155     0.0154     0.0154     0.0154     0.0154     0.0154     0.0154     0.0154     0.0154     0.0155     0.0155 
User insufficient par.     0.0037     0.0038     0.0038     0.0038     0.0023     0.0038     0.0038     0.0023     0.0039     0.0039     0.0038     0.0038     0.0038     0.0039     0.0039     0.0039     0.0037     0.0038 
Sys.insufficient par.      0.0035     0.0033     0.0032     0.0032     0.0033     0.0032     0.0034     0.0032     0.0033     0.0032     0.0033     0.0032     0.0033     0.0032     0.0033     0.0033     0.0023     0.0024 
Idle time                  0.0001     0.0001     0.0001     0.0001     0.0016     0.0000     0.0001     0.0016     0.0000     0.0000     0.0000     0.0000     0.0000     0.0000     0.0000     0.0000     0.0000     0.0000 
Communication              0.0081     0.0083     0.0084     0.0084     0.0083     0.0084     0.0082     0.0083     0.0083     0.0083     0.0083     0.0084     0.0084     0.0083     0.0082     0.0082     0.0095     0.0093 
Synchronization            0.0139     0.0142     0.0133     0.0131     0.0125     0.0125     0.0157     0.0156     0.0152     0.0151     0.0143     0.0147     0.0049     0.0046     0.0035     0.0034     0.0091     0.0082 
Variation                  0.0131     0.0137     0.0128     0.0126     0.0120     0.0120     0.0147     0.0146     0.0143     0.0142     0.0133     0.0137     0.0049     0.0046     0.0035     0.0035     0.0075     0.0069 
Overlap                    0.0052     0.0051     0.0053     0.0053     0.0054     0.0054     0.0032     0.0033     0.0034     0.0034     0.0034     0.0034     0.0074     0.0075     0.0078     0.0077     0.0056     0.0060 
Load imbalance             0.0000     0.0000     0.0000     0.0000     0.0001     0.0000     0.0000     0.0001     0.0000     0.0000     0.0000     0.0000     0.0000     0.0000     0.0000     0.0000     0.0001     0.0001 
Execution time             0.0158     0.0158     0.0158     0.0158     0.0142     0.0158     0.0158     0.0142     0.0158     0.0158     0.0159     0.0159     0.0158     0.0159     0.0159     0.0159     0.0158     0.0158 
User CPU time              0.0002     0.0002     0.0002     0.0002     0.0001     0.0002     0.0002     0.0001     0.0002     0.0002     0.0002     0.0002     0.0002     0.0002     0.0002     0.0002     0.0002     0.0002 
Sys. CPU time              0.0002     0.0002     0.0002     0.0002     0.0002     0.0002     0.0002     0.0002     0.0002     0.0002     0.0002     0.0002     0.0002     0.0002     0.0002     0.0002     0.0001     0.0001 
I/O time                   0.0000     0.0000     0.0000     0.0000     0.0000     0.0000     0.0000     0.0000     0.0000     0.0000     0.0000     0.0000     0.0000     0.0000     0.0000     0.0000     0.0000     0.0000 
Processors                     18         18         18         18         18         18         18         18         18         18         18         18         18         18         18         18         18         18 
           Communication          
Reduction                  0.0026     0.0026     0.0025     0.0026     0.0025     0.0025     0.0046     0.0045     0.0045     0.0046     0.0045     0.0045     0.0027     0.0026     0.0025     0.0025     0.0035     0.0034 
Remote access              0.0055     0.0057     0.0059     0.0058     0.0059     0.0059     0.0037     0.0038     0.0037     0.0037     0.0038     0.0038     0.0056     0.0057     0.0058     0.0057     0.0061     0.0059 
           Synchronization        
I/O                        0.0026     0.0027     0.0026     0.0025     0.0023     0.0024     0.0024     0.0024     0.0024     0.0024     0.0021     0.0023     0.0005     0.0004     0.0003     0.0003     0.0005     0.0006 
Reduction                  0.0004     0.0005     0.0005     0.0003     0.0002     0.0003     0.0004     0.0005     0.0005     0.0003     0.0002     0.0003     0.0004     0.0005     0.0005     0.0003     0.0002     0.0003 
Remote access              0.0109     0.0109     0.0103     0.0102     0.0100     0.0099     0.0129     0.0127     0.0123     0.0124     0.0120     0.0122     0.0041     0.0037     0.0027     0.0028     0.0084     0.0073 
           Variation              
I/O                        0.0025     0.0029     0.0027     0.0027     0.0025     0.0026     0.0026     0.0026     0.0025     0.0026     0.0023     0.0024     0.0006     0.0006     0.0005     0.0005     0.0007     0.0008 
Reduction                  0.0004     0.0005     0.0005     0.0003     0.0002     0.0003     0.0004     0.0005     0.0005     0.0003     0.0002     0.0003     0.0004     0.0005     0.0005     0.0003     0.0002     0.0003 
Remote access              0.0102     0.0103     0.0097     0.0096     0.0093     0.0092     0.0118     0.0115     0.0113     0.0113     0.0109     0.0110     0.0039     0.0035     0.0026     0.0027     0.0065     0.0059 
           Overlap                
Reduction                  0.0000     0.0000     0.0000     0.0000     0.0000     0.0000     0.0000     0.0000     0.0000     0.0000     0.0000     0.0000     0.0000     0.0000     0.0000     0.0000     0.0000     0.0000 
Remote access              0.0052     0.0051     0.0053     0.0053     0.0054     0.0054     0.0032     0.0033     0.0034     0.0034     0.0034     0.0034     0.0074     0.0075     0.0078     0.0077     0.0056     0.0060 


-------------------------------------------------------------------------
Name (number) and performance time of processors
omp.keldysh.ru(1) 0.935392
omp.keldysh.ru(2) 0.935318
omp.keldysh.ru(3) 0.958388
omp.keldysh.ru(4) 0.958375
omp.keldysh.ru(5) 0.959714
omp.keldysh.ru(6) 0.959641
omp.keldysh.ru(7) 0.957557
omp.keldysh.ru(8) 0.957546
omp.keldysh.ru(9) 0.957725
omp.keldysh.ru(10) 0.958001
omp.keldysh.ru(11) 0.959682
omp.keldysh.ru(12) 0.959637
omp.keldysh.ru(13) 0.957457
omp.keldysh.ru(14) 0.957450
omp.keldysh.ru(15) 0.959134
omp.keldysh.ru(16) 0.959111
omp.keldysh.ru(17) 0.935380
omp.keldysh.ru(18) 0.935434
min - omp.keldysh.ru(2) 0.935318; max - omp.keldysh.ru(5) 0.959714; mid - 0.953386
