Processor system=4*4*1
Statistics has been accumulated on DVM-system version 5.0, platform DVM
Analyzer is executing on DVM-system version 5.0, platform DVM
-------------------------------------------------------------------------
INTERVAL ( NLINE=9 SOURCE=jac3d.f ) LEVEL=0  EXE_COUNT=1
--- The main characteristics --- 
Parallelization efficiency      0.6849 
Execution time                  7.5202 
Processors                          16
Threads amount                      16
Total time                    120.3234
Productive time                82.4094 ( CPU= 81.0618 Sys= 1.3454 I/O= 0.0022 )
Lost  time                     37.9140 
   Insufficient parallelism    20.8927 ( User= 0.6787 Sys= 20.2140 )
   Communication               16.9836 ( Real_sync= 0.0093 Starts= 0.0000 )
   Idle time                    0.0377
Load imbalance                  5.0956
Synchronization                29.9389
Time variation                 38.0387
Overlap                         0.0009
                  Nop   Communic  Real_sync    Synchro  Variation    Overlap 
I/O               107     0.0000     0.0000    24.3395    24.3135     0.0000 
Reduction         100    14.1054     0.0000     0.0137     0.0133     0.0002 
Shadow            100     2.7393     0.0000     5.5857    13.7119     0.0007 
--- The comparative characteristics --- 
                              Tmin N proc      Tmax N proc      Tmid
Lost time                   2.0512     2     3.0402    16     2.3696 
User insufficient par.      0.0295    15     0.0641     4     0.0424 
Sys.insufficient par.       0.4411     4     2.1290     7     1.2634 
Idle time                   0.0000    11     0.0055    13     0.0024 
Communication               0.0929     7     2.4183    13     1.0615 
Real synchronization        0.0000    11     0.0014    13     0.0006 
Synchronization             0.0101     7     3.8213     4     1.8712 
Variation                   0.0109     7     5.1233     4     2.3774 
Overlap                     0.0000     3     0.0004     7     0.0001 
Load imbalance              0.0000     2     0.9890    16     0.3185 
Execution time              7.5147    13     7.5202    11     7.5179 
User CPU time               4.4406    16     5.4384     2     5.0664 
Sys. CPU time               0.0290     1     0.1419     7     0.0841 
I/O time                    0.0000    11     0.0014     1     0.0001 
Processors                      16     1         16    16         16 
                      Communic        Real_sync          Synchro        Variation          Overlap  
I/O             Tmin    0.0000     1     0.0000     1     0.0014     7     0.0015     7     0.0000     1 
I/O             Tmax    0.0000    16     0.0000    16     3.2296     4     3.2282     4     0.0000    16 
I/O             Tmid    0.0000           0.0000           1.5212           1.5196           0.0000       
Reduction       Tmin    0.0013     7     0.0000     1     0.0002    15     0.0001    15     0.0000     3 
Reduction       Tmax    1.8956    13     0.0000    16     0.0010    11     0.0010     8     0.0001     4 
Reduction       Tmid    0.8816           0.0000           0.0009           0.0008           0.0000       
Shadow          Tmin    0.0180     1     0.0000     1     0.0076     7     0.0084     7     0.0000     1 
Shadow          Tmax    0.5211    15     0.0000    16     0.6845    16     1.8944     4     0.0004     7 
Shadow          Tmid    0.1712           0.0000           0.3491           0.8570           0.0000       
--- The execution characteristics --- 
                                1          2          3          4          5          6          7          8          9         10         11         12         13         14         15         16 
Lost time                  2.1623     2.0512     2.0708     2.1987     2.1379     2.1905     2.2602     2.1672     2.1191     2.1604     2.2368     2.1449     3.0392     2.9562     2.9784     3.0402 
User insufficient par.     0.0411     0.0412     0.0467     0.0641     0.0615     0.0395     0.0383     0.0388     0.0436     0.0389     0.0382     0.0553     0.0359     0.0328     0.0295     0.0334 
Sys.insufficient par.      0.4555     0.4582     0.4559     0.4411     1.9100     2.0448     2.1290     1.9885     1.9271     2.0037     2.0924     1.9066     0.5795     0.6065     0.6234     0.5918 
Idle time                  0.0011     0.0009     0.0009     0.0045     0.0001     0.0000     0.0000     0.0016     0.0027     0.0012     0.0000     0.0032     0.0055     0.0051     0.0054     0.0053 
Communication              1.6647     1.5509     1.5672     1.6889     0.1664     0.1061     0.0929     0.1383     0.1457     0.1166     0.1062     0.1798     2.4183     2.3118     2.3201     2.4097 
Real synchronization       0.0011     0.0009     0.0009     0.0011     0.0001     0.0000     0.0000     0.0001     0.0001     0.0000     0.0000     0.0001     0.0014     0.0010     0.0013     0.0011 
Synchronization            3.7851     3.5260     3.5666     3.8213     0.3623     0.1174     0.0101     0.2267     0.3286     0.1700     0.0652     0.3602     3.4565     3.3830     3.3316     3.4284 
Variation                  5.0628     4.8179     4.8580     5.1233     0.5257     0.1799     0.0109     0.3395     0.4740     0.2485     0.0873     0.5185     4.0271     3.9543     3.8394     3.9716 
Overlap                    0.0000     0.0000     0.0000     0.0001     0.0000     0.0000     0.0004     0.0001     0.0000     0.0000     0.0001     0.0000     0.0000     0.0000     0.0000     0.0000 
Load imbalance             0.1124     0.0000     0.0196     0.1475     0.0867     0.1392     0.2089     0.1159     0.0679     0.1091     0.1856     0.0936     0.9880     0.9050     0.9272     0.9890 
Execution time             7.5192     7.5193     7.5193     7.5157     7.5201     7.5202     7.5202     7.5186     7.5175     7.5190     7.5202     7.5170     7.5147     7.5151     7.5148     7.5149 
User CPU time              5.3275     5.4384     5.4190     5.2921     5.2549     5.1934     5.1181     5.2205     5.2726     5.2263     5.1439     5.2482     4.4424     4.5235     4.5003     4.4406 
Sys. CPU time              0.0290     0.0305     0.0303     0.0293     0.1273     0.1363     0.1419     0.1325     0.1284     0.1335     0.1395     0.1270     0.0386     0.0404     0.0415     0.0394 
I/O time                   0.0014     0.0001     0.0001     0.0001     0.0001     0.0000     0.0000     0.0000     0.0000     0.0000     0.0000     0.0001     0.0001     0.0000     0.0000     0.0000 
Processors                     16         16         16         16         16         16         16         16         16         16         16         16         16         16         16         16 
           Communication          
Reduction                  1.6309     1.5137     1.5293     1.6538     0.0989     0.0192     0.0013     0.0638     0.0812     0.0299     0.0161     0.0996     1.8956     1.8135     1.7797     1.8789 
Shadow                     0.0180     0.0236     0.0240     0.0187     0.0661     0.0866     0.0912     0.0731     0.0634     0.0860     0.0900     0.0786     0.5019     0.4835     0.5211     0.5136 
           Real synchronization   
           Synchronization        
I/O                        3.1910     2.9558     2.9923     3.2296     0.2475     0.0757     0.0014     0.1601     0.2162     0.0994     0.0376     0.2503     2.7729     2.7121     2.6544     2.7431 
Reduction                  0.0008     0.0009     0.0009     0.0006     0.0010     0.0010     0.0010     0.0010     0.0010     0.0010     0.0010     0.0010     0.0008     0.0008     0.0002     0.0007 
Shadow                     0.5934     0.5693     0.5734     0.5911     0.1138     0.0407     0.0076     0.0656     0.1115     0.0696     0.0265     0.1089     0.6828     0.6700     0.6770     0.6845 
           Variation              
I/O                        3.1689     2.9555     2.9918     3.2282     0.2469     0.0757     0.0015     0.1601     0.2160     0.0994     0.0377     0.2498     2.7725     2.7120     2.6543     2.7430 
Reduction                  0.0008     0.0008     0.0009     0.0006     0.0010     0.0010     0.0010     0.0010     0.0010     0.0010     0.0010     0.0010     0.0008     0.0008     0.0001     0.0007 
Shadow                     1.8931     1.8616     1.8654     1.8944     0.2778     0.1032     0.0084     0.1784     0.2570     0.1482     0.0486     0.2677     1.2538     1.2415     1.1849     1.2279 
           Overlap                
Reduction                  0.0000     0.0000     0.0000     0.0001     0.0000     0.0000     0.0000     0.0000     0.0000     0.0000     0.0000     0.0000     0.0000     0.0000     0.0000     0.0000 
Shadow                     0.0000     0.0000     0.0000     0.0000     0.0000     0.0000     0.0004     0.0001     0.0000     0.0000     0.0001     0.0000     0.0000     0.0000     0.0000     0.0000 


-------------------------------------------------------------------------
Name (number) and performance time of processors
omp.keldysh.ru(1) 0.935370
omp.keldysh.ru(2) 0.935301
omp.keldysh.ru(3) 0.958035
omp.keldysh.ru(4) 0.958030
omp.keldysh.ru(5) 0.958248
omp.keldysh.ru(6) 0.958243
omp.keldysh.ru(7) 0.956745
omp.keldysh.ru(8) 0.956732
omp.keldysh.ru(9) 0.957541
omp.keldysh.ru(10) 0.957524
omp.keldysh.ru(11) 0.952878
omp.keldysh.ru(12) 0.952859
omp.keldysh.ru(13) 0.955593
omp.keldysh.ru(14) 0.955562
omp.keldysh.ru(15) 0.958424
omp.keldysh.ru(16) 0.958399
min - omp.keldysh.ru(2) 0.935301; max - omp.keldysh.ru(15) 0.958424; mid - 0.954093
