Processor system=1*3*2*3
Statistics has been accumulated on DVM-system version 5.0, platform DVM
Analyzer is executing on DVM-system version 5.0, platform DVM
-------------------------------------------------------------------------
INTERVAL ( NLINE=7 SOURCE=sh42.f ) LEVEL=0  EXE_COUNT=2
--- The main characteristics --- 
Parallelization efficiency      0.0506 
Execution time                  0.2513 
Processors                          18
Threads amount                      18
Total time                      4.5242
Productive time                 0.2291 ( CPU= 0.2273 Sys= 0.0018 I/O= 0.0000 )
Lost  time                      4.2951 
   Insufficient parallelism     3.8951 ( User= 3.8649 Sys= 0.0303 )
   Communication                0.0054 ( Real_sync= 0.0000 Starts= 0.0000 )
   Idle time                    0.3946
Load imbalance                  0.0220
Synchronization                 1.6943
Time variation                  1.6961
Overlap                         0.0000
                  Nop   Communic    Synchro  Variation    Overlap 
I/O                12     0.0000     0.8240     0.8259     0.0000 
Reduction          10     0.0054     0.4335     0.4335     0.0000 
Shadow             10     0.0000     0.4367     0.4367     0.0000 
--- The comparative characteristics --- 
                              Tmin N proc      Tmax N proc      Tmid
Lost time                   0.2374     7     0.2475    17     0.2386 
User insufficient par.      0.0645    17     0.2358     7     0.2147 
Sys.insufficient par.       0.0011    18     0.0020    10     0.0017 
Idle time                   0.0000     6     0.1813    17     0.0219 
Communication               0.0003     7     0.0004    17     0.0003 
Synchronization             0.0003    15     0.7687    17     0.0941 
Variation                   0.0004    15     0.7688    17     0.0942 
Overlap                     0.0000     2     0.0000    15     0.0000 
Load imbalance              0.0000     7     0.0101    17     0.0012 
Execution time              0.0701    17     0.2513     6     0.2294 
User CPU time               0.0038    17     0.0139     7     0.0126 
Sys. CPU time               0.0001    18     0.0001    10     0.0001 
I/O time                    0.0000     2     0.0000     1     0.0000 
Processors                      18     1         18    18         18 
                      Communic          Synchro        Variation          Overlap  
I/O             Tmin    0.0000     1     0.0001    15     0.0002    15     0.0000     1 
I/O             Tmax    0.0000    18     0.3784    17     0.3785    17     0.0000    18 
I/O             Tmid    0.0000           0.0458           0.0459           0.0000       
Reduction       Tmin    0.0003     7     0.0001    15     0.0001    15     0.0000     1 
Reduction       Tmax    0.0004    17     0.1966    17     0.1966    17     0.0000    15 
Reduction       Tmid    0.0003           0.0241           0.0241           0.0000       
Shadow          Tmin    0.0000     1     0.0001    15     0.0001    15     0.0000     2 
Shadow          Tmax    0.0000    18     0.1937    17     0.1937    17     0.0000    15 
Shadow          Tmid    0.0000           0.0243           0.0243           0.0000       
--- The execution characteristics --- 
                                1          2          3          4          5          6          7          8          9         10         11         12         13         14         15         16         17         18 
Lost time                  0.2375     0.2376     0.2374     0.2375     0.2375     0.2374     0.2374     0.2375     0.2378     0.2378     0.2375     0.2375     0.2374     0.2375     0.2374     0.2374     0.2475     0.2475 
User insufficient par.     0.2339     0.2319     0.2344     0.2341     0.2335     0.2352     0.2358     0.2337     0.2287     0.2280     0.2338     0.2340     0.2351     0.2341     0.2349     0.2346     0.0645     0.0647 
Sys.insufficient par.      0.0016     0.0015     0.0020     0.0020     0.0020     0.0019     0.0013     0.0018     0.0015     0.0020     0.0016     0.0015     0.0017     0.0014     0.0019     0.0020     0.0013     0.0011 
Idle time                  0.0017     0.0039     0.0008     0.0011     0.0017     0.0000     0.0000     0.0017     0.0073     0.0075     0.0017     0.0017     0.0003     0.0017     0.0003     0.0005     0.1813     0.1813 
Communication              0.0003     0.0003     0.0003     0.0003     0.0003     0.0003     0.0003     0.0003     0.0003     0.0003     0.0003     0.0003     0.0003     0.0003     0.0003     0.0003     0.0004     0.0004 
Synchronization            0.0154     0.0185     0.0036     0.0031     0.0035     0.0043     0.0044     0.0116     0.0287     0.0314     0.0093     0.0122     0.0059     0.0065     0.0003     0.0006     0.7687     0.7662 
Variation                  0.0152     0.0187     0.0037     0.0032     0.0036     0.0044     0.0045     0.0118     0.0288     0.0315     0.0094     0.0123     0.0061     0.0066     0.0004     0.0008     0.7688     0.7664 
Overlap                    0.0000     0.0000     0.0000     0.0000     0.0000     0.0000     0.0000     0.0000     0.0000     0.0000     0.0000     0.0000     0.0000     0.0000     0.0000     0.0000     0.0000     0.0000 
Load imbalance             0.0001     0.0002     0.0000     0.0001     0.0001     0.0000     0.0000     0.0001     0.0004     0.0004     0.0001     0.0001     0.0000     0.0001     0.0000     0.0000     0.0101     0.0101 
Execution time             0.2496     0.2474     0.2505     0.2503     0.2496     0.2513     0.2513     0.2496     0.2441     0.2439     0.2496     0.2496     0.2511     0.2496     0.2510     0.2508     0.0701     0.0701 
User CPU time              0.0138     0.0136     0.0138     0.0138     0.0137     0.0138     0.0139     0.0137     0.0135     0.0134     0.0138     0.0138     0.0138     0.0138     0.0138     0.0138     0.0038     0.0038 
Sys. CPU time              0.0001     0.0001     0.0001     0.0001     0.0001     0.0001     0.0001     0.0001     0.0001     0.0001     0.0001     0.0001     0.0001     0.0001     0.0001     0.0001     0.0001     0.0001 
I/O time                   0.0000     0.0000     0.0000     0.0000     0.0000     0.0000     0.0000     0.0000     0.0000     0.0000     0.0000     0.0000     0.0000     0.0000     0.0000     0.0000     0.0000     0.0000 
Processors                     18         18         18         18         18         18         18         18         18         18         18         18         18         18         18         18         18         18 
           Communication          
Reduction                  0.0003     0.0003     0.0003     0.0003     0.0003     0.0003     0.0003     0.0003     0.0003     0.0003     0.0003     0.0003     0.0003     0.0003     0.0003     0.0003     0.0004     0.0004 
           Synchronization        
I/O                        0.0068     0.0080     0.0008     0.0010     0.0011     0.0014     0.0024     0.0046     0.0129     0.0140     0.0046     0.0054     0.0022     0.0025     0.0001     0.0002     0.3784     0.3777 
Reduction                  0.0042     0.0049     0.0007     0.0008     0.0010     0.0011     0.0014     0.0025     0.0074     0.0081     0.0024     0.0028     0.0017     0.0018     0.0001     0.0002     0.1966     0.1959 
Shadow                     0.0044     0.0056     0.0020     0.0013     0.0014     0.0018     0.0007     0.0045     0.0084     0.0094     0.0023     0.0039     0.0021     0.0022     0.0001     0.0003     0.1937     0.1927 
           Variation              
I/O                        0.0066     0.0082     0.0009     0.0011     0.0012     0.0016     0.0025     0.0047     0.0130     0.0141     0.0047     0.0055     0.0023     0.0026     0.0002     0.0003     0.3785     0.3778 
Reduction                  0.0042     0.0049     0.0007     0.0008     0.0010     0.0011     0.0014     0.0025     0.0074     0.0081     0.0024     0.0028     0.0017     0.0018     0.0001     0.0002     0.1966     0.1959 
Shadow                     0.0044     0.0056     0.0020     0.0013     0.0014     0.0018     0.0006     0.0045     0.0084     0.0094     0.0023     0.0039     0.0021     0.0022     0.0001     0.0003     0.1937     0.1927 
           Overlap                
Reduction                  0.0000     0.0000     0.0000     0.0000     0.0000     0.0000     0.0000     0.0000     0.0000     0.0000     0.0000     0.0000     0.0000     0.0000     0.0000     0.0000     0.0000     0.0000 
Shadow                     0.0000     0.0000     0.0000     0.0000     0.0000     0.0000     0.0000     0.0000     0.0000     0.0000     0.0000     0.0000     0.0000     0.0000     0.0000     0.0000     0.0000     0.0000 


-------------------------------------------------------------------------
Name (number) and performance time of processors
omp.keldysh.ru(1) 0.935382
omp.keldysh.ru(2) 0.935299
omp.keldysh.ru(3) 0.955888
omp.keldysh.ru(4) 0.955897
omp.keldysh.ru(5) 0.958961
omp.keldysh.ru(6) 0.958938
omp.keldysh.ru(7) 0.960485
omp.keldysh.ru(8) 0.960483
omp.keldysh.ru(9) 0.955274
omp.keldysh.ru(10) 0.955243
omp.keldysh.ru(11) 0.958321
omp.keldysh.ru(12) 0.958114
omp.keldysh.ru(13) 0.960360
omp.keldysh.ru(14) 0.960340
omp.keldysh.ru(15) 0.956905
omp.keldysh.ru(16) 0.957277
omp.keldysh.ru(17) 0.954448
omp.keldysh.ru(18) 0.954446
min - omp.keldysh.ru(2) 0.935299; max - omp.keldysh.ru(7) 0.960485; mid - 0.955115
