Processor system=1*1*3*6
Statistics has been accumulated on DVM-system version 5.0, platform DVM
Analyzer is executing on DVM-system version 5.0, platform DVM
-------------------------------------------------------------------------
INTERVAL ( NLINE=7 SOURCE=reda43.f ) LEVEL=0  EXE_COUNT=2
--- The main characteristics --- 
Parallelization efficiency      0.0437 
Execution time                  0.0086 
Processors                          18
Threads amount                      18
Total time                      0.1544
Productive time                 0.0067 ( CPU= 0.0062 Sys= 0.0005 I/O= 0.0000 )
Lost  time                      0.1477 
   Insufficient parallelism     0.1088 ( User= 0.1001 Sys= 0.0087 )
   Communication                0.0142 ( Real_sync= 0.0000 Starts= 0.0000 )
   Idle time                    0.0247
Load imbalance                  0.0015
Synchronization                 0.0104
Time variation                  0.0077
Overlap                         0.0002
                  Nop   Communic    Synchro  Variation    Overlap 
I/O                 6     0.0000     0.0011     0.0037     0.0000 
Reduction           5     0.0059     0.0010     0.0005     0.0002 
Remote access      22     0.0083     0.0083     0.0035     0.0000 
--- The comparative characteristics --- 
                              Tmin N proc      Tmax N proc      Tmid
Lost time                   0.0081    16     0.0083    18     0.0082 
User insufficient par.      0.0048    18     0.0069    16     0.0056 
Sys.insufficient par.       0.0004    17     0.0006     1     0.0005 
Idle time                   0.0000    16     0.0020    14     0.0014 
Communication               0.0007    13     0.0011    17     0.0008 
Synchronization             0.0003     5     0.0009    17     0.0006 
Variation                   0.0003     1     0.0005     7     0.0004 
Overlap                     0.0000    17     0.0000    16     0.0000 
Load imbalance              0.0000    16     0.0001    18     0.0001 
Execution time              0.0066    14     0.0086    16     0.0072 
User CPU time               0.0003    18     0.0004    16     0.0003 
Sys. CPU time               0.0000    17     0.0000     2     0.0000 
I/O time                    0.0000    10     0.0000     1     0.0000 
Processors                      18     1         18    18         18 
                      Communic          Synchro        Variation          Overlap  
I/O             Tmin    0.0000     1     0.0000     9     0.0000     1     0.0000     1 
I/O             Tmax    0.0000    18     0.0001    18     0.0002    18     0.0000    18 
I/O             Tmid    0.0000           0.0001           0.0002           0.0000       
Reduction       Tmin    0.0003     5     0.0000    16     0.0000    11     0.0000    17 
Reduction       Tmax    0.0004     3     0.0001     1     0.0000    18     0.0000    16 
Reduction       Tmid    0.0003           0.0001           0.0000           0.0000       
Remote access   Tmin    0.0004     7     0.0002     5     0.0001    18     0.0000     1 
Remote access   Tmax    0.0008    18     0.0008    17     0.0003     7     0.0000     6 
Remote access   Tmid    0.0005           0.0005           0.0002           0.0000       
--- The execution characteristics --- 
                                1          2          3          4          5          6          7          8          9         10         11         12         13         14         15         16         17         18 
Lost time                  0.0082     0.0082     0.0082     0.0082     0.0082     0.0082     0.0082     0.0082     0.0082     0.0082     0.0082     0.0082     0.0082     0.0082     0.0082     0.0081     0.0082     0.0083 
User insufficient par.     0.0049     0.0050     0.0050     0.0063     0.0058     0.0058     0.0051     0.0051     0.0051     0.0061     0.0061     0.0051     0.0057     0.0051     0.0057     0.0069     0.0064     0.0048 
Sys.insufficient par.      0.0006     0.0005     0.0005     0.0005     0.0005     0.0005     0.0005     0.0005     0.0005     0.0005     0.0005     0.0005     0.0005     0.0005     0.0005     0.0005     0.0004     0.0004 
Idle time                  0.0020     0.0019     0.0019     0.0006     0.0011     0.0011     0.0019     0.0019     0.0019     0.0008     0.0008     0.0019     0.0013     0.0020     0.0013     0.0000     0.0003     0.0019 
Communication              0.0007     0.0008     0.0008     0.0008     0.0008     0.0008     0.0007     0.0007     0.0008     0.0008     0.0007     0.0007     0.0007     0.0007     0.0007     0.0007     0.0011     0.0011 
Synchronization            0.0003     0.0004     0.0004     0.0004     0.0003     0.0004     0.0007     0.0007     0.0007     0.0007     0.0007     0.0007     0.0006     0.0006     0.0006     0.0006     0.0009     0.0009 
Variation                  0.0003     0.0005     0.0005     0.0005     0.0004     0.0004     0.0005     0.0005     0.0005     0.0005     0.0004     0.0004     0.0004     0.0004     0.0004     0.0004     0.0004     0.0004 
Overlap                    0.0000     0.0000     0.0000     0.0000     0.0000     0.0000     0.0000     0.0000     0.0000     0.0000     0.0000     0.0000     0.0000     0.0000     0.0000     0.0000     0.0000     0.0000 
Load imbalance             0.0001     0.0001     0.0001     0.0000     0.0001     0.0001     0.0001     0.0001     0.0001     0.0000     0.0000     0.0001     0.0001     0.0001     0.0001     0.0000     0.0000     0.0001 
Execution time             0.0066     0.0067     0.0067     0.0080     0.0075     0.0075     0.0066     0.0066     0.0066     0.0078     0.0078     0.0067     0.0072     0.0066     0.0073     0.0086     0.0083     0.0066 
User CPU time              0.0003     0.0003     0.0003     0.0004     0.0004     0.0004     0.0003     0.0003     0.0003     0.0004     0.0004     0.0003     0.0004     0.0003     0.0004     0.0004     0.0004     0.0003 
Sys. CPU time              0.0000     0.0000     0.0000     0.0000     0.0000     0.0000     0.0000     0.0000     0.0000     0.0000     0.0000     0.0000     0.0000     0.0000     0.0000     0.0000     0.0000     0.0000 
I/O time                   0.0000     0.0000     0.0000     0.0000     0.0000     0.0000     0.0000     0.0000     0.0000     0.0000     0.0000     0.0000     0.0000     0.0000     0.0000     0.0000     0.0000     0.0000 
Processors                     18         18         18         18         18         18         18         18         18         18         18         18         18         18         18         18         18         18 
           Communication          
Reduction                  0.0003     0.0004     0.0004     0.0004     0.0003     0.0003     0.0004     0.0004     0.0004     0.0003     0.0003     0.0003     0.0003     0.0003     0.0003     0.0003     0.0003     0.0003 
Remote access              0.0004     0.0004     0.0004     0.0004     0.0006     0.0005     0.0004     0.0004     0.0004     0.0004     0.0004     0.0004     0.0004     0.0004     0.0004     0.0004     0.0008     0.0008 
           Synchronization        
I/O                        0.0001     0.0001     0.0001     0.0001     0.0000     0.0001     0.0001     0.0001     0.0000     0.0000     0.0001     0.0001     0.0001     0.0001     0.0001     0.0000     0.0001     0.0001 
Reduction                  0.0001     0.0000     0.0001     0.0001     0.0001     0.0001     0.0001     0.0001     0.0001     0.0001     0.0001     0.0001     0.0000     0.0000     0.0000     0.0000     0.0001     0.0001 
Remote access              0.0002     0.0003     0.0003     0.0003     0.0002     0.0002     0.0005     0.0006     0.0006     0.0006     0.0005     0.0005     0.0005     0.0005     0.0005     0.0005     0.0008     0.0008 
           Variation              
I/O                        0.0000     0.0002     0.0002     0.0002     0.0002     0.0002     0.0002     0.0002     0.0002     0.0002     0.0002     0.0002     0.0002     0.0002     0.0002     0.0002     0.0002     0.0002 
Reduction                  0.0000     0.0000     0.0000     0.0000     0.0000     0.0000     0.0000     0.0000     0.0000     0.0000     0.0000     0.0000     0.0000     0.0000     0.0000     0.0000     0.0000     0.0000 
Remote access              0.0002     0.0002     0.0002     0.0002     0.0001     0.0002     0.0003     0.0003     0.0002     0.0002     0.0002     0.0002     0.0002     0.0002     0.0002     0.0001     0.0001     0.0001 
           Overlap                
Reduction                  0.0000     0.0000     0.0000     0.0000     0.0000     0.0000     0.0000     0.0000     0.0000     0.0000     0.0000     0.0000     0.0000     0.0000     0.0000     0.0000     0.0000     0.0000 
Remote access              0.0000     0.0000     0.0000     0.0000     0.0000     0.0000     0.0000     0.0000     0.0000     0.0000     0.0000     0.0000     0.0000     0.0000     0.0000     0.0000     0.0000     0.0000 


-------------------------------------------------------------------------
Name (number) and performance time of processors
omp.keldysh.ru(1) 0.935416
omp.keldysh.ru(2) 0.935371
omp.keldysh.ru(3) 0.935439
omp.keldysh.ru(4) 0.935476
omp.keldysh.ru(5) 0.959604
omp.keldysh.ru(6) 0.959828
omp.keldysh.ru(7) 0.957397
omp.keldysh.ru(8) 0.957326
omp.keldysh.ru(9) 0.957749
omp.keldysh.ru(10) 0.957292
omp.keldysh.ru(11) 0.958393
omp.keldysh.ru(12) 0.958374
omp.keldysh.ru(13) 0.960167
omp.keldysh.ru(14) 0.960163
omp.keldysh.ru(15) 0.960226
omp.keldysh.ru(16) 0.960233
omp.keldysh.ru(17) 0.955579
omp.keldysh.ru(18) 0.955549
min - omp.keldysh.ru(2) 0.935371; max - omp.keldysh.ru(16) 0.960233; mid - 0.953310
