Processor system=1*2*3*3
Statistics has been accumulated on DVM-system version 5.0, platform DVM
Analyzer is executing on DVM-system version 5.0, platform DVM
-------------------------------------------------------------------------
INTERVAL ( NLINE=5 SOURCE=prf42.f ) LEVEL=0  EXE_COUNT=2
--- The main characteristics --- 
Parallelization efficiency      0.0458 
Execution time                  0.0145 
Processors                          18
Threads amount                      18
Total time                      0.2615
Productive time                 0.0120 ( CPU= 0.0100 Sys= 0.0019 I/O= 0.0000 )
Lost  time                      0.2495 
   Insufficient parallelism     0.2037 ( User= 0.1702 Sys= 0.0334 )
   Communication                0.0066 ( Real_sync= 0.0000 Starts= 0.0000 )
   Idle time                    0.0392
Load imbalance                  0.0023
Synchronization                 0.1889
Time variation                  0.1910
Overlap                         0.0115
                  Nop   Communic    Synchro  Variation    Overlap 
I/O                12     0.0000     0.0291     0.0311     0.0000 
Reduction          22     0.0066     0.0728     0.0728     0.0000 
Remote access     180     0.0000     0.0871     0.0870     0.0115 
--- The comparative characteristics --- 
                              Tmin N proc      Tmax N proc      Tmid
Lost time                   0.0137    16     0.0142    18     0.0139 
User insufficient par.      0.0045    18     0.0116    16     0.0095 
Sys.insufficient par.       0.0012    17     0.0021     1     0.0019 
Idle time                   0.0000    16     0.0074    18     0.0022 
Communication               0.0002     8     0.0011    17     0.0004 
Synchronization             0.0021     6     0.0517    17     0.0105 
Variation                   0.0023     6     0.0519    17     0.0106 
Overlap                     0.0000    17     0.0011     5     0.0006 
Load imbalance              0.0000    16     0.0004    18     0.0001 
Execution time              0.0072    18     0.0145    16     0.0123 
User CPU time               0.0003    18     0.0007    16     0.0006 
Sys. CPU time               0.0001    17     0.0001     2     0.0001 
I/O time                    0.0000     4     0.0000     1     0.0000 
Processors                      18     1         18    18         18 
                      Communic          Synchro        Variation          Overlap  
I/O             Tmin    0.0000     1     0.0003     5     0.0005     5     0.0000     1 
I/O             Tmax    0.0000    18     0.0080    17     0.0081    17     0.0000    18 
I/O             Tmid    0.0000           0.0016           0.0017           0.0000       
Reduction       Tmin    0.0002     8     0.0001     6     0.0001     6     0.0000     1 
Reduction       Tmax    0.0011    17     0.0202    17     0.0202    17     0.0000     6 
Reduction       Tmid    0.0004           0.0040           0.0040           0.0000       
Remote access   Tmin    0.0000     1     0.0015     7     0.0014     7     0.0000    17 
Remote access   Tmax    0.0000    18     0.0235    17     0.0236    17     0.0011     5 
Remote access   Tmid    0.0000           0.0048           0.0048           0.0006       
--- The execution characteristics --- 
                                1          2          3          4          5          6          7          8          9         10         11         12         13         14         15         16         17         18 
Lost time                  0.0139     0.0139     0.0139     0.0138     0.0138     0.0138     0.0139     0.0139     0.0139     0.0139     0.0139     0.0139     0.0139     0.0138     0.0138     0.0137     0.0138     0.0142 
User insufficient par.     0.0087     0.0095     0.0096     0.0107     0.0105     0.0105     0.0091     0.0091     0.0090     0.0091     0.0091     0.0091     0.0090     0.0101     0.0101     0.0116     0.0111     0.0045 
Sys.insufficient par.      0.0021     0.0019     0.0019     0.0019     0.0019     0.0019     0.0019     0.0019     0.0019     0.0019     0.0019     0.0019     0.0019     0.0019     0.0019     0.0019     0.0012     0.0014 
Idle time                  0.0027     0.0019     0.0019     0.0008     0.0012     0.0012     0.0027     0.0027     0.0026     0.0026     0.0027     0.0026     0.0027     0.0016     0.0016     0.0000     0.0004     0.0074 
Communication              0.0004     0.0005     0.0004     0.0004     0.0002     0.0002     0.0002     0.0002     0.0003     0.0003     0.0003     0.0003     0.0003     0.0003     0.0002     0.0002     0.0011     0.0009 
Synchronization            0.0041     0.0066     0.0081     0.0078     0.0022     0.0021     0.0048     0.0047     0.0074     0.0074     0.0049     0.0045     0.0080     0.0080     0.0054     0.0054     0.0517     0.0458 
Variation                  0.0040     0.0067     0.0082     0.0079     0.0023     0.0023     0.0049     0.0049     0.0075     0.0075     0.0051     0.0046     0.0082     0.0081     0.0055     0.0055     0.0519     0.0459 
Overlap                    0.0008     0.0008     0.0006     0.0006     0.0011     0.0011     0.0007     0.0007     0.0005     0.0005     0.0007     0.0007     0.0005     0.0005     0.0007     0.0007     0.0000     0.0000 
Load imbalance             0.0002     0.0001     0.0001     0.0001     0.0001     0.0001     0.0001     0.0001     0.0001     0.0001     0.0002     0.0001     0.0001     0.0001     0.0001     0.0000     0.0001     0.0004 
Execution time             0.0118     0.0126     0.0126     0.0137     0.0134     0.0134     0.0119     0.0119     0.0119     0.0119     0.0118     0.0119     0.0118     0.0130     0.0130     0.0145     0.0141     0.0072 
User CPU time              0.0005     0.0006     0.0006     0.0006     0.0006     0.0006     0.0005     0.0005     0.0005     0.0005     0.0005     0.0005     0.0005     0.0006     0.0006     0.0007     0.0007     0.0003 
Sys. CPU time              0.0001     0.0001     0.0001     0.0001     0.0001     0.0001     0.0001     0.0001     0.0001     0.0001     0.0001     0.0001     0.0001     0.0001     0.0001     0.0001     0.0001     0.0001 
I/O time                   0.0000     0.0000     0.0000     0.0000     0.0000     0.0000     0.0000     0.0000     0.0000     0.0000     0.0000     0.0000     0.0000     0.0000     0.0000     0.0000     0.0000     0.0000 
Processors                     18         18         18         18         18         18         18         18         18         18         18         18         18         18         18         18         18         18 
           Communication          
Reduction                  0.0004     0.0005     0.0004     0.0004     0.0002     0.0002     0.0002     0.0002     0.0003     0.0003     0.0003     0.0003     0.0003     0.0003     0.0002     0.0002     0.0011     0.0009 
           Synchronization        
I/O                        0.0007     0.0011     0.0013     0.0012     0.0003     0.0004     0.0007     0.0007     0.0011     0.0011     0.0008     0.0008     0.0011     0.0011     0.0008     0.0008     0.0080     0.0071 
Reduction                  0.0010     0.0010     0.0025     0.0025     0.0001     0.0001     0.0026     0.0026     0.0035     0.0035     0.0021     0.0018     0.0034     0.0036     0.0022     0.0022     0.0202     0.0179 
Remote access              0.0024     0.0045     0.0043     0.0041     0.0017     0.0017     0.0015     0.0015     0.0028     0.0029     0.0020     0.0019     0.0035     0.0034     0.0024     0.0024     0.0235     0.0208 
           Variation              
I/O                        0.0006     0.0012     0.0014     0.0013     0.0005     0.0005     0.0009     0.0008     0.0012     0.0012     0.0010     0.0009     0.0012     0.0012     0.0009     0.0009     0.0081     0.0072 
Reduction                  0.0010     0.0010     0.0025     0.0025     0.0001     0.0001     0.0026     0.0026     0.0035     0.0035     0.0021     0.0018     0.0034     0.0036     0.0022     0.0022     0.0202     0.0179 
Remote access              0.0023     0.0044     0.0043     0.0041     0.0017     0.0017     0.0014     0.0015     0.0028     0.0028     0.0020     0.0020     0.0035     0.0034     0.0024     0.0024     0.0236     0.0208 
           Overlap                
Reduction                  0.0000     0.0000     0.0000     0.0000     0.0000     0.0000     0.0000     0.0000     0.0000     0.0000     0.0000     0.0000     0.0000     0.0000     0.0000     0.0000     0.0000     0.0000 
Remote access              0.0008     0.0008     0.0006     0.0006     0.0011     0.0011     0.0007     0.0007     0.0005     0.0005     0.0007     0.0007     0.0005     0.0005     0.0007     0.0007     0.0000     0.0000 


-------------------------------------------------------------------------
Name (number) and performance time of processors
omp.keldysh.ru(1) 0.933979
omp.keldysh.ru(2) 0.933918
omp.keldysh.ru(3) 0.951876
omp.keldysh.ru(4) 0.952025
omp.keldysh.ru(5) 0.951814
omp.keldysh.ru(6) 0.951790
omp.keldysh.ru(7) 0.954117
omp.keldysh.ru(8) 0.954199
omp.keldysh.ru(9) 0.952819
omp.keldysh.ru(10) 0.952807
omp.keldysh.ru(11) 0.949626
omp.keldysh.ru(12) 0.949618
omp.keldysh.ru(13) 0.954126
omp.keldysh.ru(14) 0.954127
omp.keldysh.ru(15) 0.933597
omp.keldysh.ru(16) 0.933596
omp.keldysh.ru(17) 0.953750
omp.keldysh.ru(18) 0.954059
min - omp.keldysh.ru(16) 0.933596; max - omp.keldysh.ru(8) 0.954199; mid - 0.948436
