Processor system=2*4*1*2
Statistics has been accumulated on DVM-system version 5.0, platform DVM
Analyzer is executing on DVM-system version 5.0, platform DVM
-------------------------------------------------------------------------
INTERVAL ( NLINE=7 SOURCE=rem42.f ) LEVEL=0  EXE_COUNT=1
--- The main characteristics --- 
Parallelization efficiency      0.0547 
Execution time                  0.0349 
Processors                          16
Threads amount                      16
Total time                      0.5590
Productive time                 0.0306 ( CPU= 0.0109 Sys= 0.0196 I/O= 0.0000 )
Lost  time                      0.5285 
   Insufficient parallelism     0.4584 ( User= 0.1641 Sys= 0.2943 )
   Communication                0.0628 ( Real_sync= 0.0000 Starts= 0.0000 )
   Idle time                    0.0073
Load imbalance                  0.0042
Synchronization                43.2364
Time variation                 43.2399
Overlap                         0.0002
                  Nop   Communic    Synchro  Variation    Overlap 
I/O                16     0.0000     0.1778     0.1803     0.0000 
Reduction           7     0.0628     0.0080     0.0080     0.0000 
Remote access    4155     0.0000    43.0506    43.0516     0.0002 
--- The comparative characteristics --- 
                              Tmin N proc      Tmax N proc      Tmid
Lost time                   0.0328     8     0.0338    14     0.0330 
User insufficient par.      0.0064    14     0.0116     9     0.0103 
Sys.insufficient par.       0.0105    14     0.0212     1     0.0184 
Idle time                   0.0000     2     0.0020    14     0.0005 
Communication               0.0002     7     0.0150    14     0.0039 
Synchronization             0.0100     7    10.7581    14     2.7023 
Variation                   0.0102     7    10.7585    14     2.7025 
Overlap                     0.0000     2     0.0001     7     0.0000 
Load imbalance              0.0000     8     0.0010    14     0.0003 
Execution time              0.0330    14     0.0349     2     0.0345 
User CPU time               0.0004    14     0.0008     9     0.0007 
Sys. CPU time               0.0007    14     0.0014     8     0.0012 
I/O time                    0.0000     5     0.0000     1     0.0000 
Processors                      16     1         16    16         16 
                      Communic          Synchro        Variation          Overlap  
I/O             Tmin    0.0000     1     0.0002     7     0.0003     1     0.0000     1 
I/O             Tmax    0.0000    16     0.0439    14     0.0441    14     0.0000    16 
I/O             Tmid    0.0000           0.0111           0.0113           0.0000       
Reduction       Tmin    0.0002     7     0.0000     5     0.0000     5     0.0000     1 
Reduction       Tmax    0.0150    14     0.0021    15     0.0021    15     0.0000    16 
Reduction       Tmid    0.0039           0.0005           0.0005           0.0000       
Remote access   Tmin    0.0000     1     0.0098     7     0.0098     7     0.0000     2 
Remote access   Tmax    0.0000    16    10.7121    14    10.7124    14     0.0001     7 
Remote access   Tmid    0.0000           2.6907           2.6907           0.0000       
--- The execution characteristics --- 
                                1          2          3          4          5          6          7          8          9         10         11         12         13         14         15         16 
Lost time                  0.0328     0.0328     0.0328     0.0328     0.0328     0.0328     0.0328     0.0328     0.0328     0.0328     0.0328     0.0328     0.0338     0.0338     0.0338     0.0337 
User insufficient par.     0.0113     0.0115     0.0115     0.0115     0.0114     0.0115     0.0115     0.0115     0.0116     0.0116     0.0114     0.0114     0.0065     0.0064     0.0065     0.0071 
Sys.insufficient par.      0.0212     0.0209     0.0210     0.0210     0.0210     0.0209     0.0210     0.0210     0.0209     0.0209     0.0209     0.0209     0.0108     0.0105     0.0106     0.0109 
Idle time                  0.0000     0.0000     0.0000     0.0000     0.0000     0.0000     0.0000     0.0000     0.0000     0.0000     0.0000     0.0000     0.0019     0.0020     0.0019     0.0012 
Communication              0.0003     0.0004     0.0003     0.0003     0.0004     0.0004     0.0002     0.0002     0.0003     0.0003     0.0005     0.0004     0.0146     0.0150     0.0147     0.0146 
Synchronization            0.0667     0.2170     0.1098     0.0243     0.1258     0.1391     0.0100     0.0101     0.0694     0.0717     0.2047     0.1753    10.4403    10.7581    10.4590    10.3549 
Variation                  0.0666     0.2172     0.1100     0.0244     0.1260     0.1393     0.0102     0.0103     0.0696     0.0719     0.2049     0.1755    10.4407    10.7585    10.4594    10.3553 
Overlap                    0.0000     0.0000     0.0000     0.0000     0.0000     0.0000     0.0001     0.0001     0.0000     0.0000     0.0000     0.0000     0.0000     0.0000     0.0000     0.0000 
Load imbalance             0.0000     0.0000     0.0000     0.0000     0.0000     0.0000     0.0000     0.0000     0.0000     0.0000     0.0000     0.0000     0.0010     0.0010     0.0010     0.0010 
Execution time             0.0349     0.0349     0.0349     0.0349     0.0349     0.0349     0.0349     0.0349     0.0349     0.0349     0.0349     0.0349     0.0330     0.0330     0.0330     0.0337 
User CPU time              0.0008     0.0008     0.0008     0.0008     0.0008     0.0008     0.0008     0.0008     0.0008     0.0008     0.0008     0.0008     0.0004     0.0004     0.0004     0.0005 
Sys. CPU time              0.0014     0.0014     0.0014     0.0014     0.0014     0.0014     0.0014     0.0014     0.0014     0.0014     0.0014     0.0014     0.0007     0.0007     0.0007     0.0007 
I/O time                   0.0000     0.0000     0.0000     0.0000     0.0000     0.0000     0.0000     0.0000     0.0000     0.0000     0.0000     0.0000     0.0000     0.0000     0.0000     0.0000 
Processors                     16         16         16         16         16         16         16         16         16         16         16         16         16         16         16         16 
           Communication          
Reduction                  0.0003     0.0004     0.0003     0.0003     0.0004     0.0004     0.0002     0.0002     0.0003     0.0003     0.0005     0.0004     0.0146     0.0150     0.0147     0.0146 
           Synchronization        
I/O                        0.0004     0.0012     0.0006     0.0002     0.0006     0.0007     0.0002     0.0002     0.0004     0.0004     0.0010     0.0009     0.0425     0.0439     0.0429     0.0419 
Reduction                  0.0001     0.0001     0.0000     0.0000     0.0000     0.0000     0.0000     0.0000     0.0000     0.0000     0.0001     0.0001     0.0018     0.0020     0.0021     0.0016 
Remote access              0.0662     0.2158     0.1093     0.0240     0.1252     0.1385     0.0098     0.0099     0.0689     0.0713     0.2037     0.1744    10.3960    10.7121    10.4141    10.3113 
           Variation              
I/O                        0.0003     0.0013     0.0007     0.0004     0.0007     0.0008     0.0003     0.0003     0.0006     0.0006     0.0012     0.0011     0.0426     0.0441     0.0430     0.0421 
Reduction                  0.0001     0.0001     0.0000     0.0000     0.0000     0.0000     0.0000     0.0000     0.0000     0.0000     0.0001     0.0001     0.0018     0.0020     0.0021     0.0016 
Remote access              0.0662     0.2158     0.1092     0.0240     0.1253     0.1385     0.0098     0.0099     0.0690     0.0713     0.2037     0.1744    10.3963    10.7124    10.4143    10.3116 
           Overlap                
Remote access              0.0000     0.0000     0.0000     0.0000     0.0000     0.0000     0.0001     0.0001     0.0000     0.0000     0.0000     0.0000     0.0000     0.0000     0.0000     0.0000 


-------------------------------------------------------------------------
Name (number) and performance time of processors
omp.keldysh.ru(1) 0.935339
omp.keldysh.ru(2) 0.935263
omp.keldysh.ru(3) 0.957252
omp.keldysh.ru(4) 0.957287
omp.keldysh.ru(5) 0.958539
omp.keldysh.ru(6) 0.958467
omp.keldysh.ru(7) 0.958815
omp.keldysh.ru(8) 0.959081
omp.keldysh.ru(9) 0.935287
omp.keldysh.ru(10) 0.935295
omp.keldysh.ru(11) 0.958052
omp.keldysh.ru(12) 0.958059
omp.keldysh.ru(13) 0.956784
omp.keldysh.ru(14) 0.956781
omp.keldysh.ru(15) 0.958517
omp.keldysh.ru(16) 0.958520
min - omp.keldysh.ru(2) 0.935263; max - omp.keldysh.ru(8) 0.959081; mid - 0.952334
