Processor system=1*6*3
Statistics has been accumulated on DVM-system version 5.0, platform DVM
Analyzer is executing on DVM-system version 5.0, platform DVM
-------------------------------------------------------------------------
INTERVAL ( NLINE=7 SOURCE=reda32.f ) LEVEL=0  EXE_COUNT=2
--- The main characteristics --- 
Parallelization efficiency      0.0404 
Execution time                  0.0099 
Processors                          18
Threads amount                      18
Total time                      0.1778
Productive time                 0.0072 ( CPU= 0.0067 Sys= 0.0004 I/O= 0.0000 )
Lost  time                      0.1706 
   Insufficient parallelism     0.1213 ( User= 0.1138 Sys= 0.0075 )
   Communication                0.0163 ( Real_sync= 0.0000 Starts= 0.0000 )
   Idle time                    0.0330
Load imbalance                  0.0019
Synchronization                 0.0104
Time variation                  0.0074
Overlap                         0.0000
                  Nop   Communic    Synchro  Variation    Overlap 
I/O                 6     0.0000     0.0017     0.0042     0.0000 
Reduction           5     0.0094     0.0013     0.0011     0.0000 
Remote access      22     0.0069     0.0074     0.0021     0.0000 
--- The comparative characteristics --- 
                              Tmin N proc      Tmax N proc      Tmid
Lost time                   0.0094     8     0.0095    18     0.0095 
User insufficient par.      0.0055    12     0.0081     8     0.0063 
Sys.insufficient par.       0.0003    17     0.0006     1     0.0004 
Idle time                   0.0000     8     0.0027    12     0.0018 
Communication               0.0008     1     0.0010    17     0.0009 
Synchronization             0.0002     1     0.0008    17     0.0006 
Variation                   0.0001     1     0.0006     2     0.0004 
Overlap                     0.0000     2     0.0000     1     0.0000 
Load imbalance              0.0000     8     0.0002     1     0.0001 
Execution time              0.0072    12     0.0099     8     0.0080 
User CPU time               0.0003    18     0.0005     8     0.0004 
Sys. CPU time               0.0000    17     0.0000     2     0.0000 
I/O time                    0.0000     7     0.0000     1     0.0000 
Processors                      18     1         18    18         18 
                      Communic          Synchro        Variation          Overlap  
I/O             Tmin    0.0000     1     0.0000    16     0.0000     1     0.0000     1 
I/O             Tmax    0.0000    18     0.0002     2     0.0003     2     0.0000    18 
I/O             Tmid    0.0000           0.0001           0.0002           0.0000       
Reduction       Tmin    0.0005     3     0.0000    16     0.0000    10     0.0000     2 
Reduction       Tmax    0.0006     4     0.0001     6     0.0001     2     0.0000     1 
Reduction       Tmid    0.0005           0.0001           0.0001           0.0000       
Remote access   Tmin    0.0002     1     0.0000     1     0.0000     1     0.0000     1 
Remote access   Tmax    0.0005    17     0.0005    17     0.0002     5     0.0000     3 
Remote access   Tmid    0.0004           0.0004           0.0001           0.0000       
--- The execution characteristics --- 
                                1          2          3          4          5          6          7          8          9         10         11         12         13         14         15         16         17         18 
Lost time                  0.0095     0.0095     0.0095     0.0095     0.0094     0.0094     0.0095     0.0094     0.0095     0.0095     0.0095     0.0095     0.0095     0.0094     0.0094     0.0095     0.0094     0.0095 
User insufficient par.     0.0056     0.0056     0.0056     0.0056     0.0070     0.0070     0.0056     0.0081     0.0062     0.0055     0.0062     0.0055     0.0056     0.0077     0.0077     0.0066     0.0073     0.0055 
Sys.insufficient par.      0.0006     0.0005     0.0004     0.0004     0.0004     0.0004     0.0004     0.0004     0.0004     0.0004     0.0004     0.0004     0.0004     0.0004     0.0004     0.0004     0.0003     0.0004 
Idle time                  0.0026     0.0026     0.0026     0.0026     0.0012     0.0011     0.0026     0.0000     0.0019     0.0026     0.0019     0.0027     0.0027     0.0003     0.0004     0.0016     0.0007     0.0026 
Communication              0.0008     0.0008     0.0009     0.0009     0.0009     0.0009     0.0009     0.0009     0.0009     0.0009     0.0009     0.0009     0.0009     0.0009     0.0009     0.0009     0.0010     0.0010 
Synchronization            0.0002     0.0005     0.0004     0.0006     0.0007     0.0007     0.0005     0.0007     0.0007     0.0006     0.0006     0.0006     0.0005     0.0006     0.0006     0.0004     0.0008     0.0007 
Variation                  0.0001     0.0006     0.0005     0.0005     0.0005     0.0005     0.0004     0.0005     0.0004     0.0004     0.0004     0.0004     0.0003     0.0004     0.0003     0.0003     0.0004     0.0004 
Overlap                    0.0000     0.0000     0.0000     0.0000     0.0000     0.0000     0.0000     0.0000     0.0000     0.0000     0.0000     0.0000     0.0000     0.0000     0.0000     0.0000     0.0000     0.0000 
Load imbalance             0.0002     0.0001     0.0001     0.0001     0.0001     0.0001     0.0001     0.0000     0.0001     0.0001     0.0001     0.0001     0.0001     0.0000     0.0000     0.0001     0.0000     0.0002 
Execution time             0.0072     0.0073     0.0072     0.0073     0.0087     0.0087     0.0072     0.0099     0.0079     0.0072     0.0079     0.0072     0.0072     0.0095     0.0095     0.0083     0.0091     0.0073 
User CPU time              0.0003     0.0003     0.0003     0.0003     0.0004     0.0004     0.0003     0.0005     0.0004     0.0003     0.0004     0.0003     0.0003     0.0005     0.0005     0.0004     0.0004     0.0003 
Sys. CPU time              0.0000     0.0000     0.0000     0.0000     0.0000     0.0000     0.0000     0.0000     0.0000     0.0000     0.0000     0.0000     0.0000     0.0000     0.0000     0.0000     0.0000     0.0000 
I/O time                   0.0000     0.0000     0.0000     0.0000     0.0000     0.0000     0.0000     0.0000     0.0000     0.0000     0.0000     0.0000     0.0000     0.0000     0.0000     0.0000     0.0000     0.0000 
Processors                     18         18         18         18         18         18         18         18         18         18         18         18         18         18         18         18         18         18 
           Communication          
Reduction                  0.0005     0.0005     0.0005     0.0006     0.0006     0.0006     0.0006     0.0005     0.0005     0.0006     0.0005     0.0005     0.0005     0.0005     0.0005     0.0005     0.0005     0.0005 
Remote access              0.0002     0.0003     0.0004     0.0003     0.0003     0.0003     0.0003     0.0004     0.0004     0.0004     0.0004     0.0004     0.0004     0.0004     0.0004     0.0004     0.0005     0.0005 
           Synchronization        
I/O                        0.0001     0.0002     0.0001     0.0001     0.0001     0.0001     0.0001     0.0001     0.0001     0.0001     0.0001     0.0001     0.0000     0.0001     0.0001     0.0000     0.0002     0.0001 
Reduction                  0.0000     0.0001     0.0001     0.0001     0.0001     0.0001     0.0000     0.0001     0.0001     0.0000     0.0001     0.0001     0.0000     0.0001     0.0001     0.0000     0.0001     0.0001 
Remote access              0.0000     0.0002     0.0002     0.0005     0.0005     0.0005     0.0004     0.0005     0.0005     0.0004     0.0005     0.0005     0.0004     0.0005     0.0004     0.0004     0.0005     0.0005 
           Variation              
I/O                        0.0000     0.0003     0.0003     0.0003     0.0003     0.0002     0.0002     0.0003     0.0002     0.0002     0.0002     0.0002     0.0002     0.0003     0.0002     0.0002     0.0003     0.0003 
Reduction                  0.0000     0.0001     0.0001     0.0000     0.0001     0.0001     0.0000     0.0001     0.0001     0.0000     0.0001     0.0001     0.0000     0.0001     0.0001     0.0000     0.0001     0.0001 
Remote access              0.0000     0.0001     0.0001     0.0002     0.0002     0.0002     0.0002     0.0002     0.0001     0.0001     0.0001     0.0001     0.0001     0.0001     0.0001     0.0001     0.0001     0.0000 
           Overlap                
Reduction                  0.0000     0.0000     0.0000     0.0000     0.0000     0.0000     0.0000     0.0000     0.0000     0.0000     0.0000     0.0000     0.0000     0.0000     0.0000     0.0000     0.0000     0.0000 
Remote access              0.0000     0.0000     0.0000     0.0000     0.0000     0.0000     0.0000     0.0000     0.0000     0.0000     0.0000     0.0000     0.0000     0.0000     0.0000     0.0000     0.0000     0.0000 


-------------------------------------------------------------------------
Name (number) and performance time of processors
omp.keldysh.ru(1) 0.935445
omp.keldysh.ru(2) 0.935373
omp.keldysh.ru(3) 0.958134
omp.keldysh.ru(4) 0.959192
omp.keldysh.ru(5) 0.955729
omp.keldysh.ru(6) 0.955722
omp.keldysh.ru(7) 0.956371
omp.keldysh.ru(8) 0.956373
omp.keldysh.ru(9) 0.935419
omp.keldysh.ru(10) 0.935389
omp.keldysh.ru(11) 0.956354
omp.keldysh.ru(12) 0.956685
omp.keldysh.ru(13) 0.954584
omp.keldysh.ru(14) 0.954587
omp.keldysh.ru(15) 0.957255
omp.keldysh.ru(16) 0.957253
omp.keldysh.ru(17) 0.956472
omp.keldysh.ru(18) 0.956466
min - omp.keldysh.ru(2) 0.935373; max - omp.keldysh.ru(4) 0.959192; mid - 0.951822
