Processor system=4*1*4
Statistics has been accumulated on DVM-system version 5.0, platform DVM
Analyzer is executing on DVM-system version 5.0, platform DVM
-------------------------------------------------------------------------
INTERVAL ( NLINE=5 SOURCE=align32.f ) LEVEL=0  EXE_COUNT=1
--- The main characteristics --- 
Parallelization efficiency      0.0549 
Execution time                  0.0088 
Processors                          16
Threads amount                      16
Total time                      0.1403
Productive time                 0.0077 ( CPU= 0.0074 Sys= 0.0003 I/O= 0.0000 )
Lost  time                      0.1326 
   Insufficient parallelism     0.0933 ( User= 0.0893 Sys= 0.0040 )
   Communication                0.0066 ( Real_sync= 0.0000 Starts= 0.0000 )
   Idle time                    0.0326
Load imbalance                  0.0020
Synchronization                 0.0009
Time variation                  0.0029
Overlap                         0.0000
                  Nop   Communic    Synchro  Variation    Overlap 
I/O                 6     0.0000     0.0008     0.0028     0.0000 
Reduction           5     0.0066     0.0001     0.0001     0.0000 
--- The comparative characteristics --- 
                              Tmin N proc      Tmax N proc      Tmid
Lost time                   0.0082     2     0.0085     5     0.0083 
User insufficient par.      0.0032    12     0.0075    13     0.0056 
Sys.insufficient par.       0.0002    15     0.0004     1     0.0003 
Idle time                   0.0000    13     0.0046     5     0.0020 
Communication               0.0003     1     0.0006    15     0.0004 
Synchronization             0.0000     5     0.0001    15     0.0001 
Variation                   0.0000     1     0.0002    15     0.0002 
Overlap                     0.0000     1     0.0000    16     0.0000 
Load imbalance              0.0000     2     0.0003     5     0.0001 
Execution time              0.0041     5     0.0088    13     0.0067 
User CPU time               0.0003     5     0.0006    15     0.0005 
Sys. CPU time               0.0000    15     0.0000     6     0.0000 
I/O time                    0.0000     5     0.0000     1     0.0000 
Processors                      16     1         16    16         16 
                      Communic          Synchro        Variation          Overlap  
I/O             Tmin    0.0000     1     0.0000     5     0.0000     1     0.0000     1 
I/O             Tmax    0.0000    16     0.0001    15     0.0002    15     0.0000    16 
I/O             Tmid    0.0000           0.0000           0.0002           0.0000       
Reduction       Tmin    0.0003     1     0.0000     5     0.0000     5     0.0000     1 
Reduction       Tmax    0.0006    15     0.0000     4     0.0000     4     0.0000    16 
Reduction       Tmid    0.0004           0.0000           0.0000           0.0000       
--- The execution characteristics --- 
                                1          2          3          4          5          6          7          8          9         10         11         12         13         14         15         16 
Lost time                  0.0082     0.0082     0.0083     0.0082     0.0085     0.0084     0.0082     0.0084     0.0082     0.0082     0.0084     0.0084     0.0082     0.0083     0.0082     0.0083 
User insufficient par.     0.0071     0.0071     0.0049     0.0068     0.0032     0.0038     0.0060     0.0045     0.0064     0.0064     0.0042     0.0032     0.0075     0.0052     0.0074     0.0056 
Sys.insufficient par.      0.0004     0.0003     0.0002     0.0002     0.0002     0.0003     0.0003     0.0003     0.0003     0.0002     0.0002     0.0002     0.0002     0.0002     0.0002     0.0002 
Idle time                  0.0004     0.0004     0.0028     0.0008     0.0046     0.0039     0.0016     0.0031     0.0012     0.0012     0.0035     0.0046     0.0000     0.0024     0.0000     0.0020 
Communication              0.0003     0.0004     0.0004     0.0004     0.0004     0.0004     0.0004     0.0004     0.0004     0.0004     0.0004     0.0004     0.0005     0.0005     0.0006     0.0005 
Synchronization            0.0001     0.0001     0.0001     0.0000     0.0000     0.0000     0.0000     0.0000     0.0001     0.0000     0.0000     0.0000     0.0001     0.0001     0.0001     0.0001 
Variation                  0.0000     0.0002     0.0002     0.0002     0.0001     0.0002     0.0002     0.0002     0.0002     0.0002     0.0002     0.0002     0.0002     0.0002     0.0002     0.0002 
Overlap                    0.0000     0.0000     0.0000     0.0000     0.0000     0.0000     0.0000     0.0000     0.0000     0.0000     0.0000     0.0000     0.0000     0.0000     0.0000     0.0000 
Load imbalance             0.0000     0.0000     0.0002     0.0000     0.0003     0.0002     0.0001     0.0002     0.0001     0.0001     0.0002     0.0003     0.0000     0.0001     0.0000     0.0001 
Execution time             0.0084     0.0083     0.0060     0.0079     0.0041     0.0049     0.0072     0.0056     0.0076     0.0076     0.0052     0.0041     0.0088     0.0064     0.0088     0.0068 
User CPU time              0.0005     0.0006     0.0004     0.0005     0.0003     0.0004     0.0005     0.0004     0.0005     0.0005     0.0004     0.0003     0.0006     0.0005     0.0006     0.0005 
Sys. CPU time              0.0000     0.0000     0.0000     0.0000     0.0000     0.0000     0.0000     0.0000     0.0000     0.0000     0.0000     0.0000     0.0000     0.0000     0.0000     0.0000 
I/O time                   0.0000     0.0000     0.0000     0.0000     0.0000     0.0000     0.0000     0.0000     0.0000     0.0000     0.0000     0.0000     0.0000     0.0000     0.0000     0.0000 
Processors                     16         16         16         16         16         16         16         16         16         16         16         16         16         16         16         16 
           Communication          
Reduction                  0.0003     0.0004     0.0004     0.0004     0.0004     0.0004     0.0004     0.0004     0.0004     0.0004     0.0004     0.0004     0.0005     0.0005     0.0006     0.0005 
           Synchronization        
I/O                        0.0000     0.0000     0.0001     0.0000     0.0000     0.0000     0.0000     0.0000     0.0001     0.0000     0.0000     0.0000     0.0001     0.0000     0.0001     0.0001 
Reduction                  0.0000     0.0000     0.0000     0.0000     0.0000     0.0000     0.0000     0.0000     0.0000     0.0000     0.0000     0.0000     0.0000     0.0000     0.0000     0.0000 
           Variation              
I/O                        0.0000     0.0002     0.0002     0.0002     0.0001     0.0002     0.0002     0.0002     0.0002     0.0002     0.0002     0.0002     0.0002     0.0002     0.0002     0.0002 
Reduction                  0.0000     0.0000     0.0000     0.0000     0.0000     0.0000     0.0000     0.0000     0.0000     0.0000     0.0000     0.0000     0.0000     0.0000     0.0000     0.0000 
           Overlap                
Reduction                  0.0000     0.0000     0.0000     0.0000     0.0000     0.0000     0.0000     0.0000     0.0000     0.0000     0.0000     0.0000     0.0000     0.0000     0.0000     0.0000 


-------------------------------------------------------------------------
Name (number) and performance time of processors
omp.keldysh.ru(1) 0.935325
omp.keldysh.ru(2) 0.935238
omp.keldysh.ru(3) 0.956681
omp.keldysh.ru(4) 0.956659
omp.keldysh.ru(5) 0.958215
omp.keldysh.ru(6) 0.958202
omp.keldysh.ru(7) 0.959258
omp.keldysh.ru(8) 0.959513
omp.keldysh.ru(9) 0.959788
omp.keldysh.ru(10) 0.959816
omp.keldysh.ru(11) 0.958098
omp.keldysh.ru(12) 0.958040
omp.keldysh.ru(13) 0.960461
omp.keldysh.ru(14) 0.960452
omp.keldysh.ru(15) 0.960858
omp.keldysh.ru(16) 0.960869
min - omp.keldysh.ru(2) 0.935238; max - omp.keldysh.ru(16) 0.960869; mid - 0.956092
