Processor system=2*2*1*4
Statistics has been accumulated on DVM-system version 5.0, platform DVM
Analyzer is executing on DVM-system version 5.0, platform DVM
-------------------------------------------------------------------------
INTERVAL ( NLINE=7 SOURCE=rem43.f ) LEVEL=0  EXE_COUNT=1
--- The main characteristics --- 
Parallelization efficiency      0.0507 
Execution time                  0.4337 
Processors                          16
Threads amount                      16
Total time                      6.9391
Productive time                 0.3515 ( CPU= 0.0140 Sys= 0.3375 I/O= 0.0000 )
Lost  time                      6.5875 
   Insufficient parallelism     5.2522 ( User= 0.1886 Sys= 5.0636 )
   Communication                1.3027 ( Real_sync= 0.0000 Starts= 0.0000 )
   Idle time                    0.0327
Load imbalance                  0.0524
Synchronization                 1.5613
Time variation                  1.1969
Overlap                         0.0003
                  Nop   Communic    Synchro  Variation    Overlap 
I/O                16     0.0000     0.0057     0.0086     0.0000 
Reduction           7     0.0078     0.0003     0.0003     0.0000 
Remote access    4155     1.2949     1.5553     1.1880     0.0003 
--- The comparative characteristics --- 
                              Tmin N proc      Tmax N proc      Tmid
Lost time                   0.4084     6     0.4193    14     0.4117 
User insufficient par.      0.0093    14     0.0153     5     0.0118 
Sys.insufficient par.       0.2058    15     0.3622     6     0.3165 
Idle time                   0.0000    15     0.0046     2     0.0020 
Communication               0.0308     6     0.2022    15     0.0814 
Synchronization             0.0117     6     0.2192    13     0.0976 
Variation                   0.0200     6     0.1508    13     0.0748 
Overlap                     0.0000    11     0.0001     6     0.0000 
Load imbalance              0.0000     6     0.0108    14     0.0033 
Execution time              0.4291     2     0.4337    15     0.4316 
User CPU time               0.0007    14     0.0011     5     0.0009 
Sys. CPU time               0.0137    15     0.0241     6     0.0211 
I/O time                    0.0000    16     0.0000     1     0.0000 
Processors                      16     1         16    16         16 
                      Communic          Synchro        Variation          Overlap  
I/O             Tmin    0.0000     1     0.0001     2     0.0001     1     0.0000     1 
I/O             Tmax    0.0000    16     0.0007    13     0.0008    13     0.0000    16 
I/O             Tmid    0.0000           0.0004           0.0005           0.0000       
Reduction       Tmin    0.0003     9     0.0000     2     0.0000     2     0.0000     3 
Reduction       Tmax    0.0011    13     0.0000    13     0.0000    13     0.0000    10 
Reduction       Tmid    0.0005           0.0000           0.0000           0.0000       
Remote access   Tmin    0.0305     6     0.0115     6     0.0197     6     0.0000    10 
Remote access   Tmax    0.2012    15     0.2185    13     0.1500    13     0.0001     6 
Remote access   Tmid    0.0809           0.0972           0.0742           0.0000       
--- The execution characteristics --- 
                                1          2          3          4          5          6          7          8          9         10         11         12         13         14         15         16 
Lost time                  0.4092     0.4094     0.4093     0.4095     0.4091     0.4084     0.4091     0.4092     0.4093     0.4094     0.4093     0.4094     0.4192     0.4193     0.4192     0.4192 
User insufficient par.     0.0115     0.0097     0.0135     0.0105     0.0153     0.0151     0.0131     0.0109     0.0127     0.0108     0.0126     0.0111     0.0112     0.0093     0.0111     0.0102 
Sys.insufficient par.      0.3541     0.3534     0.3513     0.3508     0.3525     0.3622     0.3545     0.3543     0.3523     0.3516     0.3515     0.3512     0.2059     0.2059     0.2058     0.2063 
Idle time                  0.0027     0.0046     0.0008     0.0039     0.0004     0.0004     0.0023     0.0046     0.0016     0.0035     0.0016     0.0031     0.0000     0.0020     0.0000     0.0012 
Communication              0.0409     0.0417     0.0437     0.0443     0.0409     0.0308     0.0391     0.0394     0.0427     0.0436     0.0436     0.0439     0.2021     0.2021     0.2022     0.2016 
Synchronization            0.0455     0.0452     0.0550     0.0549     0.0855     0.0117     0.0804     0.0804     0.0591     0.0592     0.0576     0.0574     0.2192     0.2182     0.2166     0.2152 
Variation                  0.0294     0.0286     0.0397     0.0390     0.0932     0.0200     0.0893     0.0887     0.0440     0.0436     0.0419     0.0416     0.1508     0.1500     0.1491     0.1478 
Overlap                    0.0001     0.0001     0.0000     0.0000     0.0000     0.0001     0.0000     0.0000     0.0000     0.0000     0.0000     0.0000     0.0000     0.0000     0.0000     0.0000 
Load imbalance             0.0008     0.0009     0.0008     0.0011     0.0006     0.0000     0.0006     0.0008     0.0008     0.0010     0.0009     0.0010     0.0107     0.0108     0.0107     0.0107 
Execution time             0.4310     0.4291     0.4329     0.4298     0.4333     0.4333     0.4313     0.4291     0.4321     0.4302     0.4321     0.4306     0.4337     0.4317     0.4337     0.4325 
User CPU time              0.0009     0.0007     0.0010     0.0008     0.0011     0.0011     0.0010     0.0008     0.0009     0.0008     0.0009     0.0008     0.0008     0.0007     0.0008     0.0007 
Sys. CPU time              0.0236     0.0236     0.0234     0.0234     0.0235     0.0241     0.0236     0.0236     0.0235     0.0234     0.0234     0.0234     0.0137     0.0137     0.0137     0.0138 
I/O time                   0.0000     0.0000     0.0000     0.0000     0.0000     0.0000     0.0000     0.0000     0.0000     0.0000     0.0000     0.0000     0.0000     0.0000     0.0000     0.0000 
Processors                     16         16         16         16         16         16         16         16         16         16         16         16         16         16         16         16 
           Communication          
Reduction                  0.0003     0.0003     0.0003     0.0003     0.0003     0.0003     0.0003     0.0003     0.0003     0.0003     0.0003     0.0003     0.0011     0.0010     0.0010     0.0010 
Remote access              0.0406     0.0414     0.0434     0.0440     0.0406     0.0305     0.0388     0.0391     0.0424     0.0433     0.0433     0.0436     0.2010     0.2011     0.2012     0.2006 
           Synchronization        
I/O                        0.0001     0.0001     0.0002     0.0002     0.0004     0.0002     0.0004     0.0004     0.0003     0.0003     0.0002     0.0002     0.0007     0.0006     0.0006     0.0006 
Reduction                  0.0000     0.0000     0.0000     0.0000     0.0000     0.0000     0.0000     0.0000     0.0000     0.0000     0.0000     0.0000     0.0000     0.0000     0.0000     0.0000 
Remote access              0.0453     0.0450     0.0548     0.0547     0.0851     0.0115     0.0800     0.0799     0.0588     0.0590     0.0574     0.0572     0.2185     0.2175     0.2160     0.2146 
           Variation              
I/O                        0.0001     0.0003     0.0004     0.0004     0.0006     0.0004     0.0006     0.0006     0.0005     0.0005     0.0004     0.0004     0.0008     0.0008     0.0008     0.0008 
Reduction                  0.0000     0.0000     0.0000     0.0000     0.0000     0.0000     0.0000     0.0000     0.0000     0.0000     0.0000     0.0000     0.0000     0.0000     0.0000     0.0000 
Remote access              0.0293     0.0282     0.0393     0.0385     0.0926     0.0197     0.0886     0.0881     0.0436     0.0432     0.0414     0.0411     0.1500     0.1492     0.1483     0.1470 
           Overlap                
Reduction                  0.0000     0.0000     0.0000     0.0000     0.0000     0.0000     0.0000     0.0000     0.0000     0.0000     0.0000     0.0000     0.0000     0.0000     0.0000     0.0000 
Remote access              0.0001     0.0001     0.0000     0.0000     0.0000     0.0001     0.0000     0.0000     0.0000     0.0000     0.0000     0.0000     0.0000     0.0000     0.0000     0.0000 


-------------------------------------------------------------------------
Name (number) and performance time of processors
omp.keldysh.ru(1) 0.935445
omp.keldysh.ru(2) 0.935390
omp.keldysh.ru(3) 0.957543
omp.keldysh.ru(4) 0.957560
omp.keldysh.ru(5) 0.959210
omp.keldysh.ru(6) 0.959218
omp.keldysh.ru(7) 0.958805
omp.keldysh.ru(8) 0.958797
omp.keldysh.ru(9) 0.957521
omp.keldysh.ru(10) 0.957523
omp.keldysh.ru(11) 0.957308
omp.keldysh.ru(12) 0.957006
omp.keldysh.ru(13) 0.957257
omp.keldysh.ru(14) 0.957253
omp.keldysh.ru(15) 0.956504
omp.keldysh.ru(16) 0.956500
min - omp.keldysh.ru(2) 0.935390; max - omp.keldysh.ru(6) 0.959218; mid - 0.954927
