Processor system=1*1*4*4
Statistics has been accumulated on DVM-system version 5.0, platform DVM
Analyzer is executing on DVM-system version 5.0, platform DVM
-------------------------------------------------------------------------
INTERVAL ( NLINE=7 SOURCE=rem42.f ) LEVEL=0  EXE_COUNT=1
--- The main characteristics --- 
Parallelization efficiency      0.0533 
Execution time                  0.0355 
Processors                          16
Threads amount                      16
Total time                      0.5683
Productive time                 0.0303 ( CPU= 0.0110 Sys= 0.0192 I/O= 0.0000 )
Lost  time                      0.5380 
   Insufficient parallelism     0.4547 ( User= 0.1656 Sys= 0.2891 )
   Communication                0.0627 ( Real_sync= 0.0000 Starts= 0.0000 )
   Idle time                    0.0206
Load imbalance                  0.0049
Synchronization                43.5329
Time variation                 43.5370
Overlap                         0.0002
                  Nop   Communic    Synchro  Variation    Overlap 
I/O                16     0.0000     0.1799     0.1826     0.0000 
Reduction           7     0.0627     0.0086     0.0086     0.0000 
Remote access    4155     0.0000    43.3444    43.3457     0.0002 
--- The comparative characteristics --- 
                              Tmin N proc      Tmax N proc      Tmid
Lost time                   0.0333     8     0.0344    14     0.0336 
User insufficient par.      0.0056    15     0.0124     8     0.0103 
Sys.insufficient par.       0.0105    13     0.0208     3     0.0181 
Idle time                   0.0000     8     0.0038    15     0.0013 
Communication               0.0002     3     0.0146    13     0.0039 
Synchronization             0.0126     4    10.4283    13     2.7208 
Variation                   0.0127     4    10.4287    13     2.7211 
Overlap                     0.0000     5     0.0001     4     0.0000 
Load imbalance              0.0000     8     0.0011    14     0.0003 
Execution time              0.0317    15     0.0355     8     0.0342 
User CPU time               0.0004    15     0.0008     8     0.0007 
Sys. CPU time               0.0007    13     0.0014     3     0.0012 
I/O time                    0.0000    13     0.0000     1     0.0000 
Processors                      16     1         16    16         16 
                      Communic          Synchro        Variation          Overlap  
I/O             Tmin    0.0000     1     0.0003     4     0.0005     4     0.0000     1 
I/O             Tmax    0.0000    16     0.0427    14     0.0429    14     0.0000    16 
I/O             Tmid    0.0000           0.0112           0.0114           0.0000       
Reduction       Tmin    0.0002     3     0.0000     5     0.0000     5     0.0000     1 
Reduction       Tmax    0.0146    13     0.0021    15     0.0021    15     0.0000    16 
Reduction       Tmid    0.0039           0.0005           0.0005           0.0000       
Remote access   Tmin    0.0000     1     0.0121     4     0.0121     4     0.0000     5 
Remote access   Tmax    0.0000    16    10.3839    13    10.3842    13     0.0001     4 
Remote access   Tmid    0.0000           2.7090           2.7091           0.0000       
--- The execution characteristics --- 
                                1          2          3          4          5          6          7          8          9         10         11         12         13         14         15         16 
Lost time                  0.0334     0.0334     0.0334     0.0333     0.0334     0.0334     0.0334     0.0333     0.0334     0.0334     0.0334     0.0334     0.0344     0.0344     0.0344     0.0344 
User insufficient par.     0.0117     0.0117     0.0118     0.0119     0.0117     0.0118     0.0116     0.0124     0.0117     0.0117     0.0117     0.0118     0.0063     0.0056     0.0056     0.0066 
Sys.insufficient par.      0.0206     0.0204     0.0208     0.0207     0.0206     0.0205     0.0207     0.0206     0.0206     0.0206     0.0204     0.0204     0.0105     0.0105     0.0106     0.0106 
Idle time                  0.0006     0.0007     0.0006     0.0006     0.0006     0.0006     0.0007     0.0000     0.0007     0.0007     0.0007     0.0007     0.0031     0.0038     0.0038     0.0027 
Communication              0.0005     0.0005     0.0002     0.0002     0.0004     0.0004     0.0003     0.0003     0.0003     0.0003     0.0006     0.0005     0.0146     0.0145     0.0145     0.0145 
Synchronization            0.2405     0.3274     0.0202     0.0126     0.1754     0.1832     0.0739     0.0577     0.0823     0.0822     0.3731     0.2913    10.4283    10.3949    10.3956    10.3944 
Variation                  0.2405     0.3277     0.0204     0.0127     0.1756     0.1834     0.0742     0.0579     0.0825     0.0824     0.3733     0.2916    10.4287    10.3953    10.3960    10.3948 
Overlap                    0.0000     0.0000     0.0001     0.0001     0.0000     0.0000     0.0000     0.0000     0.0000     0.0000     0.0000     0.0000     0.0000     0.0000     0.0000     0.0000 
Load imbalance             0.0001     0.0001     0.0000     0.0000     0.0000     0.0000     0.0000     0.0000     0.0000     0.0000     0.0001     0.0001     0.0011     0.0011     0.0011     0.0011 
Execution time             0.0349     0.0348     0.0349     0.0349     0.0349     0.0349     0.0348     0.0355     0.0349     0.0348     0.0348     0.0348     0.0325     0.0317     0.0317     0.0328 
User CPU time              0.0008     0.0008     0.0008     0.0008     0.0008     0.0008     0.0008     0.0008     0.0008     0.0008     0.0008     0.0008     0.0004     0.0004     0.0004     0.0004 
Sys. CPU time              0.0014     0.0014     0.0014     0.0014     0.0014     0.0014     0.0014     0.0014     0.0014     0.0014     0.0014     0.0014     0.0007     0.0007     0.0007     0.0007 
I/O time                   0.0000     0.0000     0.0000     0.0000     0.0000     0.0000     0.0000     0.0000     0.0000     0.0000     0.0000     0.0000     0.0000     0.0000     0.0000     0.0000 
Processors                     16         16         16         16         16         16         16         16         16         16         16         16         16         16         16         16 
           Communication          
Reduction                  0.0005     0.0005     0.0002     0.0002     0.0004     0.0004     0.0003     0.0003     0.0003     0.0003     0.0006     0.0005     0.0146     0.0145     0.0145     0.0145 
           Synchronization        
I/O                        0.0010     0.0015     0.0004     0.0003     0.0008     0.0008     0.0005     0.0005     0.0006     0.0006     0.0017     0.0013     0.0425     0.0427     0.0427     0.0421 
Reduction                  0.0001     0.0001     0.0001     0.0001     0.0000     0.0000     0.0000     0.0000     0.0001     0.0001     0.0001     0.0001     0.0019     0.0021     0.0021     0.0017 
Remote access              0.2394     0.3259     0.0197     0.0121     0.1746     0.1824     0.0734     0.0572     0.0816     0.0816     0.3713     0.2899    10.3839    10.3501    10.3508    10.3505 
           Variation              
I/O                        0.0010     0.0017     0.0005     0.0005     0.0010     0.0010     0.0007     0.0006     0.0007     0.0007     0.0018     0.0015     0.0427     0.0429     0.0429     0.0423 
Reduction                  0.0001     0.0001     0.0001     0.0001     0.0000     0.0000     0.0000     0.0000     0.0001     0.0001     0.0001     0.0001     0.0019     0.0021     0.0021     0.0017 
Remote access              0.2394     0.3259     0.0197     0.0121     0.1746     0.1824     0.0734     0.0572     0.0816     0.0816     0.3714     0.2899    10.3842    10.3504    10.3511    10.3508 
           Overlap                
Remote access              0.0000     0.0000     0.0001     0.0001     0.0000     0.0000     0.0000     0.0000     0.0000     0.0000     0.0000     0.0000     0.0000     0.0000     0.0000     0.0000 


-------------------------------------------------------------------------
Name (number) and performance time of processors
omp.keldysh.ru(1) 0.935520
omp.keldysh.ru(2) 0.935434
omp.keldysh.ru(3) 0.956690
omp.keldysh.ru(4) 0.956691
omp.keldysh.ru(5) 0.935323
omp.keldysh.ru(6) 0.935273
omp.keldysh.ru(7) 0.958102
omp.keldysh.ru(8) 0.958117
omp.keldysh.ru(9) 0.954518
omp.keldysh.ru(10) 0.954528
omp.keldysh.ru(11) 0.951853
omp.keldysh.ru(12) 0.951847
omp.keldysh.ru(13) 0.955928
omp.keldysh.ru(14) 0.955894
omp.keldysh.ru(15) 0.957209
omp.keldysh.ru(16) 0.956908
min - omp.keldysh.ru(6) 0.935273; max - omp.keldysh.ru(8) 0.958117; mid - 0.950615
