Processor system=2*4*1*2
Statistics has been accumulated on DVM-system version 5.0, platform DVM
Analyzer is executing on DVM-system version 5.0, platform DVM
-------------------------------------------------------------------------
INTERVAL ( NLINE=7 SOURCE=reda41.f ) LEVEL=0  EXE_COUNT=1
--- The main characteristics --- 
Parallelization efficiency      0.0529 
Execution time                  0.0073 
Processors                          16
Threads amount                      16
Total time                      0.1160
Productive time                 0.0061 ( CPU= 0.0057 Sys= 0.0004 I/O= 0.0000 )
Lost  time                      0.1099 
   Insufficient parallelism     0.0848 ( User= 0.0780 Sys= 0.0068 )
   Communication                0.0074 ( Real_sync= 0.0000 Starts= 0.0000 )
   Idle time                    0.0177
Load imbalance                  0.0012
Synchronization                 0.0069
Time variation                  0.0053
Overlap                         0.0001
                  Nop   Communic    Synchro  Variation    Overlap 
I/O                 6     0.0000     0.0008     0.0032     0.0000 
Reduction           4     0.0032     0.0008     0.0003     0.0001 
Remote access      21     0.0043     0.0053     0.0018     0.0000 
--- The comparative characteristics --- 
                              Tmin N proc      Tmax N proc      Tmid
Lost time                   0.0068     6     0.0069    15     0.0069 
User insufficient par.      0.0042    15     0.0060     6     0.0049 
Sys.insufficient par.       0.0003    15     0.0006     1     0.0004 
Idle time                   0.0000     7     0.0017     2     0.0011 
Communication               0.0003     1     0.0007    14     0.0005 
Synchronization             0.0001     1     0.0007    13     0.0004 
Variation                   0.0001     1     0.0004     2     0.0003 
Overlap                     0.0000    13     0.0000     1     0.0000 
Load imbalance              0.0000     6     0.0001    15     0.0001 
Execution time              0.0055     2     0.0073     7     0.0061 
User CPU time               0.0003    15     0.0004     6     0.0004 
Sys. CPU time               0.0000    15     0.0000     2     0.0000 
I/O time                    0.0000    10     0.0000     1     0.0000 
Processors                      16     1         16    16         16 
                      Communic          Synchro        Variation          Overlap  
I/O             Tmin    0.0000     1     0.0000     8     0.0000     1     0.0000     1 
I/O             Tmax    0.0000    16     0.0001    13     0.0002    13     0.0000    16 
I/O             Tmid    0.0000           0.0000           0.0002           0.0000       
Reduction       Tmin    0.0002     1     0.0000    10     0.0000    16     0.0000    13 
Reduction       Tmax    0.0002     2     0.0001     4     0.0000     1     0.0000    12 
Reduction       Tmid    0.0002           0.0001           0.0000           0.0000       
Remote access   Tmin    0.0002     1     0.0000     1     0.0000     1     0.0000     2 
Remote access   Tmax    0.0005    14     0.0006    14     0.0002     2     0.0000     1 
Remote access   Tmid    0.0003           0.0003           0.0001           0.0000       
--- The execution characteristics --- 
                                1          2          3          4          5          6          7          8          9         10         11         12         13         14         15         16 
Lost time                  0.0069     0.0069     0.0069     0.0069     0.0069     0.0068     0.0068     0.0068     0.0069     0.0069     0.0069     0.0068     0.0068     0.0068     0.0069     0.0069 
User insufficient par.     0.0043     0.0043     0.0044     0.0044     0.0044     0.0060     0.0060     0.0052     0.0044     0.0050     0.0049     0.0054     0.0055     0.0055     0.0042     0.0043 
Sys.insufficient par.      0.0006     0.0005     0.0004     0.0004     0.0004     0.0004     0.0004     0.0004     0.0004     0.0004     0.0004     0.0004     0.0003     0.0003     0.0003     0.0004 
Idle time                  0.0017     0.0017     0.0017     0.0017     0.0017     0.0000     0.0000     0.0008     0.0017     0.0011     0.0011     0.0006     0.0003     0.0003     0.0017     0.0017 
Communication              0.0003     0.0004     0.0004     0.0004     0.0004     0.0004     0.0004     0.0004     0.0004     0.0004     0.0004     0.0004     0.0007     0.0007     0.0007     0.0006 
Synchronization            0.0001     0.0005     0.0004     0.0004     0.0004     0.0004     0.0004     0.0004     0.0004     0.0003     0.0004     0.0003     0.0007     0.0007     0.0006     0.0005 
Variation                  0.0001     0.0004     0.0004     0.0004     0.0004     0.0004     0.0004     0.0004     0.0003     0.0003     0.0003     0.0003     0.0004     0.0003     0.0003     0.0003 
Overlap                    0.0000     0.0000     0.0000     0.0000     0.0000     0.0000     0.0000     0.0000     0.0000     0.0000     0.0000     0.0000     0.0000     0.0000     0.0000     0.0000 
Load imbalance             0.0001     0.0001     0.0001     0.0001     0.0001     0.0000     0.0000     0.0001     0.0001     0.0001     0.0001     0.0000     0.0000     0.0000     0.0001     0.0001 
Execution time             0.0056     0.0055     0.0056     0.0055     0.0056     0.0072     0.0073     0.0064     0.0055     0.0062     0.0062     0.0067     0.0070     0.0070     0.0056     0.0056 
User CPU time              0.0003     0.0003     0.0003     0.0003     0.0003     0.0004     0.0004     0.0004     0.0003     0.0004     0.0004     0.0004     0.0004     0.0004     0.0003     0.0003 
Sys. CPU time              0.0000     0.0000     0.0000     0.0000     0.0000     0.0000     0.0000     0.0000     0.0000     0.0000     0.0000     0.0000     0.0000     0.0000     0.0000     0.0000 
I/O time                   0.0000     0.0000     0.0000     0.0000     0.0000     0.0000     0.0000     0.0000     0.0000     0.0000     0.0000     0.0000     0.0000     0.0000     0.0000     0.0000 
Processors                     16         16         16         16         16         16         16         16         16         16         16         16         16         16         16         16 
           Communication          
Reduction                  0.0002     0.0002     0.0002     0.0002     0.0002     0.0002     0.0002     0.0002     0.0002     0.0002     0.0002     0.0002     0.0002     0.0002     0.0002     0.0002 
Remote access              0.0002     0.0002     0.0002     0.0002     0.0002     0.0002     0.0002     0.0002     0.0002     0.0002     0.0002     0.0002     0.0005     0.0005     0.0005     0.0004 
           Synchronization        
I/O                        0.0001     0.0001     0.0000     0.0000     0.0000     0.0000     0.0000     0.0000     0.0000     0.0000     0.0000     0.0000     0.0001     0.0000     0.0000     0.0001 
Reduction                  0.0000     0.0001     0.0001     0.0001     0.0001     0.0001     0.0000     0.0001     0.0000     0.0000     0.0000     0.0000     0.0001     0.0000     0.0000     0.0000 
Remote access              0.0000     0.0004     0.0003     0.0003     0.0003     0.0003     0.0003     0.0003     0.0003     0.0003     0.0003     0.0003     0.0006     0.0006     0.0006     0.0004 
           Variation              
I/O                        0.0000     0.0002     0.0002     0.0002     0.0002     0.0002     0.0002     0.0002     0.0002     0.0002     0.0002     0.0002     0.0002     0.0002     0.0002     0.0002 
Reduction                  0.0000     0.0000     0.0000     0.0000     0.0000     0.0000     0.0000     0.0000     0.0000     0.0000     0.0000     0.0000     0.0000     0.0000     0.0000     0.0000 
Remote access              0.0000     0.0002     0.0002     0.0002     0.0001     0.0001     0.0001     0.0001     0.0001     0.0001     0.0001     0.0001     0.0001     0.0001     0.0001     0.0001 
           Overlap                
Reduction                  0.0000     0.0000     0.0000     0.0000     0.0000     0.0000     0.0000     0.0000     0.0000     0.0000     0.0000     0.0000     0.0000     0.0000     0.0000     0.0000 
Remote access              0.0000     0.0000     0.0000     0.0000     0.0000     0.0000     0.0000     0.0000     0.0000     0.0000     0.0000     0.0000     0.0000     0.0000     0.0000     0.0000 


-------------------------------------------------------------------------
Name (number) and performance time of processors
omp.keldysh.ru(1) 0.935389
omp.keldysh.ru(2) 0.935307
omp.keldysh.ru(3) 0.958827
omp.keldysh.ru(4) 0.958854
omp.keldysh.ru(5) 0.935217
omp.keldysh.ru(6) 0.935499
omp.keldysh.ru(7) 0.960154
omp.keldysh.ru(8) 0.960163
omp.keldysh.ru(9) 0.958474
omp.keldysh.ru(10) 0.958470
omp.keldysh.ru(11) 0.960917
omp.keldysh.ru(12) 0.960929
omp.keldysh.ru(13) 0.959732
omp.keldysh.ru(14) 0.959743
omp.keldysh.ru(15) 0.960256
omp.keldysh.ru(16) 0.960254
min - omp.keldysh.ru(5) 0.935217; max - omp.keldysh.ru(12) 0.960929; mid - 0.953637
