Processor system=1*3*6
Statistics has been accumulated on DVM-system version 5.0, platform DVM
Analyzer is executing on DVM-system version 5.0, platform DVM
-------------------------------------------------------------------------
INTERVAL ( NLINE=6 SOURCE=distrwgt3.f ) LEVEL=0  EXE_COUNT=2
--- The main characteristics --- 
Parallelization efficiency      0.0632 
Execution time                  0.0126 
Processors                          18
Threads amount                      18
Total time                      0.2264
Productive time                 0.0143 ( CPU= 0.0127 Sys= 0.0015 I/O= 0.0000 )
Lost  time                      0.2121 
   Insufficient parallelism     0.1538 ( User= 0.1272 Sys= 0.0267 )
   Communication                0.0278 ( Real_sync= 0.0000 Starts= 0.0000 )
   Idle time                    0.0304
Load imbalance                  0.0019
Synchronization                 0.0071
Time variation                  0.0122
Overlap                         0.0000
                  Nop   Communic    Synchro  Variation    Overlap 
I/O                14     0.0000     0.0007     0.0038     0.0000 
Reduction          12     0.0136     0.0005     0.0005     0.0000 
Remote access       5     0.0000     0.0004     0.0005     0.0000 
Redistribution     14     0.0143     0.0055     0.0074     0.0000 
--- The comparative characteristics --- 
                              Tmin N proc      Tmax N proc      Tmid
Lost time                   0.0117     4     0.0119    17     0.0118 
User insufficient par.      0.0063    17     0.0087     4     0.0071 
Sys.insufficient par.       0.0012    17     0.0016     1     0.0015 
Idle time                   0.0000     4     0.0023     3     0.0017 
Communication               0.0014    15     0.0022    17     0.0015 
Synchronization             0.0002    16     0.0008    17     0.0004 
Variation                   0.0004    16     0.0010    18     0.0007 
Overlap                     0.0000     1     0.0000    16     0.0000 
Load imbalance              0.0000     4     0.0002    17     0.0001 
Execution time              0.0103     3     0.0126     4     0.0109 
User CPU time               0.0006    17     0.0008     4     0.0007 
Sys. CPU time               0.0001    17     0.0001    16     0.0001 
I/O time                    0.0000    17     0.0000     1     0.0000 
Processors                      18     1         18    18         18 
                      Communic          Synchro        Variation          Overlap  
I/O             Tmin    0.0000     1     0.0000    15     0.0000     1     0.0000     1 
I/O             Tmax    0.0000    18     0.0001    17     0.0003    17     0.0000    18 
I/O             Tmid    0.0000           0.0000           0.0002           0.0000       
Reduction       Tmin    0.0005     9     0.0000    15     0.0000    15     0.0000     1 
Reduction       Tmax    0.0012    18     0.0001    18     0.0001    17     0.0000    16 
Reduction       Tmid    0.0008           0.0000           0.0000           0.0000       
Remote access   Tmin    0.0000     1     0.0000    16     0.0000    16     0.0000     1 
Remote access   Tmax    0.0000    18     0.0001    17     0.0001    17     0.0000    18 
Remote access   Tmid    0.0000           0.0000           0.0000           0.0000       
Redistribution  Tmin    0.0006     1     0.0001    16     0.0001    16     0.0000     1 
Redistribution  Tmax    0.0012    17     0.0006    17     0.0006    18     0.0000    18 
Redistribution  Tmid    0.0008           0.0003           0.0004           0.0000       
--- The execution characteristics --- 
                                1          2          3          4          5          6          7          8          9         10         11         12         13         14         15         16         17         18 
Lost time                  0.0118     0.0118     0.0118     0.0117     0.0117     0.0118     0.0118     0.0118     0.0118     0.0117     0.0117     0.0118     0.0118     0.0118     0.0118     0.0118     0.0119     0.0118 
User insufficient par.     0.0065     0.0072     0.0065     0.0087     0.0076     0.0075     0.0066     0.0067     0.0066     0.0080     0.0080     0.0065     0.0066     0.0066     0.0067     0.0066     0.0063     0.0080 
Sys.insufficient par.      0.0016     0.0015     0.0015     0.0015     0.0015     0.0014     0.0015     0.0015     0.0016     0.0016     0.0015     0.0015     0.0015     0.0015     0.0015     0.0016     0.0012     0.0012 
Idle time                  0.0023     0.0016     0.0023     0.0000     0.0012     0.0012     0.0022     0.0022     0.0022     0.0008     0.0008     0.0023     0.0023     0.0023     0.0022     0.0022     0.0022     0.0004 
Communication              0.0014     0.0015     0.0015     0.0015     0.0015     0.0017     0.0014     0.0014     0.0014     0.0014     0.0015     0.0016     0.0015     0.0015     0.0014     0.0014     0.0022     0.0022 
Synchronization            0.0004     0.0004     0.0004     0.0004     0.0004     0.0005     0.0004     0.0004     0.0003     0.0003     0.0004     0.0004     0.0003     0.0003     0.0002     0.0002     0.0008     0.0007 
Variation                  0.0006     0.0008     0.0007     0.0007     0.0007     0.0008     0.0007     0.0007     0.0005     0.0006     0.0007     0.0007     0.0006     0.0006     0.0005     0.0004     0.0010     0.0010 
Overlap                    0.0000     0.0000     0.0000     0.0000     0.0000     0.0000     0.0000     0.0000     0.0000     0.0000     0.0000     0.0000     0.0000     0.0000     0.0000     0.0000     0.0000     0.0000 
Load imbalance             0.0001     0.0001     0.0001     0.0000     0.0001     0.0001     0.0001     0.0001     0.0001     0.0000     0.0000     0.0002     0.0001     0.0001     0.0001     0.0001     0.0002     0.0001 
Execution time             0.0103     0.0110     0.0103     0.0126     0.0114     0.0114     0.0103     0.0104     0.0104     0.0118     0.0118     0.0103     0.0103     0.0103     0.0104     0.0104     0.0104     0.0122 
User CPU time              0.0007     0.0007     0.0007     0.0008     0.0007     0.0007     0.0007     0.0007     0.0007     0.0008     0.0008     0.0007     0.0007     0.0007     0.0007     0.0007     0.0006     0.0007 
Sys. CPU time              0.0001     0.0001     0.0001     0.0001     0.0001     0.0001     0.0001     0.0001     0.0001     0.0001     0.0001     0.0001     0.0001     0.0001     0.0001     0.0001     0.0001     0.0001 
I/O time                   0.0000     0.0000     0.0000     0.0000     0.0000     0.0000     0.0000     0.0000     0.0000     0.0000     0.0000     0.0000     0.0000     0.0000     0.0000     0.0000     0.0000     0.0000 
Processors                     18         18         18         18         18         18         18         18         18         18         18         18         18         18         18         18         18         18 
           Communication          
Reduction                  0.0008     0.0008     0.0007     0.0007     0.0008     0.0009     0.0007     0.0007     0.0005     0.0006     0.0007     0.0008     0.0007     0.0007     0.0006     0.0006     0.0011     0.0012 
Redistribution             0.0006     0.0007     0.0008     0.0007     0.0008     0.0008     0.0008     0.0007     0.0009     0.0008     0.0008     0.0008     0.0007     0.0008     0.0008     0.0008     0.0012     0.0010 
           Synchronization        
I/O                        0.0000     0.0000     0.0000     0.0000     0.0000     0.0000     0.0000     0.0000     0.0000     0.0000     0.0000     0.0000     0.0000     0.0000     0.0000     0.0000     0.0001     0.0001 
Reduction                  0.0000     0.0000     0.0000     0.0000     0.0000     0.0000     0.0000     0.0000     0.0000     0.0000     0.0000     0.0000     0.0000     0.0000     0.0000     0.0000     0.0001     0.0001 
Remote access              0.0000     0.0000     0.0000     0.0000     0.0000     0.0000     0.0000     0.0000     0.0000     0.0000     0.0000     0.0000     0.0000     0.0000     0.0000     0.0000     0.0001     0.0000 
Redistribution             0.0003     0.0003     0.0003     0.0003     0.0003     0.0004     0.0003     0.0003     0.0003     0.0003     0.0003     0.0003     0.0002     0.0002     0.0002     0.0001     0.0006     0.0005 
           Variation              
I/O                        0.0000     0.0002     0.0002     0.0002     0.0002     0.0002     0.0002     0.0002     0.0002     0.0002     0.0002     0.0002     0.0002     0.0002     0.0002     0.0002     0.0003     0.0003 
Reduction                  0.0000     0.0000     0.0000     0.0000     0.0000     0.0000     0.0000     0.0000     0.0000     0.0000     0.0000     0.0000     0.0000     0.0000     0.0000     0.0000     0.0001     0.0001 
Remote access              0.0000     0.0000     0.0000     0.0000     0.0000     0.0000     0.0000     0.0000     0.0000     0.0000     0.0000     0.0000     0.0000     0.0000     0.0000     0.0000     0.0001     0.0000 
Redistribution             0.0006     0.0005     0.0004     0.0005     0.0005     0.0006     0.0004     0.0004     0.0002     0.0003     0.0004     0.0004     0.0003     0.0004     0.0002     0.0001     0.0005     0.0006 
           Overlap                
Reduction                  0.0000     0.0000     0.0000     0.0000     0.0000     0.0000     0.0000     0.0000     0.0000     0.0000     0.0000     0.0000     0.0000     0.0000     0.0000     0.0000     0.0000     0.0000 


-------------------------------------------------------------------------
Name (number) and performance time of processors
omp.keldysh.ru(1) 0.935399
omp.keldysh.ru(2) 0.935296
omp.keldysh.ru(3) 0.960172
omp.keldysh.ru(4) 0.960276
omp.keldysh.ru(5) 0.960876
omp.keldysh.ru(6) 0.960856
omp.keldysh.ru(7) 0.957153
omp.keldysh.ru(8) 0.957141
omp.keldysh.ru(9) 0.962205
omp.keldysh.ru(10) 0.962433
omp.keldysh.ru(11) 0.958297
omp.keldysh.ru(12) 0.958291
omp.keldysh.ru(13) 0.935468
omp.keldysh.ru(14) 0.935439
omp.keldysh.ru(15) 0.956514
omp.keldysh.ru(16) 0.956516
omp.keldysh.ru(17) 0.952841
omp.keldysh.ru(18) 0.952823
min - omp.keldysh.ru(2) 0.935296; max - omp.keldysh.ru(10) 0.962433; mid - 0.953222
