Processor system=4*2*1*2
Statistics has been accumulated on DVM-system version 5.0, platform DVM
Analyzer is executing on DVM-system version 5.0, platform DVM
-------------------------------------------------------------------------
INTERVAL ( NLINE=8 SOURCE=sha42.f ) LEVEL=0  EXE_COUNT=1
--- The main characteristics --- 
Parallelization efficiency      0.0556 
Execution time                  0.0171 
Processors                          16
Threads amount                      16
Total time                      0.2735
Productive time                 0.0152 ( CPU= 0.0146 Sys= 0.0006 I/O= 0.0000 )
Lost  time                      0.2583 
   Insufficient parallelism     0.2281 ( User= 0.2194 Sys= 0.0087 )
   Communication                0.0093 ( Real_sync= 0.0000 Starts= 0.0000 )
   Idle time                    0.0209
Load imbalance                  0.0017
Synchronization                 0.1205
Time variation                  0.1227
Overlap                         0.0133
                  Nop   Communic    Synchro  Variation    Overlap 
I/O                 6     0.0000     0.0498     0.0521     0.0000 
Reduction           4     0.0093     0.0342     0.0342     0.0000 
Shadow              4     0.0000     0.0365     0.0365     0.0133 
--- The comparative characteristics --- 
                              Tmin N proc      Tmax N proc      Tmid
Lost time                   0.0160     3     0.0164    13     0.0161 
User insufficient par.      0.0100    13     0.0153     4     0.0137 
Sys.insufficient par.       0.0004    14     0.0008     1     0.0005 
Idle time                   0.0000     3     0.0043    16     0.0013 
Communication               0.0002     3     0.0016    13     0.0006 
Synchronization             0.0004     6     0.0277    13     0.0075 
Variation                   0.0004     1     0.0279    13     0.0077 
Overlap                     0.0000    13     0.0016     1     0.0008 
Load imbalance              0.0000     3     0.0004    13     0.0001 
Execution time              0.0128    16     0.0171     4     0.0158 
User CPU time               0.0007    13     0.0010     4     0.0009 
Sys. CPU time               0.0000    14     0.0000     9     0.0000 
I/O time                    0.0000     6     0.0000     1     0.0000 
Processors                      16     1         16    16         16 
                      Communic          Synchro        Variation          Overlap  
I/O             Tmin    0.0000     1     0.0001     5     0.0002     1     0.0000     1 
I/O             Tmax    0.0000    16     0.0117    13     0.0119    13     0.0000    16 
I/O             Tmid    0.0000           0.0031           0.0033           0.0000       
Reduction       Tmin    0.0002     3     0.0001     6     0.0001     6     0.0000     2 
Reduction       Tmax    0.0016    13     0.0079    13     0.0079    13     0.0000     1 
Reduction       Tmid    0.0006           0.0021           0.0021           0.0000       
Shadow          Tmin    0.0000     1     0.0000     1     0.0000     1     0.0000    13 
Shadow          Tmax    0.0000    16     0.0081    13     0.0081    13     0.0016     1 
Shadow          Tmid    0.0000           0.0023           0.0023           0.0008       
--- The execution characteristics --- 
                                1          2          3          4          5          6          7          8          9         10         11         12         13         14         15         16 
Lost time                  0.0160     0.0160     0.0160     0.0160     0.0160     0.0160     0.0160     0.0160     0.0161     0.0160     0.0162     0.0160     0.0164     0.0164     0.0164     0.0164 
User insufficient par.     0.0150     0.0152     0.0152     0.0153     0.0152     0.0152     0.0152     0.0152     0.0136     0.0152     0.0134     0.0152     0.0100     0.0101     0.0102     0.0102 
Sys.insufficient par.      0.0008     0.0006     0.0006     0.0005     0.0005     0.0005     0.0005     0.0005     0.0006     0.0005     0.0006     0.0006     0.0005     0.0004     0.0004     0.0005 
Idle time                  0.0000     0.0000     0.0000     0.0000     0.0000     0.0000     0.0000     0.0000     0.0016     0.0000     0.0019     0.0000     0.0043     0.0043     0.0043     0.0043 
Communication              0.0003     0.0003     0.0002     0.0002     0.0003     0.0003     0.0003     0.0003     0.0003     0.0003     0.0003     0.0003     0.0016     0.0015     0.0014     0.0015 
Synchronization            0.0005     0.0013     0.0010     0.0013     0.0005     0.0004     0.0012     0.0011     0.0027     0.0024     0.0035     0.0015     0.0277     0.0266     0.0232     0.0253 
Variation                  0.0004     0.0015     0.0012     0.0015     0.0006     0.0006     0.0014     0.0013     0.0028     0.0026     0.0037     0.0017     0.0279     0.0268     0.0233     0.0255 
Overlap                    0.0016     0.0011     0.0012     0.0011     0.0013     0.0014     0.0011     0.0012     0.0007     0.0008     0.0005     0.0012     0.0000     0.0000     0.0000     0.0000 
Load imbalance             0.0000     0.0000     0.0000     0.0000     0.0000     0.0000     0.0000     0.0000     0.0001     0.0000     0.0001     0.0000     0.0004     0.0003     0.0003     0.0003 
Execution time             0.0171     0.0171     0.0171     0.0171     0.0171     0.0171     0.0171     0.0171     0.0155     0.0171     0.0152     0.0170     0.0128     0.0128     0.0128     0.0128 
User CPU time              0.0010     0.0010     0.0010     0.0010     0.0010     0.0010     0.0010     0.0010     0.0009     0.0010     0.0009     0.0010     0.0007     0.0007     0.0007     0.0007 
Sys. CPU time              0.0000     0.0000     0.0000     0.0000     0.0000     0.0000     0.0000     0.0000     0.0000     0.0000     0.0000     0.0000     0.0000     0.0000     0.0000     0.0000 
I/O time                   0.0000     0.0000     0.0000     0.0000     0.0000     0.0000     0.0000     0.0000     0.0000     0.0000     0.0000     0.0000     0.0000     0.0000     0.0000     0.0000 
Processors                     16         16         16         16         16         16         16         16         16         16         16         16         16         16         16         16 
           Communication          
Reduction                  0.0003     0.0003     0.0002     0.0002     0.0003     0.0003     0.0003     0.0003     0.0003     0.0003     0.0003     0.0003     0.0016     0.0015     0.0014     0.0015 
           Synchronization        
I/O                        0.0003     0.0004     0.0004     0.0005     0.0001     0.0001     0.0004     0.0004     0.0010     0.0009     0.0014     0.0006     0.0117     0.0112     0.0098     0.0107 
Reduction                  0.0002     0.0003     0.0003     0.0004     0.0001     0.0001     0.0003     0.0003     0.0007     0.0007     0.0010     0.0005     0.0079     0.0076     0.0066     0.0072 
Shadow                     0.0000     0.0006     0.0004     0.0005     0.0003     0.0002     0.0005     0.0004     0.0010     0.0009     0.0012     0.0004     0.0081     0.0078     0.0068     0.0074 
           Variation              
I/O                        0.0002     0.0006     0.0005     0.0006     0.0002     0.0003     0.0005     0.0006     0.0011     0.0011     0.0016     0.0008     0.0119     0.0113     0.0099     0.0108 
Reduction                  0.0002     0.0003     0.0003     0.0004     0.0001     0.0001     0.0003     0.0003     0.0007     0.0007     0.0010     0.0005     0.0079     0.0076     0.0066     0.0072 
Shadow                     0.0000     0.0006     0.0004     0.0005     0.0003     0.0003     0.0005     0.0004     0.0010     0.0009     0.0012     0.0004     0.0081     0.0078     0.0068     0.0074 
           Overlap                
Reduction                  0.0000     0.0000     0.0000     0.0000     0.0000     0.0000     0.0000     0.0000     0.0000     0.0000     0.0000     0.0000     0.0000     0.0000     0.0000     0.0000 
Shadow                     0.0016     0.0011     0.0012     0.0011     0.0013     0.0014     0.0011     0.0012     0.0007     0.0008     0.0005     0.0012     0.0000     0.0000     0.0000     0.0000 


-------------------------------------------------------------------------
Name (number) and performance time of processors
omp.keldysh.ru(1) 0.935583
omp.keldysh.ru(2) 0.935515
omp.keldysh.ru(3) 0.955375
omp.keldysh.ru(4) 0.955367
omp.keldysh.ru(5) 0.955032
omp.keldysh.ru(6) 0.955037
omp.keldysh.ru(7) 0.935231
omp.keldysh.ru(8) 0.935570
omp.keldysh.ru(9) 0.950741
omp.keldysh.ru(10) 0.950726
omp.keldysh.ru(11) 0.952484
omp.keldysh.ru(12) 0.952483
omp.keldysh.ru(13) 0.952695
omp.keldysh.ru(14) 0.952697
omp.keldysh.ru(15) 0.952755
omp.keldysh.ru(16) 0.952749
min - omp.keldysh.ru(7) 0.935231; max - omp.keldysh.ru(3) 0.955375; mid - 0.948753
