Processor system=2*4*2*1
Statistics has been accumulated on DVM-system version 5.0, platform DVM
Analyzer is executing on DVM-system version 5.0, platform DVM
-------------------------------------------------------------------------
INTERVAL ( NLINE=8 SOURCE=sha41.f ) LEVEL=0  EXE_COUNT=1
--- The main characteristics --- 
Parallelization efficiency      0.0769 
Execution time                  0.0136 
Processors                          16
Threads amount                      16
Total time                      0.2176
Productive time                 0.0167 ( CPU= 0.0153 Sys= 0.0014 I/O= 0.0000 )
Lost  time                      0.2009 
   Insufficient parallelism     0.1340 ( User= 0.1121 Sys= 0.0219 )
   Communication                0.0331 ( Real_sync= 0.0000 Starts= 0.0000 )
   Idle time                    0.0338
Load imbalance                  0.0045
Synchronization                 0.0161
Time variation                  0.0109
Overlap                         0.0000
                  Nop   Communic    Synchro  Variation    Overlap 
I/O                 6     0.0000     0.0006     0.0032     0.0000 
Reduction           4     0.0087     0.0000     0.0000     0.0000 
Shadow              4     0.0244     0.0154     0.0077     0.0000 
--- The comparative characteristics --- 
                              Tmin N proc      Tmax N proc      Tmid
Lost time                   0.0123    11     0.0129    13     0.0126 
User insufficient par.      0.0040    13     0.0088     9     0.0070 
Sys.insufficient par.       0.0009    15     0.0017     5     0.0014 
Idle time                   0.0000    16     0.0046    13     0.0021 
Communication               0.0014     5     0.0034    15     0.0021 
Synchronization             0.0001     6     0.0025    15     0.0010 
Variation                   0.0003     6     0.0009     2     0.0007 
Overlap                     0.0000     1     0.0000     3     0.0000 
Load imbalance              0.0000    11     0.0006    13     0.0003 
Execution time              0.0090    13     0.0136    16     0.0115 
User CPU time               0.0006    13     0.0012    11     0.0010 
Sys. CPU time               0.0001    15     0.0001     5     0.0001 
I/O time                    0.0000     4     0.0000     1     0.0000 
Processors                      16     1         16    16         16 
                      Communic          Synchro        Variation          Overlap  
I/O             Tmin    0.0000     1     0.0000     4     0.0000     1     0.0000     1 
I/O             Tmax    0.0000    16     0.0001    15     0.0002    15     0.0000    16 
I/O             Tmid    0.0000           0.0000           0.0002           0.0000       
Reduction       Tmin    0.0001     6     0.0000     3     0.0000     1     0.0000     1 
Reduction       Tmax    0.0008    16     0.0000     2     0.0000    16     0.0000    16 
Reduction       Tmid    0.0005           0.0000           0.0000           0.0000       
Shadow          Tmin    0.0012     9     0.0001     6     0.0001     6     0.0000     1 
Shadow          Tmax    0.0026    15     0.0024    15     0.0007     2     0.0000     3 
Shadow          Tmid    0.0015           0.0010           0.0005           0.0000       
--- The execution characteristics --- 
                                1          2          3          4          5          6          7          8          9         10         11         12         13         14         15         16 
Lost time                  0.0127     0.0126     0.0126     0.0125     0.0123     0.0125     0.0124     0.0125     0.0125     0.0126     0.0123     0.0124     0.0129     0.0128     0.0127     0.0126 
User insufficient par.     0.0073     0.0073     0.0049     0.0059     0.0084     0.0063     0.0085     0.0081     0.0088     0.0066     0.0088     0.0070     0.0040     0.0049     0.0069     0.0086 
Sys.insufficient par.      0.0014     0.0013     0.0016     0.0017     0.0017     0.0017     0.0013     0.0013     0.0013     0.0013     0.0017     0.0017     0.0011     0.0011     0.0009     0.0009 
Idle time                  0.0020     0.0020     0.0046     0.0035     0.0008     0.0031     0.0008     0.0012     0.0004     0.0027     0.0004     0.0023     0.0046     0.0039     0.0016     0.0000 
Communication              0.0020     0.0020     0.0014     0.0015     0.0014     0.0014     0.0019     0.0019     0.0019     0.0021     0.0015     0.0014     0.0032     0.0030     0.0034     0.0031 
Synchronization            0.0009     0.0010     0.0002     0.0001     0.0003     0.0001     0.0009     0.0009     0.0010     0.0010     0.0003     0.0003     0.0022     0.0021     0.0025     0.0022 
Variation                  0.0007     0.0009     0.0004     0.0003     0.0004     0.0003     0.0008     0.0008     0.0009     0.0009     0.0005     0.0005     0.0008     0.0008     0.0009     0.0009 
Overlap                    0.0000     0.0000     0.0000     0.0000     0.0000     0.0000     0.0000     0.0000     0.0000     0.0000     0.0000     0.0000     0.0000     0.0000     0.0000     0.0000 
Load imbalance             0.0004     0.0003     0.0003     0.0003     0.0001     0.0002     0.0001     0.0002     0.0002     0.0003     0.0000     0.0001     0.0006     0.0006     0.0004     0.0004 
Execution time             0.0116     0.0116     0.0090     0.0101     0.0128     0.0105     0.0128     0.0124     0.0132     0.0109     0.0132     0.0113     0.0090     0.0097     0.0120     0.0136 
User CPU time              0.0008     0.0010     0.0009     0.0010     0.0011     0.0010     0.0011     0.0011     0.0011     0.0009     0.0012     0.0011     0.0006     0.0007     0.0008     0.0009 
Sys. CPU time              0.0001     0.0001     0.0001     0.0001     0.0001     0.0001     0.0001     0.0001     0.0001     0.0001     0.0001     0.0001     0.0001     0.0001     0.0001     0.0001 
I/O time                   0.0000     0.0000     0.0000     0.0000     0.0000     0.0000     0.0000     0.0000     0.0000     0.0000     0.0000     0.0000     0.0000     0.0000     0.0000     0.0000 
Processors                     16         16         16         16         16         16         16         16         16         16         16         16         16         16         16         16 
           Communication          
Reduction                  0.0008     0.0008     0.0002     0.0001     0.0002     0.0001     0.0007     0.0007     0.0008     0.0008     0.0002     0.0002     0.0007     0.0007     0.0008     0.0008 
Shadow                     0.0012     0.0012     0.0013     0.0013     0.0012     0.0013     0.0012     0.0012     0.0012     0.0013     0.0012     0.0012     0.0025     0.0023     0.0026     0.0023 
           Synchronization        
I/O                        0.0000     0.0000     0.0000     0.0000     0.0000     0.0000     0.0000     0.0001     0.0000     0.0001     0.0001     0.0000     0.0000     0.0000     0.0001     0.0000 
Reduction                  0.0000     0.0000     0.0000     0.0000     0.0000     0.0000     0.0000     0.0000     0.0000     0.0000     0.0000     0.0000     0.0000     0.0000     0.0000     0.0000 
Shadow                     0.0009     0.0010     0.0002     0.0001     0.0002     0.0001     0.0009     0.0009     0.0010     0.0010     0.0003     0.0003     0.0021     0.0020     0.0024     0.0021 
           Variation              
I/O                        0.0000     0.0002     0.0002     0.0002     0.0002     0.0002     0.0002     0.0002     0.0002     0.0002     0.0002     0.0002     0.0002     0.0002     0.0002     0.0002 
Shadow                     0.0007     0.0007     0.0002     0.0001     0.0002     0.0001     0.0006     0.0006     0.0007     0.0007     0.0003     0.0003     0.0006     0.0006     0.0006     0.0007 
           Overlap                
Shadow                     0.0000     0.0000     0.0000     0.0000     0.0000     0.0000     0.0000     0.0000     0.0000     0.0000     0.0000     0.0000     0.0000     0.0000     0.0000     0.0000 


-------------------------------------------------------------------------
Name (number) and performance time of processors
omp.keldysh.ru(1) 0.935414
omp.keldysh.ru(2) 0.935340
omp.keldysh.ru(3) 0.955541
omp.keldysh.ru(4) 0.955537
omp.keldysh.ru(5) 0.956079
omp.keldysh.ru(6) 0.956062
omp.keldysh.ru(7) 0.958144
omp.keldysh.ru(8) 0.957859
omp.keldysh.ru(9) 0.935313
omp.keldysh.ru(10) 0.935320
omp.keldysh.ru(11) 0.959204
omp.keldysh.ru(12) 0.959193
omp.keldysh.ru(13) 0.956570
omp.keldysh.ru(14) 0.956570
omp.keldysh.ru(15) 0.958729
omp.keldysh.ru(16) 0.958728
min - omp.keldysh.ru(9) 0.935313; max - omp.keldysh.ru(11) 0.959204; mid - 0.951850
