Processor system=6*3
Statistics has been accumulated on DVM-system version 5.0, platform DVM
Analyzer is executing on DVM-system version 5.0, platform DVM
-------------------------------------------------------------------------
INTERVAL ( NLINE=7 SOURCE=sc21.f ) LEVEL=0  EXE_COUNT=2
--- The main characteristics --- 
Parallelization efficiency      0.0957 
Execution time                  0.0152 
Processors                          18
Threads amount                      18
Total time                      0.2744
Productive time                 0.0263 ( CPU= 0.0249 Sys= 0.0014 I/O= 0.0000 )
Lost  time                      0.2481 
   Insufficient parallelism     0.2032 ( User= 0.1794 Sys= 0.0238 )
   Communication                0.0115 ( Real_sync= 0.0000 Starts= 0.0000 )
   Idle time                    0.0334
Load imbalance                  0.0031
Synchronization                 0.0016
Time variation                  0.0058
Overlap                         0.0001
                  Nop   Communic    Synchro  Variation    Overlap 
I/O                23     0.0000     0.0014     0.0056     0.0000 
Reduction          20     0.0115     0.0002     0.0002     0.0001 
--- The comparative characteristics --- 
                              Tmin N proc      Tmax N proc      Tmid
Lost time                   0.0136     8     0.0142    18     0.0138 
User insufficient par.      0.0082    18     0.0115     8     0.0100 
Sys.insufficient par.       0.0010    17     0.0015     1     0.0013 
Idle time                   0.0000    17     0.0027     1     0.0019 
Communication               0.0003     7     0.0022    17     0.0006 
Synchronization             0.0000     3     0.0002    18     0.0001 
Variation                   0.0000     1     0.0004    17     0.0003 
Overlap                     0.0000     1     0.0000    14     0.0000 
Load imbalance              0.0000     8     0.0006    18     0.0002 
Execution time              0.0126     1     0.0152    17     0.0134 
User CPU time               0.0010    18     0.0016     8     0.0014 
Sys. CPU time               0.0001    17     0.0001     3     0.0001 
I/O time                    0.0000    15     0.0000     1     0.0000 
Processors                      18     1         18    18         18 
                      Communic          Synchro        Variation          Overlap  
I/O             Tmin    0.0000     1     0.0000     3     0.0000     1     0.0000     1 
I/O             Tmax    0.0000    18     0.0001    18     0.0004    18     0.0000    18 
I/O             Tmid    0.0000           0.0001           0.0003           0.0000       
Reduction       Tmin    0.0003     7     0.0000    14     0.0000    14     0.0000     1 
Reduction       Tmax    0.0022    17     0.0000     1     0.0000     2     0.0000    14 
Reduction       Tmid    0.0006           0.0000           0.0000           0.0000       
--- The execution characteristics --- 
                                1          2          3          4          5          6          7          8          9         10         11         12         13         14         15         16         17         18 
Lost time                  0.0139     0.0139     0.0139     0.0138     0.0137     0.0137     0.0137     0.0136     0.0136     0.0137     0.0138     0.0138     0.0138     0.0137     0.0137     0.0137     0.0140     0.0142 
User insufficient par.     0.0092     0.0093     0.0093     0.0093     0.0108     0.0108     0.0094     0.0115     0.0111     0.0111     0.0094     0.0100     0.0094     0.0104     0.0103     0.0093     0.0108     0.0082 
Sys.insufficient par.      0.0015     0.0013     0.0014     0.0013     0.0014     0.0014     0.0014     0.0013     0.0013     0.0013     0.0013     0.0013     0.0013     0.0014     0.0014     0.0013     0.0010     0.0011 
Idle time                  0.0027     0.0027     0.0027     0.0027     0.0012     0.0012     0.0027     0.0004     0.0008     0.0008     0.0027     0.0020     0.0027     0.0016     0.0016     0.0027     0.0000     0.0027 
Communication              0.0006     0.0006     0.0006     0.0005     0.0003     0.0004     0.0003     0.0003     0.0004     0.0004     0.0004     0.0005     0.0004     0.0004     0.0004     0.0004     0.0022     0.0022 
Synchronization            0.0001     0.0001     0.0000     0.0001     0.0001     0.0001     0.0001     0.0001     0.0001     0.0001     0.0001     0.0001     0.0001     0.0001     0.0001     0.0001     0.0002     0.0002 
Variation                  0.0000     0.0003     0.0003     0.0003     0.0003     0.0003     0.0003     0.0003     0.0003     0.0003     0.0003     0.0003     0.0003     0.0003     0.0003     0.0003     0.0004     0.0004 
Overlap                    0.0000     0.0000     0.0000     0.0000     0.0000     0.0000     0.0000     0.0000     0.0000     0.0000     0.0000     0.0000     0.0000     0.0000     0.0000     0.0000     0.0000     0.0000 
Load imbalance             0.0003     0.0003     0.0003     0.0001     0.0001     0.0001     0.0001     0.0000     0.0000     0.0000     0.0002     0.0001     0.0002     0.0001     0.0001     0.0001     0.0004     0.0006 
Execution time             0.0126     0.0126     0.0126     0.0126     0.0141     0.0141     0.0126     0.0149     0.0144     0.0145     0.0126     0.0133     0.0126     0.0137     0.0137     0.0126     0.0152     0.0126 
User CPU time              0.0012     0.0012     0.0013     0.0014     0.0015     0.0015     0.0014     0.0016     0.0015     0.0015     0.0014     0.0014     0.0014     0.0015     0.0015     0.0014     0.0012     0.0010 
Sys. CPU time              0.0001     0.0001     0.0001     0.0001     0.0001     0.0001     0.0001     0.0001     0.0001     0.0001     0.0001     0.0001     0.0001     0.0001     0.0001     0.0001     0.0001     0.0001 
I/O time                   0.0000     0.0000     0.0000     0.0000     0.0000     0.0000     0.0000     0.0000     0.0000     0.0000     0.0000     0.0000     0.0000     0.0000     0.0000     0.0000     0.0000     0.0000 
Processors                     18         18         18         18         18         18         18         18         18         18         18         18         18         18         18         18         18         18 
           Communication          
Reduction                  0.0006     0.0006     0.0006     0.0005     0.0003     0.0004     0.0003     0.0003     0.0004     0.0004     0.0004     0.0005     0.0004     0.0004     0.0004     0.0004     0.0022     0.0022 
           Synchronization        
I/O                        0.0001     0.0001     0.0000     0.0001     0.0001     0.0000     0.0001     0.0001     0.0001     0.0001     0.0001     0.0001     0.0001     0.0001     0.0001     0.0001     0.0001     0.0001 
Reduction                  0.0000     0.0000     0.0000     0.0000     0.0000     0.0000     0.0000     0.0000     0.0000     0.0000     0.0000     0.0000     0.0000     0.0000     0.0000     0.0000     0.0000     0.0000 
           Variation              
I/O                        0.0000     0.0003     0.0003     0.0003     0.0003     0.0003     0.0003     0.0003     0.0003     0.0003     0.0003     0.0003     0.0003     0.0003     0.0003     0.0003     0.0004     0.0004 
Reduction                  0.0000     0.0000     0.0000     0.0000     0.0000     0.0000     0.0000     0.0000     0.0000     0.0000     0.0000     0.0000     0.0000     0.0000     0.0000     0.0000     0.0000     0.0000 
           Overlap                
Reduction                  0.0000     0.0000     0.0000     0.0000     0.0000     0.0000     0.0000     0.0000     0.0000     0.0000     0.0000     0.0000     0.0000     0.0000     0.0000     0.0000     0.0000     0.0000 


-------------------------------------------------------------------------
Name (number) and performance time of processors
omp.keldysh.ru(1) 0.935652
omp.keldysh.ru(2) 0.935641
omp.keldysh.ru(3) 0.954063
omp.keldysh.ru(4) 0.954423
omp.keldysh.ru(5) 0.935528
omp.keldysh.ru(6) 0.935515
omp.keldysh.ru(7) 0.952863
omp.keldysh.ru(8) 0.952873
omp.keldysh.ru(9) 0.956584
omp.keldysh.ru(10) 0.956579
omp.keldysh.ru(11) 0.955226
omp.keldysh.ru(12) 0.955243
omp.keldysh.ru(13) 0.954776
omp.keldysh.ru(14) 0.954767
omp.keldysh.ru(15) 0.953591
omp.keldysh.ru(16) 0.953507
omp.keldysh.ru(17) 0.953383
omp.keldysh.ru(18) 0.953364
min - omp.keldysh.ru(6) 0.935515; max - omp.keldysh.ru(9) 0.956584; mid - 0.950199
