Processor system=6*3*1*1
Statistics has been accumulated on DVM-system version 5.0, platform DVM
Analyzer is executing on DVM-system version 5.0, platform DVM
-------------------------------------------------------------------------
INTERVAL ( NLINE=8 SOURCE=red42.f ) LEVEL=0  EXE_COUNT=2
--- The main characteristics --- 
Parallelization efficiency      0.0429 
Execution time                  0.0122 
Processors                          18
Threads amount                      18
Total time                      0.2188
Productive time                 0.0094 ( CPU= 0.0084 Sys= 0.0009 I/O= 0.0000 )
Lost  time                      0.2094 
   Insufficient parallelism     0.1595 ( User= 0.1436 Sys= 0.0159 )
   Communication                0.0050 ( Real_sync= 0.0000 Starts= 0.0000 )
   Idle time                    0.0450
Load imbalance                  0.0025
Synchronization                 0.0941
Time variation                  0.0964
Overlap                         0.0001
                  Nop   Communic    Synchro  Variation    Overlap 
I/O                17     0.0000     0.0351     0.0374     0.0000 
Reduction          15     0.0050     0.0298     0.0297     0.0001 
Remote access      37     0.0000     0.0293     0.0293     0.0000 
--- The comparative characteristics --- 
                              Tmin N proc      Tmax N proc      Tmid
Lost time                   0.0115    12     0.0118    18     0.0116 
User insufficient par.      0.0054    17     0.0103    12     0.0080 
Sys.insufficient par.       0.0007    18     0.0010     1     0.0009 
Idle time                   0.0000    12     0.0054    18     0.0025 
Communication               0.0002     1     0.0003    11     0.0003 
Synchronization             0.0001    15     0.0256    17     0.0052 
Variation                   0.0002    15     0.0258    17     0.0054 
Overlap                     0.0000     1     0.0000    11     0.0000 
Load imbalance              0.0000    12     0.0003    17     0.0001 
Execution time              0.0068    18     0.0122    12     0.0097 
User CPU time               0.0003    17     0.0006    12     0.0005 
Sys. CPU time               0.0000    18     0.0001     5     0.0001 
I/O time                    0.0000    18     0.0000     1     0.0000 
Processors                      18     1         18    18         18 
                      Communic          Synchro        Variation          Overlap  
I/O             Tmin    0.0000     1     0.0000    15     0.0002    15     0.0000     1 
I/O             Tmax    0.0000    18     0.0095    17     0.0096    17     0.0000    18 
I/O             Tmid    0.0000           0.0019           0.0021           0.0000       
Reduction       Tmin    0.0002     1     0.0000    15     0.0000    15     0.0000     1 
Reduction       Tmax    0.0003    11     0.0080    17     0.0080    17     0.0000    11 
Reduction       Tmid    0.0003           0.0017           0.0017           0.0000       
Remote access   Tmin    0.0000     1     0.0000    15     0.0000    15     0.0000     1 
Remote access   Tmax    0.0000    18     0.0081    17     0.0081    17     0.0000    16 
Remote access   Tmid    0.0000           0.0016           0.0016           0.0000       
--- The execution characteristics --- 
                                1          2          3          4          5          6          7          8          9         10         11         12         13         14         15         16         17         18 
Lost time                  0.0117     0.0118     0.0115     0.0116     0.0116     0.0117     0.0116     0.0117     0.0116     0.0116     0.0117     0.0115     0.0115     0.0116     0.0115     0.0116     0.0118     0.0118 
User insufficient par.     0.0073     0.0056     0.0100     0.0085     0.0092     0.0070     0.0092     0.0063     0.0089     0.0088     0.0066     0.0103     0.0096     0.0078     0.0096     0.0081     0.0054     0.0054 
Sys.insufficient par.      0.0010     0.0009     0.0009     0.0009     0.0009     0.0009     0.0009     0.0009     0.0009     0.0009     0.0009     0.0009     0.0009     0.0009     0.0009     0.0009     0.0007     0.0007 
Idle time                  0.0031     0.0050     0.0004     0.0020     0.0012     0.0035     0.0012     0.0043     0.0016     0.0016     0.0039     0.0000     0.0008     0.0027     0.0008     0.0023     0.0054     0.0054 
Communication              0.0002     0.0003     0.0002     0.0002     0.0003     0.0003     0.0003     0.0003     0.0003     0.0003     0.0003     0.0003     0.0003     0.0003     0.0003     0.0003     0.0003     0.0003 
Synchronization            0.0112     0.0083     0.0019     0.0020     0.0019     0.0019     0.0024     0.0025     0.0015     0.0015     0.0018     0.0017     0.0021     0.0021     0.0001     0.0001     0.0256     0.0255 
Variation                  0.0110     0.0084     0.0021     0.0022     0.0021     0.0020     0.0026     0.0026     0.0016     0.0016     0.0020     0.0019     0.0022     0.0022     0.0002     0.0002     0.0258     0.0256 
Overlap                    0.0000     0.0000     0.0000     0.0000     0.0000     0.0000     0.0000     0.0000     0.0000     0.0000     0.0000     0.0000     0.0000     0.0000     0.0000     0.0000     0.0000     0.0000 
Load imbalance             0.0002     0.0003     0.0000     0.0001     0.0001     0.0002     0.0001     0.0002     0.0001     0.0001     0.0002     0.0000     0.0000     0.0002     0.0000     0.0001     0.0003     0.0003 
Execution time             0.0090     0.0071     0.0118     0.0102     0.0110     0.0087     0.0110     0.0079     0.0106     0.0106     0.0083     0.0122     0.0114     0.0094     0.0114     0.0098     0.0068     0.0068 
User CPU time              0.0004     0.0003     0.0006     0.0005     0.0005     0.0004     0.0005     0.0004     0.0005     0.0005     0.0004     0.0006     0.0006     0.0005     0.0006     0.0005     0.0003     0.0003 
Sys. CPU time              0.0000     0.0001     0.0001     0.0001     0.0001     0.0001     0.0001     0.0001     0.0001     0.0001     0.0001     0.0001     0.0000     0.0000     0.0001     0.0001     0.0000     0.0000 
I/O time                   0.0000     0.0000     0.0000     0.0000     0.0000     0.0000     0.0000     0.0000     0.0000     0.0000     0.0000     0.0000     0.0000     0.0000     0.0000     0.0000     0.0000     0.0000 
Processors                     18         18         18         18         18         18         18         18         18         18         18         18         18         18         18         18         18         18 
           Communication          
Reduction                  0.0002     0.0003     0.0002     0.0002     0.0003     0.0003     0.0003     0.0003     0.0003     0.0003     0.0003     0.0003     0.0003     0.0003     0.0003     0.0003     0.0003     0.0003 
           Synchronization        
I/O                        0.0041     0.0031     0.0008     0.0008     0.0007     0.0007     0.0009     0.0009     0.0006     0.0006     0.0008     0.0007     0.0008     0.0008     0.0000     0.0001     0.0095     0.0094 
Reduction                  0.0034     0.0026     0.0006     0.0007     0.0007     0.0007     0.0008     0.0008     0.0005     0.0005     0.0006     0.0006     0.0007     0.0007     0.0000     0.0001     0.0080     0.0080 
Remote access              0.0036     0.0026     0.0005     0.0006     0.0006     0.0006     0.0007     0.0007     0.0004     0.0004     0.0005     0.0005     0.0006     0.0006     0.0000     0.0000     0.0081     0.0081 
           Variation              
I/O                        0.0040     0.0032     0.0009     0.0009     0.0009     0.0008     0.0011     0.0011     0.0007     0.0007     0.0009     0.0008     0.0009     0.0009     0.0002     0.0002     0.0096     0.0096 
Reduction                  0.0034     0.0026     0.0006     0.0007     0.0007     0.0006     0.0008     0.0008     0.0005     0.0005     0.0006     0.0006     0.0007     0.0007     0.0000     0.0000     0.0080     0.0080 
Remote access              0.0036     0.0026     0.0005     0.0006     0.0006     0.0006     0.0007     0.0007     0.0004     0.0004     0.0005     0.0005     0.0006     0.0006     0.0000     0.0000     0.0081     0.0081 
           Overlap                
Reduction                  0.0000     0.0000     0.0000     0.0000     0.0000     0.0000     0.0000     0.0000     0.0000     0.0000     0.0000     0.0000     0.0000     0.0000     0.0000     0.0000     0.0000     0.0000 
Remote access              0.0000     0.0000     0.0000     0.0000     0.0000     0.0000     0.0000     0.0000     0.0000     0.0000     0.0000     0.0000     0.0000     0.0000     0.0000     0.0000     0.0000     0.0000 


-------------------------------------------------------------------------
Name (number) and performance time of processors
omp.keldysh.ru(1) 0.935417
omp.keldysh.ru(2) 0.935344
omp.keldysh.ru(3) 0.955087
omp.keldysh.ru(4) 0.955091
omp.keldysh.ru(5) 0.956134
omp.keldysh.ru(6) 0.956133
omp.keldysh.ru(7) 0.958237
omp.keldysh.ru(8) 0.958209
omp.keldysh.ru(9) 0.958091
omp.keldysh.ru(10) 0.957800
omp.keldysh.ru(11) 0.958339
omp.keldysh.ru(12) 0.958339
omp.keldysh.ru(13) 0.956013
omp.keldysh.ru(14) 0.956068
omp.keldysh.ru(15) 0.955060
omp.keldysh.ru(16) 0.955085
omp.keldysh.ru(17) 0.955812
omp.keldysh.ru(18) 0.955790
min - omp.keldysh.ru(2) 0.935344; max - omp.keldysh.ru(11) 0.958339; mid - 0.954225
