Processor system=1*4*2*2
Statistics has been accumulated on DVM-system version 5.0, platform DVM
Analyzer is executing on DVM-system version 5.0, platform DVM
-------------------------------------------------------------------------
INTERVAL ( NLINE=8 SOURCE=sha42.f ) LEVEL=0  EXE_COUNT=1
--- The main characteristics --- 
Parallelization efficiency      0.0505 
Execution time                  0.0208 
Processors                          16
Threads amount                      16
Total time                      0.3322
Productive time                 0.0168 ( CPU= 0.0162 Sys= 0.0006 I/O= 0.0000 )
Lost  time                      0.3154 
   Insufficient parallelism     0.2514 ( User= 0.2427 Sys= 0.0087 )
   Communication                0.0093 ( Real_sync= 0.0000 Starts= 0.0000 )
   Idle time                    0.0547
Load imbalance                  0.0037
Synchronization                 0.1319
Time variation                  0.1350
Overlap                         0.0136
                  Nop   Communic    Synchro  Variation    Overlap 
I/O                 6     0.0000     0.0538     0.0569     0.0000 
Reduction           4     0.0093     0.0370     0.0371     0.0000 
Shadow              4     0.0000     0.0410     0.0410     0.0136 
--- The comparative characteristics --- 
                              Tmin N proc      Tmax N proc      Tmid
Lost time                   0.0195     1     0.0201    13     0.0197 
User insufficient par.      0.0095    13     0.0186     2     0.0152 
Sys.insufficient par.       0.0004    13     0.0008     1     0.0005 
Idle time                   0.0000     2     0.0086    16     0.0034 
Communication               0.0002    11     0.0016    13     0.0006 
Synchronization             0.0004     2     0.0284    13     0.0082 
Variation                   0.0006     2     0.0286    13     0.0084 
Overlap                     0.0000    13     0.0017     2     0.0008 
Load imbalance              0.0000     2     0.0006    13     0.0002 
Execution time              0.0122    16     0.0208     2     0.0173 
User CPU time               0.0006    13     0.0012     2     0.0010 
Sys. CPU time               0.0000    13     0.0000    12     0.0000 
I/O time                    0.0000     6     0.0000     1     0.0000 
Processors                      16     1         16    16         16 
                      Communic          Synchro        Variation          Overlap  
I/O             Tmin    0.0000     1     0.0001     2     0.0002     1     0.0000     1 
I/O             Tmax    0.0000    16     0.0119    13     0.0121    13     0.0000    16 
I/O             Tmid    0.0000           0.0034           0.0036           0.0000       
Reduction       Tmin    0.0002    11     0.0001     2     0.0001     2     0.0000     1 
Reduction       Tmax    0.0016    13     0.0081    13     0.0081    13     0.0000    16 
Reduction       Tmid    0.0006           0.0023           0.0023           0.0000       
Shadow          Tmin    0.0000     1     0.0002     1     0.0002     1     0.0000    13 
Shadow          Tmax    0.0000    16     0.0084    13     0.0084    13     0.0017     2 
Shadow          Tmid    0.0000           0.0026           0.0026           0.0008       
--- The execution characteristics --- 
                                1          2          3          4          5          6          7          8          9         10         11         12         13         14         15         16 
Lost time                  0.0195     0.0195     0.0196     0.0196     0.0195     0.0196     0.0196     0.0195     0.0198     0.0196     0.0198     0.0196     0.0201     0.0201     0.0201     0.0201 
User insufficient par.     0.0184     0.0186     0.0173     0.0173     0.0183     0.0172     0.0173     0.0180     0.0136     0.0173     0.0137     0.0172     0.0095     0.0099     0.0096     0.0096 
Sys.insufficient par.      0.0008     0.0005     0.0006     0.0005     0.0005     0.0006     0.0005     0.0005     0.0005     0.0005     0.0005     0.0007     0.0004     0.0005     0.0004     0.0005 
Idle time                  0.0000     0.0000     0.0015     0.0015     0.0004     0.0015     0.0015     0.0008     0.0053     0.0015     0.0053     0.0015     0.0086     0.0082     0.0086     0.0086 
Communication              0.0003     0.0004     0.0002     0.0002     0.0002     0.0002     0.0002     0.0002     0.0003     0.0003     0.0002     0.0002     0.0016     0.0015     0.0015     0.0015 
Synchronization            0.0007     0.0004     0.0012     0.0015     0.0026     0.0021     0.0013     0.0012     0.0027     0.0031     0.0037     0.0029     0.0284     0.0265     0.0272     0.0262 
Variation                  0.0007     0.0006     0.0014     0.0017     0.0028     0.0023     0.0015     0.0014     0.0029     0.0034     0.0039     0.0031     0.0286     0.0267     0.0274     0.0264 
Overlap                    0.0016     0.0017     0.0013     0.0011     0.0009     0.0011     0.0012     0.0013     0.0009     0.0008     0.0007     0.0010     0.0000     0.0000     0.0000     0.0000 
Load imbalance             0.0000     0.0000     0.0001     0.0001     0.0000     0.0001     0.0001     0.0000     0.0003     0.0001     0.0003     0.0001     0.0006     0.0006     0.0006     0.0006 
Execution time             0.0208     0.0208     0.0193     0.0193     0.0204     0.0192     0.0193     0.0200     0.0154     0.0193     0.0154     0.0193     0.0122     0.0126     0.0122     0.0122 
User CPU time              0.0012     0.0012     0.0012     0.0012     0.0012     0.0011     0.0012     0.0012     0.0009     0.0012     0.0009     0.0011     0.0006     0.0007     0.0006     0.0006 
Sys. CPU time              0.0000     0.0000     0.0000     0.0000     0.0000     0.0000     0.0000     0.0000     0.0000     0.0000     0.0000     0.0000     0.0000     0.0000     0.0000     0.0000 
I/O time                   0.0000     0.0000     0.0000     0.0000     0.0000     0.0000     0.0000     0.0000     0.0000     0.0000     0.0000     0.0000     0.0000     0.0000     0.0000     0.0000 
Processors                     16         16         16         16         16         16         16         16         16         16         16         16         16         16         16         16 
           Communication          
Reduction                  0.0003     0.0004     0.0002     0.0002     0.0002     0.0002     0.0002     0.0002     0.0003     0.0003     0.0002     0.0002     0.0016     0.0015     0.0015     0.0015 
           Synchronization        
I/O                        0.0003     0.0001     0.0004     0.0004     0.0009     0.0008     0.0004     0.0004     0.0010     0.0012     0.0014     0.0011     0.0119     0.0111     0.0114     0.0109 
Reduction                  0.0003     0.0001     0.0003     0.0004     0.0007     0.0006     0.0003     0.0003     0.0007     0.0008     0.0010     0.0008     0.0081     0.0075     0.0077     0.0074 
Shadow                     0.0002     0.0002     0.0005     0.0007     0.0010     0.0007     0.0006     0.0005     0.0010     0.0012     0.0013     0.0009     0.0084     0.0079     0.0081     0.0078 
           Variation              
I/O                        0.0002     0.0003     0.0006     0.0007     0.0011     0.0010     0.0006     0.0006     0.0013     0.0014     0.0016     0.0013     0.0121     0.0113     0.0116     0.0111 
Reduction                  0.0003     0.0001     0.0003     0.0004     0.0007     0.0006     0.0003     0.0003     0.0007     0.0008     0.0010     0.0008     0.0081     0.0075     0.0077     0.0074 
Shadow                     0.0002     0.0002     0.0005     0.0007     0.0010     0.0007     0.0006     0.0005     0.0010     0.0012     0.0013     0.0009     0.0084     0.0079     0.0081     0.0078 
           Overlap                
Shadow                     0.0016     0.0017     0.0013     0.0011     0.0009     0.0011     0.0012     0.0013     0.0009     0.0008     0.0007     0.0010     0.0000     0.0000     0.0000     0.0000 


-------------------------------------------------------------------------
Name (number) and performance time of processors
omp.keldysh.ru(1) 0.935224
omp.keldysh.ru(2) 0.935520
omp.keldysh.ru(3) 0.960250
omp.keldysh.ru(4) 0.960275
omp.keldysh.ru(5) 0.957313
omp.keldysh.ru(6) 0.957310
omp.keldysh.ru(7) 0.935329
omp.keldysh.ru(8) 0.935308
omp.keldysh.ru(9) 0.958035
omp.keldysh.ru(10) 0.958063
omp.keldysh.ru(11) 0.959370
omp.keldysh.ru(12) 0.959376
omp.keldysh.ru(13) 0.958604
omp.keldysh.ru(14) 0.958588
omp.keldysh.ru(15) 0.957548
omp.keldysh.ru(16) 0.957530
min - omp.keldysh.ru(1) 0.935224; max - omp.keldysh.ru(4) 0.960275; mid - 0.952728
