Processor system=1*1*3*6
Statistics has been accumulated on DVM-system version 5.0, platform DVM
Analyzer is executing on DVM-system version 5.0, platform DVM
-------------------------------------------------------------------------
INTERVAL ( NLINE=7 SOURCE=acr43.f ) LEVEL=0  EXE_COUNT=2
--- The main characteristics --- 
Parallelization efficiency      0.0536 
Execution time                  2.3459 
Processors                          18
Threads amount                      18
Total time                     42.2259
Productive time                 2.2636 ( CPU= 2.1891 Sys= 0.0745 I/O= 0.0000 )
Lost  time                     39.9623 
   Insufficient parallelism    37.2829 ( User= 36.0157 Sys= 1.2672 )
   Communication                2.6135 ( Real_sync= 0.0000 Starts= 0.0000 )
   Idle time                    0.0659
Load imbalance                  0.1059
Synchronization                 2.6075
Time variation                  1.4518
Overlap                         0.0043
                  Nop   Communic    Synchro  Variation    Overlap 
I/O                12     0.0000     0.0287     0.0323     0.0000 
Reduction          10     0.0318     0.0015     0.0015     0.0000 
Shadow             28     2.5715     2.5773     1.4180     0.0043 
--- The comparative characteristics --- 
                              Tmin N proc      Tmax N proc      Tmid
Lost time                   2.2142     9     2.2550    18     2.2201 
User insufficient par.      1.4495    18     2.0762    15     2.0009 
Sys.insufficient par.       0.0374    16     0.0972     6     0.0704 
Idle time                   0.0000    13     0.0086    17     0.0037 
Communication               0.0521     6     0.7585    18     0.1452 
Synchronization             0.0287     7     0.7195    18     0.1449 
Variation                   0.0215    15     0.1530     6     0.0807 
Overlap                     0.0000    17     0.0006     9     0.0002 
Load imbalance              0.0000     9     0.0407    18     0.0059 
Execution time              2.3373    17     2.3459    13     2.3422 
User CPU time               0.0885    18     0.1269     9     0.1216 
Sys. CPU time               0.0022    16     0.0057     6     0.0041 
I/O time                    0.0000    14     0.0000     1     0.0000 
Processors                      18     1         18    18         18 
                      Communic          Synchro        Variation          Overlap  
I/O             Tmin    0.0000     1     0.0001    10     0.0003    10     0.0000     1 
I/O             Tmax    0.0000    18     0.0056    17     0.0058    17     0.0000    18 
I/O             Tmid    0.0000           0.0016           0.0018           0.0000       
Reduction       Tmin    0.0003     8     0.0000    10     0.0000    10     0.0000     6 
Reduction       Tmax    0.0036    17     0.0001    12     0.0001    12     0.0000    10 
Reduction       Tmid    0.0018           0.0001           0.0001           0.0000       
Shadow          Tmin    0.0498     6     0.0280     7     0.0199    15     0.0000    17 
Shadow          Tmax    0.7551    18     0.7174    18     0.1504     6     0.0006     9 
Shadow          Tmid    0.1429           0.1432           0.0788           0.0002       
--- The execution characteristics --- 
                                1          2          3          4          5          6          7          8          9         10         11         12         13         14         15         16         17         18 
Lost time                  2.2154     2.2156     2.2157     2.2154     2.2156     2.2155     2.2143     2.2149     2.2142     2.2152     2.2148     2.2155     2.2182     2.2181     2.2171     2.2183     2.2534     2.2550 
User insufficient par.     2.0675     2.0626     2.0641     2.0613     2.0557     2.0596     2.0755     2.0709     2.0757     2.0733     2.0693     2.0658     2.0683     2.0619     2.0762     2.0701     1.4884     1.4495 
Sys.insufficient par.      0.0903     0.0897     0.0900     0.0923     0.0944     0.0972     0.0804     0.0788     0.0807     0.0703     0.0834     0.0779     0.0385     0.0429     0.0442     0.0374     0.0380     0.0407 
Idle time                  0.0020     0.0070     0.0055     0.0078     0.0059     0.0066     0.0012     0.0008     0.0004     0.0004     0.0023     0.0027     0.0000     0.0035     0.0016     0.0035     0.0086     0.0062 
Communication              0.0556     0.0563     0.0561     0.0539     0.0596     0.0521     0.0572     0.0644     0.0575     0.0712     0.0598     0.0690     0.1113     0.1099     0.0952     0.1073     0.7184     0.7585 
Synchronization            0.1148     0.1191     0.1115     0.1203     0.1241     0.1296     0.0287     0.0640     0.0452     0.0545     0.0375     0.0531     0.0577     0.0627     0.0325     0.0493     0.6833     0.7195 
Variation                  0.1384     0.1421     0.1343     0.1448     0.1403     0.1530     0.0612     0.0661     0.0569     0.0577     0.0664     0.0745     0.0304     0.0366     0.0215     0.0261     0.0527     0.0488 
Overlap                    0.0002     0.0002     0.0002     0.0002     0.0002     0.0002     0.0002     0.0002     0.0006     0.0005     0.0003     0.0003     0.0002     0.0002     0.0003     0.0003     0.0000     0.0000 
Load imbalance             0.0012     0.0013     0.0015     0.0011     0.0014     0.0013     0.0001     0.0006     0.0000     0.0010     0.0006     0.0012     0.0039     0.0039     0.0029     0.0041     0.0392     0.0407 
Execution time             2.3439     2.3389     2.3404     2.3381     2.3400     2.3392     2.3447     2.3451     2.3455     2.3455     2.3435     2.3431     2.3459     2.3424     2.3443     2.3424     2.3373     2.3396 
User CPU time              0.1252     0.1250     0.1248     0.1251     0.1247     0.1246     0.1268     0.1264     0.1269     0.1265     0.1262     0.1258     0.1255     0.1252     0.1262     0.1254     0.0902     0.0885 
Sys. CPU time              0.0053     0.0053     0.0053     0.0054     0.0056     0.0057     0.0047     0.0046     0.0047     0.0041     0.0049     0.0046     0.0023     0.0025     0.0026     0.0022     0.0022     0.0024 
I/O time                   0.0000     0.0000     0.0000     0.0000     0.0000     0.0000     0.0000     0.0000     0.0000     0.0000     0.0000     0.0000     0.0000     0.0000     0.0000     0.0000     0.0000     0.0000 
Processors                     18         18         18         18         18         18         18         18         18         18         18         18         18         18         18         18         18         18 
           Communication          
Reduction                  0.0023     0.0023     0.0024     0.0023     0.0023     0.0023     0.0003     0.0003     0.0004     0.0003     0.0004     0.0004     0.0022     0.0022     0.0022     0.0022     0.0036     0.0034 
Shadow                     0.0532     0.0539     0.0537     0.0516     0.0572     0.0498     0.0567     0.0639     0.0571     0.0621     0.0593     0.0685     0.1090     0.1077     0.0929     0.1050     0.7148     0.7551 
           Synchronization        
I/O                        0.0015     0.0022     0.0018     0.0038     0.0019     0.0022     0.0007     0.0002     0.0002     0.0001     0.0002     0.0002     0.0015     0.0017     0.0014     0.0015     0.0056     0.0020 
Reduction                  0.0001     0.0001     0.0001     0.0001     0.0001     0.0001     0.0001     0.0001     0.0001     0.0000     0.0001     0.0001     0.0001     0.0001     0.0001     0.0000     0.0001     0.0001 
Shadow                     0.1132     0.1168     0.1096     0.1165     0.1221     0.1273     0.0280     0.0636     0.0449     0.0544     0.0372     0.0527     0.0562     0.0609     0.0310     0.0478     0.6776     0.7174 
           Variation              
I/O                        0.0015     0.0025     0.0020     0.0040     0.0021     0.0024     0.0009     0.0004     0.0004     0.0003     0.0004     0.0005     0.0017     0.0019     0.0016     0.0017     0.0058     0.0022 
Reduction                  0.0001     0.0001     0.0001     0.0000     0.0001     0.0001     0.0001     0.0001     0.0001     0.0000     0.0001     0.0001     0.0001     0.0001     0.0001     0.0000     0.0001     0.0001 
Shadow                     0.1368     0.1395     0.1322     0.1407     0.1381     0.1504     0.0603     0.0656     0.0565     0.0574     0.0658     0.0740     0.0286     0.0346     0.0199     0.0243     0.0468     0.0465 
           Overlap                
Reduction                  0.0000     0.0000     0.0000     0.0000     0.0000     0.0000     0.0000     0.0000     0.0000     0.0000     0.0000     0.0000     0.0000     0.0000     0.0000     0.0000     0.0000     0.0000 
Shadow                     0.0002     0.0002     0.0002     0.0002     0.0002     0.0002     0.0002     0.0002     0.0006     0.0004     0.0003     0.0003     0.0002     0.0002     0.0003     0.0003     0.0000     0.0000 


-------------------------------------------------------------------------
Name (number) and performance time of processors
omp.keldysh.ru(1) 0.935535
omp.keldysh.ru(2) 0.935453
omp.keldysh.ru(3) 0.954451
omp.keldysh.ru(4) 0.954494
omp.keldysh.ru(5) 0.954851
omp.keldysh.ru(6) 0.954829
omp.keldysh.ru(7) 0.958603
omp.keldysh.ru(8) 0.958593
omp.keldysh.ru(9) 0.957458
omp.keldysh.ru(10) 0.957456
omp.keldysh.ru(11) 0.955704
omp.keldysh.ru(12) 0.955664
omp.keldysh.ru(13) 0.951869
omp.keldysh.ru(14) 0.952164
omp.keldysh.ru(15) 0.935450
omp.keldysh.ru(16) 0.935414
omp.keldysh.ru(17) 0.956754
omp.keldysh.ru(18) 0.956747
min - omp.keldysh.ru(16) 0.935414; max - omp.keldysh.ru(7) 0.958603; mid - 0.951194
