Processor system=2*2*4
Statistics has been accumulated on DVM-system version 5.0, platform DVM
Analyzer is executing on DVM-system version 5.0, platform DVM
-------------------------------------------------------------------------
INTERVAL ( NLINE=7 SOURCE=rem31.f ) LEVEL=0  EXE_COUNT=1
--- The main characteristics --- 
Parallelization efficiency      0.0427 
Execution time                  0.0607 
Processors                          16
Threads amount                      16
Total time                      0.9718
Productive time                 0.0415 ( CPU= 0.0138 Sys= 0.0277 I/O= 0.0000 )
Lost  time                      0.9303 
   Insufficient parallelism     0.5487 ( User= 0.1330 Sys= 0.4157 )
   Communication                0.3566 ( Real_sync= 0.0000 Starts= 0.0000 )
   Idle time                    0.0250
Load imbalance                  0.0063
Synchronization                 0.3084
Time variation                  0.1665
Overlap                         0.0002
                  Nop   Communic    Synchro  Variation    Overlap 
I/O                15     0.0000     0.0027     0.0046     0.0000 
Reduction           6     0.0021     0.0000     0.0001     0.0000 
Remote access    1863     0.3545     0.3056     0.1618     0.0002 
--- The comparative characteristics --- 
                              Tmin N proc      Tmax N proc      Tmid
Lost time                   0.0578     8     0.0590    14     0.0581 
User insufficient par.      0.0067    14     0.0099     4     0.0083 
Sys.insufficient par.       0.0161    13     0.0316     8     0.0260 
Idle time                   0.0000    16     0.0023     2     0.0016 
Communication               0.0154     8     0.0339    14     0.0223 
Synchronization             0.0090    12     0.0332    13     0.0193 
Variation                   0.0043    12     0.0144    13     0.0104 
Overlap                     0.0000    13     0.0000    12     0.0000 
Load imbalance              0.0000     8     0.0012    14     0.0004 
Execution time              0.0585     2     0.0607    16     0.0592 
User CPU time               0.0007    14     0.0010     6     0.0009 
Sys. CPU time               0.0011    13     0.0021     8     0.0017 
I/O time                    0.0000    13     0.0000     1     0.0000 
Processors                      16     1         16    16         16 
                      Communic          Synchro        Variation          Overlap  
I/O             Tmin    0.0000     1     0.0001    10     0.0000     1     0.0000     1 
I/O             Tmax    0.0000    16     0.0003    13     0.0004    13     0.0000    16 
I/O             Tmid    0.0000           0.0002           0.0003           0.0000       
Reduction       Tmin    0.0001     5     0.0000    11     0.0000     3     0.0000     1 
Reduction       Tmax    0.0003    15     0.0000     2     0.0000    16     0.0000    12 
Reduction       Tmid    0.0001           0.0000           0.0000           0.0000       
Remote access   Tmin    0.0154     8     0.0089    12     0.0040    12     0.0000    13 
Remote access   Tmax    0.0336    14     0.0329    13     0.0140    13     0.0000    12 
Remote access   Tmid    0.0222           0.0191           0.0101           0.0000       
--- The execution characteristics --- 
                                1          2          3          4          5          6          7          8          9         10         11         12         13         14         15         16 
Lost time                  0.0579     0.0580     0.0580     0.0578     0.0578     0.0578     0.0578     0.0578     0.0581     0.0581     0.0580     0.0579     0.0588     0.0590     0.0589     0.0587 
User insufficient par.     0.0084     0.0077     0.0086     0.0099     0.0082     0.0094     0.0092     0.0085     0.0076     0.0076     0.0077     0.0080     0.0082     0.0067     0.0082     0.0091 
Sys.insufficient par.      0.0287     0.0282     0.0284     0.0300     0.0303     0.0300     0.0301     0.0316     0.0277     0.0275     0.0278     0.0296     0.0161     0.0162     0.0162     0.0174 
Idle time                  0.0015     0.0023     0.0016     0.0004     0.0022     0.0011     0.0012     0.0022     0.0022     0.0023     0.0022     0.0022     0.0007     0.0022     0.0007     0.0000 
Communication              0.0193     0.0198     0.0194     0.0174     0.0171     0.0173     0.0173     0.0154     0.0205     0.0207     0.0203     0.0180     0.0338     0.0339     0.0338     0.0323 
Synchronization            0.0205     0.0203     0.0183     0.0152     0.0120     0.0121     0.0136     0.0102     0.0179     0.0178     0.0147     0.0090     0.0332     0.0324     0.0319     0.0292 
Variation                  0.0127     0.0126     0.0112     0.0113     0.0078     0.0081     0.0098     0.0096     0.0093     0.0090     0.0064     0.0043     0.0144     0.0137     0.0132     0.0130 
Overlap                    0.0000     0.0000     0.0000     0.0000     0.0000     0.0000     0.0000     0.0000     0.0000     0.0000     0.0000     0.0000     0.0000     0.0000     0.0000     0.0000 
Load imbalance             0.0002     0.0003     0.0002     0.0000     0.0001     0.0000     0.0001     0.0000     0.0003     0.0003     0.0003     0.0001     0.0011     0.0012     0.0011     0.0010 
Execution time             0.0592     0.0585     0.0592     0.0603     0.0585     0.0596     0.0596     0.0585     0.0585     0.0585     0.0585     0.0585     0.0600     0.0585     0.0600     0.0607 
User CPU time              0.0009     0.0008     0.0009     0.0010     0.0009     0.0010     0.0009     0.0009     0.0008     0.0008     0.0008     0.0009     0.0008     0.0007     0.0008     0.0009 
Sys. CPU time              0.0019     0.0019     0.0019     0.0020     0.0020     0.0020     0.0020     0.0021     0.0018     0.0018     0.0019     0.0020     0.0011     0.0011     0.0011     0.0012 
I/O time                   0.0000     0.0000     0.0000     0.0000     0.0000     0.0000     0.0000     0.0000     0.0000     0.0000     0.0000     0.0000     0.0000     0.0000     0.0000     0.0000 
Processors                     16         16         16         16         16         16         16         16         16         16         16         16         16         16         16         16 
           Communication          
Reduction                  0.0001     0.0001     0.0001     0.0001     0.0001     0.0001     0.0001     0.0001     0.0001     0.0001     0.0001     0.0001     0.0003     0.0003     0.0003     0.0003 
Remote access              0.0193     0.0197     0.0193     0.0173     0.0170     0.0172     0.0173     0.0154     0.0205     0.0207     0.0202     0.0180     0.0336     0.0336     0.0335     0.0320 
           Synchronization        
I/O                        0.0001     0.0001     0.0001     0.0001     0.0002     0.0002     0.0001     0.0002     0.0002     0.0001     0.0002     0.0001     0.0003     0.0002     0.0002     0.0002 
Reduction                  0.0000     0.0000     0.0000     0.0000     0.0000     0.0000     0.0000     0.0000     0.0000     0.0000     0.0000     0.0000     0.0000     0.0000     0.0000     0.0000 
Remote access              0.0204     0.0202     0.0182     0.0151     0.0119     0.0119     0.0135     0.0101     0.0177     0.0177     0.0145     0.0089     0.0329     0.0321     0.0317     0.0290 
           Variation              
I/O                        0.0000     0.0003     0.0003     0.0003     0.0003     0.0003     0.0003     0.0003     0.0003     0.0002     0.0003     0.0003     0.0004     0.0004     0.0004     0.0003 
Reduction                  0.0000     0.0000     0.0000     0.0000     0.0000     0.0000     0.0000     0.0000     0.0000     0.0000     0.0000     0.0000     0.0000     0.0000     0.0000     0.0000 
Remote access              0.0127     0.0123     0.0110     0.0110     0.0075     0.0078     0.0095     0.0093     0.0090     0.0087     0.0062     0.0040     0.0140     0.0134     0.0128     0.0126 
           Overlap                
Reduction                  0.0000     0.0000     0.0000     0.0000     0.0000     0.0000     0.0000     0.0000     0.0000     0.0000     0.0000     0.0000     0.0000     0.0000     0.0000     0.0000 
Remote access              0.0000     0.0000     0.0000     0.0000     0.0000     0.0000     0.0000     0.0000     0.0000     0.0000     0.0000     0.0000     0.0000     0.0000     0.0000     0.0000 


-------------------------------------------------------------------------
Name (number) and performance time of processors
omp.keldysh.ru(1) 0.935841
omp.keldysh.ru(2) 0.935736
omp.keldysh.ru(3) 0.961050
omp.keldysh.ru(4) 0.961366
omp.keldysh.ru(5) 0.935347
omp.keldysh.ru(6) 0.935353
omp.keldysh.ru(7) 0.935431
omp.keldysh.ru(8) 0.935421
omp.keldysh.ru(9) 0.960572
omp.keldysh.ru(10) 0.960579
omp.keldysh.ru(11) 0.956707
omp.keldysh.ru(12) 0.956668
omp.keldysh.ru(13) 0.958345
omp.keldysh.ru(14) 0.958631
omp.keldysh.ru(15) 0.960195
omp.keldysh.ru(16) 0.960185
min - omp.keldysh.ru(5) 0.935347; max - omp.keldysh.ru(4) 0.961366; mid - 0.950464
