Processor system=2*1*3*3
Statistics has been accumulated on DVM-system version 5.0, platform DVM
Analyzer is executing on DVM-system version 5.0, platform DVM
-------------------------------------------------------------------------
INTERVAL ( NLINE=5 SOURCE=prf41.f ) LEVEL=0  EXE_COUNT=2
--- The main characteristics --- 
Parallelization efficiency      0.0477 
Execution time                  0.0391 
Processors                          18
Threads amount                      18
Total time                      0.7036
Productive time                 0.0336 ( CPU= 0.0075 Sys= 0.0261 I/O= 0.0000 )
Lost  time                      0.6700 
   Insufficient parallelism     0.5271 ( User= 0.0838 Sys= 0.4434 )
   Communication                0.1355 ( Real_sync= 0.0000 Starts= 0.0000 )
   Idle time                    0.0073
Load imbalance                  0.0033
Synchronization                 0.2167
Time variation                  0.1800
Overlap                         0.1039
                  Nop   Communic    Synchro  Variation    Overlap 
I/O                12     0.0000     0.0281     0.0306     0.0000 
Reduction          22     0.0464     0.0005     0.0004     0.0000 
Remote access     180     0.0891     0.1882     0.1489     0.1039 
--- The comparative characteristics --- 
                              Tmin N proc      Tmax N proc      Tmid
Lost time                   0.0370     9     0.0378    17     0.0372 
User insufficient par.      0.0027     4     0.0051    14     0.0047 
Sys.insufficient par.       0.0156    17     0.0272     9     0.0246 
Idle time                   0.0000    18     0.0025    11     0.0004 
Communication               0.0049     9     0.0173    17     0.0075 
Synchronization             0.0015     9     0.0233    17     0.0120 
Variation                   0.0018     9     0.0221    17     0.0100 
Overlap                     0.0031    17     0.0106     9     0.0058 
Load imbalance              0.0000     9     0.0007    17     0.0002 
Execution time              0.0366    11     0.0391    18     0.0387 
User CPU time               0.0003    11     0.0005     6     0.0004 
Sys. CPU time               0.0009    17     0.0016     9     0.0014 
I/O time                    0.0000     3     0.0000     1     0.0000 
Processors                      18     1         18    18         18 
                      Communic          Synchro        Variation          Overlap  
I/O             Tmin    0.0000     1     0.0002     9     0.0004     9     0.0000     1 
I/O             Tmax    0.0000    18     0.0033    18     0.0034    18     0.0000    18 
I/O             Tmid    0.0000           0.0016           0.0017           0.0000       
Reduction       Tmin    0.0007     9     0.0000    12     0.0000    12     0.0000     1 
Reduction       Tmax    0.0069    17     0.0000    18     0.0000    18     0.0000     8 
Reduction       Tmid    0.0026           0.0000           0.0000           0.0000       
Remote access   Tmin    0.0038     7     0.0013     9     0.0014     9     0.0031    17 
Remote access   Tmax    0.0107    18     0.0200    17     0.0186    17     0.0106     9 
Remote access   Tmid    0.0049           0.0105           0.0083           0.0058       
--- The execution characteristics --- 
                                1          2          3          4          5          6          7          8          9         10         11         12         13         14         15         16         17         18 
Lost time                  0.0373     0.0372     0.0371     0.0373     0.0371     0.0371     0.0371     0.0371     0.0370     0.0372     0.0373     0.0372     0.0371     0.0371     0.0371     0.0371     0.0378     0.0377 
User insufficient par.     0.0030     0.0051     0.0050     0.0027     0.0050     0.0050     0.0051     0.0050     0.0050     0.0050     0.0027     0.0051     0.0051     0.0051     0.0050     0.0050     0.0049     0.0049 
Sys.insufficient par.      0.0255     0.0253     0.0256     0.0255     0.0257     0.0264     0.0266     0.0266     0.0272     0.0246     0.0248     0.0253     0.0252     0.0252     0.0258     0.0262     0.0156     0.0162 
Idle time                  0.0021     0.0000     0.0000     0.0025     0.0000     0.0000     0.0000     0.0000     0.0000     0.0000     0.0025     0.0000     0.0000     0.0000     0.0000     0.0000     0.0000     0.0000 
Communication              0.0067     0.0068     0.0065     0.0066     0.0064     0.0056     0.0053     0.0054     0.0049     0.0076     0.0073     0.0068     0.0068     0.0068     0.0063     0.0058     0.0173     0.0167 
Synchronization            0.0135     0.0138     0.0123     0.0117     0.0109     0.0070     0.0077     0.0072     0.0015     0.0152     0.0143     0.0122     0.0131     0.0129     0.0091     0.0101     0.0233     0.0208 
Variation                  0.0108     0.0112     0.0103     0.0094     0.0087     0.0057     0.0068     0.0064     0.0018     0.0114     0.0107     0.0097     0.0097     0.0096     0.0068     0.0081     0.0221     0.0207 
Overlap                    0.0050     0.0048     0.0056     0.0057     0.0058     0.0074     0.0073     0.0074     0.0106     0.0044     0.0046     0.0055     0.0048     0.0049     0.0065     0.0062     0.0031     0.0044 
Load imbalance             0.0003     0.0001     0.0001     0.0002     0.0001     0.0000     0.0000     0.0000     0.0000     0.0002     0.0003     0.0001     0.0001     0.0001     0.0001     0.0000     0.0007     0.0007 
Execution time             0.0370     0.0391     0.0391     0.0366     0.0391     0.0391     0.0391     0.0391     0.0391     0.0391     0.0366     0.0391     0.0391     0.0391     0.0391     0.0391     0.0391     0.0391 
User CPU time              0.0003     0.0004     0.0004     0.0003     0.0005     0.0005     0.0005     0.0005     0.0004     0.0004     0.0003     0.0004     0.0005     0.0005     0.0005     0.0005     0.0004     0.0004 
Sys. CPU time              0.0015     0.0015     0.0015     0.0015     0.0015     0.0016     0.0016     0.0016     0.0016     0.0014     0.0015     0.0015     0.0015     0.0015     0.0015     0.0015     0.0009     0.0009 
I/O time                   0.0000     0.0000     0.0000     0.0000     0.0000     0.0000     0.0000     0.0000     0.0000     0.0000     0.0000     0.0000     0.0000     0.0000     0.0000     0.0000     0.0000     0.0000 
Processors                     18         18         18         18         18         18         18         18         18         18         18         18         18         18         18         18         18         18 
           Communication          
Reduction                  0.0027     0.0027     0.0024     0.0023     0.0022     0.0015     0.0015     0.0015     0.0007     0.0026     0.0025     0.0025     0.0024     0.0024     0.0017     0.0019     0.0069     0.0060 
Remote access              0.0040     0.0041     0.0041     0.0042     0.0042     0.0041     0.0038     0.0039     0.0041     0.0049     0.0048     0.0043     0.0044     0.0044     0.0047     0.0039     0.0104     0.0107 
           Synchronization        
I/O                        0.0017     0.0017     0.0015     0.0015     0.0015     0.0009     0.0011     0.0011     0.0002     0.0019     0.0017     0.0014     0.0015     0.0015     0.0010     0.0012     0.0032     0.0033 
Reduction                  0.0000     0.0000     0.0000     0.0000     0.0000     0.0000     0.0000     0.0000     0.0000     0.0000     0.0000     0.0000     0.0000     0.0000     0.0000     0.0000     0.0000     0.0000 
Remote access              0.0119     0.0121     0.0107     0.0101     0.0094     0.0060     0.0066     0.0062     0.0013     0.0133     0.0126     0.0108     0.0115     0.0114     0.0081     0.0088     0.0200     0.0175 
           Variation              
I/O                        0.0016     0.0018     0.0017     0.0017     0.0016     0.0011     0.0013     0.0012     0.0004     0.0020     0.0018     0.0016     0.0017     0.0017     0.0012     0.0014     0.0034     0.0034 
Reduction                  0.0000     0.0000     0.0000     0.0000     0.0000     0.0000     0.0000     0.0000     0.0000     0.0000     0.0000     0.0000     0.0000     0.0000     0.0000     0.0000     0.0000     0.0000 
Remote access              0.0091     0.0093     0.0085     0.0077     0.0070     0.0046     0.0055     0.0052     0.0014     0.0094     0.0088     0.0081     0.0080     0.0080     0.0056     0.0067     0.0186     0.0172 
           Overlap                
Reduction                  0.0000     0.0000     0.0000     0.0000     0.0000     0.0000     0.0000     0.0000     0.0000     0.0000     0.0000     0.0000     0.0000     0.0000     0.0000     0.0000     0.0000     0.0000 
Remote access              0.0050     0.0048     0.0056     0.0057     0.0058     0.0074     0.0073     0.0074     0.0106     0.0044     0.0046     0.0055     0.0048     0.0049     0.0065     0.0062     0.0031     0.0044 


-------------------------------------------------------------------------
Name (number) and performance time of processors
omp.keldysh.ru(1) 0.935453
omp.keldysh.ru(2) 0.935449
omp.keldysh.ru(3) 0.954873
omp.keldysh.ru(4) 0.954580
omp.keldysh.ru(5) 0.956955
omp.keldysh.ru(6) 0.956942
omp.keldysh.ru(7) 0.954800
omp.keldysh.ru(8) 0.954906
omp.keldysh.ru(9) 0.950703
omp.keldysh.ru(10) 0.950772
omp.keldysh.ru(11) 0.956993
omp.keldysh.ru(12) 0.957000
omp.keldysh.ru(13) 0.952394
omp.keldysh.ru(14) 0.952352
omp.keldysh.ru(15) 0.935511
omp.keldysh.ru(16) 0.935370
omp.keldysh.ru(17) 0.935528
omp.keldysh.ru(18) 0.935513
min - omp.keldysh.ru(16) 0.935370; max - omp.keldysh.ru(12) 0.957000; mid - 0.948116
