Processor system=3*3*2*1
Statistics has been accumulated on DVM-system version 5.0, platform DVM
Analyzer is executing on DVM-system version 5.0, platform DVM
-------------------------------------------------------------------------
INTERVAL ( NLINE=7 SOURCE=rem42.f ) LEVEL=0  EXE_COUNT=2
--- The main characteristics --- 
Parallelization efficiency      0.0492 
Execution time                  0.0386 
Processors                          18
Threads amount                      18
Total time                      0.6941
Productive time                 0.0341 ( CPU= 0.0129 Sys= 0.0213 I/O= 0.0000 )
Lost  time                      0.6600 
   Insufficient parallelism     0.5805 ( User= 0.2187 Sys= 0.3618 )
   Communication                0.0353 ( Real_sync= 0.0000 Starts= 0.0000 )
   Idle time                    0.0442
Load imbalance                  0.0040
Synchronization                22.8454
Time variation                 22.8484
Overlap                         0.0002
                  Nop   Communic    Synchro  Variation    Overlap 
I/O                17     0.0000     0.0964     0.0989     0.0000 
Reduction           8     0.0353     0.0060     0.0060     0.0000 
Remote access    4155     0.0000    22.7430    22.7435     0.0002 
--- The comparative characteristics --- 
                              Tmin N proc      Tmax N proc      Tmid
Lost time                   0.0364     5     0.0376    17     0.0367 
User insufficient par.      0.0059    18     0.0149     6     0.0121 
Sys.insufficient par.       0.0110    17     0.0214     1     0.0201 
Idle time                   0.0000     5     0.0060    18     0.0025 
Communication               0.0002    16     0.0146    17     0.0020 
Synchronization             0.0071    16    10.4061    17     1.2692 
Variation                   0.0073    16    10.4065    17     1.2694 
Overlap                     0.0000     2     0.0001    16     0.0000 
Load imbalance              0.0000     5     0.0011    17     0.0002 
Execution time              0.0326    18     0.0386     5     0.0361 
User CPU time               0.0003    18     0.0009     6     0.0007 
Sys. CPU time               0.0006    17     0.0013    15     0.0012 
I/O time                    0.0000    17     0.0000     1     0.0000 
Processors                      18     1         18    18         18 
                      Communic          Synchro        Variation          Overlap  
I/O             Tmin    0.0000     1     0.0001    15     0.0003    15     0.0000     1 
I/O             Tmax    0.0000    18     0.0424    17     0.0426    17     0.0000    18 
I/O             Tmid    0.0000           0.0054           0.0055           0.0000       
Reduction       Tmin    0.0002    16     0.0000    15     0.0000    15     0.0000     1 
Reduction       Tmax    0.0146    17     0.0019    17     0.0019    17     0.0000    16 
Reduction       Tmid    0.0020           0.0003           0.0003           0.0000       
Remote access   Tmin    0.0000     1     0.0070    16     0.0070    16     0.0000     2 
Remote access   Tmax    0.0000    18    10.3618    17    10.3620    17     0.0001    16 
Remote access   Tmid    0.0000           1.2635           1.2635           0.0000       
--- The execution characteristics --- 
                                1          2          3          4          5          6          7          8          9         10         11         12         13         14         15         16         17         18 
Lost time                  0.0365     0.0365     0.0366     0.0366     0.0364     0.0364     0.0366     0.0365     0.0367     0.0367     0.0366     0.0365     0.0365     0.0365     0.0366     0.0366     0.0376     0.0376 
User insufficient par.     0.0141     0.0144     0.0123     0.0119     0.0147     0.0149     0.0126     0.0142     0.0105     0.0105     0.0130     0.0134     0.0137     0.0138     0.0115     0.0112     0.0060     0.0059 
Sys.insufficient par.      0.0214     0.0211     0.0213     0.0213     0.0213     0.0212     0.0212     0.0211     0.0211     0.0211     0.0212     0.0211     0.0213     0.0213     0.0214     0.0213     0.0110     0.0112 
Idle time                  0.0004     0.0004     0.0027     0.0031     0.0000     0.0000     0.0023     0.0008     0.0046     0.0046     0.0019     0.0016     0.0012     0.0012     0.0035     0.0039     0.0060     0.0060 
Communication              0.0005     0.0006     0.0003     0.0003     0.0004     0.0004     0.0004     0.0004     0.0005     0.0005     0.0004     0.0004     0.0003     0.0003     0.0002     0.0002     0.0146     0.0144 
Synchronization            0.2247     0.3080     0.0969     0.0791     0.1036     0.1036     0.1753     0.1645     0.1966     0.1966     0.1558     0.1599     0.0826     0.0826     0.0081     0.0071    10.4061    10.2942 
Variation                  0.2246     0.3082     0.0970     0.0793     0.1038     0.1038     0.1754     0.1647     0.1968     0.1968     0.1559     0.1600     0.0827     0.0827     0.0083     0.0073    10.4065    10.2946 
Overlap                    0.0000     0.0000     0.0000     0.0000     0.0000     0.0000     0.0000     0.0000     0.0000     0.0000     0.0000     0.0000     0.0000     0.0000     0.0001     0.0001     0.0000     0.0000 
Load imbalance             0.0000     0.0000     0.0001     0.0002     0.0000     0.0000     0.0001     0.0000     0.0003     0.0003     0.0001     0.0001     0.0001     0.0001     0.0002     0.0002     0.0011     0.0011 
Execution time             0.0382     0.0382     0.0358     0.0354     0.0386     0.0386     0.0362     0.0378     0.0340     0.0340     0.0366     0.0370     0.0374     0.0374     0.0351     0.0347     0.0326     0.0326 
User CPU time              0.0008     0.0008     0.0007     0.0007     0.0009     0.0009     0.0007     0.0008     0.0006     0.0006     0.0008     0.0008     0.0008     0.0008     0.0007     0.0007     0.0004     0.0003 
Sys. CPU time              0.0012     0.0012     0.0013     0.0013     0.0013     0.0012     0.0012     0.0012     0.0012     0.0012     0.0012     0.0012     0.0013     0.0013     0.0013     0.0013     0.0006     0.0007 
I/O time                   0.0000     0.0000     0.0000     0.0000     0.0000     0.0000     0.0000     0.0000     0.0000     0.0000     0.0000     0.0000     0.0000     0.0000     0.0000     0.0000     0.0000     0.0000 
Processors                     18         18         18         18         18         18         18         18         18         18         18         18         18         18         18         18         18         18 
           Communication          
Reduction                  0.0005     0.0006     0.0003     0.0003     0.0004     0.0004     0.0004     0.0004     0.0005     0.0005     0.0004     0.0004     0.0003     0.0003     0.0002     0.0002     0.0146     0.0144 
           Synchronization        
I/O                        0.0011     0.0016     0.0007     0.0006     0.0006     0.0006     0.0009     0.0008     0.0012     0.0012     0.0009     0.0009     0.0005     0.0005     0.0001     0.0001     0.0424     0.0418 
Reduction                  0.0001     0.0002     0.0002     0.0002     0.0001     0.0001     0.0001     0.0001     0.0002     0.0002     0.0002     0.0002     0.0001     0.0001     0.0000     0.0000     0.0019     0.0018 
Remote access              0.2235     0.3062     0.0960     0.0784     0.1028     0.1028     0.1743     0.1636     0.1952     0.1952     0.1548     0.1588     0.0820     0.0820     0.0080     0.0070    10.3618    10.2506 
           Variation              
I/O                        0.0010     0.0018     0.0009     0.0007     0.0008     0.0008     0.0010     0.0010     0.0013     0.0013     0.0010     0.0011     0.0006     0.0006     0.0003     0.0003     0.0426     0.0420 
Reduction                  0.0001     0.0002     0.0002     0.0002     0.0001     0.0001     0.0001     0.0001     0.0002     0.0002     0.0002     0.0002     0.0001     0.0001     0.0000     0.0000     0.0019     0.0018 
Remote access              0.2235     0.3062     0.0960     0.0784     0.1029     0.1029     0.1743     0.1636     0.1952     0.1952     0.1547     0.1588     0.0820     0.0820     0.0080     0.0070    10.3620    10.2508 
           Overlap                
Reduction                  0.0000     0.0000     0.0000     0.0000     0.0000     0.0000     0.0000     0.0000     0.0000     0.0000     0.0000     0.0000     0.0000     0.0000     0.0000     0.0000     0.0000     0.0000 
Remote access              0.0000     0.0000     0.0000     0.0000     0.0000     0.0000     0.0000     0.0000     0.0000     0.0000     0.0000     0.0000     0.0000     0.0000     0.0001     0.0001     0.0000     0.0000 


-------------------------------------------------------------------------
Name (number) and performance time of processors
omp.keldysh.ru(1) 0.935344
omp.keldysh.ru(2) 0.935261
omp.keldysh.ru(3) 0.953938
omp.keldysh.ru(4) 0.954000
omp.keldysh.ru(5) 0.952990
omp.keldysh.ru(6) 0.952984
omp.keldysh.ru(7) 0.935384
omp.keldysh.ru(8) 0.935339
omp.keldysh.ru(9) 0.953610
omp.keldysh.ru(10) 0.953593
omp.keldysh.ru(11) 0.952828
omp.keldysh.ru(12) 0.952827
omp.keldysh.ru(13) 0.955506
omp.keldysh.ru(14) 0.955451
omp.keldysh.ru(15) 0.953457
omp.keldysh.ru(16) 0.953214
omp.keldysh.ru(17) 0.956608
omp.keldysh.ru(18) 0.956589
min - omp.keldysh.ru(2) 0.935261; max - omp.keldysh.ru(17) 0.956608; mid - 0.949940
