Processor system=4*1*2*2
Statistics has been accumulated on DVM-system version 5.0, platform DVM
Analyzer is executing on DVM-system version 5.0, platform DVM
-------------------------------------------------------------------------
INTERVAL ( NLINE=7 SOURCE=sc41.f ) LEVEL=0  EXE_COUNT=1
--- The main characteristics --- 
Parallelization efficiency      0.2379 
Execution time                  2.1013 
Processors                          16
Threads amount                      16
Total time                     33.6209
Productive time                 7.9992 ( CPU= 7.9926 Sys= 0.0065 I/O= 0.0000 )
Lost  time                     25.6218 
   Insufficient parallelism    21.6245 ( User= 21.5262 Sys= 0.0983 )
   Communication                3.9771 ( Real_sync= 0.0000 Starts= 0.0000 )
   Idle time                    0.0202
Load imbalance                  1.8529
Synchronization                 0.0235
Time variation                  0.0269
Overlap                         0.0000
                  Nop   Communic    Synchro  Variation    Overlap 
I/O                11     0.0000     0.0234     0.0268     0.0000 
Reduction           9     3.9771     0.0001     0.0001     0.0000 
--- The comparative characteristics --- 
                              Tmin N proc      Tmax N proc      Tmid
Lost time                   1.4856    12     1.7530    15     1.6014 
User insufficient par.      0.9465    13     1.4803     7     1.3454 
Sys.insufficient par.       0.0047    14     0.0071     8     0.0061 
Idle time                   0.0000     6     0.0038    13     0.0013 
Communication               0.0003     9     0.7971    13     0.2486 
Synchronization             0.0000     8     0.0041    13     0.0015 
Variation                   0.0003     8     0.0043    13     0.0017 
Overlap                     0.0000     1     0.0000    16     0.0000 
Load imbalance              0.0000    12     0.2674    15     0.1158 
Execution time              2.0975    13     2.1013     6     2.1000 
User CPU time               0.3480    15     0.6153    12     0.4995 
Sys. CPU time               0.0003    14     0.0005     8     0.0004 
I/O time                    0.0000     7     0.0000     1     0.0000 
Processors                      16     1         16    16         16 
                      Communic          Synchro        Variation          Overlap  
I/O             Tmin    0.0000     1     0.0000     8     0.0003     8     0.0000     1 
I/O             Tmax    0.0000    16     0.0040    13     0.0043    13     0.0000    16 
I/O             Tmid    0.0000           0.0015           0.0017           0.0000       
Reduction       Tmin    0.0003     9     0.0000    12     0.0000    12     0.0000     1 
Reduction       Tmax    0.7971    13     0.0000     3     0.0000    10     0.0000    16 
Reduction       Tmid    0.2486           0.0000           0.0000           0.0000       
--- The execution characteristics --- 
                                1          2          3          4          5          6          7          8          9         10         11         12         13         14         15         16 
Lost time                  1.6794     1.6812     1.6788     1.6775     1.4872     1.4863     1.4909     1.4867     1.4868     1.4866     1.4864     1.4856     1.7522     1.7514     1.7530     1.7517 
User insufficient par.     1.4792     1.4755     1.4766     1.4729     1.4794     1.4770     1.4803     1.4788     1.4795     1.4782     1.4765     1.4741     0.9465     0.9483     0.9528     0.9505 
Sys.insufficient par.      0.0059     0.0056     0.0057     0.0058     0.0069     0.0071     0.0069     0.0071     0.0070     0.0070     0.0070     0.0069     0.0048     0.0047     0.0050     0.0051 
Idle time                  0.0000     0.0032     0.0013     0.0013     0.0000     0.0000     0.0000     0.0000     0.0000     0.0000     0.0000     0.0000     0.0038     0.0038     0.0038     0.0029 
Communication              0.1943     0.1969     0.1952     0.1975     0.0009     0.0022     0.0037     0.0008     0.0003     0.0014     0.0029     0.0046     0.7971     0.7946     0.7915     0.7932 
Synchronization            0.0018     0.0021     0.0019     0.0019     0.0001     0.0000     0.0002     0.0000     0.0001     0.0000     0.0001     0.0004     0.0041     0.0040     0.0035     0.0034 
Variation                  0.0018     0.0023     0.0021     0.0021     0.0004     0.0003     0.0004     0.0003     0.0003     0.0003     0.0003     0.0006     0.0043     0.0042     0.0037     0.0036 
Overlap                    0.0000     0.0000     0.0000     0.0000     0.0000     0.0000     0.0000     0.0000     0.0000     0.0000     0.0000     0.0000     0.0000     0.0000     0.0000     0.0000 
Load imbalance             0.1939     0.1957     0.1933     0.1919     0.0016     0.0008     0.0054     0.0012     0.0012     0.0011     0.0008     0.0000     0.2667     0.2659     0.2674     0.2662 
Execution time             2.1013     2.0981     2.1000     2.1000     2.1013     2.1013     2.1013     2.1013     2.1013     2.1013     2.1013     2.1013     2.0975     2.0975     2.0975     2.0984 
User CPU time              0.4215     0.4197     0.4221     0.4234     0.6137     0.6145     0.6099     0.6141     0.6141     0.6142     0.6145     0.6153     0.3488     0.3496     0.3480     0.3492 
Sys. CPU time              0.0004     0.0004     0.0004     0.0004     0.0005     0.0005     0.0005     0.0005     0.0005     0.0005     0.0005     0.0005     0.0003     0.0003     0.0003     0.0003 
I/O time                   0.0000     0.0000     0.0000     0.0000     0.0000     0.0000     0.0000     0.0000     0.0000     0.0000     0.0000     0.0000     0.0000     0.0000     0.0000     0.0000 
Processors                     16         16         16         16         16         16         16         16         16         16         16         16         16         16         16         16 
           Communication          
Reduction                  0.1943     0.1969     0.1952     0.1975     0.0009     0.0022     0.0037     0.0008     0.0003     0.0014     0.0029     0.0046     0.7971     0.7946     0.7915     0.7932 
           Synchronization        
I/O                        0.0018     0.0021     0.0019     0.0019     0.0001     0.0000     0.0002     0.0000     0.0001     0.0000     0.0001     0.0004     0.0040     0.0039     0.0035     0.0034 
Reduction                  0.0000     0.0000     0.0000     0.0000     0.0000     0.0000     0.0000     0.0000     0.0000     0.0000     0.0000     0.0000     0.0000     0.0000     0.0000     0.0000 
           Variation              
I/O                        0.0018     0.0023     0.0021     0.0021     0.0004     0.0003     0.0004     0.0003     0.0003     0.0003     0.0003     0.0006     0.0043     0.0042     0.0037     0.0036 
Reduction                  0.0000     0.0000     0.0000     0.0000     0.0000     0.0000     0.0000     0.0000     0.0000     0.0000     0.0000     0.0000     0.0000     0.0000     0.0000     0.0000 
           Overlap                
Reduction                  0.0000     0.0000     0.0000     0.0000     0.0000     0.0000     0.0000     0.0000     0.0000     0.0000     0.0000     0.0000     0.0000     0.0000     0.0000     0.0000 


-------------------------------------------------------------------------
Name (number) and performance time of processors
omp.keldysh.ru(1) 0.935364
omp.keldysh.ru(2) 0.935273
omp.keldysh.ru(3) 0.958949
omp.keldysh.ru(4) 0.958958
omp.keldysh.ru(5) 0.958781
omp.keldysh.ru(6) 0.958784
omp.keldysh.ru(7) 0.959179
omp.keldysh.ru(8) 0.959424
omp.keldysh.ru(9) 0.957539
omp.keldysh.ru(10) 0.957550
omp.keldysh.ru(11) 0.957086
omp.keldysh.ru(12) 0.957079
omp.keldysh.ru(13) 0.959336
omp.keldysh.ru(14) 0.959339
omp.keldysh.ru(15) 0.959574
omp.keldysh.ru(16) 0.959573
min - omp.keldysh.ru(2) 0.935273; max - omp.keldysh.ru(15) 0.959574; mid - 0.955737
