Processor system=4*4
Statistics has been accumulated on DVM-system version 5.0, platform DVM
Analyzer is executing on DVM-system version 5.0, platform DVM
-------------------------------------------------------------------------
INTERVAL ( NLINE=5 SOURCE=align21.f ) LEVEL=0  EXE_COUNT=1
--- The main characteristics --- 
Parallelization efficiency      0.0009 
Execution time                  0.8970 
Processors                          16
Threads amount                      16
Total time                     14.3521
Productive time                 0.0133 ( CPU= 0.0128 Sys= 0.0002 I/O= 0.0002 )
Lost  time                     14.3388 
   Insufficient parallelism     0.1819 ( User= 0.1751 Sys= 0.0069 )
   Communication               12.5327 ( Real_sync= 0.0000 Starts= 0.0000 )
   Idle time                    1.6242
Load imbalance                  0.0124
Synchronization                11.0904
Time variation                 11.0868
Overlap                         0.0000
                  Nop   Communic    Synchro  Variation    Overlap 
I/O                 6     0.0000     6.0259     6.0223     0.0000 
Reduction           6    12.5327     5.0645     5.0645     0.0000 
--- The comparative characteristics --- 
                              Tmin N proc      Tmax N proc      Tmid
Lost time                   0.8952     1     0.8969     8     0.8962 
User insufficient par.      0.0007     8     0.0229     1     0.0109 
Sys.insufficient par.       0.0002    15     0.0036     1     0.0004 
Idle time                   0.0000    13     0.1617     6     0.1015 
Communication               0.7243     6     0.8808     9     0.7833 
Synchronization             0.3046     1     1.1257     6     0.6932 
Variation                   0.3010     1     1.1257     6     0.6929 
Overlap                     0.0000     1     0.0000    13     0.0000 
Load imbalance              0.0000     1     0.0015     8     0.0008 
Execution time              0.7353     6     0.8970    13     0.7955 
User CPU time               0.0001     8     0.0016     1     0.0008 
Sys. CPU time               0.0000    15     0.0000    11     0.0000 
I/O time                    0.0000     8     0.0002     1     0.0000 
Processors                      16     1         16    16         16 
                      Communic          Synchro        Variation          Overlap  
I/O             Tmin    0.0000     1     0.1596     1     0.1560     1     0.0000     1 
I/O             Tmax    0.0000    16     0.5898     6     0.5898     6     0.0000    16 
I/O             Tmid    0.0000           0.3766           0.3764           0.0000       
Reduction       Tmin    0.7243     6     0.1440    13     0.1440    13     0.0000     1 
Reduction       Tmax    0.8808     9     0.5359     6     0.5359     6     0.0000    13 
Reduction       Tmid    0.7833           0.3165           0.3165           0.0000       
--- The execution characteristics --- 
                                1          2          3          4          5          6          7          8          9         10         11         12         13         14         15         16 
Lost time                  0.8952     0.8968     0.8959     0.8955     0.8959     0.8962     0.8960     0.8969     0.8961     0.8963     0.8968     0.8968     0.8957     0.8963     0.8966     0.8957 
User insufficient par.     0.0229     0.0022     0.0154     0.0206     0.0154     0.0100     0.0144     0.0007     0.0113     0.0094     0.0007     0.0009     0.0181     0.0097     0.0054     0.0181 
Sys.insufficient par.      0.0036     0.0003     0.0002     0.0002     0.0002     0.0002     0.0002     0.0002     0.0003     0.0002     0.0003     0.0002     0.0002     0.0002     0.0002     0.0002 
Idle time                  0.0044     0.1526     0.0740     0.1213     0.0610     0.1617     0.0990     0.1567     0.0037     0.1543     0.1071     0.1388     0.0000     0.1600     0.0935     0.1360 
Communication              0.8643     0.7418     0.8063     0.7534     0.8192     0.7243     0.7823     0.7393     0.8808     0.7324     0.7888     0.7569     0.8775     0.7264     0.7975     0.7415 
Synchronization            0.3046     0.9535     0.4560     0.5996     0.6708     1.1257     0.7069     1.0808     0.4926     0.7229     0.6906     0.7866     0.3080     0.8489     0.5390     0.8040 
Variation                  0.3010     0.9535     0.4560     0.5996     0.6708     1.1257     0.7069     1.0808     0.4926     0.7229     0.6906     0.7866     0.3080     0.8489     0.5390     0.8040 
Overlap                    0.0000     0.0000     0.0000     0.0000     0.0000     0.0000     0.0000     0.0000     0.0000     0.0000     0.0000     0.0000     0.0000     0.0000     0.0000     0.0000 
Load imbalance             0.0000     0.0014     0.0005     0.0001     0.0005     0.0008     0.0005     0.0015     0.0007     0.0009     0.0014     0.0014     0.0003     0.0009     0.0012     0.0003 
Execution time             0.8926     0.7444     0.8230     0.7757     0.8360     0.7353     0.7980     0.7403     0.8933     0.7427     0.7900     0.7582     0.8970     0.7370     0.8035     0.7610 
User CPU time              0.0016     0.0002     0.0011     0.0014     0.0011     0.0007     0.0010     0.0001     0.0009     0.0007     0.0001     0.0001     0.0013     0.0007     0.0004     0.0013 
Sys. CPU time              0.0000     0.0000     0.0000     0.0000     0.0000     0.0000     0.0000     0.0000     0.0000     0.0000     0.0000     0.0000     0.0000     0.0000     0.0000     0.0000 
I/O time                   0.0002     0.0000     0.0000     0.0000     0.0000     0.0000     0.0000     0.0000     0.0000     0.0000     0.0000     0.0000     0.0000     0.0000     0.0000     0.0000 
Processors                     16         16         16         16         16         16         16         16         16         16         16         16         16         16         16         16 
           Communication          
Reduction                  0.8643     0.7418     0.8063     0.7534     0.8192     0.7243     0.7823     0.7393     0.8808     0.7324     0.7888     0.7569     0.8775     0.7264     0.7975     0.7415 
           Synchronization        
I/O                        0.1596     0.5125     0.2650     0.3556     0.3619     0.5898     0.3449     0.5599     0.2196     0.4359     0.3956     0.4596     0.1640     0.4699     0.2920     0.4400 
Reduction                  0.1450     0.4410     0.1910     0.2440     0.3089     0.5359     0.3619     0.5209     0.2730     0.2870     0.2950     0.3270     0.1440     0.3790     0.2470     0.3640 
           Variation              
I/O                        0.1560     0.5125     0.2650     0.3556     0.3619     0.5898     0.3449     0.5599     0.2196     0.4359     0.3956     0.4596     0.1640     0.4699     0.2920     0.4400 
Reduction                  0.1450     0.4410     0.1910     0.2440     0.3089     0.5359     0.3619     0.5209     0.2730     0.2870     0.2950     0.3270     0.1440     0.3790     0.2470     0.3640 
           Overlap                
Reduction                  0.0000     0.0000     0.0000     0.0000     0.0000     0.0000     0.0000     0.0000     0.0000     0.0000     0.0000     0.0000     0.0000     0.0000     0.0000     0.0000 


-------------------------------------------------------------------------
Name (number) and performance time of processors
omp.keldysh.ru(1) 8.916130
omp.keldysh.ru(2) 0.869722
omp.keldysh.ru(3) 5.417315
omp.keldysh.ru(4) 5.428266
omp.keldysh.ru(5) 4.918895
omp.keldysh.ru(6) 0.906989
omp.keldysh.ru(7) 8.909067
omp.keldysh.ru(8) 0.885203
omp.keldysh.ru(9) 5.397453
omp.keldysh.ru(10) 5.443094
omp.keldysh.ru(11) 0.933930
omp.keldysh.ru(12) 0.933916
omp.keldysh.ru(13) 8.928449
omp.keldysh.ru(14) 0.905273
omp.keldysh.ru(15) 0.853662
omp.keldysh.ru(16) 4.955127
min - omp.keldysh.ru(15) 0.853662; max - omp.keldysh.ru(13) 8.928449; mid - 4.037656
