Processor system=1*3*6
Statistics has been accumulated on DVM-system version 5.0, platform DVM
Analyzer is executing on DVM-system version 5.0, platform DVM
-------------------------------------------------------------------------
INTERVAL ( NLINE=5 SOURCE=inoutlocal31.f ) LEVEL=0  EXE_COUNT=2
--- The main characteristics --- 
Parallelization efficiency      0.0698 
Execution time                  0.0112 
Processors                          18
Threads amount                      18
Total time                      0.2022
Productive time                 0.0141 ( CPU= 0.0132 Sys= 0.0009 I/O= 0.0000 )
Lost  time                      0.1881 
   Insufficient parallelism     0.1381 ( User= 0.1225 Sys= 0.0156 )
   Communication                0.0090 ( Real_sync= 0.0000 Starts= 0.0000 )
   Idle time                    0.0410
Load imbalance                  0.0033
Synchronization                 0.0012
Time variation                  0.0049
Overlap                         0.0000
                  Nop   Communic    Synchro  Variation    Overlap 
I/O                19     0.0000     0.0011     0.0048     0.0000 
Reduction          17     0.0090     0.0001     0.0001     0.0000 
--- The comparative characteristics --- 
                              Tmin N proc      Tmax N proc      Tmid
Lost time                   0.0103    16     0.0108     1     0.0104 
User insufficient par.      0.0035    17     0.0091    16     0.0068 
Sys.insufficient par.       0.0007    17     0.0010     1     0.0009 
Idle time                   0.0000    16     0.0054    17     0.0023 
Communication               0.0002    15     0.0012    17     0.0005 
Synchronization             0.0000    16     0.0001    17     0.0001 
Variation                   0.0000     1     0.0003    17     0.0003 
Overlap                     0.0000     1     0.0000    16     0.0000 
Load imbalance              0.0000    16     0.0005     1     0.0002 
Execution time              0.0059    17     0.0112    16     0.0090 
User CPU time               0.0004     1     0.0009    16     0.0007 
Sys. CPU time               0.0000    17     0.0001    16     0.0000 
I/O time                    0.0000    18     0.0000     1     0.0000 
Processors                      18     1         18    18         18 
                      Communic          Synchro        Variation          Overlap  
I/O             Tmin    0.0000     1     0.0000    16     0.0000     1     0.0000     1 
I/O             Tmax    0.0000    18     0.0001    17     0.0003    17     0.0000    18 
I/O             Tmid    0.0000           0.0001           0.0003           0.0000       
Reduction       Tmin    0.0002    15     0.0000    15     0.0000    15     0.0000     1 
Reduction       Tmax    0.0012    17     0.0000    18     0.0000    18     0.0000    16 
Reduction       Tmid    0.0005           0.0000           0.0000           0.0000       
--- The execution characteristics --- 
                                1          2          3          4          5          6          7          8          9         10         11         12         13         14         15         16         17         18 
Lost time                  0.0108     0.0104     0.0104     0.0103     0.0105     0.0104     0.0106     0.0104     0.0103     0.0105     0.0103     0.0104     0.0106     0.0104     0.0103     0.0103     0.0107     0.0106 
User insufficient par.     0.0047     0.0072     0.0073     0.0087     0.0054     0.0076     0.0073     0.0064     0.0080     0.0057     0.0080     0.0069     0.0081     0.0061     0.0085     0.0091     0.0035     0.0041 
Sys.insufficient par.      0.0010     0.0009     0.0009     0.0009     0.0009     0.0009     0.0009     0.0009     0.0009     0.0009     0.0009     0.0009     0.0009     0.0008     0.0009     0.0009     0.0007     0.0007 
Idle time                  0.0043     0.0019     0.0019     0.0004     0.0039     0.0016     0.0015     0.0027     0.0011     0.0035     0.0012     0.0023     0.0007     0.0031     0.0008     0.0000     0.0054     0.0047 
Communication              0.0007     0.0004     0.0003     0.0003     0.0003     0.0003     0.0008     0.0005     0.0004     0.0004     0.0003     0.0003     0.0008     0.0004     0.0002     0.0003     0.0012     0.0011 
Synchronization            0.0001     0.0001     0.0000     0.0000     0.0001     0.0000     0.0001     0.0001     0.0001     0.0001     0.0001     0.0001     0.0001     0.0001     0.0000     0.0000     0.0001     0.0001 
Variation                  0.0000     0.0003     0.0003     0.0003     0.0003     0.0003     0.0003     0.0003     0.0003     0.0003     0.0003     0.0003     0.0003     0.0003     0.0002     0.0002     0.0003     0.0003 
Overlap                    0.0000     0.0000     0.0000     0.0000     0.0000     0.0000     0.0000     0.0000     0.0000     0.0000     0.0000     0.0000     0.0000     0.0000     0.0000     0.0000     0.0000     0.0000 
Load imbalance             0.0005     0.0001     0.0001     0.0000     0.0002     0.0001     0.0003     0.0001     0.0001     0.0002     0.0001     0.0001     0.0003     0.0001     0.0001     0.0000     0.0004     0.0004 
Execution time             0.0069     0.0093     0.0093     0.0108     0.0073     0.0097     0.0097     0.0085     0.0101     0.0078     0.0101     0.0089     0.0105     0.0081     0.0105     0.0112     0.0059     0.0066 
User CPU time              0.0004     0.0008     0.0008     0.0009     0.0007     0.0008     0.0006     0.0008     0.0009     0.0007     0.0008     0.0008     0.0006     0.0008     0.0009     0.0009     0.0005     0.0005 
Sys. CPU time              0.0000     0.0001     0.0001     0.0001     0.0001     0.0001     0.0001     0.0001     0.0000     0.0001     0.0001     0.0001     0.0001     0.0000     0.0001     0.0001     0.0000     0.0000 
I/O time                   0.0000     0.0000     0.0000     0.0000     0.0000     0.0000     0.0000     0.0000     0.0000     0.0000     0.0000     0.0000     0.0000     0.0000     0.0000     0.0000     0.0000     0.0000 
Processors                     18         18         18         18         18         18         18         18         18         18         18         18         18         18         18         18         18         18 
           Communication          
Reduction                  0.0007     0.0004     0.0003     0.0003     0.0003     0.0003     0.0008     0.0005     0.0004     0.0004     0.0003     0.0003     0.0008     0.0004     0.0002     0.0003     0.0012     0.0011 
           Synchronization        
I/O                        0.0000     0.0000     0.0000     0.0000     0.0001     0.0000     0.0001     0.0001     0.0001     0.0001     0.0000     0.0001     0.0001     0.0001     0.0000     0.0000     0.0001     0.0001 
Reduction                  0.0000     0.0000     0.0000     0.0000     0.0000     0.0000     0.0000     0.0000     0.0000     0.0000     0.0000     0.0000     0.0000     0.0000     0.0000     0.0000     0.0000     0.0000 
           Variation              
I/O                        0.0000     0.0003     0.0002     0.0003     0.0003     0.0002     0.0003     0.0003     0.0003     0.0003     0.0003     0.0003     0.0003     0.0003     0.0002     0.0002     0.0003     0.0003 
Reduction                  0.0000     0.0000     0.0000     0.0000     0.0000     0.0000     0.0000     0.0000     0.0000     0.0000     0.0000     0.0000     0.0000     0.0000     0.0000     0.0000     0.0000     0.0000 
           Overlap                
Reduction                  0.0000     0.0000     0.0000     0.0000     0.0000     0.0000     0.0000     0.0000     0.0000     0.0000     0.0000     0.0000     0.0000     0.0000     0.0000     0.0000     0.0000     0.0000 


-------------------------------------------------------------------------
Name (number) and performance time of processors
omp.keldysh.ru(1) 0.934033
omp.keldysh.ru(2) 0.933949
omp.keldysh.ru(3) 0.955172
omp.keldysh.ru(4) 0.955168
omp.keldysh.ru(5) 0.952401
omp.keldysh.ru(6) 0.952380
omp.keldysh.ru(7) 0.951097
omp.keldysh.ru(8) 0.951091
omp.keldysh.ru(9) 0.951455
omp.keldysh.ru(10) 0.951452
omp.keldysh.ru(11) 0.955781
omp.keldysh.ru(12) 0.955782
omp.keldysh.ru(13) 0.933716
omp.keldysh.ru(14) 0.933691
omp.keldysh.ru(15) 0.956084
omp.keldysh.ru(16) 0.956381
omp.keldysh.ru(17) 0.956023
omp.keldysh.ru(18) 0.955977
min - omp.keldysh.ru(14) 0.933691; max - omp.keldysh.ru(16) 0.956381; mid - 0.949535
