Processor system=2*2*2*2
Statistics has been accumulated on DVM-system version 5.0, platform DVM
Analyzer is executing on DVM-system version 5.0, platform DVM
-------------------------------------------------------------------------
INTERVAL ( NLINE=8 SOURCE=red42.f ) LEVEL=0  EXE_COUNT=1
--- The main characteristics --- 
Parallelization efficiency      0.0454 
Execution time                  0.0100 
Processors                          16
Threads amount                      16
Total time                      0.1594
Productive time                 0.0072 ( CPU= 0.0064 Sys= 0.0008 I/O= 0.0000 )
Lost  time                      0.1522 
   Insufficient parallelism     0.1086 ( User= 0.0962 Sys= 0.0124 )
   Communication                0.0041 ( Real_sync= 0.0000 Starts= 0.0000 )
   Idle time                    0.0395
Load imbalance                  0.0025
Synchronization                 0.1250
Time variation                  0.1270
Overlap                         0.0000
                  Nop   Communic    Synchro  Variation    Overlap 
I/O                16     0.0000     0.0464     0.0483     0.0000 
Reduction          14     0.0041     0.0397     0.0397     0.0000 
Remote access      36     0.0000     0.0389     0.0389     0.0000 
--- The comparative characteristics --- 
                              Tmin N proc      Tmax N proc      Tmid
Lost time                   0.0094    11     0.0097    14     0.0095 
User insufficient par.      0.0036    15     0.0083    11     0.0060 
Sys.insufficient par.       0.0006    14     0.0010     1     0.0008 
Idle time                   0.0000    11     0.0051    15     0.0025 
Communication               0.0002     1     0.0003    14     0.0003 
Synchronization             0.0004     3     0.0283    14     0.0078 
Variation                   0.0006     3     0.0285    14     0.0079 
Overlap                     0.0000     1     0.0000    14     0.0000 
Load imbalance              0.0000    11     0.0003    14     0.0002 
Execution time              0.0048    15     0.0100    11     0.0075 
User CPU time               0.0002    15     0.0006    11     0.0004 
Sys. CPU time               0.0000    14     0.0001     6     0.0000 
I/O time                    0.0000    16     0.0000     1     0.0000 
Processors                      16     1         16    16         16 
                      Communic          Synchro        Variation          Overlap  
I/O             Tmin    0.0000     1     0.0002     3     0.0003     3     0.0000     1 
I/O             Tmax    0.0000    16     0.0105    14     0.0106    14     0.0000    16 
I/O             Tmid    0.0000           0.0029           0.0030           0.0000       
Reduction       Tmin    0.0002     1     0.0002    10     0.0002    10     0.0000     1 
Reduction       Tmax    0.0003    14     0.0089    14     0.0089    14     0.0000    14 
Reduction       Tmid    0.0003           0.0025           0.0025           0.0000       
Remote access   Tmin    0.0000     1     0.0001    10     0.0001    10     0.0000     1 
Remote access   Tmax    0.0000    16     0.0089    14     0.0089    14     0.0000    10 
Remote access   Tmid    0.0000           0.0024           0.0024           0.0000       
--- The execution characteristics --- 
                                1          2          3          4          5          6          7          8          9         10         11         12         13         14         15         16 
Lost time                  0.0094     0.0094     0.0095     0.0095     0.0095     0.0094     0.0094     0.0094     0.0096     0.0095     0.0094     0.0096     0.0097     0.0097     0.0097     0.0097 
User insufficient par.     0.0074     0.0075     0.0061     0.0058     0.0064     0.0079     0.0079     0.0072     0.0050     0.0069     0.0083     0.0051     0.0037     0.0037     0.0036     0.0036 
Sys.insufficient par.      0.0010     0.0008     0.0008     0.0008     0.0008     0.0009     0.0008     0.0008     0.0008     0.0008     0.0008     0.0008     0.0006     0.0006     0.0007     0.0006 
Idle time                  0.0008     0.0008     0.0023     0.0027     0.0020     0.0004     0.0004     0.0012     0.0035     0.0016     0.0000     0.0035     0.0051     0.0051     0.0051     0.0051 
Communication              0.0002     0.0003     0.0002     0.0002     0.0002     0.0002     0.0002     0.0002     0.0002     0.0003     0.0003     0.0003     0.0003     0.0003     0.0003     0.0003 
Synchronization            0.0060     0.0059     0.0004     0.0004     0.0035     0.0012     0.0007     0.0006     0.0007     0.0005     0.0009     0.0010     0.0249     0.0283     0.0248     0.0251 
Variation                  0.0059     0.0060     0.0006     0.0006     0.0036     0.0014     0.0008     0.0008     0.0008     0.0006     0.0011     0.0012     0.0250     0.0285     0.0249     0.0253 
Overlap                    0.0000     0.0000     0.0000     0.0000     0.0000     0.0000     0.0000     0.0000     0.0000     0.0000     0.0000     0.0000     0.0000     0.0000     0.0000     0.0000 
Load imbalance             0.0001     0.0001     0.0001     0.0002     0.0001     0.0000     0.0000     0.0001     0.0002     0.0001     0.0000     0.0002     0.0003     0.0003     0.0003     0.0003 
Execution time             0.0092     0.0092     0.0076     0.0072     0.0080     0.0096     0.0096     0.0088     0.0065     0.0084     0.0100     0.0065     0.0048     0.0048     0.0048     0.0048 
User CPU time              0.0005     0.0005     0.0004     0.0004     0.0004     0.0005     0.0005     0.0005     0.0003     0.0005     0.0006     0.0003     0.0002     0.0002     0.0002     0.0002 
Sys. CPU time              0.0000     0.0001     0.0001     0.0001     0.0001     0.0001     0.0001     0.0001     0.0001     0.0001     0.0001     0.0001     0.0000     0.0000     0.0000     0.0000 
I/O time                   0.0000     0.0000     0.0000     0.0000     0.0000     0.0000     0.0000     0.0000     0.0000     0.0000     0.0000     0.0000     0.0000     0.0000     0.0000     0.0000 
Processors                     16         16         16         16         16         16         16         16         16         16         16         16         16         16         16         16 
           Communication          
Reduction                  0.0002     0.0003     0.0002     0.0002     0.0002     0.0002     0.0002     0.0002     0.0002     0.0003     0.0003     0.0003     0.0003     0.0003     0.0003     0.0003 
           Synchronization        
I/O                        0.0021     0.0021     0.0002     0.0002     0.0014     0.0005     0.0003     0.0003     0.0003     0.0003     0.0004     0.0004     0.0092     0.0105     0.0091     0.0093 
Reduction                  0.0020     0.0019     0.0002     0.0002     0.0011     0.0003     0.0003     0.0003     0.0002     0.0002     0.0003     0.0004     0.0078     0.0089     0.0078     0.0079 
Remote access              0.0019     0.0018     0.0001     0.0001     0.0011     0.0004     0.0001     0.0001     0.0001     0.0001     0.0002     0.0003     0.0079     0.0089     0.0079     0.0080 
           Variation              
I/O                        0.0020     0.0022     0.0003     0.0003     0.0015     0.0007     0.0004     0.0004     0.0005     0.0004     0.0005     0.0005     0.0093     0.0106     0.0092     0.0094 
Reduction                  0.0020     0.0019     0.0002     0.0002     0.0011     0.0003     0.0003     0.0003     0.0002     0.0002     0.0003     0.0004     0.0078     0.0089     0.0078     0.0079 
Remote access              0.0019     0.0018     0.0001     0.0001     0.0011     0.0004     0.0001     0.0001     0.0001     0.0001     0.0002     0.0003     0.0079     0.0089     0.0079     0.0080 
           Overlap                
Reduction                  0.0000     0.0000     0.0000     0.0000     0.0000     0.0000     0.0000     0.0000     0.0000     0.0000     0.0000     0.0000     0.0000     0.0000     0.0000     0.0000 
Remote access              0.0000     0.0000     0.0000     0.0000     0.0000     0.0000     0.0000     0.0000     0.0000     0.0000     0.0000     0.0000     0.0000     0.0000     0.0000     0.0000 


-------------------------------------------------------------------------
Name (number) and performance time of processors
omp.keldysh.ru(1) 0.935372
omp.keldysh.ru(2) 0.935325
omp.keldysh.ru(3) 0.954254
omp.keldysh.ru(4) 0.954297
omp.keldysh.ru(5) 0.935468
omp.keldysh.ru(6) 0.935167
omp.keldysh.ru(7) 0.954396
omp.keldysh.ru(8) 0.954389
omp.keldysh.ru(9) 0.953499
omp.keldysh.ru(10) 0.953512
omp.keldysh.ru(11) 0.955572
omp.keldysh.ru(12) 0.955586
omp.keldysh.ru(13) 0.949137
omp.keldysh.ru(14) 0.949147
omp.keldysh.ru(15) 0.953557
omp.keldysh.ru(16) 0.953549
min - omp.keldysh.ru(6) 0.935167; max - omp.keldysh.ru(12) 0.955586; mid - 0.948889
