Processor system=1*4*4
Statistics has been accumulated on DVM-system version 5.0, platform DVM
Analyzer is executing on DVM-system version 5.0, platform DVM
-------------------------------------------------------------------------
INTERVAL ( NLINE=5 SOURCE=align33.f ) LEVEL=0  EXE_COUNT=1
--- The main characteristics --- 
Parallelization efficiency      0.0674 
Execution time                  0.0048 
Processors                          16
Threads amount                      16
Total time                      0.0764
Productive time                 0.0051 ( CPU= 0.0050 Sys= 0.0001 I/O= 0.0000 )
Lost  time                      0.0712 
   Insufficient parallelism     0.0639 ( User= 0.0618 Sys= 0.0020 )
   Communication                0.0016 ( Real_sync= 0.0000 Starts= 0.0000 )
   Idle time                    0.0057
Load imbalance                  0.0008
Synchronization                 0.0004
Time variation                  0.0018
Overlap                         0.0000
                  Nop   Communic    Synchro  Variation    Overlap 
I/O                 3     0.0000     0.0003     0.0017     0.0000 
Reduction           1     0.0016     0.0001     0.0001     0.0000 
--- The comparative characteristics --- 
                              Tmin N proc      Tmax N proc      Tmid
Lost time                   0.0044     6     0.0045     2     0.0045 
User insufficient par.      0.0020     2     0.0042     5     0.0039 
Sys.insufficient par.       0.0001    13     0.0002     1     0.0001 
Idle time                   0.0000     5     0.0024     2     0.0004 
Communication               0.0000     1     0.0001    15     0.0001 
Synchronization             0.0000     4     0.0000    15     0.0000 
Variation                   0.0000     1     0.0001    15     0.0001 
Overlap                     0.0000     1     0.0000    11     0.0000 
Load imbalance              0.0000     6     0.0001     2     0.0000 
Execution time              0.0024     2     0.0048     5     0.0044 
User CPU time               0.0002     2     0.0004     6     0.0003 
Sys. CPU time               0.0000    13     0.0000     6     0.0000 
I/O time                    0.0000     6     0.0000     1     0.0000 
Processors                      16     1         16    16         16 
                      Communic          Synchro        Variation          Overlap  
I/O             Tmin    0.0000     1     0.0000     4     0.0000     1     0.0000     1 
I/O             Tmax    0.0000    16     0.0000    15     0.0001    15     0.0000    16 
I/O             Tmid    0.0000           0.0000           0.0001           0.0000       
Reduction       Tmin    0.0000     1     0.0000     7     0.0000     7     0.0000     1 
Reduction       Tmax    0.0001    15     0.0000    16     0.0000    16     0.0000    11 
Reduction       Tmid    0.0001           0.0000           0.0000           0.0000       
--- The execution characteristics --- 
                                1          2          3          4          5          6          7          8          9         10         11         12         13         14         15         16 
Lost time                  0.0044     0.0045     0.0045     0.0044     0.0044     0.0044     0.0044     0.0044     0.0044     0.0044     0.0044     0.0044     0.0044     0.0044     0.0045     0.0044 
User insufficient par.     0.0041     0.0020     0.0030     0.0041     0.0042     0.0042     0.0042     0.0042     0.0042     0.0042     0.0042     0.0042     0.0041     0.0041     0.0027     0.0041 
Sys.insufficient par.      0.0002     0.0001     0.0001     0.0001     0.0001     0.0001     0.0001     0.0001     0.0001     0.0001     0.0001     0.0001     0.0001     0.0001     0.0001     0.0001 
Idle time                  0.0001     0.0024     0.0013     0.0001     0.0000     0.0000     0.0000     0.0000     0.0000     0.0000     0.0000     0.0000     0.0001     0.0001     0.0016     0.0001 
Communication              0.0000     0.0001     0.0001     0.0001     0.0001     0.0001     0.0001     0.0001     0.0001     0.0001     0.0001     0.0001     0.0001     0.0001     0.0001     0.0001 
Synchronization            0.0000     0.0000     0.0000     0.0000     0.0000     0.0000     0.0000     0.0000     0.0000     0.0000     0.0000     0.0000     0.0000     0.0000     0.0000     0.0000 
Variation                  0.0000     0.0001     0.0001     0.0001     0.0001     0.0001     0.0001     0.0001     0.0001     0.0001     0.0001     0.0001     0.0001     0.0001     0.0001     0.0001 
Overlap                    0.0000     0.0000     0.0000     0.0000     0.0000     0.0000     0.0000     0.0000     0.0000     0.0000     0.0000     0.0000     0.0000     0.0000     0.0000     0.0000 
Load imbalance             0.0000     0.0001     0.0001     0.0000     0.0000     0.0000     0.0000     0.0000     0.0000     0.0000     0.0000     0.0000     0.0000     0.0000     0.0001     0.0000 
Execution time             0.0047     0.0024     0.0035     0.0047     0.0048     0.0048     0.0048     0.0048     0.0048     0.0048     0.0048     0.0048     0.0047     0.0047     0.0031     0.0047 
User CPU time              0.0003     0.0002     0.0002     0.0003     0.0004     0.0004     0.0003     0.0003     0.0003     0.0003     0.0003     0.0003     0.0003     0.0003     0.0002     0.0003 
Sys. CPU time              0.0000     0.0000     0.0000     0.0000     0.0000     0.0000     0.0000     0.0000     0.0000     0.0000     0.0000     0.0000     0.0000     0.0000     0.0000     0.0000 
I/O time                   0.0000     0.0000     0.0000     0.0000     0.0000     0.0000     0.0000     0.0000     0.0000     0.0000     0.0000     0.0000     0.0000     0.0000     0.0000     0.0000 
Processors                     16         16         16         16         16         16         16         16         16         16         16         16         16         16         16         16 
           Communication          
Reduction                  0.0000     0.0001     0.0001     0.0001     0.0001     0.0001     0.0001     0.0001     0.0001     0.0001     0.0001     0.0001     0.0001     0.0001     0.0001     0.0001 
           Synchronization        
I/O                        0.0000     0.0000     0.0000     0.0000     0.0000     0.0000     0.0000     0.0000     0.0000     0.0000     0.0000     0.0000     0.0000     0.0000     0.0000     0.0000 
Reduction                  0.0000     0.0000     0.0000     0.0000     0.0000     0.0000     0.0000     0.0000     0.0000     0.0000     0.0000     0.0000     0.0000     0.0000     0.0000     0.0000 
           Variation              
I/O                        0.0000     0.0001     0.0001     0.0001     0.0001     0.0001     0.0001     0.0001     0.0001     0.0001     0.0001     0.0001     0.0001     0.0001     0.0001     0.0001 
Reduction                  0.0000     0.0000     0.0000     0.0000     0.0000     0.0000     0.0000     0.0000     0.0000     0.0000     0.0000     0.0000     0.0000     0.0000     0.0000     0.0000 
           Overlap                
Reduction                  0.0000     0.0000     0.0000     0.0000     0.0000     0.0000     0.0000     0.0000     0.0000     0.0000     0.0000     0.0000     0.0000     0.0000     0.0000     0.0000 


-------------------------------------------------------------------------
Name (number) and performance time of processors
omp.keldysh.ru(1) 0.933712
omp.keldysh.ru(2) 0.933642
omp.keldysh.ru(3) 0.958724
omp.keldysh.ru(4) 0.958712
omp.keldysh.ru(5) 0.958963
omp.keldysh.ru(6) 0.958967
omp.keldysh.ru(7) 0.957774
omp.keldysh.ru(8) 0.957764
omp.keldysh.ru(9) 0.960271
omp.keldysh.ru(10) 0.960274
omp.keldysh.ru(11) 0.958640
omp.keldysh.ru(12) 0.958652
omp.keldysh.ru(13) 0.956737
omp.keldysh.ru(14) 0.957029
omp.keldysh.ru(15) 0.959167
omp.keldysh.ru(16) 0.959161
min - omp.keldysh.ru(2) 0.933642; max - omp.keldysh.ru(10) 0.960274; mid - 0.955512
