Processor system=3*3*1*2
Statistics has been accumulated on DVM-system version 5.0, platform DVM
Analyzer is executing on DVM-system version 5.0, platform DVM
-------------------------------------------------------------------------
INTERVAL ( NLINE=7 SOURCE=sh42.f ) LEVEL=0  EXE_COUNT=2
--- The main characteristics --- 
Parallelization efficiency      0.0505 
Execution time                  0.2544 
Processors                          18
Threads amount                      18
Total time                      4.5783
Productive time                 0.2310 ( CPU= 0.2291 Sys= 0.0019 I/O= 0.0000 )
Lost  time                      4.3473 
   Insufficient parallelism     3.9275 ( User= 3.8948 Sys= 0.0326 )
   Communication                0.0046 ( Real_sync= 0.0000 Starts= 0.0000 )
   Idle time                    0.4152
Load imbalance                  0.0231
Synchronization                 1.6818
Time variation                  1.6840
Overlap                         0.0000
                  Nop   Communic    Synchro  Variation    Overlap 
I/O                12     0.0000     0.8148     0.8170     0.0000 
Reduction          10     0.0046     0.4295     0.4294     0.0000 
Shadow             10     0.0000     0.4375     0.4375     0.0000 
--- The comparative characteristics --- 
                              Tmin N proc      Tmax N proc      Tmid
Lost time                   0.2402     8     0.2505    17     0.2415 
User insufficient par.      0.0635    17     0.2379     8     0.2164 
Sys.insufficient par.       0.0012    18     0.0022    15     0.0018 
Idle time                   0.0000     8     0.1854    17     0.0231 
Communication               0.0002     3     0.0003    17     0.0003 
Synchronization             0.0004    15     0.7776    17     0.0934 
Variation                   0.0005    15     0.7777    17     0.0936 
Overlap                     0.0000     2     0.0000    15     0.0000 
Load imbalance              0.0000     8     0.0103    17     0.0013 
Execution time              0.0690    17     0.2544     8     0.2313 
User CPU time               0.0037    17     0.0140     8     0.0127 
Sys. CPU time               0.0001    18     0.0001    15     0.0001 
I/O time                    0.0000     2     0.0000     1     0.0000 
Processors                      18     1         18    18         18 
                      Communic          Synchro        Variation          Overlap  
I/O             Tmin    0.0000     1     0.0001    15     0.0002    15     0.0000     1 
I/O             Tmax    0.0000    18     0.3830    17     0.3831    17     0.0000    18 
I/O             Tmid    0.0000           0.0453           0.0454           0.0000       
Reduction       Tmin    0.0002     3     0.0000    15     0.0000    15     0.0000     2 
Reduction       Tmax    0.0003    17     0.1990    17     0.1990    17     0.0000    15 
Reduction       Tmid    0.0003           0.0239           0.0239           0.0000       
Shadow          Tmin    0.0000     1     0.0002    16     0.0002    16     0.0000     2 
Shadow          Tmax    0.0000    18     0.1956    17     0.1956    17     0.0000    16 
Shadow          Tmid    0.0000           0.0243           0.0243           0.0000       
--- The execution characteristics --- 
                                1          2          3          4          5          6          7          8          9         10         11         12         13         14         15         16         17         18 
Lost time                  0.2403     0.2405     0.2403     0.2403     0.2403     0.2403     0.2402     0.2402     0.2405     0.2404     0.2405     0.2406     0.2406     0.2406     0.2403     0.2403     0.2505     0.2505 
User insufficient par.     0.2370     0.2334     0.2371     0.2372     0.2372     0.2373     0.2376     0.2379     0.2344     0.2354     0.2337     0.2319     0.2315     0.2322     0.2370     0.2371     0.0635     0.0636 
Sys.insufficient par.      0.0022     0.0019     0.0021     0.0020     0.0020     0.0019     0.0021     0.0021     0.0016     0.0015     0.0016     0.0016     0.0018     0.0015     0.0022     0.0021     0.0013     0.0012 
Idle time                  0.0009     0.0049     0.0009     0.0009     0.0009     0.0009     0.0003     0.0000     0.0042     0.0033     0.0049     0.0069     0.0072     0.0066     0.0009     0.0009     0.1854     0.1854 
Communication              0.0002     0.0003     0.0002     0.0002     0.0002     0.0002     0.0002     0.0002     0.0002     0.0003     0.0003     0.0003     0.0003     0.0003     0.0002     0.0002     0.0003     0.0003 
Synchronization            0.0052     0.0149     0.0054     0.0057     0.0042     0.0059     0.0044     0.0036     0.0110     0.0117     0.0111     0.0158     0.0169     0.0172     0.0004     0.0006     0.7776     0.7701 
Variation                  0.0051     0.0151     0.0056     0.0059     0.0043     0.0060     0.0045     0.0038     0.0111     0.0119     0.0112     0.0160     0.0171     0.0173     0.0005     0.0007     0.7777     0.7703 
Overlap                    0.0000     0.0000     0.0000     0.0000     0.0000     0.0000     0.0000     0.0000     0.0000     0.0000     0.0000     0.0000     0.0000     0.0000     0.0000     0.0000     0.0000     0.0000 
Load imbalance             0.0001     0.0003     0.0000     0.0000     0.0000     0.0000     0.0000     0.0000     0.0002     0.0002     0.0003     0.0004     0.0004     0.0004     0.0000     0.0000     0.0103     0.0103 
Execution time             0.2534     0.2495     0.2535     0.2535     0.2535     0.2535     0.2541     0.2544     0.2501     0.2510     0.2495     0.2475     0.2472     0.2477     0.2535     0.2535     0.0690     0.0690 
User CPU time              0.0139     0.0137     0.0139     0.0140     0.0140     0.0140     0.0140     0.0140     0.0138     0.0138     0.0137     0.0136     0.0136     0.0137     0.0139     0.0139     0.0037     0.0037 
Sys. CPU time              0.0001     0.0001     0.0001     0.0001     0.0001     0.0001     0.0001     0.0001     0.0001     0.0001     0.0001     0.0001     0.0001     0.0001     0.0001     0.0001     0.0001     0.0001 
I/O time                   0.0000     0.0000     0.0000     0.0000     0.0000     0.0000     0.0000     0.0000     0.0000     0.0000     0.0000     0.0000     0.0000     0.0000     0.0000     0.0000     0.0000     0.0000 
Processors                     18         18         18         18         18         18         18         18         18         18         18         18         18         18         18         18         18         18 
           Communication          
Reduction                  0.0002     0.0003     0.0002     0.0002     0.0002     0.0002     0.0002     0.0002     0.0002     0.0003     0.0003     0.0003     0.0003     0.0003     0.0002     0.0002     0.0003     0.0003 
           Synchronization        
I/O                        0.0021     0.0055     0.0015     0.0018     0.0017     0.0021     0.0010     0.0011     0.0041     0.0046     0.0049     0.0068     0.0070     0.0073     0.0001     0.0002     0.3830     0.3799 
Reduction                  0.0014     0.0036     0.0013     0.0014     0.0012     0.0014     0.0009     0.0010     0.0031     0.0031     0.0028     0.0039     0.0040     0.0043     0.0000     0.0002     0.1990     0.1968 
Shadow                     0.0017     0.0059     0.0026     0.0025     0.0014     0.0024     0.0024     0.0015     0.0038     0.0040     0.0033     0.0051     0.0059     0.0055     0.0003     0.0002     0.1956     0.1934 
           Variation              
I/O                        0.0020     0.0057     0.0017     0.0019     0.0018     0.0022     0.0012     0.0013     0.0043     0.0048     0.0051     0.0069     0.0071     0.0075     0.0002     0.0003     0.3831     0.3800 
Reduction                  0.0014     0.0035     0.0013     0.0014     0.0011     0.0014     0.0009     0.0010     0.0031     0.0031     0.0028     0.0039     0.0040     0.0043     0.0000     0.0002     0.1990     0.1968 
Shadow                     0.0017     0.0059     0.0026     0.0025     0.0014     0.0024     0.0024     0.0015     0.0038     0.0040     0.0033     0.0051     0.0059     0.0055     0.0003     0.0002     0.1956     0.1934 
           Overlap                
Reduction                  0.0000     0.0000     0.0000     0.0000     0.0000     0.0000     0.0000     0.0000     0.0000     0.0000     0.0000     0.0000     0.0000     0.0000     0.0000     0.0000     0.0000     0.0000 
Shadow                     0.0000     0.0000     0.0000     0.0000     0.0000     0.0000     0.0000     0.0000     0.0000     0.0000     0.0000     0.0000     0.0000     0.0000     0.0000     0.0000     0.0000     0.0000 


-------------------------------------------------------------------------
Name (number) and performance time of processors
omp.keldysh.ru(1) 0.935429
omp.keldysh.ru(2) 0.935350
omp.keldysh.ru(3) 0.956266
omp.keldysh.ru(4) 0.956253
omp.keldysh.ru(5) 0.954720
omp.keldysh.ru(6) 0.954739
omp.keldysh.ru(7) 0.958396
omp.keldysh.ru(8) 0.958408
omp.keldysh.ru(9) 0.956081
omp.keldysh.ru(10) 0.956069
omp.keldysh.ru(11) 0.958825
omp.keldysh.ru(12) 0.958826
omp.keldysh.ru(13) 0.935531
omp.keldysh.ru(14) 0.935472
omp.keldysh.ru(15) 0.957109
omp.keldysh.ru(16) 0.956759
omp.keldysh.ru(17) 0.953589
omp.keldysh.ru(18) 0.953569
min - omp.keldysh.ru(2) 0.935350; max - omp.keldysh.ru(12) 0.958826; mid - 0.951744
