Processor system=2*2*4
Statistics has been accumulated on DVM-system version 5.0, platform DVM
Analyzer is executing on DVM-system version 5.0, platform DVM
-------------------------------------------------------------------------
INTERVAL ( NLINE=5 SOURCE=inoutlocal33.f ) LEVEL=0  EXE_COUNT=1
--- The main characteristics --- 
Parallelization efficiency      0.0558 
Execution time                  0.0073 
Processors                          16
Threads amount                      16
Total time                      0.1175
Productive time                 0.0066 ( CPU= 0.0057 Sys= 0.0009 I/O= 0.0000 )
Lost  time                      0.1110 
   Insufficient parallelism     0.0984 ( User= 0.0850 Sys= 0.0133 )
   Communication                0.0046 ( Real_sync= 0.0000 Starts= 0.0000 )
   Idle time                    0.0080
Load imbalance                  0.0005
Synchronization                 0.0647
Time variation                  0.0666
Overlap                         0.0000
                  Nop   Communic    Synchro  Variation    Overlap 
I/O                18     0.0000     0.0345     0.0364     0.0000 
Reduction          16     0.0046     0.0302     0.0302     0.0000 
--- The comparative characteristics --- 
                              Tmin N proc      Tmax N proc      Tmid
Lost time                   0.0069     1     0.0071    15     0.0069 
User insufficient par.      0.0034    15     0.0058     3     0.0053 
Sys.insufficient par.       0.0006    14     0.0010     1     0.0008 
Idle time                   0.0000     3     0.0027    15     0.0005 
Communication               0.0002     1     0.0003    16     0.0003 
Synchronization             0.0001    11     0.0183    14     0.0040 
Variation                   0.0002    11     0.0185    14     0.0042 
Overlap                     0.0000     1     0.0000     8     0.0000 
Load imbalance              0.0000     6     0.0002    15     0.0000 
Execution time              0.0046    15     0.0073     3     0.0068 
User CPU time               0.0002    15     0.0004     3     0.0004 
Sys. CPU time               0.0000    14     0.0001    11     0.0001 
I/O time                    0.0000    15     0.0000     1     0.0000 
Processors                      16     1         16    16         16 
                      Communic          Synchro        Variation          Overlap  
I/O             Tmin    0.0000     1     0.0001    11     0.0002    11     0.0000     1 
I/O             Tmax    0.0000    16     0.0098    14     0.0099    14     0.0000    16 
I/O             Tmid    0.0000           0.0022           0.0023           0.0000       
Reduction       Tmin    0.0002     1     0.0000    12     0.0000    12     0.0000     1 
Reduction       Tmax    0.0003    16     0.0085    14     0.0085    14     0.0000     8 
Reduction       Tmid    0.0003           0.0019           0.0019           0.0000       
--- The execution characteristics --- 
                                1          2          3          4          5          6          7          8          9         10         11         12         13         14         15         16 
Lost time                  0.0069     0.0069     0.0069     0.0069     0.0069     0.0069     0.0069     0.0069     0.0069     0.0069     0.0069     0.0069     0.0070     0.0071     0.0071     0.0069 
User insufficient par.     0.0057     0.0057     0.0058     0.0057     0.0057     0.0057     0.0057     0.0057     0.0057     0.0057     0.0057     0.0057     0.0040     0.0034     0.0034     0.0057 
Sys.insufficient par.      0.0010     0.0009     0.0009     0.0009     0.0009     0.0009     0.0009     0.0009     0.0009     0.0009     0.0009     0.0009     0.0007     0.0006     0.0006     0.0008 
Idle time                  0.0000     0.0000     0.0000     0.0000     0.0000     0.0000     0.0001     0.0001     0.0001     0.0001     0.0000     0.0000     0.0020     0.0027     0.0027     0.0001 
Communication              0.0002     0.0003     0.0003     0.0003     0.0003     0.0003     0.0003     0.0003     0.0003     0.0003     0.0003     0.0003     0.0003     0.0003     0.0003     0.0003 
Synchronization            0.0015     0.0015     0.0006     0.0006     0.0004     0.0004     0.0002     0.0002     0.0005     0.0005     0.0001     0.0001     0.0148     0.0183     0.0170     0.0083 
Variation                  0.0013     0.0016     0.0007     0.0007     0.0005     0.0005     0.0003     0.0003     0.0006     0.0006     0.0002     0.0002     0.0150     0.0185     0.0171     0.0085 
Overlap                    0.0000     0.0000     0.0000     0.0000     0.0000     0.0000     0.0000     0.0000     0.0000     0.0000     0.0000     0.0000     0.0000     0.0000     0.0000     0.0000 
Load imbalance             0.0000     0.0000     0.0000     0.0000     0.0000     0.0000     0.0000     0.0000     0.0000     0.0000     0.0000     0.0000     0.0001     0.0002     0.0002     0.0000 
Execution time             0.0073     0.0073     0.0073     0.0073     0.0073     0.0073     0.0072     0.0072     0.0073     0.0073     0.0073     0.0073     0.0053     0.0046     0.0046     0.0073 
User CPU time              0.0004     0.0004     0.0004     0.0004     0.0004     0.0004     0.0004     0.0004     0.0004     0.0004     0.0004     0.0004     0.0003     0.0002     0.0002     0.0004 
Sys. CPU time              0.0000     0.0001     0.0001     0.0001     0.0001     0.0001     0.0001     0.0001     0.0001     0.0001     0.0001     0.0001     0.0000     0.0000     0.0000     0.0000 
I/O time                   0.0000     0.0000     0.0000     0.0000     0.0000     0.0000     0.0000     0.0000     0.0000     0.0000     0.0000     0.0000     0.0000     0.0000     0.0000     0.0000 
Processors                     16         16         16         16         16         16         16         16         16         16         16         16         16         16         16         16 
           Communication          
Reduction                  0.0002     0.0003     0.0003     0.0003     0.0003     0.0003     0.0003     0.0003     0.0003     0.0003     0.0003     0.0003     0.0003     0.0003     0.0003     0.0003 
           Synchronization        
I/O                        0.0008     0.0008     0.0003     0.0003     0.0002     0.0002     0.0001     0.0001     0.0003     0.0002     0.0001     0.0001     0.0079     0.0098     0.0090     0.0044 
Reduction                  0.0007     0.0007     0.0003     0.0003     0.0002     0.0002     0.0001     0.0001     0.0002     0.0002     0.0000     0.0000     0.0069     0.0085     0.0079     0.0039 
           Variation              
I/O                        0.0006     0.0009     0.0004     0.0004     0.0003     0.0003     0.0002     0.0002     0.0004     0.0004     0.0002     0.0002     0.0080     0.0099     0.0092     0.0046 
Reduction                  0.0007     0.0007     0.0003     0.0003     0.0002     0.0002     0.0001     0.0001     0.0002     0.0002     0.0000     0.0000     0.0070     0.0085     0.0079     0.0039 
           Overlap                
Reduction                  0.0000     0.0000     0.0000     0.0000     0.0000     0.0000     0.0000     0.0000     0.0000     0.0000     0.0000     0.0000     0.0000     0.0000     0.0000     0.0000 


-------------------------------------------------------------------------
Name (number) and performance time of processors
omp.keldysh.ru(1) 0.935615
omp.keldysh.ru(2) 0.935550
omp.keldysh.ru(3) 0.958674
omp.keldysh.ru(4) 0.958961
omp.keldysh.ru(5) 0.956699
omp.keldysh.ru(6) 0.956701
omp.keldysh.ru(7) 0.935429
omp.keldysh.ru(8) 0.935434
omp.keldysh.ru(9) 0.955170
omp.keldysh.ru(10) 0.955173
omp.keldysh.ru(11) 0.955743
omp.keldysh.ru(12) 0.955741
omp.keldysh.ru(13) 0.957603
omp.keldysh.ru(14) 0.957608
omp.keldysh.ru(15) 0.952897
omp.keldysh.ru(16) 0.952881
min - omp.keldysh.ru(7) 0.935429; max - omp.keldysh.ru(4) 0.958961; mid - 0.950992
