Processor system=3*3*2
Statistics has been accumulated on DVM-system version 5.0, platform DVM
Analyzer is executing on DVM-system version 5.0, platform DVM
-------------------------------------------------------------------------
INTERVAL ( NLINE=6 SOURCE=paralplus34.f ) LEVEL=0  EXE_COUNT=2
--- The main characteristics --- 
Parallelization efficiency      0.0671 
Execution time                  0.0057 
Processors                          18
Threads amount                      18
Total time                      0.1031
Productive time                 0.0069 ( CPU= 0.0066 Sys= 0.0003 I/O= 0.0000 )
Lost  time                      0.0962 
   Insufficient parallelism     0.0752 ( User= 0.0696 Sys= 0.0056 )
   Communication                0.0189 ( Real_sync= 0.0000 Starts= 0.0000 )
   Idle time                    0.0021
Load imbalance                  0.0004
Synchronization                 0.0012
Time variation                  0.0036
Overlap                         0.0000
                  Nop   Communic    Synchro  Variation    Overlap 
I/O                 8     0.0000     0.0010     0.0033     0.0000 
Reduction           5     0.0189     0.0002     0.0003     0.0000 
--- The comparative characteristics --- 
                              Tmin N proc      Tmax N proc      Tmid
Lost time                   0.0053    18     0.0054     4     0.0053 
User insufficient par.      0.0024     4     0.0041     9     0.0039 
Sys.insufficient par.       0.0003    17     0.0004    18     0.0003 
Idle time                   0.0000     9     0.0016     4     0.0001 
Communication               0.0008    18     0.0012    17     0.0010 
Synchronization             0.0000    16     0.0001    17     0.0001 
Variation                   0.0000     1     0.0003    17     0.0002 
Overlap                     0.0000     1     0.0000    18     0.0000 
Load imbalance              0.0000    18     0.0001     4     0.0000 
Execution time              0.0041     4     0.0057    10     0.0056 
User CPU time               0.0003     4     0.0004    16     0.0004 
Sys. CPU time               0.0000     1     0.0000    18     0.0000 
I/O time                    0.0000     3     0.0000     1     0.0000 
Processors                      18     1         18    18         18 
                      Communic          Synchro        Variation          Overlap  
I/O             Tmin    0.0000     1     0.0000    16     0.0000     1     0.0000     1 
I/O             Tmax    0.0000    18     0.0001    17     0.0002    17     0.0000    18 
I/O             Tmid    0.0000           0.0001           0.0002           0.0000       
Reduction       Tmin    0.0008    18     0.0000    10     0.0000    16     0.0000     1 
Reduction       Tmax    0.0012    17     0.0000     7     0.0000     1     0.0000    18 
Reduction       Tmid    0.0010           0.0000           0.0000           0.0000       
--- The execution characteristics --- 
                                1          2          3          4          5          6          7          8          9         10         11         12         13         14         15         16         17         18 
Lost time                  0.0053     0.0053     0.0053     0.0054     0.0053     0.0054     0.0053     0.0053     0.0053     0.0053     0.0054     0.0054     0.0054     0.0054     0.0053     0.0053     0.0053     0.0053 
User insufficient par.     0.0040     0.0040     0.0039     0.0024     0.0040     0.0039     0.0040     0.0040     0.0041     0.0040     0.0040     0.0040     0.0039     0.0039     0.0039     0.0039     0.0038     0.0040 
Sys.insufficient par.      0.0004     0.0003     0.0003     0.0003     0.0003     0.0003     0.0003     0.0003     0.0003     0.0003     0.0003     0.0003     0.0003     0.0003     0.0003     0.0003     0.0003     0.0004 
Idle time                  0.0000     0.0000     0.0001     0.0016     0.0000     0.0000     0.0000     0.0000     0.0000     0.0000     0.0000     0.0000     0.0000     0.0000     0.0000     0.0000     0.0001     0.0001 
Communication              0.0009     0.0010     0.0010     0.0011     0.0011     0.0011     0.0010     0.0010     0.0010     0.0011     0.0011     0.0011     0.0011     0.0011     0.0011     0.0011     0.0012     0.0008 
Synchronization            0.0001     0.0001     0.0000     0.0000     0.0001     0.0001     0.0001     0.0001     0.0000     0.0000     0.0001     0.0001     0.0001     0.0001     0.0000     0.0000     0.0001     0.0001 
Variation                  0.0000     0.0002     0.0002     0.0002     0.0002     0.0002     0.0002     0.0002     0.0002     0.0002     0.0002     0.0002     0.0002     0.0002     0.0002     0.0002     0.0003     0.0002 
Overlap                    0.0000     0.0000     0.0000     0.0000     0.0000     0.0000     0.0000     0.0000     0.0000     0.0000     0.0000     0.0000     0.0000     0.0000     0.0000     0.0000     0.0000     0.0000 
Load imbalance             0.0000     0.0000     0.0000     0.0001     0.0000     0.0000     0.0000     0.0000     0.0000     0.0000     0.0000     0.0000     0.0000     0.0000     0.0000     0.0000     0.0000     0.0000 
Execution time             0.0057     0.0057     0.0056     0.0041     0.0057     0.0057     0.0057     0.0057     0.0057     0.0057     0.0057     0.0057     0.0057     0.0057     0.0057     0.0057     0.0056     0.0056 
User CPU time              0.0004     0.0004     0.0004     0.0003     0.0004     0.0004     0.0004     0.0004     0.0004     0.0004     0.0003     0.0004     0.0004     0.0004     0.0004     0.0004     0.0004     0.0004 
Sys. CPU time              0.0000     0.0000     0.0000     0.0000     0.0000     0.0000     0.0000     0.0000     0.0000     0.0000     0.0000     0.0000     0.0000     0.0000     0.0000     0.0000     0.0000     0.0000 
I/O time                   0.0000     0.0000     0.0000     0.0000     0.0000     0.0000     0.0000     0.0000     0.0000     0.0000     0.0000     0.0000     0.0000     0.0000     0.0000     0.0000     0.0000     0.0000 
Processors                     18         18         18         18         18         18         18         18         18         18         18         18         18         18         18         18         18         18 
           Communication          
Reduction                  0.0009     0.0010     0.0010     0.0011     0.0011     0.0011     0.0010     0.0010     0.0010     0.0011     0.0011     0.0011     0.0011     0.0011     0.0011     0.0011     0.0012     0.0008 
           Synchronization        
I/O                        0.0001     0.0001     0.0000     0.0000     0.0001     0.0001     0.0001     0.0001     0.0000     0.0000     0.0000     0.0001     0.0001     0.0001     0.0000     0.0000     0.0001     0.0000 
Reduction                  0.0000     0.0000     0.0000     0.0000     0.0000     0.0000     0.0000     0.0000     0.0000     0.0000     0.0000     0.0000     0.0000     0.0000     0.0000     0.0000     0.0000     0.0000 
           Variation              
I/O                        0.0000     0.0002     0.0002     0.0002     0.0002     0.0002     0.0002     0.0002     0.0002     0.0002     0.0002     0.0002     0.0002     0.0002     0.0002     0.0002     0.0002     0.0002 
Reduction                  0.0000     0.0000     0.0000     0.0000     0.0000     0.0000     0.0000     0.0000     0.0000     0.0000     0.0000     0.0000     0.0000     0.0000     0.0000     0.0000     0.0000     0.0000 
           Overlap                
Reduction                  0.0000     0.0000     0.0000     0.0000     0.0000     0.0000     0.0000     0.0000     0.0000     0.0000     0.0000     0.0000     0.0000     0.0000     0.0000     0.0000     0.0000     0.0000 


-------------------------------------------------------------------------
Name (number) and performance time of processors
omp.keldysh.ru(1) 0.933789
omp.keldysh.ru(2) 0.933714
omp.keldysh.ru(3) 0.957513
omp.keldysh.ru(4) 0.957587
omp.keldysh.ru(5) 0.959047
omp.keldysh.ru(6) 0.959063
omp.keldysh.ru(7) 0.956269
omp.keldysh.ru(8) 0.956607
omp.keldysh.ru(9) 0.955737
omp.keldysh.ru(10) 0.955735
omp.keldysh.ru(11) 0.933933
omp.keldysh.ru(12) 0.933926
omp.keldysh.ru(13) 0.956126
omp.keldysh.ru(14) 0.956112
omp.keldysh.ru(15) 0.954262
omp.keldysh.ru(16) 0.954234
omp.keldysh.ru(17) 0.957827
omp.keldysh.ru(18) 0.957793
min - omp.keldysh.ru(2) 0.933714; max - omp.keldysh.ru(6) 0.959063; mid - 0.951626
