Processor system=4*4
Statistics has been accumulated on DVM-system version 5.0, platform DVM
Analyzer is executing on DVM-system version 5.0, platform DVM
-------------------------------------------------------------------------
INTERVAL ( NLINE=6 SOURCE=alignplus21.f ) LEVEL=0  EXE_COUNT=1
--- The main characteristics --- 
Parallelization efficiency      0.0012 
Execution time                  1.0760 
Processors                          16
Threads amount                      16
Total time                     17.2160
Productive time                 0.0208 ( CPU= 0.0202 Sys= 0.0004 I/O= 0.0003 )
Lost  time                     17.1952 
   Insufficient parallelism     0.3051 ( User= 0.2954 Sys= 0.0097 )
   Communication               13.2501 ( Real_sync= 0.0000 Starts= 0.0000 )
   Idle time                    3.6400
Load imbalance                  0.0362
Synchronization                41.0414
Time variation                 41.0377
Overlap                         0.0000
                  Nop   Communic    Synchro  Variation    Overlap 
I/O                10     0.0000    16.8443    16.8406     0.0000 
Reduction          12    13.2501    24.1971    24.1971     0.0000 
--- The comparative characteristics --- 
                              Tmin N proc      Tmax N proc      Tmid
Lost time                   1.0722     1     1.0758    12     1.0747 
User insufficient par.      0.0016    12     0.0524     1     0.0185 
Sys.insufficient par.       0.0003    15     0.0041     1     0.0006 
Idle time                   0.0000     7     0.4319    10     0.2275 
Communication               0.6375    10     1.0397     7     0.8281 
Synchronization             0.2057    13     3.9406    12     2.5651 
Variation                   0.2057    13     3.9406    12     2.5649 
Overlap                     0.0000     2     0.0000    13     0.0000 
Load imbalance              0.0000     1     0.0034    12     0.0023 
Execution time              0.6441    10     1.0760     7     0.8485 
User CPU time               0.0001    12     0.0035     1     0.0013 
Sys. CPU time               0.0000    15     0.0000     3     0.0000 
I/O time                    0.0000     5     0.0002     1     0.0000 
Processors                      16     1         16    16         16 
                      Communic          Synchro        Variation          Overlap  
I/O             Tmin    0.0000     1     0.1259    13     0.1259    13     0.0000     1 
I/O             Tmax    0.0000    16     1.6698     4     1.6698     4     0.0000    16 
I/O             Tmid    0.0000           1.0528           1.0525           0.0000       
Reduction       Tmin    0.6375    10     0.0799    13     0.0799    13     0.0000     2 
Reduction       Tmax    1.0397     7     2.2767    12     2.2767    12     0.0000    13 
Reduction       Tmid    0.8281           1.5123           1.5123           0.0000       
--- The execution characteristics --- 
                                1          2          3          4          5          6          7          8          9         10         11         12         13         14         15         16 
Lost time                  1.0722     1.0758     1.0740     1.0745     1.0741     1.0758     1.0737     1.0758     1.0734     1.0756     1.0758     1.0758     1.0734     1.0758     1.0744     1.0752 
User insufficient par.     0.0524     0.0026     0.0290     0.0220     0.0271     0.0025     0.0336     0.0019     0.0383     0.0058     0.0024     0.0016     0.0391     0.0024     0.0234     0.0115 
Sys.insufficient par.      0.0041     0.0004     0.0004     0.0004     0.0004     0.0004     0.0004     0.0004     0.0004     0.0004     0.0004     0.0004     0.0003     0.0004     0.0003     0.0003 
Idle time                  0.0041     0.4177     0.0281     0.3951     0.0320     0.4186     0.0000     0.4174     0.0320     0.4319     0.1063     0.4296     0.0230     0.4216     0.0726     0.4099 
Communication              1.0117     0.6551     1.0164     0.6569     1.0147     0.6543     1.0397     0.6561     1.0028     0.6375     0.9667     0.6442     1.0110     0.6514     0.9781     0.6535 
Synchronization            0.3968     3.8782     2.0815     3.9395     0.4138     3.8774     1.8267     3.9326     0.4555     3.8144     2.4266     3.9406     0.2057     3.8544     2.0857     3.9117 
Variation                  0.3929     3.8783     2.0816     3.9395     0.4138     3.8774     1.8267     3.9327     0.4555     3.8145     2.4267     3.9406     0.2057     3.8544     2.0858     3.9117 
Overlap                    0.0000     0.0000     0.0000     0.0000     0.0000     0.0000     0.0000     0.0000     0.0000     0.0000     0.0000     0.0000     0.0000     0.0000     0.0000     0.0000 
Load imbalance             0.0000     0.0033     0.0015     0.0020     0.0017     0.0033     0.0012     0.0034     0.0009     0.0031     0.0033     0.0034     0.0009     0.0033     0.0019     0.0027 
Execution time             1.0719     0.6583     1.0479     0.6809     1.0440     0.6574     1.0760     0.6586     1.0440     0.6441     0.9697     0.6464     1.0530     0.6544     1.0034     0.6661 
User CPU time              0.0035     0.0002     0.0020     0.0015     0.0018     0.0002     0.0023     0.0002     0.0026     0.0004     0.0002     0.0001     0.0026     0.0002     0.0016     0.0008 
Sys. CPU time              0.0000     0.0000     0.0000     0.0000     0.0000     0.0000     0.0000     0.0000     0.0000     0.0000     0.0000     0.0000     0.0000     0.0000     0.0000     0.0000 
I/O time                   0.0002     0.0000     0.0000     0.0000     0.0000     0.0000     0.0000     0.0000     0.0000     0.0000     0.0000     0.0000     0.0000     0.0000     0.0000     0.0000 
Processors                     16         16         16         16         16         16         16         16         16         16         16         16         16         16         16         16 
           Communication          
Reduction                  1.0117     0.6551     1.0164     0.6569     1.0147     0.6543     1.0397     0.6561     1.0028     0.6375     0.9667     0.6442     1.0110     0.6514     0.9781     0.6535 
           Synchronization        
I/O                        0.1908     1.6512     0.7362     1.6698     0.1900     1.6503     0.6143     1.6659     0.1768     1.6104     0.8783     1.6639     0.1259     1.6373     0.7293     1.6540 
Reduction                  0.2060     2.2271     1.3454     2.2697     0.2238     2.2271     1.2124     2.2667     0.2787     2.2041     1.5484     2.2767     0.0799     2.2171     1.3564     2.2577 
           Variation              
I/O                        0.1869     1.6512     0.7362     1.6698     0.1900     1.6503     0.6143     1.6659     0.1768     1.6104     0.8783     1.6639     0.1259     1.6374     0.7294     1.6540 
Reduction                  0.2060     2.2271     1.3454     2.2697     0.2238     2.2271     1.2124     2.2667     0.2787     2.2041     1.5484     2.2767     0.0799     2.2171     1.3564     2.2577 
           Overlap                
Reduction                  0.0000     0.0000     0.0000     0.0000     0.0000     0.0000     0.0000     0.0000     0.0000     0.0000     0.0000     0.0000     0.0000     0.0000     0.0000     0.0000 


-------------------------------------------------------------------------
Name (number) and performance time of processors
omp.keldysh.ru(1) 8.892972
omp.keldysh.ru(2) 0.868555
omp.keldysh.ru(3) 5.394071
omp.keldysh.ru(4) 5.449569
omp.keldysh.ru(5) 4.926285
omp.keldysh.ru(6) 0.906906
omp.keldysh.ru(7) 8.922950
omp.keldysh.ru(8) 0.885307
omp.keldysh.ru(9) 5.404290
omp.keldysh.ru(10) 5.423512
omp.keldysh.ru(11) 0.933919
omp.keldysh.ru(12) 0.933647
omp.keldysh.ru(13) 8.898224
omp.keldysh.ru(14) 0.904996
omp.keldysh.ru(15) 0.853977
omp.keldysh.ru(16) 4.930187
min - omp.keldysh.ru(15) 0.853977; max - omp.keldysh.ru(7) 8.922950; mid - 4.033085
