Processor system=3*2*3*1
Statistics has been accumulated on DVM-system version 5.0, platform DVM
Analyzer is executing on DVM-system version 5.0, platform DVM
-------------------------------------------------------------------------
INTERVAL ( NLINE=5 SOURCE=parallel4.f ) LEVEL=0  EXE_COUNT=2
--- The main characteristics --- 
Parallelization efficiency      0.0715 
Execution time                  0.0055 
Processors                          18
Threads amount                      18
Total time                      0.0982
Productive time                 0.0070 ( CPU= 0.0067 Sys= 0.0003 I/O= 0.0000 )
Lost  time                      0.0912 
   Insufficient parallelism     0.0804 ( User= 0.0749 Sys= 0.0055 )
   Communication                0.0101 ( Real_sync= 0.0000 Starts= 0.0000 )
   Idle time                    0.0007
Load imbalance                  0.0003
Synchronization                 0.0021
Time variation                  0.0047
Overlap                         0.0000
                  Nop   Communic    Synchro  Variation    Overlap 
I/O                 8     0.0000     0.0016     0.0042     0.0000 
Reduction           5     0.0101     0.0005     0.0005     0.0000 
--- The comparative characteristics --- 
                              Tmin N proc      Tmax N proc      Tmid
Lost time                   0.0050     7     0.0051    12     0.0051 
User insufficient par.      0.0040    12     0.0042     7     0.0042 
Sys.insufficient par.       0.0002    17     0.0004     1     0.0003 
Idle time                   0.0000    17     0.0002    12     0.0000 
Communication               0.0004     1     0.0007    17     0.0006 
Synchronization             0.0000     7     0.0002    12     0.0001 
Variation                   0.0000     1     0.0003    18     0.0003 
Overlap                     0.0000     1     0.0000    16     0.0000 
Load imbalance              0.0000     7     0.0000    12     0.0000 
Execution time              0.0052    12     0.0055    17     0.0054 
User CPU time               0.0004    12     0.0004     7     0.0004 
Sys. CPU time               0.0000    17     0.0000     6     0.0000 
I/O time                    0.0000     7     0.0000     1     0.0000 
Processors                      18     1         18    18         18 
                      Communic          Synchro        Variation          Overlap  
I/O             Tmin    0.0000     1     0.0000     7     0.0000     1     0.0000     1 
I/O             Tmax    0.0000    18     0.0001    12     0.0003    12     0.0000    18 
I/O             Tmid    0.0000           0.0001           0.0002           0.0000       
Reduction       Tmin    0.0004     1     0.0000    16     0.0000    16     0.0000     1 
Reduction       Tmax    0.0007    17     0.0000     9     0.0001     9     0.0000    16 
Reduction       Tmid    0.0006           0.0000           0.0000           0.0000       
--- The execution characteristics --- 
                                1          2          3          4          5          6          7          8          9         10         11         12         13         14         15         16         17         18 
Lost time                  0.0051     0.0051     0.0051     0.0051     0.0051     0.0051     0.0050     0.0051     0.0051     0.0051     0.0051     0.0051     0.0051     0.0051     0.0051     0.0051     0.0051     0.0051 
User insufficient par.     0.0042     0.0042     0.0042     0.0042     0.0042     0.0042     0.0042     0.0042     0.0042     0.0041     0.0040     0.0040     0.0042     0.0042     0.0042     0.0042     0.0041     0.0042 
Sys.insufficient par.      0.0004     0.0003     0.0003     0.0003     0.0003     0.0003     0.0003     0.0003     0.0003     0.0003     0.0003     0.0003     0.0003     0.0003     0.0003     0.0003     0.0002     0.0003 
Idle time                  0.0000     0.0000     0.0000     0.0000     0.0000     0.0000     0.0000     0.0000     0.0001     0.0001     0.0002     0.0002     0.0000     0.0000     0.0000     0.0000     0.0000     0.0000 
Communication              0.0004     0.0005     0.0005     0.0006     0.0006     0.0006     0.0005     0.0005     0.0005     0.0006     0.0006     0.0006     0.0006     0.0006     0.0005     0.0006     0.0007     0.0006 
Synchronization            0.0000     0.0001     0.0002     0.0001     0.0001     0.0002     0.0000     0.0001     0.0002     0.0001     0.0001     0.0002     0.0001     0.0001     0.0002     0.0001     0.0001     0.0002 
Variation                  0.0000     0.0003     0.0003     0.0002     0.0003     0.0003     0.0002     0.0003     0.0003     0.0002     0.0003     0.0003     0.0002     0.0003     0.0003     0.0002     0.0003     0.0003 
Overlap                    0.0000     0.0000     0.0000     0.0000     0.0000     0.0000     0.0000     0.0000     0.0000     0.0000     0.0000     0.0000     0.0000     0.0000     0.0000     0.0000     0.0000     0.0000 
Load imbalance             0.0000     0.0000     0.0000     0.0000     0.0000     0.0000     0.0000     0.0000     0.0000     0.0000     0.0000     0.0000     0.0000     0.0000     0.0000     0.0000     0.0000     0.0000 
Execution time             0.0054     0.0054     0.0054     0.0054     0.0054     0.0054     0.0055     0.0055     0.0054     0.0054     0.0052     0.0052     0.0054     0.0054     0.0055     0.0055     0.0055     0.0054 
User CPU time              0.0004     0.0004     0.0004     0.0004     0.0004     0.0004     0.0004     0.0004     0.0004     0.0004     0.0004     0.0004     0.0004     0.0004     0.0004     0.0004     0.0004     0.0004 
Sys. CPU time              0.0000     0.0000     0.0000     0.0000     0.0000     0.0000     0.0000     0.0000     0.0000     0.0000     0.0000     0.0000     0.0000     0.0000     0.0000     0.0000     0.0000     0.0000 
I/O time                   0.0000     0.0000     0.0000     0.0000     0.0000     0.0000     0.0000     0.0000     0.0000     0.0000     0.0000     0.0000     0.0000     0.0000     0.0000     0.0000     0.0000     0.0000 
Processors                     18         18         18         18         18         18         18         18         18         18         18         18         18         18         18         18         18         18 
           Communication          
Reduction                  0.0004     0.0005     0.0005     0.0006     0.0006     0.0006     0.0005     0.0005     0.0005     0.0006     0.0006     0.0006     0.0006     0.0006     0.0005     0.0006     0.0007     0.0006 
           Synchronization        
I/O                        0.0000     0.0001     0.0001     0.0001     0.0001     0.0001     0.0000     0.0001     0.0001     0.0001     0.0001     0.0001     0.0000     0.0001     0.0001     0.0001     0.0001     0.0001 
Reduction                  0.0000     0.0000     0.0000     0.0000     0.0000     0.0000     0.0000     0.0000     0.0000     0.0000     0.0000     0.0000     0.0000     0.0000     0.0000     0.0000     0.0000     0.0000 
           Variation              
I/O                        0.0000     0.0002     0.0003     0.0002     0.0003     0.0003     0.0002     0.0002     0.0003     0.0002     0.0003     0.0003     0.0002     0.0002     0.0003     0.0002     0.0002     0.0003 
Reduction                  0.0000     0.0000     0.0001     0.0000     0.0000     0.0000     0.0000     0.0000     0.0001     0.0000     0.0000     0.0000     0.0000     0.0000     0.0000     0.0000     0.0000     0.0000 
           Overlap                
Reduction                  0.0000     0.0000     0.0000     0.0000     0.0000     0.0000     0.0000     0.0000     0.0000     0.0000     0.0000     0.0000     0.0000     0.0000     0.0000     0.0000     0.0000     0.0000 


-------------------------------------------------------------------------
Name (number) and performance time of processors
omp.keldysh.ru(1) 0.933803
omp.keldysh.ru(2) 0.933731
omp.keldysh.ru(3) 0.952939
omp.keldysh.ru(4) 0.952962
omp.keldysh.ru(5) 0.953461
omp.keldysh.ru(6) 0.953451
omp.keldysh.ru(7) 0.954902
omp.keldysh.ru(8) 0.955247
omp.keldysh.ru(9) 0.953018
omp.keldysh.ru(10) 0.953020
omp.keldysh.ru(11) 0.954985
omp.keldysh.ru(12) 0.955000
omp.keldysh.ru(13) 0.955405
omp.keldysh.ru(14) 0.955398
omp.keldysh.ru(15) 0.954227
omp.keldysh.ru(16) 0.954227
omp.keldysh.ru(17) 0.952391
omp.keldysh.ru(18) 0.952367
min - omp.keldysh.ru(2) 0.933731; max - omp.keldysh.ru(13) 0.955405; mid - 0.951696
