Processor system=6*1*3*1
Statistics has been accumulated on DVM-system version 5.0, platform DVM
Analyzer is executing on DVM-system version 5.0, platform DVM
-------------------------------------------------------------------------
INTERVAL ( NLINE=7 SOURCE=rem43.f ) LEVEL=0  EXE_COUNT=2
--- The main characteristics --- 
Parallelization efficiency      0.0465 
Execution time                  0.4409 
Processors                          18
Threads amount                      18
Total time                      7.9369
Productive time                 0.3692 ( CPU= 0.0196 Sys= 0.3496 I/O= 0.0000 )
Lost  time                      7.5678 
   Insufficient parallelism     6.1606 ( User= 0.2175 Sys= 5.9431 )
   Communication                1.3841 ( Real_sync= 0.0000 Starts= 0.0000 )
   Idle time                    0.0231
Load imbalance                  0.0404
Synchronization                 2.6147
Time variation                  2.0899
Overlap                         0.0003
                  Nop   Communic    Synchro  Variation    Overlap 
I/O                17     0.0000     0.0074     0.0108     0.0000 
Reduction           8     0.0050     0.0001     0.0001     0.0000 
Remote access    4155     1.3790     2.6072     2.0790     0.0003 
--- The comparative characteristics --- 
                              Tmin N proc      Tmax N proc      Tmid
Lost time                   0.4182     6     0.4284    17     0.4204 
User insufficient par.      0.0080    17     0.0142     9     0.0121 
Sys.insufficient par.       0.1995    17     0.3671     6     0.3302 
Idle time                   0.0000     8     0.0020     5     0.0013 
Communication               0.0362     6     0.2191    17     0.0769 
Synchronization             0.0496     6     0.2698    17     0.1453 
Variation                   0.0455     6     0.1872    18     0.1161 
Overlap                     0.0000     4     0.0002     6     0.0000 
Load imbalance              0.0000     6     0.0103    17     0.0022 
Execution time              0.4390     5     0.4409     8     0.4397 
User CPU time               0.0008    17     0.0012     9     0.0011 
Sys. CPU time               0.0117    17     0.0216     6     0.0194 
I/O time                    0.0000    10     0.0000     1     0.0000 
Processors                      18     1         18    18         18 
                      Communic          Synchro        Variation          Overlap  
I/O             Tmin    0.0000     1     0.0001     6     0.0003     6     0.0000     1 
I/O             Tmax    0.0000    18     0.0007    17     0.0009    17     0.0000    18 
I/O             Tmid    0.0000           0.0004           0.0006           0.0000       
Reduction       Tmin    0.0001    15     0.0000     2     0.0000    15     0.0000     3 
Reduction       Tmax    0.0006    17     0.0000     4     0.0000     4     0.0000    16 
Reduction       Tmid    0.0003           0.0000           0.0000           0.0000       
Remote access   Tmin    0.0359     6     0.0495     6     0.0452     6     0.0000     1 
Remote access   Tmax    0.2185    17     0.2691    17     0.1863    18     0.0002     6 
Remote access   Tmid    0.0766           0.1448           0.1155           0.0000       
--- The execution characteristics --- 
                                1          2          3          4          5          6          7          8          9         10         11         12         13         14         15         16         17         18 
Lost time                  0.4197     0.4198     0.4188     0.4199     0.4200     0.4182     0.4197     0.4196     0.4186     0.4199     0.4199     0.4188     0.4199     0.4200     0.4189     0.4199     0.4284     0.4276 
User insufficient par.     0.0131     0.0130     0.0131     0.0117     0.0120     0.0130     0.0116     0.0133     0.0142     0.0128     0.0115     0.0129     0.0117     0.0108     0.0133     0.0121     0.0080     0.0094 
Sys.insufficient par.      0.3411     0.3404     0.3566     0.3397     0.3372     0.3671     0.3423     0.3420     0.3585     0.3385     0.3400     0.3564     0.3388     0.3382     0.3554     0.3397     0.1995     0.2119 
Idle time                  0.0003     0.0003     0.0019     0.0019     0.0020     0.0019     0.0019     0.0000     0.0005     0.0005     0.0019     0.0019     0.0011     0.0020     0.0011     0.0008     0.0020     0.0013 
Communication              0.0653     0.0662     0.0472     0.0666     0.0688     0.0362     0.0640     0.0643     0.0453     0.0681     0.0665     0.0476     0.0684     0.0691     0.0491     0.0673     0.2191     0.2049 
Synchronization            0.1503     0.1488     0.1166     0.1477     0.1472     0.0496     0.1515     0.1509     0.1225     0.1512     0.1499     0.1227     0.1496     0.1489     0.0792     0.1042     0.2698     0.2541 
Variation                  0.1192     0.1181     0.1111     0.1159     0.1175     0.0455     0.1225     0.1225     0.1199     0.1187     0.1190     0.1185     0.1148     0.1142     0.0706     0.0691     0.1857     0.1872 
Overlap                    0.0000     0.0000     0.0000     0.0000     0.0000     0.0002     0.0000     0.0000     0.0000     0.0000     0.0000     0.0000     0.0000     0.0000     0.0000     0.0000     0.0000     0.0000 
Load imbalance             0.0016     0.0016     0.0006     0.0017     0.0018     0.0000     0.0015     0.0014     0.0004     0.0017     0.0017     0.0006     0.0018     0.0019     0.0007     0.0017     0.0103     0.0094 
Execution time             0.4407     0.4407     0.4390     0.4390     0.4390     0.4391     0.4391     0.4409     0.4404     0.4404     0.4390     0.4390     0.4399     0.4390     0.4399     0.4402     0.4390     0.4396 
User CPU time              0.0011     0.0011     0.0011     0.0011     0.0011     0.0012     0.0011     0.0012     0.0012     0.0011     0.0011     0.0011     0.0011     0.0010     0.0012     0.0011     0.0008     0.0009 
Sys. CPU time              0.0201     0.0200     0.0210     0.0200     0.0198     0.0216     0.0201     0.0201     0.0211     0.0199     0.0200     0.0210     0.0199     0.0199     0.0209     0.0200     0.0117     0.0125 
I/O time                   0.0000     0.0000     0.0000     0.0000     0.0000     0.0000     0.0000     0.0000     0.0000     0.0000     0.0000     0.0000     0.0000     0.0000     0.0000     0.0000     0.0000     0.0000 
Processors                     18         18         18         18         18         18         18         18         18         18         18         18         18         18         18         18         18         18 
           Communication          
Reduction                  0.0003     0.0003     0.0003     0.0003     0.0003     0.0003     0.0003     0.0003     0.0002     0.0002     0.0002     0.0002     0.0002     0.0002     0.0001     0.0001     0.0006     0.0006 
Remote access              0.0650     0.0659     0.0469     0.0663     0.0685     0.0359     0.0637     0.0640     0.0451     0.0679     0.0663     0.0474     0.0682     0.0690     0.0489     0.0672     0.2185     0.2044 
           Synchronization        
I/O                        0.0004     0.0004     0.0004     0.0004     0.0004     0.0001     0.0004     0.0004     0.0004     0.0004     0.0004     0.0004     0.0004     0.0004     0.0004     0.0003     0.0007     0.0007 
Reduction                  0.0000     0.0000     0.0000     0.0000     0.0000     0.0000     0.0000     0.0000     0.0000     0.0000     0.0000     0.0000     0.0000     0.0000     0.0000     0.0000     0.0000     0.0000 
Remote access              0.1499     0.1484     0.1162     0.1472     0.1468     0.0495     0.1511     0.1504     0.1221     0.1508     0.1495     0.1223     0.1492     0.1485     0.0788     0.1039     0.2691     0.2534 
           Variation              
I/O                        0.0003     0.0006     0.0006     0.0006     0.0006     0.0003     0.0006     0.0006     0.0006     0.0006     0.0006     0.0006     0.0006     0.0006     0.0006     0.0006     0.0009     0.0009 
Reduction                  0.0000     0.0000     0.0000     0.0000     0.0000     0.0000     0.0000     0.0000     0.0000     0.0000     0.0000     0.0000     0.0000     0.0000     0.0000     0.0000     0.0000     0.0000 
Remote access              0.1189     0.1174     0.1105     0.1153     0.1169     0.0452     0.1219     0.1219     0.1192     0.1180     0.1184     0.1179     0.1142     0.1136     0.0701     0.0685     0.1848     0.1863 
           Overlap                
Reduction                  0.0000     0.0000     0.0000     0.0000     0.0000     0.0000     0.0000     0.0000     0.0000     0.0000     0.0000     0.0000     0.0000     0.0000     0.0000     0.0000     0.0000     0.0000 
Remote access              0.0000     0.0000     0.0000     0.0000     0.0000     0.0002     0.0000     0.0000     0.0000     0.0000     0.0000     0.0000     0.0000     0.0000     0.0000     0.0000     0.0000     0.0000 


-------------------------------------------------------------------------
Name (number) and performance time of processors
omp.keldysh.ru(1) 0.935450
omp.keldysh.ru(2) 0.935349
omp.keldysh.ru(3) 0.935654
omp.keldysh.ru(4) 0.935735
omp.keldysh.ru(5) 0.954730
omp.keldysh.ru(6) 0.954717
omp.keldysh.ru(7) 0.958676
omp.keldysh.ru(8) 0.958655
omp.keldysh.ru(9) 0.954450
omp.keldysh.ru(10) 0.954815
omp.keldysh.ru(11) 0.955876
omp.keldysh.ru(12) 0.955880
omp.keldysh.ru(13) 0.959991
omp.keldysh.ru(14) 0.959997
omp.keldysh.ru(15) 0.954518
omp.keldysh.ru(16) 0.954533
omp.keldysh.ru(17) 0.954252
omp.keldysh.ru(18) 0.954262
min - omp.keldysh.ru(2) 0.935349; max - omp.keldysh.ru(14) 0.959997; mid - 0.951530
