Processor system=6*1*3
Statistics has been accumulated on DVM-system version 5.0, platform DVM
Analyzer is executing on DVM-system version 5.0, platform DVM
-------------------------------------------------------------------------
INTERVAL ( NLINE=9 SOURCE=jac3d.f ) LEVEL=0  EXE_COUNT=2
--- The main characteristics --- 
Parallelization efficiency      0.5732 
Execution time                  9.4511 
Processors                          18
Threads amount                      18
Total time                    170.1189
Productive time                97.5127 ( CPU= 94.5614 Sys= 2.9490 I/O= 0.0023 )
Lost  time                     72.6062 
   Insufficient parallelism    51.1707 ( User= 0.9985 Sys= 50.1722 )
   Communication               21.3870 ( Real_sync= 0.0090 Starts= 0.0000 )
   Idle time                    0.0486
Load imbalance                  7.6100
Synchronization                37.6490
Time variation                 46.4794
Overlap                         0.0011
                  Nop   Communic  Real_sync    Synchro  Variation    Overlap 
I/O               107     0.0000     0.0000    23.6508    23.6278     0.0000 
Reduction         100    16.2264     0.0000     0.0074     0.0072     0.0003 
Shadow            100     5.0076     0.0000    13.9908    22.8444     0.0009 
--- The comparative characteristics --- 
                              Tmin N proc      Tmax N proc      Tmid
Lost time                   3.6110    12     5.0307    18     4.0337 
User insufficient par.      0.0385    13     0.0800    16     0.0555 
Sys.insufficient par.       1.0788     3     4.1446    15     2.7873 
Idle time                   0.0000     7     0.0072    17     0.0027 
Communication               0.1374    11     3.6705     3     1.1882 
Real synchronization        0.0000     7     0.0019     3     0.0005 
Synchronization             0.0100    15     6.0497     3     2.0916 
Variation                   0.0092    15     7.9819     3     2.5822 
Overlap                     0.0000     1     0.0008    15     0.0001 
Load imbalance              0.0000    12     1.4198    18     0.4228 
Execution time              9.4439    17     9.4511     7     9.4483 
User CPU time               4.3392    18     5.6654    16     5.2534 
Sys. CPU time               0.0633     3     0.2437    15     0.1638 
I/O time                    0.0000     9     0.0012     1     0.0001 
Processors                      18     1         18    18         18 
                      Communic        Real_sync          Synchro        Variation          Overlap  
I/O             Tmin    0.0000     1     0.0000     1     0.0088    15     0.0087    15     0.0000     1 
I/O             Tmax    0.0000    18     0.0000    18     4.6521     3     4.6510     3     0.0000    18 
I/O             Tmid    0.0000           0.0000           1.3139           1.3127           0.0000       
Reduction       Tmin    0.0011     7     0.0000     1     0.0000    17     0.0000    17     0.0000     1 
Reduction       Tmax    3.6030     3     0.0000    18     0.0005    14     0.0005    15     0.0001    17 
Reduction       Tmid    0.9015           0.0000           0.0004           0.0004           0.0000       
Shadow          Tmin    0.0348     1     0.0000     1     0.0006    15     0.0000    15     0.0000     1 
Shadow          Tmax    1.5533    18     0.0000    18     1.6115    18     3.3308     3     0.0008    15 
Shadow          Tmid    0.2782           0.0000           0.7773           1.2691           0.0000       
--- The execution characteristics --- 
                                1          2          3          4          5          6          7          8          9         10         11         12         13         14         15         16         17         18 
Lost time                  4.2131     4.1774     4.8301     4.5692     3.6394     3.6366     4.0745     3.6387     3.6225     3.6469     3.6567     3.6110     3.6276     3.6271     4.3527     3.6912     4.9610     5.0307 
User insufficient par.     0.0640     0.0464     0.0789     0.0761     0.0415     0.0476     0.0695     0.0503     0.0412     0.0417     0.0425     0.0471     0.0385     0.0439     0.0670     0.0800     0.0634     0.0588 
Sys.insufficient par.      1.1629     1.1668     1.0788     3.8847     3.4467     3.4170     3.6002     3.4175     3.4050     3.4315     3.4745     3.4012     3.4450     3.4155     4.1446     1.6070     1.2945     1.3788 
Idle time                  0.0015     0.0057     0.0019     0.0002     0.0023     0.0000     0.0000     0.0000     0.0046     0.0023     0.0023     0.0001     0.0057     0.0000     0.0023     0.0055     0.0072     0.0069 
Communication              2.9846     2.9585     3.6705     0.6082     0.1489     0.1719     0.4048     0.1709     0.1717     0.1714     0.1374     0.1626     0.1384     0.1676     0.1388     1.9986     3.5959     3.5862 
Real synchronization       0.0015     0.0015     0.0019     0.0002     0.0000     0.0001     0.0000     0.0001     0.0001     0.0001     0.0001     0.0001     0.0000     0.0000     0.0000     0.0006     0.0015     0.0013 
Synchronization            5.3151     5.2149     6.0497     0.6717     0.8608     0.9604     0.5627     0.9705     0.9802     0.9411     0.8378     0.9697     0.8887     0.9313     0.0100     3.3101     4.3864     3.7879 
Variation                  7.1536     7.0712     7.9819     0.8435     1.0946     1.2473     0.3295     1.2786     1.2467     1.2101     1.0597     1.2410     1.1533     1.1814     0.0092     3.8466     4.8696     3.6617 
Overlap                    0.0000     0.0000     0.0001     0.0000     0.0000     0.0000     0.0000     0.0000     0.0000     0.0000     0.0000     0.0000     0.0000     0.0000     0.0008     0.0001     0.0001     0.0000 
Load imbalance             0.6033     0.5665     1.2191     0.9582     0.0284     0.0256     0.4635     0.0278     0.0115     0.0359     0.0457     0.0000     0.0166     0.0161     0.7417     0.0802     1.3500     1.4198 
Execution time             9.4496     9.4454     9.4492     9.4508     9.4488     9.4510     9.4511     9.4510     9.4464     9.4487     9.4488     9.4510     9.4454     9.4510     9.4487     9.4455     9.4439     9.4441 
User CPU time              5.1695     5.2050     4.5575     4.6534     5.6089     5.6135     5.1648     5.6113     5.6283     5.6023     5.5899     5.6400     5.6208     5.6230     4.8546     5.6654     4.4139     4.3392 
Sys. CPU time              0.0672     0.0686     0.0633     0.2284     0.2027     0.2010     0.2117     0.2010     0.2003     0.2018     0.2043     0.2000     0.2026     0.2009     0.2437     0.0944     0.0761     0.0810 
I/O time                   0.0012     0.0001     0.0001     0.0001     0.0000     0.0000     0.0001     0.0000     0.0000     0.0000     0.0000     0.0000     0.0000     0.0000     0.0001     0.0001     0.0001     0.0001 
Processors                     18         18         18         18         18         18         18         18         18         18         18         18         18         18         18         18         18         18 
           Communication          
Reduction                  2.9245     2.8939     3.6030     0.4915     0.0440     0.0921     0.0011     0.0867     0.0878     0.0864     0.0404     0.0787     0.0564     0.0646     0.0272     1.1134     2.5234     2.0113 
Shadow                     0.0348     0.0393     0.0349     0.1128     0.1042     0.0789     0.4035     0.0832     0.0829     0.0841     0.0961     0.0830     0.0812     0.1024     0.1112     0.8752     1.0465     1.5533 
           Real synchronization   
           Synchronization        
I/O                        3.9174     3.8493     4.6521     0.5650     0.3558     0.4496     0.0439     0.4845     0.4415     0.4339     0.3426     0.4312     0.3906     0.4075     0.0088     1.9152     2.7857     2.1762 
Reduction                  0.0004     0.0003     0.0000     0.0004     0.0005     0.0005     0.0005     0.0005     0.0005     0.0005     0.0005     0.0005     0.0005     0.0005     0.0005     0.0001     0.0000     0.0002 
Shadow                     1.3973     1.3653     1.3976     0.1063     0.5045     0.5103     0.5182     0.4855     0.5382     0.5066     0.4947     0.5380     0.4976     0.5233     0.0006     1.3948     1.6007     1.6115 
           Variation              
I/O                        3.8960     3.8489     4.6510     0.5644     0.3561     0.4498     0.0436     0.4847     0.4419     0.4342     0.3429     0.4315     0.3909     0.4077     0.0087     1.9141     2.7854     2.1759 
Reduction                  0.0004     0.0003     0.0000     0.0004     0.0005     0.0005     0.0005     0.0005     0.0005     0.0005     0.0005     0.0005     0.0005     0.0005     0.0005     0.0001     0.0000     0.0002 
Shadow                     3.2571     3.2219     3.3308     0.2787     0.7380     0.7971     0.2854     0.7933     0.8044     0.7753     0.7163     0.8089     0.7619     0.7732     0.0000     1.9324     2.0841     1.4856 
           Overlap                
Reduction                  0.0000     0.0000     0.0001     0.0000     0.0000     0.0000     0.0000     0.0000     0.0000     0.0000     0.0000     0.0000     0.0000     0.0000     0.0000     0.0001     0.0001     0.0000 
Shadow                     0.0000     0.0000     0.0000     0.0000     0.0000     0.0000     0.0000     0.0000     0.0000     0.0000     0.0000     0.0000     0.0000     0.0000     0.0008     0.0000     0.0000     0.0000 


-------------------------------------------------------------------------
Name (number) and performance time of processors
omp.keldysh.ru(1) 0.935494
omp.keldysh.ru(2) 0.935433
omp.keldysh.ru(3) 0.953926
omp.keldysh.ru(4) 0.954320
omp.keldysh.ru(5) 0.953968
omp.keldysh.ru(6) 0.953933
omp.keldysh.ru(7) 0.957968
omp.keldysh.ru(8) 0.957897
omp.keldysh.ru(9) 0.955765
omp.keldysh.ru(10) 0.955751
omp.keldysh.ru(11) 0.935273
omp.keldysh.ru(12) 0.935263
omp.keldysh.ru(13) 0.952213
omp.keldysh.ru(14) 0.952285
omp.keldysh.ru(15) 0.952881
omp.keldysh.ru(16) 0.952869
omp.keldysh.ru(17) 0.953499
omp.keldysh.ru(18) 0.953494
min - omp.keldysh.ru(12) 0.935263; max - omp.keldysh.ru(7) 0.957968; mid - 0.950124
