Processor system=3*1*3*2
Statistics has been accumulated on DVM-system version 5.0, platform DVM
Analyzer is executing on DVM-system version 5.0, platform DVM
-------------------------------------------------------------------------
INTERVAL ( NLINE=7 SOURCE=acr41.f ) LEVEL=0  EXE_COUNT=2
--- The main characteristics --- 
Parallelization efficiency      0.0799 
Execution time                  0.0210 
Processors                          18
Threads amount                      18
Total time                      0.3775
Productive time                 0.0302 ( CPU= 0.0276 Sys= 0.0026 I/O= 0.0000 )
Lost  time                      0.3473 
   Insufficient parallelism     0.2616 ( User= 0.2178 Sys= 0.0439 )
   Communication                0.0378 ( Real_sync= 0.0000 Starts= 0.0000 )
   Idle time                    0.0478
Load imbalance                  0.0045
Synchronization                 0.0496
Time variation                  0.0694
Overlap                         0.0045
                  Nop   Communic    Synchro  Variation    Overlap 
I/O                10     0.0000     0.0005     0.0039     0.0000 
Reduction           9     0.0034     0.0003     0.0002     0.0000 
Shadow             24     0.0329     0.0488     0.0653     0.0045 
--- The comparative characteristics --- 
                              Tmin N proc      Tmax N proc      Tmid
Lost time                   0.0190     7     0.0198    17     0.0193 
User insufficient par.      0.0081    17     0.0149     7     0.0121 
Sys.insufficient par.       0.0013    10     0.0038     1     0.0024 
Idle time                   0.0000     7     0.0046    14     0.0027 
Communication               0.0005     1     0.0055    18     0.0021 
Synchronization             0.0008    16     0.0074    17     0.0028 
Variation                   0.0015    16     0.0058     1     0.0039 
Overlap                     0.0000    17     0.0004    15     0.0003 
Load imbalance              0.0000     7     0.0007    17     0.0002 
Execution time              0.0164    14     0.0210     7     0.0183 
User CPU time               0.0011    17     0.0018    16     0.0015 
Sys. CPU time               0.0001    10     0.0002     1     0.0001 
I/O time                    0.0000    10     0.0000     1     0.0000 
Processors                      18     1         18    18         18 
                      Communic          Synchro        Variation          Overlap  
I/O             Tmin    0.0000     1     0.0000     1     0.0000     1     0.0000     1 
I/O             Tmax    0.0000    18     0.0001    17     0.0003    17     0.0000    18 
I/O             Tmid    0.0000           0.0000           0.0002           0.0000       
Reduction       Tmin    0.0001     9     0.0000    10     0.0000    10     0.0000     1 
Reduction       Tmax    0.0007    17     0.0000    18     0.0000     6     0.0000    10 
Reduction       Tmid    0.0002           0.0000           0.0000           0.0000       
Shadow          Tmin    0.0003     1     0.0007    16     0.0012    16     0.0000    17 
Shadow          Tmax    0.0048    18     0.0073    17     0.0058     1     0.0004    15 
Shadow          Tmid    0.0018           0.0027           0.0036           0.0003       
--- The execution characteristics --- 
                                1          2          3          4          5          6          7          8          9         10         11         12         13         14         15         16         17         18 
Lost time                  0.0193     0.0194     0.0192     0.0191     0.0193     0.0194     0.0190     0.0193     0.0191     0.0193     0.0191     0.0193     0.0194     0.0194     0.0192     0.0191     0.0198     0.0196 
User insufficient par.     0.0126     0.0105     0.0127     0.0145     0.0123     0.0104     0.0149     0.0119     0.0137     0.0111     0.0137     0.0115     0.0105     0.0106     0.0132     0.0143     0.0081     0.0112 
Sys.insufficient par.      0.0038     0.0032     0.0033     0.0028     0.0028     0.0022     0.0032     0.0027     0.0027     0.0013     0.0022     0.0017     0.0027     0.0022     0.0022     0.0015     0.0019     0.0013 
Idle time                  0.0023     0.0046     0.0023     0.0004     0.0027     0.0046     0.0000     0.0031     0.0011     0.0039     0.0012     0.0035     0.0046     0.0046     0.0020     0.0008     0.0046     0.0016 
Communication              0.0005     0.0011     0.0009     0.0014     0.0015     0.0022     0.0009     0.0015     0.0015     0.0031     0.0020     0.0026     0.0016     0.0021     0.0018     0.0025     0.0052     0.0055 
Synchronization            0.0035     0.0030     0.0030     0.0026     0.0028     0.0023     0.0029     0.0024     0.0023     0.0017     0.0020     0.0014     0.0024     0.0018     0.0014     0.0008     0.0074     0.0062 
Variation                  0.0058     0.0051     0.0052     0.0043     0.0044     0.0033     0.0050     0.0039     0.0038     0.0026     0.0030     0.0018     0.0039     0.0028     0.0026     0.0015     0.0058     0.0044 
Overlap                    0.0003     0.0002     0.0003     0.0002     0.0002     0.0001     0.0003     0.0004     0.0004     0.0004     0.0002     0.0002     0.0004     0.0003     0.0004     0.0004     0.0000     0.0000 
Load imbalance             0.0002     0.0003     0.0001     0.0001     0.0003     0.0004     0.0000     0.0002     0.0000     0.0003     0.0001     0.0003     0.0004     0.0004     0.0001     0.0001     0.0007     0.0005 
Execution time             0.0186     0.0164     0.0186     0.0206     0.0182     0.0164     0.0210     0.0179     0.0198     0.0171     0.0198     0.0175     0.0164     0.0164     0.0190     0.0202     0.0164     0.0194 
User CPU time              0.0015     0.0014     0.0016     0.0017     0.0015     0.0014     0.0017     0.0015     0.0017     0.0016     0.0017     0.0016     0.0014     0.0014     0.0017     0.0018     0.0011     0.0013 
Sys. CPU time              0.0002     0.0002     0.0002     0.0002     0.0002     0.0001     0.0002     0.0002     0.0002     0.0001     0.0001     0.0001     0.0002     0.0001     0.0001     0.0001     0.0001     0.0001 
I/O time                   0.0000     0.0000     0.0000     0.0000     0.0000     0.0000     0.0000     0.0000     0.0000     0.0000     0.0000     0.0000     0.0000     0.0000     0.0000     0.0000     0.0000     0.0000 
Processors                     18         18         18         18         18         18         18         18         18         18         18         18         18         18         18         18         18         18 
           Communication          
Reduction                  0.0001     0.0001     0.0001     0.0001     0.0001     0.0001     0.0001     0.0001     0.0001     0.0001     0.0001     0.0001     0.0001     0.0001     0.0001     0.0001     0.0007     0.0006 
Shadow                     0.0003     0.0009     0.0007     0.0012     0.0013     0.0020     0.0008     0.0014     0.0014     0.0020     0.0019     0.0025     0.0014     0.0019     0.0017     0.0023     0.0045     0.0048 
           Synchronization        
I/O                        0.0000     0.0000     0.0000     0.0000     0.0000     0.0000     0.0000     0.0000     0.0000     0.0000     0.0000     0.0000     0.0000     0.0000     0.0000     0.0000     0.0001     0.0001 
Reduction                  0.0000     0.0000     0.0000     0.0000     0.0000     0.0000     0.0000     0.0000     0.0000     0.0000     0.0000     0.0000     0.0000     0.0000     0.0000     0.0000     0.0000     0.0000 
Shadow                     0.0035     0.0030     0.0029     0.0025     0.0027     0.0023     0.0028     0.0023     0.0023     0.0016     0.0020     0.0013     0.0023     0.0017     0.0013     0.0007     0.0073     0.0061 
           Variation              
I/O                        0.0000     0.0002     0.0002     0.0002     0.0002     0.0002     0.0002     0.0002     0.0002     0.0002     0.0002     0.0002     0.0002     0.0002     0.0002     0.0002     0.0003     0.0003 
Reduction                  0.0000     0.0000     0.0000     0.0000     0.0000     0.0000     0.0000     0.0000     0.0000     0.0000     0.0000     0.0000     0.0000     0.0000     0.0000     0.0000     0.0000     0.0000 
Shadow                     0.0058     0.0048     0.0050     0.0040     0.0041     0.0031     0.0048     0.0037     0.0036     0.0024     0.0028     0.0016     0.0036     0.0026     0.0024     0.0012     0.0055     0.0041 
           Overlap                
Reduction                  0.0000     0.0000     0.0000     0.0000     0.0000     0.0000     0.0000     0.0000     0.0000     0.0000     0.0000     0.0000     0.0000     0.0000     0.0000     0.0000     0.0000     0.0000 
Shadow                     0.0003     0.0002     0.0003     0.0002     0.0002     0.0001     0.0003     0.0004     0.0004     0.0004     0.0002     0.0002     0.0004     0.0003     0.0004     0.0004     0.0000     0.0000 


-------------------------------------------------------------------------
Name (number) and performance time of processors
omp.keldysh.ru(1) 0.933948
omp.keldysh.ru(2) 0.933875
omp.keldysh.ru(3) 0.954302
omp.keldysh.ru(4) 0.954316
omp.keldysh.ru(5) 0.956370
omp.keldysh.ru(6) 0.956369
omp.keldysh.ru(7) 0.953943
omp.keldysh.ru(8) 0.953951
omp.keldysh.ru(9) 0.954320
omp.keldysh.ru(10) 0.954360
omp.keldysh.ru(11) 0.957572
omp.keldysh.ru(12) 0.957589
omp.keldysh.ru(13) 0.933775
omp.keldysh.ru(14) 0.933788
omp.keldysh.ru(15) 0.957508
omp.keldysh.ru(16) 0.957823
omp.keldysh.ru(17) 0.954954
omp.keldysh.ru(18) 0.954948
min - omp.keldysh.ru(13) 0.933775; max - omp.keldysh.ru(16) 0.957823; mid - 0.950762
