Processor system=3*6
Statistics has been accumulated on DVM-system version 5.0, platform DVM
Analyzer is executing on DVM-system version 5.0, platform DVM
-------------------------------------------------------------------------
INTERVAL ( NLINE=8 SOURCE=sha22.f ) LEVEL=0  EXE_COUNT=2
--- The main characteristics --- 
Parallelization efficiency      0.0026 
Execution time                  0.4100 
Processors                          18
Threads amount                      18
Total time                      7.3800
Productive time                 0.0188 ( CPU= 0.0166 Sys= 0.0016 I/O= 0.0007 )
Lost  time                      7.3611 
   Insufficient parallelism     0.3193 ( User= 0.2808 Sys= 0.0385 )
   Communication                4.6311 ( Real_sync= 0.0000 Starts= 0.0000 )
   Idle time                    2.4107
Load imbalance                  0.0283
Synchronization                21.1125
Time variation                 21.2777
Overlap                         0.0000
                  Nop   Communic    Synchro  Variation    Overlap 
I/O                 6     0.0000     8.9474     8.9353     0.0000 
Reduction           5     3.9293     6.6720     6.6720     0.0000 
Shadow              5     0.7018     5.4931     5.6704     0.0000 
--- The comparative characteristics --- 
                              Tmin N proc      Tmax N proc      Tmid
Lost time                   0.4074    10     0.4099    15     0.4090 
User insufficient par.      0.0010    15     0.0434    13     0.0156 
Sys.insufficient par.       0.0003    17     0.0117     1     0.0021 
Idle time                   0.0000    10     0.2451    14     0.1339 
Communication               0.1629    14     0.3646     4     0.2573 
Synchronization             0.1010    16     2.1256    18     1.1729 
Variation                   0.1067    16     2.1738    18     1.1821 
Overlap                     0.0000     1     0.0000    10     0.0000 
Load imbalance              0.0000    10     0.0025    15     0.0016 
Execution time              0.1649    14     0.4100    10     0.2761 
User CPU time               0.0001    15     0.0026    13     0.0009 
Sys. CPU time               0.0000    17     0.0005     9     0.0001 
I/O time                    0.0000    14     0.0007     1     0.0000 
Processors                      18     1         18    18         18 
                      Communic          Synchro        Variation          Overlap  
I/O             Tmin    0.0000     1     0.0350    16     0.0350    16     0.0000     1 
I/O             Tmax    0.0000    18     0.9157    18     0.9157    18     0.0000    18 
I/O             Tmid    0.0000           0.4971           0.4964           0.0000       
Reduction       Tmin    0.1470    13     0.0310    16     0.0310    16     0.0000     1 
Reduction       Tmax    0.3128     4     0.6792    18     0.6792    18     0.0000     7 
Reduction       Tmid    0.2183           0.3707           0.3707           0.0000       
Shadow          Tmin    0.0001    17     0.0269     7     0.0278    13     0.0000     1 
Shadow          Tmax    0.1657    13     0.5307    18     0.5789    18     0.0000    10 
Shadow          Tmid    0.0390           0.3052           0.3150           0.0000       
--- The execution characteristics --- 
                                1          2          3          4          5          6          7          8          9         10         11         12         13         14         15         16         17         18 
Lost time                  0.4078     0.4097     0.4086     0.4088     0.4091     0.4098     0.4090     0.4099     0.4090     0.4074     0.4098     0.4097     0.4074     0.4099     0.4099     0.4075     0.4082     0.4096 
User insufficient par.     0.0263     0.0025     0.0225     0.0165     0.0151     0.0033     0.0160     0.0012     0.0086     0.0397     0.0016     0.0044     0.0434     0.0015     0.0010     0.0416     0.0305     0.0049 
Sys.insufficient par.      0.0117     0.0024     0.0004     0.0041     0.0004     0.0004     0.0004     0.0004     0.0079     0.0041     0.0013     0.0012     0.0004     0.0004     0.0004     0.0004     0.0003     0.0023 
Idle time                  0.0310     0.2039     0.0940     0.0235     0.1620     0.2382     0.0850     0.2144     0.1039     0.0000     0.1684     0.2292     0.0510     0.2451     0.1520     0.0390     0.1425     0.2275 
Communication              0.3387     0.2009     0.2917     0.3646     0.2316     0.1679     0.3077     0.1939     0.2886     0.3636     0.2386     0.1748     0.3127     0.1629     0.2566     0.3266     0.2348     0.1749 
Synchronization            0.2835     1.8130     1.1521     0.2761     1.4850     2.1095     0.1254     1.7971     1.0300     0.1881     1.5990     2.1247     0.4743     1.7351     1.2247     0.1010     1.4682     2.1256 
Variation                  0.2393     1.8555     1.1478     0.2730     1.5336     2.1581     0.1740     1.8146     1.0427     0.1499     1.5995     2.1671     0.3573     1.7836     1.1843     0.1067     1.5168     2.1738 
Overlap                    0.0000     0.0000     0.0000     0.0000     0.0000     0.0000     0.0000     0.0000     0.0000     0.0000     0.0000     0.0000     0.0000     0.0000     0.0000     0.0000     0.0000     0.0000 
Load imbalance             0.0010     0.0023     0.0012     0.0014     0.0017     0.0024     0.0016     0.0025     0.0016     0.0000     0.0024     0.0022     0.0000     0.0025     0.0025     0.0001     0.0008     0.0022 
Execution time             0.3790     0.2061     0.3160     0.3865     0.2480     0.1718     0.3250     0.1956     0.3061     0.4100     0.2416     0.1808     0.3590     0.1649     0.2580     0.3710     0.2675     0.1825 
User CPU time              0.0016     0.0002     0.0013     0.0010     0.0009     0.0002     0.0009     0.0001     0.0005     0.0023     0.0001     0.0003     0.0026     0.0001     0.0001     0.0024     0.0018     0.0003 
Sys. CPU time              0.0000     0.0001     0.0000     0.0002     0.0000     0.0000     0.0000     0.0000     0.0005     0.0002     0.0001     0.0001     0.0000     0.0000     0.0000     0.0000     0.0000     0.0001 
I/O time                   0.0007     0.0000     0.0000     0.0000     0.0000     0.0000     0.0000     0.0000     0.0000     0.0000     0.0000     0.0000     0.0000     0.0000     0.0000     0.0000     0.0000     0.0000 
Processors                     18         18         18         18         18         18         18         18         18         18         18         18         18         18         18         18         18         18 
           Communication          
Reduction                  0.2580     0.1938     0.2388     0.3128     0.2315     0.1678     0.3076     0.1628     0.2527     0.2768     0.1895     0.1678     0.1470     0.1628     0.1675     0.2836     0.2347     0.1737 
Shadow                     0.0808     0.0071     0.0529     0.0518     0.0001     0.0001     0.0001     0.0311     0.0359     0.0868     0.0490     0.0071     0.1657     0.0001     0.0890     0.0430     0.0001     0.0013 
           Synchronization        
I/O                        0.1277     0.7855     0.4710     0.1060     0.6340     0.9059     0.0567     0.7757     0.4320     0.0790     0.6760     0.9149     0.1747     0.7447     0.4809     0.0350     0.6320     0.9157 
Reduction                  0.0698     0.5750     0.3560     0.0640     0.4710     0.6792     0.0418     0.5750     0.3160     0.0340     0.5040     0.6792     0.1548     0.5750     0.4049     0.0310     0.4620     0.6792 
Shadow                     0.0859     0.4525     0.3251     0.1061     0.3800     0.5244     0.0269     0.4464     0.2820     0.0750     0.4191     0.5306     0.1449     0.4154     0.3389     0.0350     0.3742     0.5307 
           Variation              
I/O                        0.1157     0.7855     0.4710     0.1061     0.6340     0.9059     0.0567     0.7757     0.4320     0.0790     0.6760     0.9149     0.1747     0.7447     0.4809     0.0350     0.6320     0.9157 
Reduction                  0.0698     0.5750     0.3560     0.0640     0.4710     0.6792     0.0418     0.5750     0.3160     0.0340     0.5040     0.6792     0.1548     0.5750     0.4049     0.0310     0.4620     0.6792 
Shadow                     0.0538     0.4949     0.3208     0.1029     0.4286     0.5730     0.0755     0.4639     0.2948     0.0369     0.4196     0.5730     0.0278     0.4639     0.2985     0.0407     0.4228     0.5789 
           Overlap                
Reduction                  0.0000     0.0000     0.0000     0.0000     0.0000     0.0000     0.0000     0.0000     0.0000     0.0000     0.0000     0.0000     0.0000     0.0000     0.0000     0.0000     0.0000     0.0000 
Shadow                     0.0000     0.0000     0.0000     0.0000     0.0000     0.0000     0.0000     0.0000     0.0000     0.0000     0.0000     0.0000     0.0000     0.0000     0.0000     0.0000     0.0000     0.0000 


-------------------------------------------------------------------------
Name (number) and performance time of processors
omp.keldysh.ru(1) 10.510424
omp.keldysh.ru(2) 0.879023
omp.keldysh.ru(3) 5.401395
omp.keldysh.ru(4) 7.186667
omp.keldysh.ru(5) 4.915631
omp.keldysh.ru(6) 0.907076
omp.keldysh.ru(7) 10.504721
omp.keldysh.ru(8) 0.888423
omp.keldysh.ru(9) 5.459093
omp.keldysh.ru(10) 7.211049
omp.keldysh.ru(11) 0.933776
omp.keldysh.ru(12) 0.933764
omp.keldysh.ru(13) 10.506924
omp.keldysh.ru(14) 0.904306
omp.keldysh.ru(15) 0.841408
omp.keldysh.ru(16) 6.556244
omp.keldysh.ru(17) 4.915302
omp.keldysh.ru(18) 0.872710
min - omp.keldysh.ru(15) 0.841408; max - omp.keldysh.ru(1) 10.510424; mid - 4.462663
