Processor system=3*1*6
Statistics has been accumulated on DVM-system version 5.0, platform DVM
Analyzer is executing on DVM-system version 5.0, platform DVM
-------------------------------------------------------------------------
INTERVAL ( NLINE=5 SOURCE=inoutlocal32.f ) LEVEL=0  EXE_COUNT=2
--- The main characteristics --- 
Parallelization efficiency      0.0571 
Execution time                  0.0078 
Processors                          18
Threads amount                      18
Total time                      0.1403
Productive time                 0.0080 ( CPU= 0.0071 Sys= 0.0009 I/O= 0.0000 )
Lost  time                      0.1323 
   Insufficient parallelism     0.1212 ( User= 0.1059 Sys= 0.0153 )
   Communication                0.0105 ( Real_sync= 0.0000 Starts= 0.0000 )
   Idle time                    0.0005
Load imbalance                  0.0003
Synchronization                 0.0156
Time variation                  0.0194
Overlap                         0.0000
                  Nop   Communic    Synchro  Variation    Overlap 
I/O                19     0.0000     0.0084     0.0122     0.0000 
Reduction          17     0.0105     0.0072     0.0072     0.0000 
--- The comparative characteristics --- 
                              Tmin N proc      Tmax N proc      Tmid
Lost time                   0.0073    16     0.0074    17     0.0073 
User insufficient par.      0.0053    17     0.0061     3     0.0059 
Sys.insufficient par.       0.0006    17     0.0011     1     0.0008 
Idle time                   0.0000     3     0.0001    17     0.0000 
Communication               0.0004     2     0.0014    17     0.0006 
Synchronization             0.0000     1     0.0012    17     0.0009 
Variation                   0.0000     1     0.0014    17     0.0011 
Overlap                     0.0000     3     0.0000     1     0.0000 
Load imbalance              0.0000    16     0.0001    17     0.0000 
Execution time              0.0077    17     0.0078     3     0.0078 
User CPU time               0.0004    17     0.0004     3     0.0004 
Sys. CPU time               0.0000    17     0.0001     8     0.0000 
I/O time                    0.0000    17     0.0000     1     0.0000 
Processors                      18     1         18    18         18 
                      Communic          Synchro        Variation          Overlap  
I/O             Tmin    0.0000     1     0.0000     1     0.0000     1     0.0000     1 
I/O             Tmax    0.0000    18     0.0006     3     0.0009    17     0.0000    18 
I/O             Tmid    0.0000           0.0005           0.0007           0.0000       
Reduction       Tmin    0.0004     2     0.0000     1     0.0000     1     0.0000     3 
Reduction       Tmax    0.0014    17     0.0005    17     0.0005    17     0.0000     1 
Reduction       Tmid    0.0006           0.0004           0.0004           0.0000       
--- The execution characteristics --- 
                                1          2          3          4          5          6          7          8          9         10         11         12         13         14         15         16         17         18 
Lost time                  0.0073     0.0073     0.0073     0.0073     0.0073     0.0073     0.0074     0.0073     0.0073     0.0073     0.0073     0.0073     0.0074     0.0073     0.0073     0.0073     0.0074     0.0074 
User insufficient par.     0.0058     0.0061     0.0061     0.0060     0.0060     0.0060     0.0058     0.0059     0.0060     0.0060     0.0059     0.0060     0.0058     0.0059     0.0060     0.0060     0.0053     0.0054 
Sys.insufficient par.      0.0011     0.0009     0.0008     0.0008     0.0008     0.0008     0.0008     0.0009     0.0009     0.0008     0.0009     0.0009     0.0009     0.0009     0.0009     0.0009     0.0006     0.0007 
Idle time                  0.0000     0.0000     0.0000     0.0000     0.0001     0.0001     0.0000     0.0000     0.0000     0.0000     0.0000     0.0000     0.0000     0.0000     0.0000     0.0001     0.0001     0.0000 
Communication              0.0004     0.0004     0.0004     0.0005     0.0004     0.0005     0.0007     0.0005     0.0005     0.0005     0.0005     0.0005     0.0007     0.0006     0.0004     0.0004     0.0014     0.0013 
Synchronization            0.0000     0.0006     0.0012     0.0011     0.0011     0.0011     0.0001     0.0006     0.0011     0.0011     0.0011     0.0011     0.0001     0.0006     0.0012     0.0011     0.0012     0.0011 
Variation                  0.0000     0.0008     0.0014     0.0013     0.0014     0.0013     0.0003     0.0009     0.0014     0.0013     0.0014     0.0013     0.0003     0.0009     0.0014     0.0013     0.0014     0.0014 
Overlap                    0.0000     0.0000     0.0000     0.0000     0.0000     0.0000     0.0000     0.0000     0.0000     0.0000     0.0000     0.0000     0.0000     0.0000     0.0000     0.0000     0.0000     0.0000 
Load imbalance             0.0000     0.0000     0.0000     0.0000     0.0000     0.0000     0.0000     0.0000     0.0000     0.0000     0.0000     0.0000     0.0000     0.0000     0.0000     0.0000     0.0001     0.0001 
Execution time             0.0078     0.0078     0.0078     0.0078     0.0077     0.0077     0.0078     0.0078     0.0078     0.0078     0.0078     0.0078     0.0078     0.0078     0.0078     0.0077     0.0077     0.0078 
User CPU time              0.0004     0.0004     0.0004     0.0004     0.0004     0.0004     0.0004     0.0004     0.0004     0.0004     0.0004     0.0004     0.0004     0.0004     0.0004     0.0004     0.0004     0.0004 
Sys. CPU time              0.0000     0.0000     0.0000     0.0000     0.0000     0.0000     0.0000     0.0001     0.0000     0.0000     0.0001     0.0001     0.0001     0.0000     0.0001     0.0000     0.0000     0.0000 
I/O time                   0.0000     0.0000     0.0000     0.0000     0.0000     0.0000     0.0000     0.0000     0.0000     0.0000     0.0000     0.0000     0.0000     0.0000     0.0000     0.0000     0.0000     0.0000 
Processors                     18         18         18         18         18         18         18         18         18         18         18         18         18         18         18         18         18         18 
           Communication          
Reduction                  0.0004     0.0004     0.0004     0.0005     0.0004     0.0005     0.0007     0.0005     0.0005     0.0005     0.0005     0.0005     0.0007     0.0006     0.0004     0.0004     0.0014     0.0013 
           Synchronization        
I/O                        0.0000     0.0003     0.0006     0.0006     0.0006     0.0006     0.0000     0.0003     0.0006     0.0006     0.0006     0.0006     0.0001     0.0004     0.0006     0.0006     0.0006     0.0006 
Reduction                  0.0000     0.0003     0.0005     0.0005     0.0005     0.0005     0.0000     0.0003     0.0005     0.0005     0.0005     0.0005     0.0000     0.0003     0.0005     0.0005     0.0005     0.0005 
           Variation              
I/O                        0.0000     0.0006     0.0009     0.0008     0.0008     0.0008     0.0003     0.0006     0.0008     0.0008     0.0008     0.0008     0.0003     0.0006     0.0009     0.0008     0.0009     0.0009 
Reduction                  0.0000     0.0003     0.0005     0.0005     0.0005     0.0005     0.0000     0.0003     0.0005     0.0005     0.0005     0.0005     0.0000     0.0003     0.0005     0.0005     0.0005     0.0005 
           Overlap                
Reduction                  0.0000     0.0000     0.0000     0.0000     0.0000     0.0000     0.0000     0.0000     0.0000     0.0000     0.0000     0.0000     0.0000     0.0000     0.0000     0.0000     0.0000     0.0000 


-------------------------------------------------------------------------
Name (number) and performance time of processors
omp.keldysh.ru(1) 0.933962
omp.keldysh.ru(2) 0.933905
omp.keldysh.ru(3) 0.953409
omp.keldysh.ru(4) 0.953434
omp.keldysh.ru(5) 0.953201
omp.keldysh.ru(6) 0.953175
omp.keldysh.ru(7) 0.953289
omp.keldysh.ru(8) 0.953288
omp.keldysh.ru(9) 0.956917
omp.keldysh.ru(10) 0.957214
omp.keldysh.ru(11) 0.933958
omp.keldysh.ru(12) 0.933923
omp.keldysh.ru(13) 0.956295
omp.keldysh.ru(14) 0.956302
omp.keldysh.ru(15) 0.958252
omp.keldysh.ru(16) 0.958016
omp.keldysh.ru(17) 0.952604
omp.keldysh.ru(18) 0.952592
min - omp.keldysh.ru(2) 0.933905; max - omp.keldysh.ru(15) 0.958252; mid - 0.950208
