Processor system=4*1*4*1
Statistics has been accumulated on DVM-system version 5.0, platform DVM
Analyzer is executing on DVM-system version 5.0, platform DVM
-------------------------------------------------------------------------
INTERVAL ( NLINE=5 SOURCE=prf43.f ) LEVEL=0  EXE_COUNT=1
--- The main characteristics --- 
Parallelization efficiency      0.0519 
Execution time                  0.0412 
Processors                          16
Threads amount                      16
Total time                      0.6590
Productive time                 0.0342 ( CPU= 0.0066 Sys= 0.0276 I/O= 0.0000 )
Lost  time                      0.6248 
   Insufficient parallelism     0.4765 ( User= 0.0621 Sys= 0.4144 )
   Communication                0.1447 ( Real_sync= 0.0000 Starts= 0.0000 )
   Idle time                    0.0037
Load imbalance                  0.0040
Synchronization                 0.1873
Time variation                  0.1713
Overlap                         0.0997
                  Nop   Communic    Synchro  Variation    Overlap 
I/O                11     0.0000     0.0259     0.0282     0.0000 
Reduction          21     0.0522     0.0004     0.0004     0.0000 
Remote access     180     0.0925     0.1610     0.1427     0.0997 
--- The comparative characteristics --- 
                              Tmin N proc      Tmax N proc      Tmid
Lost time                   0.0388     8     0.0398    13     0.0391 
User insufficient par.      0.0025    15     0.0042     6     0.0039 
Sys.insufficient par.       0.0170    13     0.0295     4     0.0259 
Idle time                   0.0000    10     0.0016    13     0.0002 
Communication               0.0052     4     0.0187    13     0.0090 
Synchronization             0.0021     4     0.0234    13     0.0117 
Variation                   0.0026     4     0.0227    13     0.0107 
Overlap                     0.0035    13     0.0102     4     0.0062 
Load imbalance              0.0000     8     0.0010    13     0.0003 
Execution time              0.0396    13     0.0412    10     0.0410 
User CPU time               0.0003    13     0.0005     6     0.0004 
Sys. CPU time               0.0011    13     0.0020     4     0.0017 
I/O time                    0.0000     5     0.0000     1     0.0000 
Processors                      16     1         16    16         16 
                      Communic          Synchro        Variation          Overlap  
I/O             Tmin    0.0000     1     0.0001     4     0.0003     4     0.0000     1 
I/O             Tmax    0.0000    16     0.0034    13     0.0036    13     0.0000    16 
I/O             Tmid    0.0000           0.0016           0.0018           0.0000       
Reduction       Tmin    0.0012     4     0.0000    12     0.0000    15     0.0000     1 
Reduction       Tmax    0.0075    13     0.0000     1     0.0000    13     0.0000    12 
Reduction       Tmid    0.0033           0.0000           0.0000           0.0000       
Remote access   Tmin    0.0034     8     0.0019     4     0.0022     4     0.0035    13 
Remote access   Tmax    0.0119    16     0.0199    13     0.0191    13     0.0102     4 
Remote access   Tmid    0.0058           0.0101           0.0089           0.0062       
--- The execution characteristics --- 
                                1          2          3          4          5          6          7          8          9         10         11         12         13         14         15         16 
Lost time                  0.0388     0.0388     0.0388     0.0388     0.0388     0.0388     0.0388     0.0388     0.0388     0.0388     0.0388     0.0388     0.0398     0.0397     0.0398     0.0397 
User insufficient par.     0.0041     0.0041     0.0042     0.0041     0.0042     0.0042     0.0041     0.0041     0.0041     0.0041     0.0041     0.0041     0.0025     0.0039     0.0025     0.0039 
Sys.insufficient par.      0.0292     0.0291     0.0289     0.0295     0.0284     0.0285     0.0284     0.0292     0.0285     0.0286     0.0286     0.0290     0.0170     0.0170     0.0170     0.0174 
Idle time                  0.0000     0.0000     0.0000     0.0000     0.0000     0.0000     0.0000     0.0000     0.0000     0.0000     0.0001     0.0001     0.0016     0.0001     0.0016     0.0001 
Communication              0.0055     0.0056     0.0057     0.0052     0.0063     0.0061     0.0063     0.0055     0.0062     0.0062     0.0061     0.0057     0.0187     0.0187     0.0187     0.0183 
Synchronization            0.0068     0.0078     0.0081     0.0021     0.0098     0.0097     0.0096     0.0074     0.0098     0.0094     0.0091     0.0072     0.0234     0.0231     0.0231     0.0209 
Variation                  0.0062     0.0073     0.0076     0.0026     0.0081     0.0079     0.0079     0.0067     0.0079     0.0075     0.0070     0.0065     0.0227     0.0224     0.0222     0.0208 
Overlap                    0.0080     0.0071     0.0070     0.0102     0.0063     0.0062     0.0062     0.0072     0.0062     0.0062     0.0062     0.0072     0.0035     0.0036     0.0036     0.0049 
Load imbalance             0.0000     0.0000     0.0000     0.0000     0.0000     0.0000     0.0000     0.0000     0.0000     0.0000     0.0000     0.0000     0.0010     0.0009     0.0010     0.0009 
Execution time             0.0412     0.0412     0.0412     0.0412     0.0412     0.0412     0.0411     0.0411     0.0412     0.0412     0.0411     0.0411     0.0396     0.0411     0.0396     0.0411 
User CPU time              0.0004     0.0004     0.0004     0.0004     0.0005     0.0005     0.0004     0.0004     0.0004     0.0004     0.0004     0.0004     0.0003     0.0004     0.0003     0.0004 
Sys. CPU time              0.0019     0.0019     0.0019     0.0020     0.0019     0.0019     0.0019     0.0019     0.0019     0.0019     0.0019     0.0019     0.0011     0.0011     0.0011     0.0012 
I/O time                   0.0000     0.0000     0.0000     0.0000     0.0000     0.0000     0.0000     0.0000     0.0000     0.0000     0.0000     0.0000     0.0000     0.0000     0.0000     0.0000 
Processors                     16         16         16         16         16         16         16         16         16         16         16         16         16         16         16         16 
           Communication          
Reduction                  0.0013     0.0021     0.0021     0.0012     0.0022     0.0022     0.0021     0.0021     0.0022     0.0020     0.0021     0.0020     0.0075     0.0074     0.0073     0.0063 
Remote access              0.0041     0.0035     0.0036     0.0039     0.0040     0.0040     0.0041     0.0034     0.0040     0.0041     0.0040     0.0037     0.0113     0.0113     0.0115     0.0119 
           Synchronization        
I/O                        0.0010     0.0010     0.0011     0.0001     0.0012     0.0011     0.0012     0.0010     0.0012     0.0012     0.0011     0.0010     0.0034     0.0034     0.0034     0.0033 
Reduction                  0.0000     0.0000     0.0000     0.0000     0.0000     0.0000     0.0000     0.0000     0.0000     0.0000     0.0000     0.0000     0.0000     0.0000     0.0000     0.0000 
Remote access              0.0058     0.0068     0.0069     0.0019     0.0086     0.0086     0.0084     0.0064     0.0085     0.0082     0.0079     0.0062     0.0199     0.0197     0.0197     0.0175 
           Variation              
I/O                        0.0009     0.0012     0.0013     0.0003     0.0014     0.0013     0.0014     0.0011     0.0014     0.0013     0.0013     0.0011     0.0036     0.0036     0.0036     0.0035 
Reduction                  0.0000     0.0000     0.0000     0.0000     0.0000     0.0000     0.0000     0.0000     0.0000     0.0000     0.0000     0.0000     0.0000     0.0000     0.0000     0.0000 
Remote access              0.0052     0.0061     0.0063     0.0022     0.0068     0.0065     0.0065     0.0056     0.0065     0.0061     0.0057     0.0053     0.0191     0.0188     0.0187     0.0172 
           Overlap                
Reduction                  0.0000     0.0000     0.0000     0.0000     0.0000     0.0000     0.0000     0.0000     0.0000     0.0000     0.0000     0.0000     0.0000     0.0000     0.0000     0.0000 
Remote access              0.0080     0.0071     0.0070     0.0102     0.0062     0.0062     0.0062     0.0072     0.0062     0.0062     0.0062     0.0072     0.0035     0.0036     0.0036     0.0049 


-------------------------------------------------------------------------
Name (number) and performance time of processors
omp.keldysh.ru(1) 0.933825
omp.keldysh.ru(2) 0.933757
omp.keldysh.ru(3) 0.956345
omp.keldysh.ru(4) 0.956350
omp.keldysh.ru(5) 0.954500
omp.keldysh.ru(6) 0.954216
omp.keldysh.ru(7) 0.955749
omp.keldysh.ru(8) 0.955758
omp.keldysh.ru(9) 0.955846
omp.keldysh.ru(10) 0.955848
omp.keldysh.ru(11) 0.954653
omp.keldysh.ru(12) 0.954667
omp.keldysh.ru(13) 0.957047
omp.keldysh.ru(14) 0.957040
omp.keldysh.ru(15) 0.953867
omp.keldysh.ru(16) 0.953891
min - omp.keldysh.ru(2) 0.933757; max - omp.keldysh.ru(13) 0.957047; mid - 0.952710
