Processor system=6*3*1
Statistics has been accumulated on DVM-system version 5.0, platform DVM
Analyzer is executing on DVM-system version 5.0, platform DVM
-------------------------------------------------------------------------
INTERVAL ( NLINE=12 SOURCE=distrmix3.f ) LEVEL=0  EXE_COUNT=2
--- The main characteristics --- 
Parallelization efficiency      0.0848 
Execution time                  0.0093 
Processors                          18
Threads amount                      18
Total time                      0.1670
Productive time                 0.0142 ( CPU= 0.0124 Sys= 0.0018 I/O= 0.0000 )
Lost  time                      0.1529 
   Insufficient parallelism     0.1233 ( User= 0.0926 Sys= 0.0307 )
   Communication                0.0275 ( Real_sync= 0.0000 Starts= 0.0000 )
   Idle time                    0.0020
Load imbalance                  0.0012
Synchronization                 0.0094
Time variation                  0.0151
Overlap                         0.0000
                  Nop   Communic    Synchro  Variation    Overlap 
I/O                12     0.0000     0.0007     0.0039     0.0000 
Reduction          10     0.0161     0.0003     0.0003     0.0000 
Remote access       5     0.0000     0.0004     0.0004     0.0000 
Redistribution     20     0.0115     0.0080     0.0106     0.0000 
--- The comparative characteristics --- 
                              Tmin N proc      Tmax N proc      Tmid
Lost time                   0.0084     8     0.0087    17     0.0085 
User insufficient par.      0.0032    17     0.0054     7     0.0051 
Sys.insufficient par.       0.0012    17     0.0018     1     0.0017 
Idle time                   0.0000     7     0.0016    17     0.0001 
Communication               0.0013     7     0.0027    17     0.0015 
Synchronization             0.0003    11     0.0013    17     0.0005 
Variation                   0.0005    11     0.0015    17     0.0008 
Overlap                     0.0000     1     0.0000    17     0.0000 
Load imbalance              0.0000     8     0.0003    17     0.0001 
Execution time              0.0077    17     0.0093    14     0.0092 
User CPU time               0.0005    17     0.0007     8     0.0007 
Sys. CPU time               0.0001    17     0.0001     8     0.0001 
I/O time                    0.0000    17     0.0000     1     0.0000 
Processors                      18     1         18    18         18 
                      Communic          Synchro        Variation          Overlap  
I/O             Tmin    0.0000     1     0.0000     5     0.0000     1     0.0000     1 
I/O             Tmax    0.0000    18     0.0001    17     0.0003    17     0.0000    18 
I/O             Tmid    0.0000           0.0000           0.0002           0.0000       
Reduction       Tmin    0.0007     8     0.0000    14     0.0000    11     0.0000     1 
Reduction       Tmax    0.0016    18     0.0000     1     0.0000     7     0.0000    17 
Reduction       Tmid    0.0009           0.0000           0.0000           0.0000       
Remote access   Tmin    0.0000     1     0.0000    15     0.0000    15     0.0000     1 
Remote access   Tmax    0.0000    18     0.0001    17     0.0001    17     0.0000    18 
Remote access   Tmid    0.0000           0.0000           0.0000           0.0000       
Redistribution  Tmin    0.0004     1     0.0003    11     0.0003    11     0.0000     1 
Redistribution  Tmax    0.0011    17     0.0011    17     0.0012    18     0.0000    18 
Redistribution  Tmid    0.0006           0.0004           0.0006           0.0000       
--- The execution characteristics --- 
                                1          2          3          4          5          6          7          8          9         10         11         12         13         14         15         16         17         18 
Lost time                  0.0085     0.0085     0.0085     0.0085     0.0085     0.0085     0.0085     0.0084     0.0085     0.0085     0.0085     0.0085     0.0085     0.0085     0.0084     0.0085     0.0087     0.0086 
User insufficient par.     0.0053     0.0053     0.0053     0.0053     0.0053     0.0054     0.0054     0.0053     0.0053     0.0053     0.0053     0.0053     0.0053     0.0053     0.0052     0.0053     0.0032     0.0047 
Sys.insufficient par.      0.0018     0.0017     0.0017     0.0017     0.0018     0.0018     0.0018     0.0018     0.0018     0.0017     0.0018     0.0018     0.0017     0.0017     0.0018     0.0016     0.0012     0.0014 
Idle time                  0.0000     0.0000     0.0000     0.0000     0.0000     0.0000     0.0000     0.0000     0.0000     0.0000     0.0000     0.0000     0.0000     0.0000     0.0000     0.0000     0.0016     0.0001 
Communication              0.0013     0.0014     0.0015     0.0014     0.0013     0.0013     0.0013     0.0013     0.0014     0.0015     0.0014     0.0014     0.0014     0.0014     0.0015     0.0016     0.0027     0.0024 
Synchronization            0.0004     0.0005     0.0006     0.0006     0.0004     0.0004     0.0004     0.0004     0.0005     0.0004     0.0003     0.0004     0.0004     0.0004     0.0004     0.0006     0.0013     0.0010 
Variation                  0.0008     0.0009     0.0010     0.0009     0.0007     0.0007     0.0008     0.0006     0.0007     0.0007     0.0005     0.0006     0.0007     0.0007     0.0006     0.0011     0.0015     0.0015 
Overlap                    0.0000     0.0000     0.0000     0.0000     0.0000     0.0000     0.0000     0.0000     0.0000     0.0000     0.0000     0.0000     0.0000     0.0000     0.0000     0.0000     0.0000     0.0000 
Load imbalance             0.0000     0.0000     0.0001     0.0001     0.0000     0.0000     0.0000     0.0000     0.0000     0.0000     0.0000     0.0000     0.0000     0.0001     0.0000     0.0001     0.0003     0.0002 
Execution time             0.0093     0.0093     0.0093     0.0093     0.0092     0.0092     0.0093     0.0093     0.0093     0.0093     0.0093     0.0093     0.0093     0.0093     0.0093     0.0093     0.0077     0.0092 
User CPU time              0.0007     0.0007     0.0007     0.0007     0.0007     0.0007     0.0007     0.0007     0.0007     0.0007     0.0007     0.0007     0.0007     0.0007     0.0007     0.0007     0.0005     0.0006 
Sys. CPU time              0.0001     0.0001     0.0001     0.0001     0.0001     0.0001     0.0001     0.0001     0.0001     0.0001     0.0001     0.0001     0.0001     0.0001     0.0001     0.0001     0.0001     0.0001 
I/O time                   0.0000     0.0000     0.0000     0.0000     0.0000     0.0000     0.0000     0.0000     0.0000     0.0000     0.0000     0.0000     0.0000     0.0000     0.0000     0.0000     0.0000     0.0000 
Processors                     18         18         18         18         18         18         18         18         18         18         18         18         18         18         18         18         18         18 
           Communication          
Reduction                  0.0009     0.0009     0.0009     0.0008     0.0007     0.0007     0.0008     0.0007     0.0008     0.0009     0.0007     0.0007     0.0007     0.0008     0.0008     0.0011     0.0016     0.0016 
Redistribution             0.0004     0.0005     0.0006     0.0006     0.0006     0.0006     0.0005     0.0006     0.0006     0.0006     0.0007     0.0006     0.0006     0.0006     0.0007     0.0005     0.0011     0.0008 
           Synchronization        
I/O                        0.0000     0.0000     0.0000     0.0000     0.0000     0.0000     0.0000     0.0000     0.0001     0.0000     0.0000     0.0000     0.0000     0.0000     0.0000     0.0000     0.0001     0.0001 
Reduction                  0.0000     0.0000     0.0000     0.0000     0.0000     0.0000     0.0000     0.0000     0.0000     0.0000     0.0000     0.0000     0.0000     0.0000     0.0000     0.0000     0.0000     0.0000 
Remote access              0.0000     0.0000     0.0000     0.0000     0.0000     0.0000     0.0000     0.0000     0.0000     0.0000     0.0000     0.0000     0.0000     0.0000     0.0000     0.0000     0.0001     0.0000 
Redistribution             0.0004     0.0004     0.0005     0.0005     0.0004     0.0003     0.0003     0.0003     0.0004     0.0003     0.0003     0.0003     0.0003     0.0003     0.0004     0.0005     0.0011     0.0009 
           Variation              
I/O                        0.0000     0.0002     0.0002     0.0002     0.0002     0.0002     0.0002     0.0002     0.0002     0.0002     0.0002     0.0002     0.0002     0.0002     0.0002     0.0002     0.0003     0.0002 
Reduction                  0.0000     0.0000     0.0000     0.0000     0.0000     0.0000     0.0000     0.0000     0.0000     0.0000     0.0000     0.0000     0.0000     0.0000     0.0000     0.0000     0.0000     0.0000 
Remote access              0.0000     0.0000     0.0000     0.0000     0.0000     0.0000     0.0000     0.0000     0.0000     0.0000     0.0000     0.0000     0.0000     0.0000     0.0000     0.0000     0.0001     0.0000 
Redistribution             0.0007     0.0006     0.0007     0.0006     0.0005     0.0005     0.0005     0.0004     0.0005     0.0005     0.0003     0.0004     0.0004     0.0005     0.0004     0.0008     0.0012     0.0012 
           Overlap                
Reduction                  0.0000     0.0000     0.0000     0.0000     0.0000     0.0000     0.0000     0.0000     0.0000     0.0000     0.0000     0.0000     0.0000     0.0000     0.0000     0.0000     0.0000     0.0000 


-------------------------------------------------------------------------
Name (number) and performance time of processors
omp.keldysh.ru(1) 0.933592
omp.keldysh.ru(2) 0.933512
omp.keldysh.ru(3) 0.933818
omp.keldysh.ru(4) 0.933895
omp.keldysh.ru(5) 0.955434
omp.keldysh.ru(6) 0.955416
omp.keldysh.ru(7) 0.946188
omp.keldysh.ru(8) 0.946193
omp.keldysh.ru(9) 0.957042
omp.keldysh.ru(10) 0.957068
omp.keldysh.ru(11) 0.956360
omp.keldysh.ru(12) 0.956363
omp.keldysh.ru(13) 0.960414
omp.keldysh.ru(14) 0.960412
omp.keldysh.ru(15) 0.957287
omp.keldysh.ru(16) 0.957551
omp.keldysh.ru(17) 0.955054
omp.keldysh.ru(18) 0.955037
min - omp.keldysh.ru(2) 0.933512; max - omp.keldysh.ru(13) 0.960414; mid - 0.950591
