Processor system=1*1*3*6
Statistics has been accumulated on DVM-system version 5.0, platform DVM
Analyzer is executing on DVM-system version 5.0, platform DVM
-------------------------------------------------------------------------
INTERVAL ( NLINE=7 SOURCE=sc42.f ) LEVEL=0  EXE_COUNT=2
--- The main characteristics --- 
Parallelization efficiency      0.0990 
Execution time                  3.9328 
Processors                          18
Threads amount                      18
Total time                     70.7897
Productive time                 7.0083 ( CPU= 6.9925 Sys= 0.0158 I/O= 0.0000 )
Lost  time                     63.7815 
   Insufficient parallelism    55.6656 ( User= 55.3967 Sys= 0.2689 )
   Communication                8.0026 ( Real_sync= 0.0000 Starts= 0.0000 )
   Idle time                    0.1133
Load imbalance                  1.1790
Synchronization                 0.2067
Time variation                  0.2103
Overlap                         0.0000
                  Nop   Communic    Synchro  Variation    Overlap 
I/O                12     0.0000     0.1436     0.1472     0.0000 
Reduction          10     8.0026     0.0630     0.0630     0.0000 
--- The comparative characteristics --- 
                              Tmin N proc      Tmax N proc      Tmid
Lost time                   3.4779     8     3.6582    18     3.5434 
User insufficient par.      2.0688    18     3.4573    10     3.0776 
Sys.insufficient par.       0.0030    18     0.0221     8     0.0149 
Idle time                   0.0000     8     0.0212    18     0.0063 
Communication               0.0003    11     1.5652    18     0.4446 
Synchronization             0.0001     7     0.0316    18     0.0115 
Variation                   0.0003     7     0.0318    18     0.0117 
Overlap                     0.0000     2     0.0000    13     0.0000 
Load imbalance              0.0000     8     0.1803    18     0.0655 
Execution time              3.9116    18     3.9328     8     3.9265 
User CPU time               0.2744    18     0.4536     8     0.3885 
Sys. CPU time               0.0002    18     0.0013     8     0.0009 
I/O time                    0.0000     8     0.0000     1     0.0000 
Processors                      18     1         18    18         18 
                      Communic          Synchro        Variation          Overlap  
I/O             Tmin    0.0000     1     0.0001     7     0.0003     7     0.0000     1 
I/O             Tmax    0.0000    18     0.0254    18     0.0256    18     0.0000    18 
I/O             Tmid    0.0000           0.0080           0.0082           0.0000       
Reduction       Tmin    0.0003    11     0.0000     1     0.0000     1     0.0000     2 
Reduction       Tmax    1.5652    18     0.0062    12     0.0062    12     0.0000    13 
Reduction       Tmid    0.4446           0.0035           0.0035           0.0000       
--- The execution characteristics --- 
                                1          2          3          4          5          6          7          8          9         10         11         12         13         14         15         16         17         18 
Lost time                  3.5590     3.5596     3.5593     3.5599     3.5589     3.5628     3.4781     3.4779     3.4782     3.4781     3.4782     3.4784     3.5617     3.5590     3.5589     3.5593     3.6559     3.6582 
User insufficient par.     3.0566     3.0511     3.0515     3.0505     3.0540     3.0414     3.4564     3.4555     3.4567     3.4573     3.4568     3.4541     3.0403     3.0514     3.0586     3.0578     2.0779     2.0688 
Sys.insufficient par.      0.0153     0.0146     0.0148     0.0091     0.0147     0.0047     0.0213     0.0221     0.0210     0.0203     0.0210     0.0188     0.0151     0.0148     0.0150     0.0092     0.0139     0.0030 
Idle time                  0.0000     0.0064     0.0056     0.0126     0.0067     0.0178     0.0000     0.0000     0.0000     0.0000     0.0000     0.0052     0.0033     0.0071     0.0060     0.0130     0.0084     0.0212 
Communication              0.4871     0.4875     0.4874     0.4878     0.4834     0.4989     0.0003     0.0004     0.0004     0.0004     0.0003     0.0003     0.5030     0.4856     0.4794     0.4794     1.5557     1.5652 
Synchronization            0.0017     0.0083     0.0095     0.0205     0.0095     0.0270     0.0001     0.0059     0.0074     0.0121     0.0069     0.0146     0.0019     0.0088     0.0096     0.0201     0.0110     0.0316 
Variation                  0.0016     0.0085     0.0098     0.0207     0.0097     0.0272     0.0003     0.0062     0.0076     0.0123     0.0071     0.0148     0.0021     0.0090     0.0098     0.0203     0.0113     0.0318 
Overlap                    0.0000     0.0000     0.0000     0.0000     0.0000     0.0000     0.0000     0.0000     0.0000     0.0000     0.0000     0.0000     0.0000     0.0000     0.0000     0.0000     0.0000     0.0000 
Load imbalance             0.0811     0.0817     0.0814     0.0820     0.0810     0.0849     0.0002     0.0000     0.0003     0.0002     0.0003     0.0005     0.0838     0.0810     0.0810     0.0814     0.1780     0.1803 
Execution time             3.9327     3.9264     3.9272     3.9202     3.9260     3.9149     3.9328     3.9328     3.9328     3.9328     3.9327     3.9276     3.9295     3.9256     3.9268     3.9198     3.9244     3.9116 
User CPU time              0.3728     0.3723     0.3726     0.3723     0.3730     0.3697     0.4534     0.4536     0.4533     0.4535     0.4533     0.4532     0.3702     0.3729     0.3730     0.3729     0.2760     0.2744 
Sys. CPU time              0.0009     0.0009     0.0009     0.0005     0.0009     0.0003     0.0013     0.0013     0.0012     0.0012     0.0012     0.0011     0.0009     0.0009     0.0009     0.0005     0.0008     0.0002 
I/O time                   0.0000     0.0000     0.0000     0.0000     0.0000     0.0000     0.0000     0.0000     0.0000     0.0000     0.0000     0.0000     0.0000     0.0000     0.0000     0.0000     0.0000     0.0000 
Processors                     18         18         18         18         18         18         18         18         18         18         18         18         18         18         18         18         18         18 
           Communication          
Reduction                  0.4871     0.4875     0.4874     0.4878     0.4834     0.4989     0.0003     0.0004     0.0004     0.0004     0.0003     0.0003     0.5030     0.4856     0.4794     0.4794     1.5557     1.5652 
           Synchronization        
I/O                        0.0017     0.0056     0.0061     0.0151     0.0063     0.0209     0.0001     0.0032     0.0039     0.0067     0.0037     0.0084     0.0019     0.0061     0.0061     0.0147     0.0079     0.0254 
Reduction                  0.0000     0.0027     0.0035     0.0054     0.0032     0.0062     0.0000     0.0027     0.0035     0.0054     0.0032     0.0062     0.0000     0.0027     0.0035     0.0054     0.0032     0.0062 
           Variation              
I/O                        0.0016     0.0058     0.0063     0.0153     0.0065     0.0211     0.0003     0.0034     0.0041     0.0069     0.0039     0.0086     0.0021     0.0063     0.0063     0.0149     0.0081     0.0256 
Reduction                  0.0000     0.0027     0.0035     0.0054     0.0032     0.0062     0.0000     0.0027     0.0035     0.0054     0.0032     0.0062     0.0000     0.0027     0.0035     0.0054     0.0032     0.0062 
           Overlap                
Reduction                  0.0000     0.0000     0.0000     0.0000     0.0000     0.0000     0.0000     0.0000     0.0000     0.0000     0.0000     0.0000     0.0000     0.0000     0.0000     0.0000     0.0000     0.0000 


-------------------------------------------------------------------------
Name (number) and performance time of processors
omp.keldysh.ru(1) 0.934019
omp.keldysh.ru(2) 0.933953
omp.keldysh.ru(3) 0.952881
omp.keldysh.ru(4) 0.952912
omp.keldysh.ru(5) 0.952015
omp.keldysh.ru(6) 0.952321
omp.keldysh.ru(7) 0.934116
omp.keldysh.ru(8) 0.934091
omp.keldysh.ru(9) 0.957076
omp.keldysh.ru(10) 0.957067
omp.keldysh.ru(11) 0.951362
omp.keldysh.ru(12) 0.951345
omp.keldysh.ru(13) 0.953087
omp.keldysh.ru(14) 0.953061
omp.keldysh.ru(15) 0.953371
omp.keldysh.ru(16) 0.953349
omp.keldysh.ru(17) 0.952697
omp.keldysh.ru(18) 0.952659
min - omp.keldysh.ru(2) 0.933953; max - omp.keldysh.ru(9) 0.957076; mid - 0.948966
