Processor system=4*1*1*4
Statistics has been accumulated on DVM-system version 5.0, platform DVM
Analyzer is executing on DVM-system version 5.0, platform DVM
-------------------------------------------------------------------------
INTERVAL ( NLINE=5 SOURCE=parallel4.f ) LEVEL=0  EXE_COUNT=1
--- The main characteristics --- 
Parallelization efficiency      0.0608 
Execution time                  0.0088 
Processors                          16
Threads amount                      16
Total time                      0.1411
Productive time                 0.0086 ( CPU= 0.0083 Sys= 0.0003 I/O= 0.0000 )
Lost  time                      0.1325 
   Insufficient parallelism     0.0969 ( User= 0.0925 Sys= 0.0044 )
   Communication                0.0043 ( Real_sync= 0.0000 Starts= 0.0000 )
   Idle time                    0.0313
Load imbalance                  0.0020
Synchronization                 0.0045
Time variation                  0.0048
Overlap                         0.0000
                  Nop   Communic    Synchro  Variation    Overlap 
I/O                 7     0.0000     0.0045     0.0048     0.0000 
Reduction           5     0.0043     0.0000     0.0000     0.0000 
--- The comparative characteristics --- 
                              Tmin N proc      Tmax N proc      Tmid
Lost time                   0.0082    12     0.0084     9     0.0083 
User insufficient par.      0.0043    14     0.0076    12     0.0058 
Sys.insufficient par.       0.0002    15     0.0005     1     0.0003 
Idle time                   0.0000    12     0.0035     5     0.0020 
Communication               0.0001     1     0.0004    14     0.0003 
Synchronization             0.0000    15     0.0003    14     0.0003 
Variation                   0.0001    15     0.0003    14     0.0003 
Overlap                     0.0000     1     0.0000    16     0.0000 
Load imbalance              0.0000    12     0.0002     9     0.0001 
Execution time              0.0054     5     0.0088    12     0.0069 
User CPU time               0.0004     9     0.0006    12     0.0005 
Sys. CPU time               0.0000    15     0.0000     1     0.0000 
I/O time                    0.0000    16     0.0000     1     0.0000 
Processors                      16     1         16    16         16 
                      Communic          Synchro        Variation          Overlap  
I/O             Tmin    0.0000     1     0.0000    15     0.0001    15     0.0000     1 
I/O             Tmax    0.0000    16     0.0003    14     0.0003    14     0.0000    16 
I/O             Tmid    0.0000           0.0003           0.0003           0.0000       
Reduction       Tmin    0.0001     1     0.0000     3     0.0000     4     0.0000     1 
Reduction       Tmax    0.0004    14     0.0000     2     0.0000     2     0.0000    16 
Reduction       Tmid    0.0003           0.0000           0.0000           0.0000       
--- The execution characteristics --- 
                                1          2          3          4          5          6          7          8          9         10         11         12         13         14         15         16 
Lost time                  0.0082     0.0083     0.0082     0.0083     0.0084     0.0082     0.0083     0.0084     0.0084     0.0084     0.0082     0.0082     0.0082     0.0084     0.0083     0.0083 
User insufficient par.     0.0072     0.0051     0.0072     0.0059     0.0044     0.0063     0.0061     0.0044     0.0044     0.0044     0.0065     0.0076     0.0068     0.0043     0.0067     0.0054 
Sys.insufficient par.      0.0005     0.0003     0.0003     0.0002     0.0003     0.0003     0.0003     0.0003     0.0003     0.0003     0.0003     0.0003     0.0003     0.0002     0.0002     0.0002 
Idle time                  0.0004     0.0027     0.0004     0.0020     0.0035     0.0016     0.0016     0.0034     0.0034     0.0035     0.0012     0.0000     0.0008     0.0034     0.0011     0.0023 
Communication              0.0001     0.0002     0.0003     0.0002     0.0002     0.0001     0.0003     0.0003     0.0003     0.0003     0.0003     0.0003     0.0003     0.0004     0.0003     0.0003 
Synchronization            0.0003     0.0003     0.0003     0.0003     0.0003     0.0003     0.0003     0.0003     0.0003     0.0003     0.0003     0.0003     0.0003     0.0003     0.0000     0.0003 
Variation                  0.0001     0.0003     0.0003     0.0003     0.0003     0.0003     0.0003     0.0003     0.0003     0.0003     0.0003     0.0003     0.0003     0.0003     0.0001     0.0003 
Overlap                    0.0000     0.0000     0.0000     0.0000     0.0000     0.0000     0.0000     0.0000     0.0000     0.0000     0.0000     0.0000     0.0000     0.0000     0.0000     0.0000 
Load imbalance             0.0000     0.0001     0.0000     0.0001     0.0002     0.0001     0.0001     0.0002     0.0002     0.0002     0.0001     0.0000     0.0001     0.0002     0.0001     0.0001 
Execution time             0.0084     0.0061     0.0084     0.0069     0.0054     0.0073     0.0073     0.0054     0.0054     0.0054     0.0076     0.0088     0.0080     0.0054     0.0077     0.0065 
User CPU time              0.0006     0.0005     0.0006     0.0005     0.0004     0.0006     0.0005     0.0004     0.0004     0.0004     0.0006     0.0006     0.0006     0.0004     0.0005     0.0005 
Sys. CPU time              0.0000     0.0000     0.0000     0.0000     0.0000     0.0000     0.0000     0.0000     0.0000     0.0000     0.0000     0.0000     0.0000     0.0000     0.0000     0.0000 
I/O time                   0.0000     0.0000     0.0000     0.0000     0.0000     0.0000     0.0000     0.0000     0.0000     0.0000     0.0000     0.0000     0.0000     0.0000     0.0000     0.0000 
Processors                     16         16         16         16         16         16         16         16         16         16         16         16         16         16         16         16 
           Communication          
Reduction                  0.0001     0.0002     0.0003     0.0002     0.0002     0.0001     0.0003     0.0003     0.0003     0.0003     0.0003     0.0003     0.0003     0.0004     0.0003     0.0003 
           Synchronization        
I/O                        0.0003     0.0003     0.0003     0.0003     0.0003     0.0003     0.0003     0.0003     0.0003     0.0003     0.0003     0.0003     0.0003     0.0003     0.0000     0.0003 
Reduction                  0.0000     0.0000     0.0000     0.0000     0.0000     0.0000     0.0000     0.0000     0.0000     0.0000     0.0000     0.0000     0.0000     0.0000     0.0000     0.0000 
           Variation              
I/O                        0.0001     0.0003     0.0003     0.0003     0.0003     0.0003     0.0003     0.0003     0.0003     0.0003     0.0003     0.0003     0.0003     0.0003     0.0001     0.0003 
Reduction                  0.0000     0.0000     0.0000     0.0000     0.0000     0.0000     0.0000     0.0000     0.0000     0.0000     0.0000     0.0000     0.0000     0.0000     0.0000     0.0000 
           Overlap                
Reduction                  0.0000     0.0000     0.0000     0.0000     0.0000     0.0000     0.0000     0.0000     0.0000     0.0000     0.0000     0.0000     0.0000     0.0000     0.0000     0.0000 


-------------------------------------------------------------------------
Name (number) and performance time of processors
omp.keldysh.ru(1) 0.933702
omp.keldysh.ru(2) 0.933641
omp.keldysh.ru(3) 0.953331
omp.keldysh.ru(4) 0.953323
omp.keldysh.ru(5) 0.953926
omp.keldysh.ru(6) 0.953911
omp.keldysh.ru(7) 0.959339
omp.keldysh.ru(8) 0.959333
omp.keldysh.ru(9) 0.953980
omp.keldysh.ru(10) 0.954252
omp.keldysh.ru(11) 0.952772
omp.keldysh.ru(12) 0.952751
omp.keldysh.ru(13) 0.953898
omp.keldysh.ru(14) 0.953906
omp.keldysh.ru(15) 0.951749
omp.keldysh.ru(16) 0.951744
min - omp.keldysh.ru(2) 0.933641; max - omp.keldysh.ru(7) 0.959339; mid - 0.951597
