Processor system=1*4*4
Statistics has been accumulated on DVM-system version 5.0, platform DVM
Analyzer is executing on DVM-system version 5.0, platform DVM
-------------------------------------------------------------------------
INTERVAL ( NLINE=5 SOURCE=distr3.f ) LEVEL=0  EXE_COUNT=1
--- The main characteristics --- 
Parallelization efficiency      0.0556 
Execution time                  0.0083 
Processors                          16
Threads amount                      16
Total time                      0.1323
Productive time                 0.0074 ( CPU= 0.0070 Sys= 0.0003 I/O= 0.0000 )
Lost  time                      0.1249 
   Insufficient parallelism     0.0938 ( User= 0.0890 Sys= 0.0048 )
   Communication                0.0063 ( Real_sync= 0.0000 Starts= 0.0000 )
   Idle time                    0.0248
Load imbalance                  0.0016
Synchronization                 0.0024
Time variation                  0.0033
Overlap                         0.0000
                  Nop   Communic    Synchro  Variation    Overlap 
I/O                 4     0.0000     0.0004     0.0024     0.0000 
Reduction           2     0.0036     0.0001     0.0001     0.0000 
Redistribution      2     0.0027     0.0019     0.0008     0.0000 
--- The comparative characteristics --- 
                              Tmin N proc      Tmax N proc      Tmid
Lost time                   0.0077    10     0.0079    15     0.0078 
User insufficient par.      0.0045     1     0.0070     9     0.0056 
Sys.insufficient par.       0.0002    14     0.0004     1     0.0003 
Idle time                   0.0000     9     0.0027     4     0.0016 
Communication               0.0003     1     0.0005    14     0.0004 
Synchronization             0.0001     1     0.0002    15     0.0001 
Variation                   0.0001     1     0.0003    16     0.0002 
Overlap                     0.0000     1     0.0000     2     0.0000 
Load imbalance              0.0000    10     0.0002    15     0.0001 
Execution time              0.0056     4     0.0083    10     0.0067 
User CPU time               0.0004    15     0.0005    10     0.0004 
Sys. CPU time               0.0000    14     0.0000     5     0.0000 
I/O time                    0.0000     4     0.0000     1     0.0000 
Processors                      16     1         16    16         16 
                      Communic          Synchro        Variation          Overlap  
I/O             Tmin    0.0000     1     0.0000     2     0.0000     1     0.0000     1 
I/O             Tmax    0.0000    16     0.0000    13     0.0002    13     0.0000    16 
I/O             Tmid    0.0000           0.0000           0.0001           0.0000       
Reduction       Tmin    0.0002     4     0.0000     2     0.0000    12     0.0000     1 
Reduction       Tmax    0.0003    16     0.0000    15     0.0000    15     0.0000     2 
Reduction       Tmid    0.0002           0.0000           0.0000           0.0000       
Redistribution  Tmin    0.0001     1     0.0000     1     0.0000     4     0.0000     1 
Redistribution  Tmax    0.0002    15     0.0002    15     0.0001    16     0.0000    16 
Redistribution  Tmid    0.0002           0.0001           0.0001           0.0000       
--- The execution characteristics --- 
                                1          2          3          4          5          6          7          8          9         10         11         12         13         14         15         16 
Lost time                  0.0079     0.0078     0.0078     0.0079     0.0077     0.0079     0.0077     0.0078     0.0077     0.0077     0.0079     0.0078     0.0078     0.0078     0.0079     0.0079 
User insufficient par.     0.0045     0.0056     0.0056     0.0046     0.0067     0.0046     0.0067     0.0052     0.0070     0.0070     0.0046     0.0063     0.0059     0.0059     0.0045     0.0045 
Sys.insufficient par.      0.0004     0.0003     0.0003     0.0003     0.0003     0.0003     0.0003     0.0003     0.0003     0.0003     0.0003     0.0003     0.0003     0.0002     0.0003     0.0003 
Idle time                  0.0027     0.0016     0.0015     0.0027     0.0004     0.0026     0.0004     0.0020     0.0000     0.0000     0.0026     0.0008     0.0012     0.0012     0.0026     0.0026 
Communication              0.0003     0.0004     0.0004     0.0003     0.0003     0.0004     0.0004     0.0004     0.0004     0.0004     0.0004     0.0004     0.0005     0.0005     0.0005     0.0005 
Synchronization            0.0001     0.0001     0.0001     0.0001     0.0002     0.0001     0.0001     0.0001     0.0001     0.0002     0.0001     0.0001     0.0002     0.0002     0.0002     0.0002 
Variation                  0.0001     0.0002     0.0002     0.0002     0.0002     0.0002     0.0002     0.0003     0.0002     0.0002     0.0002     0.0002     0.0002     0.0002     0.0002     0.0003 
Overlap                    0.0000     0.0000     0.0000     0.0000     0.0000     0.0000     0.0000     0.0000     0.0000     0.0000     0.0000     0.0000     0.0000     0.0000     0.0000     0.0000 
Load imbalance             0.0002     0.0001     0.0001     0.0002     0.0000     0.0002     0.0000     0.0001     0.0000     0.0000     0.0002     0.0001     0.0001     0.0001     0.0002     0.0002 
Execution time             0.0056     0.0067     0.0067     0.0056     0.0079     0.0056     0.0079     0.0063     0.0083     0.0083     0.0056     0.0075     0.0071     0.0071     0.0056     0.0056 
User CPU time              0.0004     0.0004     0.0004     0.0004     0.0005     0.0004     0.0005     0.0004     0.0005     0.0005     0.0004     0.0005     0.0005     0.0005     0.0004     0.0004 
Sys. CPU time              0.0000     0.0000     0.0000     0.0000     0.0000     0.0000     0.0000     0.0000     0.0000     0.0000     0.0000     0.0000     0.0000     0.0000     0.0000     0.0000 
I/O time                   0.0000     0.0000     0.0000     0.0000     0.0000     0.0000     0.0000     0.0000     0.0000     0.0000     0.0000     0.0000     0.0000     0.0000     0.0000     0.0000 
Processors                     16         16         16         16         16         16         16         16         16         16         16         16         16         16         16         16 
           Communication          
Reduction                  0.0002     0.0002     0.0002     0.0002     0.0002     0.0002     0.0002     0.0002     0.0002     0.0002     0.0002     0.0002     0.0002     0.0003     0.0002     0.0003 
Redistribution             0.0001     0.0002     0.0002     0.0002     0.0001     0.0001     0.0002     0.0001     0.0002     0.0002     0.0002     0.0001     0.0002     0.0002     0.0002     0.0002 
           Synchronization        
I/O                        0.0000     0.0000     0.0000     0.0000     0.0000     0.0000     0.0000     0.0000     0.0000     0.0000     0.0000     0.0000     0.0000     0.0000     0.0000     0.0000 
Reduction                  0.0000     0.0000     0.0000     0.0000     0.0000     0.0000     0.0000     0.0000     0.0000     0.0000     0.0000     0.0000     0.0000     0.0000     0.0000     0.0000 
Redistribution             0.0000     0.0001     0.0001     0.0001     0.0001     0.0001     0.0001     0.0001     0.0001     0.0001     0.0001     0.0001     0.0001     0.0002     0.0002     0.0001 
           Variation              
I/O                        0.0000     0.0001     0.0002     0.0002     0.0002     0.0002     0.0001     0.0002     0.0002     0.0002     0.0002     0.0002     0.0002     0.0002     0.0002     0.0002 
Reduction                  0.0000     0.0000     0.0000     0.0000     0.0000     0.0000     0.0000     0.0000     0.0000     0.0000     0.0000     0.0000     0.0000     0.0000     0.0000     0.0000 
Redistribution             0.0000     0.0000     0.0001     0.0000     0.0001     0.0000     0.0001     0.0001     0.0000     0.0001     0.0000     0.0000     0.0000     0.0001     0.0000     0.0001 
           Overlap                
Reduction                  0.0000     0.0000     0.0000     0.0000     0.0000     0.0000     0.0000     0.0000     0.0000     0.0000     0.0000     0.0000     0.0000     0.0000     0.0000     0.0000 


-------------------------------------------------------------------------
Name (number) and performance time of processors
omp.keldysh.ru(1) 0.934029
omp.keldysh.ru(2) 0.933977
omp.keldysh.ru(3) 0.956480
omp.keldysh.ru(4) 0.956486
omp.keldysh.ru(5) 0.958747
omp.keldysh.ru(6) 0.958747
omp.keldysh.ru(7) 0.958644
omp.keldysh.ru(8) 0.958637
omp.keldysh.ru(9) 0.959831
omp.keldysh.ru(10) 0.959813
omp.keldysh.ru(11) 0.958304
omp.keldysh.ru(12) 0.958722
omp.keldysh.ru(13) 0.934036
omp.keldysh.ru(14) 0.934007
omp.keldysh.ru(15) 0.956825
omp.keldysh.ru(16) 0.956826
min - omp.keldysh.ru(2) 0.933977; max - omp.keldysh.ru(9) 0.959831; mid - 0.952132
