Processor system=3*2*1*3
Statistics has been accumulated on DVM-system version 5.0, platform DVM
Analyzer is executing on DVM-system version 5.0, platform DVM
-------------------------------------------------------------------------
INTERVAL ( NLINE=5 SOURCE=align44.f ) LEVEL=0  EXE_COUNT=2
--- The main characteristics --- 
Parallelization efficiency      0.0603 
Execution time                  0.0097 
Processors                          18
Threads amount                      18
Total time                      0.1740
Productive time                 0.0105 ( CPU= 0.0100 Sys= 0.0004 I/O= 0.0000 )
Lost  time                      0.1635 
   Insufficient parallelism     0.1189 ( User= 0.1112 Sys= 0.0076 )
   Communication                0.0054 ( Real_sync= 0.0000 Starts= 0.0000 )
   Idle time                    0.0393
Load imbalance                  0.0020
Synchronization                 0.0006
Time variation                  0.0034
Overlap                         0.0000
                  Nop   Communic    Synchro  Variation    Overlap 
I/O                10     0.0000     0.0005     0.0033     0.0000 
Reduction           8     0.0054     0.0001     0.0001     0.0000 
--- The comparative characteristics --- 
                              Tmin N proc      Tmax N proc      Tmid
Lost time                   0.0090    16     0.0092    18     0.0091 
User insufficient par.      0.0049    18     0.0082    16     0.0062 
Sys.insufficient par.       0.0003    17     0.0005     1     0.0004 
Idle time                   0.0000    16     0.0035    11     0.0022 
Communication               0.0002     1     0.0006    17     0.0003 
Synchronization             0.0000     6     0.0001    17     0.0000 
Variation                   0.0000     1     0.0002    17     0.0002 
Overlap                     0.0000     5     0.0000     2     0.0000 
Load imbalance              0.0000    16     0.0002    18     0.0001 
Execution time              0.0062    11     0.0097    16     0.0075 
User CPU time               0.0004    18     0.0007    16     0.0006 
Sys. CPU time               0.0000    17     0.0000    16     0.0000 
I/O time                    0.0000    17     0.0000     1     0.0000 
Processors                      18     1         18    18         18 
                      Communic          Synchro        Variation          Overlap  
I/O             Tmin    0.0000     1     0.0000     6     0.0000     1     0.0000     1 
I/O             Tmax    0.0000    18     0.0001    17     0.0002    17     0.0000    18 
I/O             Tmid    0.0000           0.0000           0.0002           0.0000       
Reduction       Tmin    0.0002     1     0.0000     2     0.0000     2     0.0000     5 
Reduction       Tmax    0.0006    17     0.0000    18     0.0000    18     0.0000     2 
Reduction       Tmid    0.0003           0.0000           0.0000           0.0000       
--- The execution characteristics --- 
                                1          2          3          4          5          6          7          8          9         10         11         12         13         14         15         16         17         18 
Lost time                  0.0091     0.0090     0.0092     0.0092     0.0090     0.0090     0.0091     0.0091     0.0092     0.0090     0.0092     0.0091     0.0090     0.0090     0.0092     0.0090     0.0091     0.0092 
User insufficient par.     0.0064     0.0064     0.0050     0.0050     0.0068     0.0068     0.0050     0.0061     0.0050     0.0079     0.0050     0.0057     0.0075     0.0075     0.0050     0.0082     0.0070     0.0049 
Sys.insufficient par.      0.0005     0.0004     0.0004     0.0004     0.0004     0.0004     0.0004     0.0004     0.0004     0.0004     0.0004     0.0004     0.0004     0.0004     0.0004     0.0004     0.0003     0.0004 
Idle time                  0.0019     0.0020     0.0034     0.0034     0.0016     0.0016     0.0034     0.0023     0.0034     0.0004     0.0035     0.0027     0.0008     0.0008     0.0034     0.0000     0.0012     0.0034 
Communication              0.0002     0.0002     0.0003     0.0003     0.0003     0.0003     0.0003     0.0002     0.0003     0.0003     0.0003     0.0003     0.0003     0.0003     0.0002     0.0003     0.0006     0.0005 
Synchronization            0.0000     0.0000     0.0000     0.0000     0.0000     0.0000     0.0000     0.0000     0.0000     0.0000     0.0000     0.0000     0.0000     0.0000     0.0000     0.0000     0.0001     0.0001 
Variation                  0.0000     0.0002     0.0002     0.0002     0.0002     0.0002     0.0002     0.0002     0.0002     0.0002     0.0002     0.0002     0.0002     0.0002     0.0002     0.0002     0.0002     0.0002 
Overlap                    0.0000     0.0000     0.0000     0.0000     0.0000     0.0000     0.0000     0.0000     0.0000     0.0000     0.0000     0.0000     0.0000     0.0000     0.0000     0.0000     0.0000     0.0000 
Load imbalance             0.0001     0.0000     0.0002     0.0002     0.0001     0.0001     0.0002     0.0001     0.0002     0.0000     0.0002     0.0001     0.0001     0.0000     0.0002     0.0000     0.0001     0.0002 
Execution time             0.0077     0.0077     0.0062     0.0062     0.0081     0.0081     0.0062     0.0073     0.0062     0.0093     0.0062     0.0069     0.0089     0.0089     0.0062     0.0097     0.0085     0.0062 
User CPU time              0.0006     0.0006     0.0005     0.0005     0.0006     0.0006     0.0005     0.0006     0.0005     0.0006     0.0005     0.0005     0.0006     0.0006     0.0005     0.0007     0.0006     0.0004 
Sys. CPU time              0.0000     0.0000     0.0000     0.0000     0.0000     0.0000     0.0000     0.0000     0.0000     0.0000     0.0000     0.0000     0.0000     0.0000     0.0000     0.0000     0.0000     0.0000 
I/O time                   0.0000     0.0000     0.0000     0.0000     0.0000     0.0000     0.0000     0.0000     0.0000     0.0000     0.0000     0.0000     0.0000     0.0000     0.0000     0.0000     0.0000     0.0000 
Processors                     18         18         18         18         18         18         18         18         18         18         18         18         18         18         18         18         18         18 
           Communication          
Reduction                  0.0002     0.0002     0.0003     0.0003     0.0003     0.0003     0.0003     0.0002     0.0003     0.0003     0.0003     0.0003     0.0003     0.0003     0.0002     0.0003     0.0006     0.0005 
           Synchronization        
I/O                        0.0000     0.0000     0.0000     0.0000     0.0000     0.0000     0.0000     0.0000     0.0000     0.0000     0.0000     0.0000     0.0000     0.0000     0.0000     0.0000     0.0001     0.0000 
Reduction                  0.0000     0.0000     0.0000     0.0000     0.0000     0.0000     0.0000     0.0000     0.0000     0.0000     0.0000     0.0000     0.0000     0.0000     0.0000     0.0000     0.0000     0.0000 
           Variation              
I/O                        0.0000     0.0002     0.0002     0.0002     0.0002     0.0002     0.0002     0.0002     0.0002     0.0002     0.0002     0.0002     0.0002     0.0002     0.0002     0.0002     0.0002     0.0002 
Reduction                  0.0000     0.0000     0.0000     0.0000     0.0000     0.0000     0.0000     0.0000     0.0000     0.0000     0.0000     0.0000     0.0000     0.0000     0.0000     0.0000     0.0000     0.0000 
           Overlap                
Reduction                  0.0000     0.0000     0.0000     0.0000     0.0000     0.0000     0.0000     0.0000     0.0000     0.0000     0.0000     0.0000     0.0000     0.0000     0.0000     0.0000     0.0000     0.0000 


-------------------------------------------------------------------------
Name (number) and performance time of processors
omp.keldysh.ru(1) 0.933920
omp.keldysh.ru(2) 0.933528
omp.keldysh.ru(3) 0.957326
omp.keldysh.ru(4) 0.957314
omp.keldysh.ru(5) 0.953830
omp.keldysh.ru(6) 0.953820
omp.keldysh.ru(7) 0.955568
omp.keldysh.ru(8) 0.955561
omp.keldysh.ru(9) 0.953903
omp.keldysh.ru(10) 0.953889
omp.keldysh.ru(11) 0.954726
omp.keldysh.ru(12) 0.954739
omp.keldysh.ru(13) 0.955858
omp.keldysh.ru(14) 0.956137
omp.keldysh.ru(15) 0.958008
omp.keldysh.ru(16) 0.958002
omp.keldysh.ru(17) 0.954008
omp.keldysh.ru(18) 0.954024
min - omp.keldysh.ru(2) 0.933528; max - omp.keldysh.ru(15) 0.958008; mid - 0.953009
