Processor system=2*2*1*4
Statistics has been accumulated on DVM-system version 5.0, platform DVM
Analyzer is executing on DVM-system version 5.0, platform DVM
-------------------------------------------------------------------------
INTERVAL ( NLINE=7 SOURCE=reda42.f ) LEVEL=0  EXE_COUNT=1
--- The main characteristics --- 
Parallelization efficiency      0.0523 
Execution time                  0.0057 
Processors                          16
Threads amount                      16
Total time                      0.0919
Productive time                 0.0048 ( CPU= 0.0044 Sys= 0.0004 I/O= 0.0000 )
Lost  time                      0.0871 
   Insufficient parallelism     0.0722 ( User= 0.0665 Sys= 0.0057 )
   Communication                0.0044 ( Real_sync= 0.0000 Starts= 0.0000 )
   Idle time                    0.0105
Load imbalance                  0.0006
Synchronization                 0.0241
Time variation                  0.0260
Overlap                         0.0007
                  Nop   Communic    Synchro  Variation    Overlap 
I/O                 6     0.0000     0.0079     0.0097     0.0000 
Reduction           4     0.0044     0.0055     0.0055     0.0007 
Remote access      21     0.0000     0.0108     0.0108     0.0000 
--- The comparative characteristics --- 
                              Tmin N proc      Tmax N proc      Tmid
Lost time                   0.0054     1     0.0055    16     0.0054 
User insufficient par.      0.0032    16     0.0047     1     0.0042 
Sys.insufficient par.       0.0003    13     0.0005     1     0.0004 
Idle time                   0.0000     1     0.0016    16     0.0007 
Communication               0.0002     1     0.0004    14     0.0003 
Synchronization             0.0002     5     0.0055    13     0.0015 
Variation                   0.0003     1     0.0056    13     0.0016 
Overlap                     0.0000    13     0.0001     5     0.0000 
Load imbalance              0.0000     1     0.0001    16     0.0000 
Execution time              0.0041    16     0.0057     1     0.0051 
User CPU time               0.0002    16     0.0003     1     0.0003 
Sys. CPU time               0.0000    13     0.0000     2     0.0000 
I/O time                    0.0000    10     0.0000     1     0.0000 
Processors                      16     1         16    16         16 
                      Communic          Synchro        Variation          Overlap  
I/O             Tmin    0.0000     1     0.0000     5     0.0001     1     0.0000     1 
I/O             Tmax    0.0000    16     0.0019    13     0.0020    13     0.0000    16 
I/O             Tmid    0.0000           0.0005           0.0006           0.0000       
Reduction       Tmin    0.0002     1     0.0000     5     0.0000     5     0.0000    13 
Reduction       Tmax    0.0004    14     0.0013    13     0.0013    13     0.0001     6 
Reduction       Tmid    0.0003           0.0003           0.0003           0.0000       
Remote access   Tmin    0.0000     1     0.0001     6     0.0001     6     0.0000     1 
Remote access   Tmax    0.0000    16     0.0023    13     0.0023    13     0.0000     5 
Remote access   Tmid    0.0000           0.0007           0.0007           0.0000       
--- The execution characteristics --- 
                                1          2          3          4          5          6          7          8          9         10         11         12         13         14         15         16 
Lost time                  0.0054     0.0054     0.0054     0.0054     0.0054     0.0054     0.0054     0.0054     0.0054     0.0054     0.0054     0.0054     0.0055     0.0054     0.0054     0.0055 
User insufficient par.     0.0047     0.0042     0.0042     0.0042     0.0043     0.0044     0.0042     0.0042     0.0043     0.0043     0.0043     0.0043     0.0033     0.0042     0.0042     0.0032 
Sys.insufficient par.      0.0005     0.0004     0.0004     0.0004     0.0003     0.0004     0.0004     0.0004     0.0004     0.0003     0.0004     0.0004     0.0003     0.0003     0.0004     0.0003 
Idle time                  0.0000     0.0006     0.0006     0.0006     0.0006     0.0005     0.0006     0.0006     0.0005     0.0005     0.0005     0.0005     0.0016     0.0006     0.0006     0.0016 
Communication              0.0002     0.0003     0.0002     0.0002     0.0002     0.0002     0.0003     0.0002     0.0003     0.0003     0.0003     0.0003     0.0004     0.0004     0.0003     0.0004 
Synchronization            0.0003     0.0006     0.0009     0.0010     0.0002     0.0002     0.0004     0.0005     0.0003     0.0007     0.0004     0.0004     0.0055     0.0053     0.0025     0.0049 
Variation                  0.0003     0.0008     0.0010     0.0011     0.0003     0.0003     0.0006     0.0006     0.0004     0.0008     0.0005     0.0005     0.0056     0.0054     0.0027     0.0050 
Overlap                    0.0001     0.0001     0.0000     0.0000     0.0001     0.0001     0.0001     0.0001     0.0001     0.0000     0.0001     0.0001     0.0000     0.0000     0.0000     0.0000 
Load imbalance             0.0000     0.0000     0.0000     0.0000     0.0000     0.0000     0.0000     0.0000     0.0000     0.0000     0.0000     0.0000     0.0001     0.0000     0.0000     0.0001 
Execution time             0.0057     0.0052     0.0051     0.0051     0.0052     0.0053     0.0052     0.0051     0.0053     0.0052     0.0052     0.0052     0.0042     0.0052     0.0051     0.0041 
User CPU time              0.0003     0.0003     0.0003     0.0003     0.0003     0.0003     0.0003     0.0003     0.0003     0.0003     0.0003     0.0003     0.0002     0.0003     0.0003     0.0002 
Sys. CPU time              0.0000     0.0000     0.0000     0.0000     0.0000     0.0000     0.0000     0.0000     0.0000     0.0000     0.0000     0.0000     0.0000     0.0000     0.0000     0.0000 
I/O time                   0.0000     0.0000     0.0000     0.0000     0.0000     0.0000     0.0000     0.0000     0.0000     0.0000     0.0000     0.0000     0.0000     0.0000     0.0000     0.0000 
Processors                     16         16         16         16         16         16         16         16         16         16         16         16         16         16         16         16 
           Communication          
Reduction                  0.0002     0.0003     0.0002     0.0002     0.0002     0.0002     0.0003     0.0002     0.0003     0.0003     0.0003     0.0003     0.0004     0.0004     0.0003     0.0004 
           Synchronization        
I/O                        0.0001     0.0002     0.0003     0.0003     0.0000     0.0000     0.0001     0.0002     0.0001     0.0002     0.0001     0.0001     0.0019     0.0018     0.0008     0.0016 
Reduction                  0.0001     0.0001     0.0002     0.0002     0.0000     0.0000     0.0001     0.0001     0.0000     0.0001     0.0001     0.0001     0.0013     0.0013     0.0006     0.0012 
Remote access              0.0001     0.0004     0.0004     0.0004     0.0001     0.0001     0.0002     0.0002     0.0002     0.0003     0.0002     0.0002     0.0023     0.0023     0.0011     0.0021 
           Variation              
I/O                        0.0001     0.0003     0.0004     0.0004     0.0002     0.0002     0.0003     0.0003     0.0002     0.0003     0.0003     0.0003     0.0020     0.0019     0.0009     0.0018 
Reduction                  0.0001     0.0001     0.0002     0.0002     0.0000     0.0000     0.0001     0.0001     0.0000     0.0001     0.0001     0.0001     0.0013     0.0013     0.0006     0.0012 
Remote access              0.0001     0.0004     0.0004     0.0004     0.0001     0.0001     0.0002     0.0002     0.0002     0.0003     0.0002     0.0002     0.0023     0.0023     0.0011     0.0021 
           Overlap                
Reduction                  0.0001     0.0001     0.0000     0.0000     0.0001     0.0001     0.0001     0.0001     0.0001     0.0000     0.0001     0.0001     0.0000     0.0000     0.0000     0.0000 
Remote access              0.0000     0.0000     0.0000     0.0000     0.0000     0.0000     0.0000     0.0000     0.0000     0.0000     0.0000     0.0000     0.0000     0.0000     0.0000     0.0000 


-------------------------------------------------------------------------
Name (number) and performance time of processors
omp.keldysh.ru(1) 0.933915
omp.keldysh.ru(2) 0.933862
omp.keldysh.ru(3) 0.953511
omp.keldysh.ru(4) 0.953657
omp.keldysh.ru(5) 0.955002
omp.keldysh.ru(6) 0.955001
omp.keldysh.ru(7) 0.949099
omp.keldysh.ru(8) 0.949099
omp.keldysh.ru(9) 0.953789
omp.keldysh.ru(10) 0.953762
omp.keldysh.ru(11) 0.955366
omp.keldysh.ru(12) 0.955350
omp.keldysh.ru(13) 0.933635
omp.keldysh.ru(14) 0.933896
omp.keldysh.ru(15) 0.954844
omp.keldysh.ru(16) 0.954787
min - omp.keldysh.ru(13) 0.933635; max - omp.keldysh.ru(11) 0.955366; mid - 0.948661
