Processor system=2*3*3
Statistics has been accumulated on DVM-system version 5.0, platform DVM
Analyzer is executing on DVM-system version 5.0, platform DVM
-------------------------------------------------------------------------
INTERVAL ( NLINE=7 SOURCE=reda31.f ) LEVEL=0  EXE_COUNT=2
--- The main characteristics --- 
Parallelization efficiency      0.0515 
Execution time                  0.0049 
Processors                          18
Threads amount                      18
Total time                      0.0875
Productive time                 0.0045 ( CPU= 0.0041 Sys= 0.0004 I/O= 0.0000 )
Lost  time                      0.0830 
   Insufficient parallelism     0.0746 ( User= 0.0673 Sys= 0.0074 )
   Communication                0.0075 ( Real_sync= 0.0000 Starts= 0.0000 )
   Idle time                    0.0009
Load imbalance                  0.0001
Synchronization                 0.0071
Time variation                  0.0058
Overlap                         0.0001
                  Nop   Communic    Synchro  Variation    Overlap 
I/O                 6     0.0000     0.0014     0.0039     0.0000 
Reduction           5     0.0033     0.0008     0.0005     0.0001 
Remote access      22     0.0041     0.0049     0.0014     0.0000 
--- The comparative characteristics --- 
                              Tmin N proc      Tmax N proc      Tmid
Lost time                   0.0046     1     0.0046    17     0.0046 
User insufficient par.      0.0036    18     0.0038    14     0.0037 
Sys.insufficient par.       0.0003    17     0.0006     1     0.0004 
Idle time                   0.0000    16     0.0002    17     0.0001 
Communication               0.0003     1     0.0005    17     0.0004 
Synchronization             0.0002     1     0.0005     2     0.0004 
Variation                   0.0001     1     0.0005     2     0.0003 
Overlap                     0.0000    18     0.0000    16     0.0000 
Load imbalance              0.0000    14     0.0000    17     0.0000 
Execution time              0.0046    17     0.0049    16     0.0048 
User CPU time               0.0002    18     0.0002    12     0.0002 
Sys. CPU time               0.0000    17     0.0000    16     0.0000 
I/O time                    0.0000    17     0.0000     1     0.0000 
Processors                      18     1         18    18         18 
                      Communic          Synchro        Variation          Overlap  
I/O             Tmin    0.0000     1     0.0000    13     0.0000     1     0.0000     1 
I/O             Tmax    0.0000    18     0.0001     1     0.0003     2     0.0000    18 
I/O             Tmid    0.0000           0.0001           0.0002           0.0000       
Reduction       Tmin    0.0001     1     0.0000     5     0.0000    14     0.0000    18 
Reduction       Tmax    0.0002    17     0.0001    17     0.0001     1     0.0000    16 
Reduction       Tmid    0.0002           0.0000           0.0000           0.0000       
Remote access   Tmin    0.0001     1     0.0000     1     0.0000     1     0.0000     1 
Remote access   Tmax    0.0003    17     0.0003    17     0.0001     2     0.0000    16 
Remote access   Tmid    0.0002           0.0003           0.0001           0.0000       
--- The execution characteristics --- 
                                1          2          3          4          5          6          7          8          9         10         11         12         13         14         15         16         17         18 
Lost time                  0.0046     0.0046     0.0046     0.0046     0.0046     0.0046     0.0046     0.0046     0.0046     0.0046     0.0046     0.0046     0.0046     0.0046     0.0046     0.0046     0.0046     0.0046 
User insufficient par.     0.0037     0.0038     0.0038     0.0038     0.0038     0.0038     0.0038     0.0037     0.0037     0.0037     0.0038     0.0038     0.0038     0.0038     0.0038     0.0038     0.0036     0.0036 
Sys.insufficient par.      0.0006     0.0004     0.0004     0.0004     0.0004     0.0004     0.0004     0.0004     0.0004     0.0004     0.0004     0.0004     0.0004     0.0004     0.0004     0.0004     0.0003     0.0004 
Idle time                  0.0000     0.0000     0.0000     0.0000     0.0001     0.0000     0.0000     0.0000     0.0001     0.0001     0.0000     0.0000     0.0000     0.0000     0.0000     0.0000     0.0002     0.0002 
Communication              0.0003     0.0004     0.0004     0.0004     0.0004     0.0004     0.0004     0.0005     0.0004     0.0004     0.0004     0.0004     0.0004     0.0004     0.0004     0.0004     0.0005     0.0005 
Synchronization            0.0002     0.0005     0.0005     0.0005     0.0003     0.0004     0.0004     0.0004     0.0004     0.0004     0.0004     0.0004     0.0003     0.0003     0.0003     0.0004     0.0005     0.0005 
Variation                  0.0001     0.0005     0.0004     0.0004     0.0003     0.0004     0.0004     0.0004     0.0003     0.0003     0.0003     0.0003     0.0003     0.0003     0.0003     0.0003     0.0003     0.0003 
Overlap                    0.0000     0.0000     0.0000     0.0000     0.0000     0.0000     0.0000     0.0000     0.0000     0.0000     0.0000     0.0000     0.0000     0.0000     0.0000     0.0000     0.0000     0.0000 
Load imbalance             0.0000     0.0000     0.0000     0.0000     0.0000     0.0000     0.0000     0.0000     0.0000     0.0000     0.0000     0.0000     0.0000     0.0000     0.0000     0.0000     0.0000     0.0000 
Execution time             0.0048     0.0048     0.0048     0.0048     0.0048     0.0048     0.0049     0.0048     0.0048     0.0048     0.0048     0.0049     0.0048     0.0049     0.0048     0.0049     0.0046     0.0047 
User CPU time              0.0002     0.0002     0.0002     0.0002     0.0002     0.0002     0.0002     0.0002     0.0002     0.0002     0.0002     0.0002     0.0002     0.0002     0.0002     0.0002     0.0002     0.0002 
Sys. CPU time              0.0000     0.0000     0.0000     0.0000     0.0000     0.0000     0.0000     0.0000     0.0000     0.0000     0.0000     0.0000     0.0000     0.0000     0.0000     0.0000     0.0000     0.0000 
I/O time                   0.0000     0.0000     0.0000     0.0000     0.0000     0.0000     0.0000     0.0000     0.0000     0.0000     0.0000     0.0000     0.0000     0.0000     0.0000     0.0000     0.0000     0.0000 
Processors                     18         18         18         18         18         18         18         18         18         18         18         18         18         18         18         18         18         18 
           Communication          
Reduction                  0.0001     0.0002     0.0002     0.0002     0.0002     0.0002     0.0002     0.0002     0.0002     0.0002     0.0002     0.0002     0.0002     0.0002     0.0002     0.0002     0.0002     0.0002 
Remote access              0.0001     0.0002     0.0002     0.0002     0.0002     0.0002     0.0003     0.0003     0.0002     0.0002     0.0002     0.0002     0.0002     0.0002     0.0002     0.0002     0.0003     0.0003 
           Synchronization        
I/O                        0.0001     0.0001     0.0001     0.0001     0.0000     0.0001     0.0001     0.0001     0.0000     0.0001     0.0001     0.0001     0.0000     0.0001     0.0000     0.0001     0.0001     0.0001 
Reduction                  0.0000     0.0001     0.0001     0.0001     0.0000     0.0001     0.0000     0.0000     0.0001     0.0000     0.0000     0.0000     0.0000     0.0001     0.0000     0.0000     0.0001     0.0001 
Remote access              0.0000     0.0003     0.0003     0.0003     0.0003     0.0003     0.0003     0.0003     0.0003     0.0003     0.0003     0.0003     0.0002     0.0002     0.0002     0.0002     0.0003     0.0003 
           Variation              
I/O                        0.0000     0.0003     0.0002     0.0003     0.0002     0.0002     0.0002     0.0002     0.0002     0.0002     0.0002     0.0002     0.0002     0.0002     0.0002     0.0002     0.0002     0.0002 
Reduction                  0.0001     0.0000     0.0000     0.0000     0.0000     0.0000     0.0000     0.0000     0.0000     0.0000     0.0000     0.0000     0.0000     0.0000     0.0000     0.0000     0.0000     0.0000 
Remote access              0.0000     0.0001     0.0001     0.0001     0.0001     0.0001     0.0001     0.0001     0.0001     0.0001     0.0001     0.0001     0.0001     0.0000     0.0000     0.0000     0.0000     0.0000 
           Overlap                
Reduction                  0.0000     0.0000     0.0000     0.0000     0.0000     0.0000     0.0000     0.0000     0.0000     0.0000     0.0000     0.0000     0.0000     0.0000     0.0000     0.0000     0.0000     0.0000 
Remote access              0.0000     0.0000     0.0000     0.0000     0.0000     0.0000     0.0000     0.0000     0.0000     0.0000     0.0000     0.0000     0.0000     0.0000     0.0000     0.0000     0.0000     0.0000 


-------------------------------------------------------------------------
Name (number) and performance time of processors
omp.keldysh.ru(1) 0.935373
omp.keldysh.ru(2) 0.935316
omp.keldysh.ru(3) 0.962720
omp.keldysh.ru(4) 0.962747
omp.keldysh.ru(5) 0.957917
omp.keldysh.ru(6) 0.957817
omp.keldysh.ru(7) 0.960067
omp.keldysh.ru(8) 0.960080
omp.keldysh.ru(9) 0.958083
omp.keldysh.ru(10) 0.958093
omp.keldysh.ru(11) 0.959322
omp.keldysh.ru(12) 0.959314
omp.keldysh.ru(13) 0.959299
omp.keldysh.ru(14) 0.959620
omp.keldysh.ru(15) 0.958901
omp.keldysh.ru(16) 0.958880
omp.keldysh.ru(17) 0.955993
omp.keldysh.ru(18) 0.955982
min - omp.keldysh.ru(2) 0.935316; max - omp.keldysh.ru(4) 0.962747; mid - 0.956418
