Processor system=1*2*2*4
Statistics has been accumulated on DVM-system version 5.0, platform DVM
Analyzer is executing on DVM-system version 5.0, platform DVM
-------------------------------------------------------------------------
INTERVAL ( NLINE=5 SOURCE=align44.f ) LEVEL=0  EXE_COUNT=1
--- The main characteristics --- 
Parallelization efficiency      0.0622 
Execution time                  0.0097 
Processors                          16
Threads amount                      16
Total time                      0.1554
Productive time                 0.0097 ( CPU= 0.0092 Sys= 0.0004 I/O= 0.0000 )
Lost  time                      0.1458 
   Insufficient parallelism     0.1043 ( User= 0.0977 Sys= 0.0066 )
   Communication                0.0121 ( Real_sync= 0.0000 Starts= 0.0000 )
   Idle time                    0.0294
Load imbalance                  0.0020
Synchronization                 0.0007
Time variation                  0.0032
Overlap                         0.0000
                  Nop   Communic    Synchro  Variation    Overlap 
I/O                 9     0.0000     0.0005     0.0031     0.0000 
Reduction           7     0.0121     0.0001     0.0001     0.0000 
--- The comparative characteristics --- 
                              Tmin N proc      Tmax N proc      Tmid
Lost time                   0.0090     7     0.0093    15     0.0091 
User insufficient par.      0.0045    15     0.0079     7     0.0061 
Sys.insufficient par.       0.0003    13     0.0006     1     0.0004 
Idle time                   0.0000     7     0.0035     2     0.0018 
Communication               0.0006     1     0.0011    13     0.0008 
Synchronization             0.0000     3     0.0001    13     0.0000 
Variation                   0.0000     1     0.0003    13     0.0002 
Overlap                     0.0000     5     0.0000    12     0.0000 
Load imbalance              0.0000     7     0.0003    15     0.0001 
Execution time              0.0062     2     0.0097     7     0.0079 
User CPU time               0.0004    15     0.0007     7     0.0006 
Sys. CPU time               0.0000    13     0.0000     2     0.0000 
I/O time                    0.0000    13     0.0000     1     0.0000 
Processors                      16     1         16    16         16 
                      Communic          Synchro        Variation          Overlap  
I/O             Tmin    0.0000     1     0.0000     1     0.0000     1     0.0000     1 
I/O             Tmax    0.0000    16     0.0001    13     0.0003    13     0.0000    16 
I/O             Tmid    0.0000           0.0000           0.0002           0.0000       
Reduction       Tmin    0.0006     1     0.0000    12     0.0000     9     0.0000     5 
Reduction       Tmax    0.0011    13     0.0000    16     0.0000    16     0.0000    12 
Reduction       Tmid    0.0008           0.0000           0.0000           0.0000       
--- The execution characteristics --- 
                                1          2          3          4          5          6          7          8          9         10         11         12         13         14         15         16 
Lost time                  0.0091     0.0092     0.0092     0.0092     0.0090     0.0091     0.0090     0.0091     0.0090     0.0090     0.0092     0.0092     0.0091     0.0091     0.0093     0.0091 
User insufficient par.     0.0060     0.0046     0.0047     0.0047     0.0079     0.0057     0.0079     0.0064     0.0075     0.0075     0.0053     0.0047     0.0069     0.0070     0.0045     0.0066 
Sys.insufficient par.      0.0006     0.0004     0.0004     0.0004     0.0004     0.0004     0.0004     0.0004     0.0004     0.0004     0.0004     0.0004     0.0003     0.0003     0.0004     0.0004 
Idle time                  0.0020     0.0035     0.0034     0.0034     0.0000     0.0023     0.0000     0.0016     0.0004     0.0004     0.0027     0.0034     0.0008     0.0008     0.0034     0.0012 
Communication              0.0006     0.0006     0.0006     0.0007     0.0007     0.0007     0.0007     0.0007     0.0007     0.0007     0.0007     0.0007     0.0011     0.0010     0.0010     0.0009 
Synchronization            0.0000     0.0000     0.0000     0.0000     0.0000     0.0000     0.0000     0.0000     0.0000     0.0000     0.0000     0.0000     0.0001     0.0001     0.0001     0.0001 
Variation                  0.0000     0.0002     0.0002     0.0002     0.0002     0.0002     0.0002     0.0002     0.0002     0.0002     0.0002     0.0002     0.0003     0.0002     0.0002     0.0003 
Overlap                    0.0000     0.0000     0.0000     0.0000     0.0000     0.0000     0.0000     0.0000     0.0000     0.0000     0.0000     0.0000     0.0000     0.0000     0.0000     0.0000 
Load imbalance             0.0001     0.0002     0.0002     0.0002     0.0000     0.0001     0.0000     0.0001     0.0000     0.0000     0.0002     0.0002     0.0001     0.0001     0.0003     0.0001 
Execution time             0.0078     0.0062     0.0063     0.0063     0.0097     0.0074     0.0097     0.0081     0.0093     0.0093     0.0070     0.0063     0.0089     0.0089     0.0063     0.0085 
User CPU time              0.0006     0.0005     0.0005     0.0005     0.0007     0.0006     0.0007     0.0006     0.0007     0.0007     0.0005     0.0005     0.0006     0.0006     0.0004     0.0006 
Sys. CPU time              0.0000     0.0000     0.0000     0.0000     0.0000     0.0000     0.0000     0.0000     0.0000     0.0000     0.0000     0.0000     0.0000     0.0000     0.0000     0.0000 
I/O time                   0.0000     0.0000     0.0000     0.0000     0.0000     0.0000     0.0000     0.0000     0.0000     0.0000     0.0000     0.0000     0.0000     0.0000     0.0000     0.0000 
Processors                     16         16         16         16         16         16         16         16         16         16         16         16         16         16         16         16 
           Communication          
Reduction                  0.0006     0.0006     0.0006     0.0007     0.0007     0.0007     0.0007     0.0007     0.0007     0.0007     0.0007     0.0007     0.0011     0.0010     0.0010     0.0009 
           Synchronization        
I/O                        0.0000     0.0000     0.0000     0.0000     0.0000     0.0000     0.0000     0.0000     0.0000     0.0000     0.0000     0.0000     0.0001     0.0001     0.0001     0.0001 
Reduction                  0.0000     0.0000     0.0000     0.0000     0.0000     0.0000     0.0000     0.0000     0.0000     0.0000     0.0000     0.0000     0.0000     0.0000     0.0000     0.0000 
           Variation              
I/O                        0.0000     0.0002     0.0002     0.0002     0.0002     0.0002     0.0002     0.0002     0.0002     0.0002     0.0002     0.0002     0.0003     0.0002     0.0002     0.0002 
Reduction                  0.0000     0.0000     0.0000     0.0000     0.0000     0.0000     0.0000     0.0000     0.0000     0.0000     0.0000     0.0000     0.0000     0.0000     0.0000     0.0000 
           Overlap                
Reduction                  0.0000     0.0000     0.0000     0.0000     0.0000     0.0000     0.0000     0.0000     0.0000     0.0000     0.0000     0.0000     0.0000     0.0000     0.0000     0.0000 


-------------------------------------------------------------------------
Name (number) and performance time of processors
omp.keldysh.ru(1) 0.933920
omp.keldysh.ru(2) 0.933829
omp.keldysh.ru(3) 0.956197
omp.keldysh.ru(4) 0.956262
omp.keldysh.ru(5) 0.951850
omp.keldysh.ru(6) 0.951827
omp.keldysh.ru(7) 0.952717
omp.keldysh.ru(8) 0.952724
omp.keldysh.ru(9) 0.948960
omp.keldysh.ru(10) 0.948958
omp.keldysh.ru(11) 0.952455
omp.keldysh.ru(12) 0.952441
omp.keldysh.ru(13) 0.953085
omp.keldysh.ru(14) 0.953075
omp.keldysh.ru(15) 0.933334
omp.keldysh.ru(16) 0.933609
min - omp.keldysh.ru(15) 0.933334; max - omp.keldysh.ru(4) 0.956262; mid - 0.947828
