Processor system=4*1*2*2
Statistics has been accumulated on DVM-system version 5.0, platform DVM
Analyzer is executing on DVM-system version 5.0, platform DVM
-------------------------------------------------------------------------
INTERVAL ( NLINE=5 SOURCE=prf43.f ) LEVEL=0  EXE_COUNT=1
--- The main characteristics --- 
Parallelization efficiency      0.0506 
Execution time                  0.0461 
Processors                          16
Threads amount                      16
Total time                      0.7372
Productive time                 0.0373 ( CPU= 0.0062 Sys= 0.0310 I/O= 0.0000 )
Lost  time                      0.6999 
   Insufficient parallelism     0.5308 ( User= 0.0649 Sys= 0.4659 )
   Communication                0.1652 ( Real_sync= 0.0000 Starts= 0.0000 )
   Idle time                    0.0039
Load imbalance                  0.0043
Synchronization                 0.1484
Time variation                  0.1249
Overlap                         0.1477
                  Nop   Communic    Synchro  Variation    Overlap 
I/O                11     0.0000     0.0168     0.0193     0.0000 
Reduction          21     0.0565     0.0004     0.0004     0.0000 
Remote access     180     0.1087     0.1312     0.1052     0.1477 
--- The comparative characteristics --- 
                              Tmin N proc      Tmax N proc      Tmid
Lost time                   0.0435     3     0.0444    13     0.0437 
User insufficient par.      0.0028     4     0.0044     5     0.0041 
Sys.insufficient par.       0.0192    13     0.0332     4     0.0291 
Idle time                   0.0000    16     0.0016     8     0.0002 
Communication               0.0059     4     0.0211    13     0.0103 
Synchronization             0.0018     3     0.0234    13     0.0093 
Variation                   0.0024     3     0.0214    13     0.0078 
Overlap                     0.0051    13     0.0123     3     0.0092 
Load imbalance              0.0000     3     0.0010    13     0.0003 
Execution time              0.0445     4     0.0461    16     0.0458 
User CPU time               0.0003     4     0.0004     5     0.0004 
Sys. CPU time               0.0013    13     0.0022     4     0.0019 
I/O time                    0.0000    13     0.0000     1     0.0000 
Processors                      16     1         16    16         16 
                      Communic          Synchro        Variation          Overlap  
I/O             Tmin    0.0000     1     0.0001    12     0.0003    12     0.0000     1 
I/O             Tmax    0.0000    16     0.0032    15     0.0033    15     0.0000    16 
I/O             Tmid    0.0000           0.0011           0.0012           0.0000       
Reduction       Tmin    0.0011     2     0.0000    12     0.0000     4     0.0000     1 
Reduction       Tmax    0.0084    13     0.0000     1     0.0000     1     0.0000    16 
Reduction       Tmid    0.0035           0.0000           0.0000           0.0000       
Remote access   Tmin    0.0043     8     0.0015     3     0.0019     3     0.0051    13 
Remote access   Tmax    0.0134    16     0.0202    13     0.0180    13     0.0123     3 
Remote access   Tmid    0.0068           0.0082           0.0066           0.0092       
--- The execution characteristics --- 
                                1          2          3          4          5          6          7          8          9         10         11         12         13         14         15         16 
Lost time                  0.0435     0.0435     0.0435     0.0435     0.0435     0.0435     0.0435     0.0436     0.0435     0.0435     0.0435     0.0435     0.0444     0.0444     0.0444     0.0444 
User insufficient par.     0.0042     0.0042     0.0042     0.0028     0.0044     0.0044     0.0043     0.0028     0.0043     0.0043     0.0043     0.0043     0.0041     0.0041     0.0041     0.0041 
Sys.insufficient par.      0.0329     0.0327     0.0331     0.0332     0.0318     0.0318     0.0322     0.0323     0.0317     0.0318     0.0323     0.0323     0.0192     0.0193     0.0198     0.0197 
Idle time                  0.0001     0.0001     0.0001     0.0016     0.0000     0.0000     0.0001     0.0016     0.0001     0.0001     0.0000     0.0000     0.0000     0.0000     0.0000     0.0000 
Communication              0.0063     0.0064     0.0060     0.0059     0.0074     0.0074     0.0070     0.0068     0.0074     0.0074     0.0069     0.0069     0.0211     0.0211     0.0205     0.0206 
Synchronization            0.0037     0.0040     0.0018     0.0023     0.0077     0.0075     0.0051     0.0048     0.0073     0.0072     0.0045     0.0043     0.0234     0.0231     0.0211     0.0205 
Variation                  0.0030     0.0034     0.0024     0.0028     0.0051     0.0049     0.0037     0.0034     0.0046     0.0045     0.0031     0.0027     0.0214     0.0210     0.0197     0.0192 
Overlap                    0.0115     0.0115     0.0123     0.0119     0.0090     0.0090     0.0102     0.0101     0.0091     0.0091     0.0103     0.0105     0.0051     0.0052     0.0063     0.0065 
Load imbalance             0.0000     0.0000     0.0000     0.0001     0.0000     0.0001     0.0000     0.0001     0.0001     0.0000     0.0000     0.0000     0.0010     0.0010     0.0009     0.0009 
Execution time             0.0460     0.0460     0.0460     0.0445     0.0461     0.0461     0.0460     0.0445     0.0460     0.0460     0.0461     0.0461     0.0461     0.0461     0.0461     0.0461 
User CPU time              0.0004     0.0004     0.0004     0.0003     0.0004     0.0004     0.0004     0.0003     0.0004     0.0004     0.0004     0.0004     0.0004     0.0004     0.0003     0.0004 
Sys. CPU time              0.0022     0.0022     0.0022     0.0022     0.0021     0.0021     0.0021     0.0022     0.0021     0.0021     0.0022     0.0022     0.0013     0.0013     0.0013     0.0013 
I/O time                   0.0000     0.0000     0.0000     0.0000     0.0000     0.0000     0.0000     0.0000     0.0000     0.0000     0.0000     0.0000     0.0000     0.0000     0.0000     0.0000 
Processors                     16         16         16         16         16         16         16         16         16         16         16         16         16         16         16         16 
           Communication          
Reduction                  0.0012     0.0011     0.0012     0.0015     0.0027     0.0026     0.0026     0.0025     0.0025     0.0025     0.0025     0.0024     0.0084     0.0083     0.0073     0.0072 
Remote access              0.0052     0.0053     0.0048     0.0044     0.0047     0.0047     0.0044     0.0043     0.0049     0.0049     0.0044     0.0045     0.0127     0.0128     0.0133     0.0134 
           Synchronization        
I/O                        0.0004     0.0004     0.0003     0.0003     0.0006     0.0005     0.0003     0.0002     0.0005     0.0005     0.0002     0.0001     0.0032     0.0031     0.0032     0.0031 
Reduction                  0.0000     0.0000     0.0000     0.0000     0.0000     0.0000     0.0000     0.0000     0.0000     0.0000     0.0000     0.0000     0.0000     0.0000     0.0000     0.0000 
Remote access              0.0032     0.0036     0.0015     0.0021     0.0071     0.0070     0.0048     0.0046     0.0068     0.0067     0.0042     0.0041     0.0202     0.0199     0.0179     0.0175 
           Variation              
I/O                        0.0004     0.0006     0.0004     0.0004     0.0007     0.0007     0.0004     0.0004     0.0007     0.0006     0.0004     0.0003     0.0033     0.0033     0.0033     0.0032 
Reduction                  0.0000     0.0000     0.0000     0.0000     0.0000     0.0000     0.0000     0.0000     0.0000     0.0000     0.0000     0.0000     0.0000     0.0000     0.0000     0.0000 
Remote access              0.0026     0.0028     0.0019     0.0023     0.0043     0.0042     0.0033     0.0030     0.0039     0.0038     0.0027     0.0023     0.0180     0.0177     0.0164     0.0160 
           Overlap                
Reduction                  0.0000     0.0000     0.0000     0.0000     0.0000     0.0000     0.0000     0.0000     0.0000     0.0000     0.0000     0.0000     0.0000     0.0000     0.0000     0.0000 
Remote access              0.0115     0.0115     0.0123     0.0119     0.0090     0.0090     0.0102     0.0101     0.0091     0.0091     0.0103     0.0105     0.0051     0.0052     0.0063     0.0065 


-------------------------------------------------------------------------
Name (number) and performance time of processors
omp.keldysh.ru(1) 0.933704
omp.keldysh.ru(2) 0.933660
omp.keldysh.ru(3) 0.957825
omp.keldysh.ru(4) 0.957844
omp.keldysh.ru(5) 0.958988
omp.keldysh.ru(6) 0.958971
omp.keldysh.ru(7) 0.956588
omp.keldysh.ru(8) 0.956582
omp.keldysh.ru(9) 0.958711
omp.keldysh.ru(10) 0.958719
omp.keldysh.ru(11) 0.933884
omp.keldysh.ru(12) 0.933865
omp.keldysh.ru(13) 0.959153
omp.keldysh.ru(14) 0.959142
omp.keldysh.ru(15) 0.957028
omp.keldysh.ru(16) 0.957314
min - omp.keldysh.ru(2) 0.933660; max - omp.keldysh.ru(13) 0.959153; mid - 0.951999
