Processor system=2*4*2*1
Statistics has been accumulated on DVM-system version 5.0, platform DVM
Analyzer is executing on DVM-system version 5.0, platform DVM
-------------------------------------------------------------------------
INTERVAL ( NLINE=7 SOURCE=sh42.f ) LEVEL=0  EXE_COUNT=1
--- The main characteristics --- 
Parallelization efficiency      0.0506 
Execution time                  0.1877 
Processors                          16
Threads amount                      16
Total time                      3.0025
Productive time                 0.1520 ( CPU= 0.1502 Sys= 0.0017 I/O= 0.0000 )
Lost  time                      2.8506 
   Insufficient parallelism     2.2794 ( User= 2.2536 Sys= 0.0258 )
   Communication                0.0040 ( Real_sync= 0.0000 Starts= 0.0000 )
   Idle time                    0.5671
Load imbalance                  0.0355
Synchronization                 2.4139
Time variation                  2.4152
Overlap                         0.0000
                  Nop   Communic    Synchro  Variation    Overlap 
I/O                11     0.0000     1.1715     1.1728     0.0000 
Reduction           9     0.0040     0.6221     0.6221     0.0000 
Shadow              9     0.0000     0.6203     0.6203     0.0000 
--- The comparative characteristics --- 
                              Tmin N proc      Tmax N proc      Tmid
Lost time                   0.1759     5     0.1840    13     0.1782 
User insufficient par.      0.0536    13     0.1742     5     0.1409 
Sys.insufficient par.       0.0011    15     0.0020     2     0.0016 
Idle time                   0.0000     5     0.1287    13     0.0354 
Communication               0.0002     8     0.0004    16     0.0003 
Synchronization             0.0009     4     0.5605    13     0.1509 
Variation                   0.0010     4     0.5606    13     0.1510 
Overlap                     0.0000     2     0.0000    12     0.0000 
Load imbalance              0.0000     5     0.0081    13     0.0022 
Execution time              0.0590    13     0.1877     5     0.1522 
User CPU time               0.0036    13     0.0116     5     0.0094 
Sys. CPU time               0.0001    15     0.0001     2     0.0001 
I/O time                    0.0000     4     0.0000     1     0.0000 
Processors                      16     1         16    16         16 
                      Communic          Synchro        Variation          Overlap  
I/O             Tmin    0.0000     1     0.0003     4     0.0004     4     0.0000     1 
I/O             Tmax    0.0000    16     0.2731    13     0.2732    13     0.0000    16 
I/O             Tmid    0.0000           0.0732           0.0733           0.0000       
Reduction       Tmin    0.0002     8     0.0003     3     0.0003     3     0.0000     1 
Reduction       Tmax    0.0004    16     0.1449    13     0.1449    13     0.0000     9 
Reduction       Tmid    0.0003           0.0389           0.0389           0.0000       
Shadow          Tmin    0.0000     1     0.0002     4     0.0002     4     0.0000     2 
Shadow          Tmax    0.0000    16     0.1425    13     0.1425    13     0.0000    12 
Shadow          Tmid    0.0000           0.0388           0.0388           0.0000       
--- The execution characteristics --- 
                                1          2          3          4          5          6          7          8          9         10         11         12         13         14         15         16 
Lost time                  0.1769     0.1772     0.1760     0.1760     0.1759     0.1759     0.1760     0.1760     0.1770     0.1772     0.1760     0.1760     0.1840     0.1835     0.1834     0.1834 
User insufficient par.     0.1595     0.1542     0.1728     0.1728     0.1742     0.1740     0.1728     0.1735     0.1583     0.1546     0.1733     0.1732     0.0536     0.0619     0.0627     0.0622 
Sys.insufficient par.      0.0019     0.0020     0.0019     0.0019     0.0016     0.0017     0.0019     0.0019     0.0015     0.0020     0.0014     0.0015     0.0013     0.0011     0.0011     0.0011 
Idle time                  0.0153     0.0207     0.0011     0.0011     0.0000     0.0000     0.0011     0.0004     0.0170     0.0204     0.0011     0.0011     0.1287     0.1200     0.1193     0.1197 
Communication              0.0002     0.0003     0.0002     0.0002     0.0002     0.0002     0.0002     0.0002     0.0002     0.0002     0.0002     0.0002     0.0004     0.0003     0.0003     0.0004 
Synchronization            0.0658     0.0836     0.0009     0.0009     0.0042     0.0033     0.0021     0.0022     0.0629     0.0786     0.0024     0.0032     0.5605     0.5179     0.5143     0.5111 
Variation                  0.0656     0.0837     0.0010     0.0010     0.0043     0.0034     0.0022     0.0023     0.0630     0.0787     0.0025     0.0033     0.5606     0.5180     0.5144     0.5112 
Overlap                    0.0000     0.0000     0.0000     0.0000     0.0000     0.0000     0.0000     0.0000     0.0000     0.0000     0.0000     0.0000     0.0000     0.0000     0.0000     0.0000 
Load imbalance             0.0010     0.0013     0.0001     0.0001     0.0000     0.0000     0.0001     0.0000     0.0011     0.0013     0.0001     0.0001     0.0081     0.0075     0.0075     0.0075 
Execution time             0.1724     0.1669     0.1866     0.1866     0.1877     0.1876     0.1866     0.1873     0.1707     0.1673     0.1865     0.1865     0.0590     0.0676     0.0683     0.0679 
User CPU time              0.0106     0.0103     0.0115     0.0115     0.0116     0.0116     0.0115     0.0116     0.0106     0.0103     0.0116     0.0115     0.0036     0.0041     0.0042     0.0041 
Sys. CPU time              0.0001     0.0001     0.0001     0.0001     0.0001     0.0001     0.0001     0.0001     0.0001     0.0001     0.0001     0.0001     0.0001     0.0001     0.0001     0.0001 
I/O time                   0.0000     0.0000     0.0000     0.0000     0.0000     0.0000     0.0000     0.0000     0.0000     0.0000     0.0000     0.0000     0.0000     0.0000     0.0000     0.0000 
Processors                     16         16         16         16         16         16         16         16         16         16         16         16         16         16         16         16 
           Communication          
Reduction                  0.0002     0.0003     0.0002     0.0002     0.0002     0.0002     0.0002     0.0002     0.0002     0.0002     0.0002     0.0002     0.0004     0.0003     0.0003     0.0004 
           Synchronization        
I/O                        0.0324     0.0385     0.0004     0.0003     0.0017     0.0014     0.0005     0.0007     0.0314     0.0368     0.0012     0.0015     0.2731     0.2520     0.2505     0.2491 
Reduction                  0.0165     0.0206     0.0003     0.0003     0.0011     0.0010     0.0004     0.0006     0.0157     0.0195     0.0006     0.0007     0.1449     0.1343     0.1333     0.1324 
Shadow                     0.0169     0.0245     0.0003     0.0002     0.0013     0.0008     0.0012     0.0009     0.0158     0.0223     0.0005     0.0010     0.1425     0.1317     0.1306     0.1297 
           Variation              
I/O                        0.0321     0.0386     0.0005     0.0004     0.0018     0.0016     0.0006     0.0009     0.0315     0.0369     0.0013     0.0016     0.2732     0.2521     0.2506     0.2492 
Reduction                  0.0165     0.0206     0.0003     0.0003     0.0011     0.0010     0.0004     0.0006     0.0157     0.0195     0.0006     0.0007     0.1449     0.1343     0.1333     0.1324 
Shadow                     0.0169     0.0245     0.0003     0.0002     0.0013     0.0008     0.0012     0.0009     0.0158     0.0223     0.0005     0.0010     0.1425     0.1317     0.1306     0.1297 
           Overlap                
Reduction                  0.0000     0.0000     0.0000     0.0000     0.0000     0.0000     0.0000     0.0000     0.0000     0.0000     0.0000     0.0000     0.0000     0.0000     0.0000     0.0000 
Shadow                     0.0000     0.0000     0.0000     0.0000     0.0000     0.0000     0.0000     0.0000     0.0000     0.0000     0.0000     0.0000     0.0000     0.0000     0.0000     0.0000 


-------------------------------------------------------------------------
Name (number) and performance time of processors
omp.keldysh.ru(1) 0.935511
omp.keldysh.ru(2) 0.935453
omp.keldysh.ru(3) 0.954950
omp.keldysh.ru(4) 0.954958
omp.keldysh.ru(5) 0.935433
omp.keldysh.ru(6) 0.935383
omp.keldysh.ru(7) 0.955955
omp.keldysh.ru(8) 0.955953
omp.keldysh.ru(9) 0.955381
omp.keldysh.ru(10) 0.955685
omp.keldysh.ru(11) 0.957850
omp.keldysh.ru(12) 0.957840
omp.keldysh.ru(13) 0.956243
omp.keldysh.ru(14) 0.956244
omp.keldysh.ru(15) 0.955015
omp.keldysh.ru(16) 0.955014
min - omp.keldysh.ru(6) 0.935383; max - omp.keldysh.ru(11) 0.957850; mid - 0.950804
