Processor system=3*1*6*1
Statistics has been accumulated on DVM-system version 5.0, platform DVM
Analyzer is executing on DVM-system version 5.0, platform DVM
-------------------------------------------------------------------------
INTERVAL ( NLINE=5 SOURCE=prf43.f ) LEVEL=0  EXE_COUNT=2
--- The main characteristics --- 
Parallelization efficiency      0.0457 
Execution time                  0.0503 
Processors                          18
Threads amount                      18
Total time                      0.9045
Productive time                 0.0414 ( CPU= 0.0096 Sys= 0.0317 I/O= 0.0000 )
Lost  time                      0.8632 
   Insufficient parallelism     0.6521 ( User= 0.1126 Sys= 0.5395 )
   Communication                0.1656 ( Real_sync= 0.0000 Starts= 0.0000 )
   Idle time                    0.0454
Load imbalance                  0.0037
Synchronization                 0.2487
Time variation                  0.1975
Overlap                         0.1392
                  Nop   Communic    Synchro  Variation    Overlap 
I/O                12     0.0000     0.0361     0.0389     0.0000 
Reduction          22     0.0329     0.0005     0.0004     0.0000 
Remote access     180     0.1327     0.2122     0.1582     0.1392 
--- The comparative characteristics --- 
                              Tmin N proc      Tmax N proc      Tmid
Lost time                   0.0477    16     0.0486    18     0.0480 
User insufficient par.      0.0035     6     0.0087    16     0.0063 
Sys.insufficient par.       0.0188    17     0.0325     6     0.0300 
Idle time                   0.0000    16     0.0054     6     0.0025 
Communication               0.0065     6     0.0212    17     0.0092 
Synchronization             0.0012     6     0.0299    17     0.0138 
Variation                   0.0016     6     0.0275    17     0.0110 
Overlap                     0.0033    17     0.0135     6     0.0077 
Load imbalance              0.0000    16     0.0009    18     0.0002 
Execution time              0.0448     6     0.0503    16     0.0477 
User CPU time               0.0004    13     0.0007    16     0.0005 
Sys. CPU time               0.0011    17     0.0019     6     0.0018 
I/O time                    0.0000     9     0.0000     1     0.0000 
Processors                      18     1         18    18         18 
                      Communic          Synchro        Variation          Overlap  
I/O             Tmin    0.0000     1     0.0002     6     0.0004     6     0.0000     1 
I/O             Tmax    0.0000    18     0.0042    17     0.0044    17     0.0000    18 
I/O             Tmid    0.0000           0.0020           0.0022           0.0000       
Reduction       Tmin    0.0007     6     0.0000     8     0.0000    11     0.0000     1 
Reduction       Tmax    0.0069    17     0.0000     3     0.0000     3     0.0000    16 
Reduction       Tmid    0.0018           0.0000           0.0000           0.0000       
Remote access   Tmin    0.0058     6     0.0010     6     0.0012     6     0.0033    17 
Remote access   Tmax    0.0143    17     0.0257    17     0.0231    17     0.0135     6 
Remote access   Tmid    0.0074           0.0118           0.0088           0.0077       
--- The execution characteristics --- 
                                1          2          3          4          5          6          7          8          9         10         11         12         13         14         15         16         17         18 
Lost time                  0.0479     0.0478     0.0479     0.0479     0.0479     0.0480     0.0479     0.0480     0.0478     0.0480     0.0478     0.0478     0.0481     0.0478     0.0478     0.0477     0.0486     0.0486 
User insufficient par.     0.0071     0.0071     0.0045     0.0068     0.0050     0.0035     0.0076     0.0042     0.0083     0.0057     0.0084     0.0062     0.0035     0.0065     0.0064     0.0087     0.0078     0.0052 
Sys.insufficient par.      0.0313     0.0317     0.0317     0.0313     0.0316     0.0325     0.0306     0.0312     0.0310     0.0307     0.0309     0.0321     0.0311     0.0312     0.0313     0.0310     0.0188     0.0196 
Idle time                  0.0016     0.0016     0.0043     0.0019     0.0039     0.0054     0.0012     0.0047     0.0004     0.0031     0.0004     0.0027     0.0054     0.0023     0.0023     0.0000     0.0008     0.0035 
Communication              0.0079     0.0075     0.0075     0.0078     0.0075     0.0065     0.0085     0.0079     0.0081     0.0084     0.0081     0.0068     0.0080     0.0078     0.0078     0.0081     0.0212     0.0203 
Synchronization            0.0065     0.0041     0.0044     0.0072     0.0033     0.0012     0.0200     0.0178     0.0179     0.0196     0.0173     0.0065     0.0185     0.0169     0.0163     0.0181     0.0299     0.0231 
Variation                  0.0048     0.0031     0.0033     0.0054     0.0024     0.0016     0.0150     0.0135     0.0136     0.0147     0.0131     0.0053     0.0133     0.0127     0.0122     0.0131     0.0275     0.0228 
Overlap                    0.0117     0.0126     0.0125     0.0111     0.0128     0.0135     0.0046     0.0051     0.0050     0.0045     0.0052     0.0106     0.0048     0.0051     0.0052     0.0048     0.0033     0.0066 
Load imbalance             0.0001     0.0001     0.0002     0.0001     0.0002     0.0002     0.0001     0.0002     0.0000     0.0002     0.0000     0.0001     0.0003     0.0001     0.0001     0.0000     0.0008     0.0009 
Execution time             0.0487     0.0487     0.0460     0.0483     0.0464     0.0448     0.0491     0.0456     0.0499     0.0471     0.0499     0.0475     0.0449     0.0479     0.0479     0.0503     0.0495     0.0467 
User CPU time              0.0006     0.0006     0.0004     0.0006     0.0005     0.0004     0.0006     0.0004     0.0007     0.0005     0.0007     0.0005     0.0004     0.0006     0.0006     0.0007     0.0006     0.0004 
Sys. CPU time              0.0018     0.0019     0.0019     0.0018     0.0019     0.0019     0.0018     0.0018     0.0018     0.0018     0.0018     0.0019     0.0018     0.0018     0.0018     0.0018     0.0011     0.0012 
I/O time                   0.0000     0.0000     0.0000     0.0000     0.0000     0.0000     0.0000     0.0000     0.0000     0.0000     0.0000     0.0000     0.0000     0.0000     0.0000     0.0000     0.0000     0.0000 
Processors                     18         18         18         18         18         18         18         18         18         18         18         18         18         18         18         18         18         18 
           Communication          
Reduction                  0.0016     0.0010     0.0011     0.0014     0.0009     0.0007     0.0016     0.0012     0.0014     0.0016     0.0011     0.0010     0.0011     0.0011     0.0010     0.0014     0.0069     0.0067 
Remote access              0.0064     0.0065     0.0063     0.0064     0.0066     0.0058     0.0069     0.0067     0.0067     0.0068     0.0069     0.0059     0.0069     0.0067     0.0067     0.0067     0.0143     0.0136 
           Synchronization        
I/O                        0.0006     0.0004     0.0004     0.0007     0.0003     0.0002     0.0029     0.0028     0.0028     0.0029     0.0028     0.0010     0.0027     0.0027     0.0026     0.0026     0.0042     0.0037 
Reduction                  0.0000     0.0000     0.0000     0.0000     0.0000     0.0000     0.0000     0.0000     0.0000     0.0000     0.0000     0.0000     0.0000     0.0000     0.0000     0.0000     0.0000     0.0000 
Remote access              0.0059     0.0037     0.0040     0.0065     0.0030     0.0010     0.0171     0.0150     0.0151     0.0167     0.0145     0.0056     0.0158     0.0142     0.0137     0.0154     0.0257     0.0194 
           Variation              
I/O                        0.0005     0.0006     0.0005     0.0009     0.0005     0.0004     0.0031     0.0030     0.0030     0.0031     0.0029     0.0011     0.0029     0.0028     0.0027     0.0028     0.0044     0.0038 
Reduction                  0.0000     0.0000     0.0000     0.0000     0.0000     0.0000     0.0000     0.0000     0.0000     0.0000     0.0000     0.0000     0.0000     0.0000     0.0000     0.0000     0.0000     0.0000 
Remote access              0.0043     0.0025     0.0028     0.0045     0.0019     0.0012     0.0119     0.0105     0.0106     0.0116     0.0102     0.0042     0.0104     0.0098     0.0094     0.0103     0.0231     0.0190 
           Overlap                
Reduction                  0.0000     0.0000     0.0000     0.0000     0.0000     0.0000     0.0000     0.0000     0.0000     0.0000     0.0000     0.0000     0.0000     0.0000     0.0000     0.0000     0.0000     0.0000 
Remote access              0.0117     0.0126     0.0125     0.0111     0.0128     0.0135     0.0046     0.0051     0.0050     0.0045     0.0052     0.0106     0.0048     0.0051     0.0052     0.0048     0.0033     0.0066 


-------------------------------------------------------------------------
Name (number) and performance time of processors
omp.keldysh.ru(1) 0.934017
omp.keldysh.ru(2) 0.933943
omp.keldysh.ru(3) 0.954225
omp.keldysh.ru(4) 0.954263
omp.keldysh.ru(5) 0.954186
omp.keldysh.ru(6) 0.954167
omp.keldysh.ru(7) 0.933657
omp.keldysh.ru(8) 0.933655
omp.keldysh.ru(9) 0.946498
omp.keldysh.ru(10) 0.946503
omp.keldysh.ru(11) 0.933511
omp.keldysh.ru(12) 0.933845
omp.keldysh.ru(13) 0.951402
omp.keldysh.ru(14) 0.951401
omp.keldysh.ru(15) 0.951877
omp.keldysh.ru(16) 0.951874
omp.keldysh.ru(17) 0.952472
omp.keldysh.ru(18) 0.952451
min - omp.keldysh.ru(11) 0.933511; max - omp.keldysh.ru(4) 0.954263; mid - 0.945775
