Processor system=6*1*3*1
Statistics has been accumulated on DVM-system version 5.0, platform DVM
Analyzer is executing on DVM-system version 5.0, platform DVM
-------------------------------------------------------------------------
INTERVAL ( NLINE=8 SOURCE=red42.f ) LEVEL=0  EXE_COUNT=2
--- The main characteristics --- 
Parallelization efficiency      0.0440 
Execution time                  0.0123 
Processors                          18
Threads amount                      18
Total time                      0.2207
Productive time                 0.0097 ( CPU= 0.0088 Sys= 0.0009 I/O= 0.0000 )
Lost  time                      0.2110 
   Insufficient parallelism     0.1652 ( User= 0.1495 Sys= 0.0157 )
   Communication                0.0048 ( Real_sync= 0.0000 Starts= 0.0000 )
   Idle time                    0.0410
Load imbalance                  0.0023
Synchronization                 0.0783
Time variation                  0.0804
Overlap                         0.0000
                  Nop   Communic    Synchro  Variation    Overlap 
I/O                17     0.0000     0.0290     0.0310     0.0000 
Reduction          15     0.0048     0.0245     0.0245     0.0000 
Remote access      37     0.0000     0.0248     0.0248     0.0000 
--- The comparative characteristics --- 
                              Tmin N proc      Tmax N proc      Tmid
Lost time                   0.0116    10     0.0120    17     0.0117 
User insufficient par.      0.0040    17     0.0104    10     0.0083 
Sys.insufficient par.       0.0007    17     0.0011     1     0.0009 
Idle time                   0.0000    11     0.0070    17     0.0023 
Communication               0.0002     1     0.0003     2     0.0003 
Synchronization             0.0000    15     0.0263    17     0.0043 
Variation                   0.0002    15     0.0265    17     0.0045 
Overlap                     0.0000     1     0.0000    12     0.0000 
Load imbalance              0.0000    10     0.0004    17     0.0001 
Execution time              0.0052    17     0.0123    11     0.0100 
User CPU time               0.0002    17     0.0006    10     0.0005 
Sys. CPU time               0.0000    17     0.0001    12     0.0000 
I/O time                    0.0000     3     0.0000     1     0.0000 
Processors                      18     1         18    18         18 
                      Communic          Synchro        Variation          Overlap  
I/O             Tmin    0.0000     1     0.0000    15     0.0001    15     0.0000     1 
I/O             Tmax    0.0000    18     0.0097    17     0.0098    17     0.0000    18 
I/O             Tmid    0.0000           0.0016           0.0017           0.0000       
Reduction       Tmin    0.0002     1     0.0000    15     0.0000    15     0.0000     1 
Reduction       Tmax    0.0003     2     0.0082    17     0.0082    17     0.0000    12 
Reduction       Tmid    0.0003           0.0014           0.0014           0.0000       
Remote access   Tmin    0.0000     1     0.0000    16     0.0000    16     0.0000     1 
Remote access   Tmax    0.0000    18     0.0084    17     0.0084    17     0.0000    16 
Remote access   Tmid    0.0000           0.0014           0.0014           0.0000       
--- The execution characteristics --- 
                                1          2          3          4          5          6          7          8          9         10         11         12         13         14         15         16         17         18 
Lost time                  0.0117     0.0117     0.0118     0.0118     0.0118     0.0116     0.0116     0.0117     0.0117     0.0116     0.0116     0.0118     0.0116     0.0118     0.0117     0.0117     0.0120     0.0118 
User insufficient par.     0.0088     0.0090     0.0072     0.0072     0.0072     0.0097     0.0097     0.0094     0.0082     0.0104     0.0104     0.0071     0.0101     0.0072     0.0079     0.0086     0.0040     0.0073 
Sys.insufficient par.      0.0011     0.0009     0.0009     0.0009     0.0009     0.0009     0.0009     0.0008     0.0009     0.0009     0.0009     0.0009     0.0009     0.0009     0.0009     0.0009     0.0007     0.0008 
Idle time                  0.0016     0.0016     0.0034     0.0034     0.0034     0.0008     0.0008     0.0012     0.0024     0.0000     0.0000     0.0035     0.0004     0.0035     0.0027     0.0020     0.0070     0.0034 
Communication              0.0002     0.0003     0.0003     0.0003     0.0003     0.0003     0.0002     0.0002     0.0002     0.0003     0.0003     0.0003     0.0003     0.0003     0.0003     0.0003     0.0003     0.0003 
Synchronization            0.0095     0.0075     0.0019     0.0018     0.0007     0.0008     0.0011     0.0012     0.0009     0.0009     0.0012     0.0013     0.0007     0.0007     0.0000     0.0001     0.0263     0.0217 
Variation                  0.0094     0.0077     0.0020     0.0020     0.0009     0.0009     0.0012     0.0013     0.0011     0.0010     0.0013     0.0014     0.0008     0.0008     0.0002     0.0002     0.0265     0.0219 
Overlap                    0.0000     0.0000     0.0000     0.0000     0.0000     0.0000     0.0000     0.0000     0.0000     0.0000     0.0000     0.0000     0.0000     0.0000     0.0000     0.0000     0.0000     0.0000 
Load imbalance             0.0001     0.0001     0.0002     0.0002     0.0002     0.0000     0.0000     0.0001     0.0001     0.0000     0.0000     0.0002     0.0000     0.0002     0.0002     0.0001     0.0004     0.0002 
Execution time             0.0107     0.0107     0.0088     0.0088     0.0088     0.0115     0.0115     0.0111     0.0099     0.0123     0.0123     0.0088     0.0119     0.0088     0.0095     0.0103     0.0052     0.0089 
User CPU time              0.0005     0.0005     0.0004     0.0004     0.0004     0.0006     0.0006     0.0006     0.0005     0.0006     0.0006     0.0004     0.0006     0.0004     0.0005     0.0005     0.0002     0.0004 
Sys. CPU time              0.0000     0.0000     0.0001     0.0001     0.0001     0.0001     0.0001     0.0000     0.0001     0.0001     0.0001     0.0001     0.0000     0.0000     0.0001     0.0001     0.0000     0.0000 
I/O time                   0.0000     0.0000     0.0000     0.0000     0.0000     0.0000     0.0000     0.0000     0.0000     0.0000     0.0000     0.0000     0.0000     0.0000     0.0000     0.0000     0.0000     0.0000 
Processors                     18         18         18         18         18         18         18         18         18         18         18         18         18         18         18         18         18         18 
           Communication          
Reduction                  0.0002     0.0003     0.0003     0.0003     0.0003     0.0003     0.0002     0.0002     0.0002     0.0003     0.0003     0.0003     0.0003     0.0003     0.0003     0.0003     0.0003     0.0003 
           Synchronization        
I/O                        0.0035     0.0028     0.0007     0.0006     0.0003     0.0003     0.0004     0.0004     0.0004     0.0003     0.0005     0.0005     0.0002     0.0003     0.0000     0.0000     0.0097     0.0080 
Reduction                  0.0029     0.0023     0.0006     0.0006     0.0003     0.0003     0.0003     0.0004     0.0003     0.0003     0.0004     0.0004     0.0002     0.0002     0.0000     0.0000     0.0082     0.0068 
Remote access              0.0031     0.0024     0.0005     0.0006     0.0002     0.0002     0.0004     0.0004     0.0003     0.0003     0.0004     0.0004     0.0002     0.0002     0.0000     0.0000     0.0084     0.0070 
           Variation              
I/O                        0.0034     0.0029     0.0008     0.0008     0.0004     0.0004     0.0005     0.0006     0.0005     0.0005     0.0006     0.0006     0.0004     0.0004     0.0001     0.0002     0.0098     0.0081 
Reduction                  0.0029     0.0023     0.0006     0.0006     0.0003     0.0003     0.0003     0.0004     0.0003     0.0003     0.0004     0.0004     0.0002     0.0002     0.0000     0.0000     0.0082     0.0068 
Remote access              0.0031     0.0024     0.0005     0.0006     0.0002     0.0002     0.0004     0.0004     0.0003     0.0003     0.0004     0.0004     0.0002     0.0002     0.0000     0.0000     0.0084     0.0070 
           Overlap                
Reduction                  0.0000     0.0000     0.0000     0.0000     0.0000     0.0000     0.0000     0.0000     0.0000     0.0000     0.0000     0.0000     0.0000     0.0000     0.0000     0.0000     0.0000     0.0000 
Remote access              0.0000     0.0000     0.0000     0.0000     0.0000     0.0000     0.0000     0.0000     0.0000     0.0000     0.0000     0.0000     0.0000     0.0000     0.0000     0.0000     0.0000     0.0000 


-------------------------------------------------------------------------
Name (number) and performance time of processors
omp.keldysh.ru(1) 0.935611
omp.keldysh.ru(2) 0.935563
omp.keldysh.ru(3) 0.960435
omp.keldysh.ru(4) 0.960818
omp.keldysh.ru(5) 0.958851
omp.keldysh.ru(6) 0.958841
omp.keldysh.ru(7) 0.962067
omp.keldysh.ru(8) 0.962076
omp.keldysh.ru(9) 0.961066
omp.keldysh.ru(10) 0.961059
omp.keldysh.ru(11) 0.935451
omp.keldysh.ru(12) 0.935435
omp.keldysh.ru(13) 0.959598
omp.keldysh.ru(14) 0.959603
omp.keldysh.ru(15) 0.959981
omp.keldysh.ru(16) 0.959991
omp.keldysh.ru(17) 0.956648
omp.keldysh.ru(18) 0.956636
min - omp.keldysh.ru(12) 0.935435; max - omp.keldysh.ru(8) 0.962076; mid - 0.954429
