Processor system=1*7*2
Statistics has been accumulated on DVM-system version 5.0, platform DVM
Analyzer is executing on DVM-system version 5.0, platform DVM
-------------------------------------------------------------------------
INTERVAL ( NLINE=9 SOURCE=jac3d.f ) LEVEL=0  EXE_COUNT=1
--- The main characteristics --- 
Parallelization efficiency      0.8605 
Execution time                  6.6372 
Processors                          14
Threads amount                      14
Total time                     92.9202
Productive time                79.9603 ( CPU= 79.7111 Sys= 0.2468 I/O= 0.0024 )
Lost  time                     12.9599 
   Insufficient parallelism     3.8611 ( User= 0.6223 Sys= 3.2388 )
   Communication                9.0751 ( Real_sync= 0.0074 Starts= 0.0000 )
   Idle time                    0.0238
Load imbalance                  6.4693
Synchronization                10.4782
Time variation                 10.9668
Overlap                         0.0015
                  Nop   Communic  Real_sync    Synchro  Variation    Overlap 
I/O               107     0.0000     0.0000     9.2420     9.2182     0.0000 
Reduction         100     7.6346     0.0000     0.0031     0.0027     0.0003 
Shadow            100     1.3448     0.0000     1.2331     1.7459     0.0012 
--- The comparative characteristics --- 
                              Tmin N proc      Tmax N proc      Tmid
Lost time                   0.4637     2     1.5556    14     0.9257 
User insufficient par.      0.0294    11     0.0625     1     0.0444 
Sys.insufficient par.       0.1219    13     0.3158     4     0.2313 
Idle time                   0.0000     3     0.0030    12     0.0017 
Communication               0.1182     4     1.3862    13     0.6482 
Real synchronization        0.0000     4     0.0012    14     0.0005 
Synchronization             0.0257     3     1.6620    14     0.7484 
Variation                   0.0223     3     1.7245    14     0.7833 
Overlap                     0.0000     1     0.0005     8     0.0001 
Load imbalance              0.0000     2     1.0919    14     0.4621 
Execution time              6.6342    12     6.6372     3     6.6355 
User CPU time               5.0718    14     6.1605     2     5.6937 
Sys. CPU time               0.0093    13     0.0242     4     0.0176 
I/O time                    0.0000    10     0.0016     1     0.0002 
Processors                      14     1         14    14         14 
                      Communic        Real_sync          Synchro        Variation          Overlap  
I/O             Tmin    0.0000     1     0.0000     1     0.0094     3     0.0094     3     0.0000     1 
I/O             Tmax    0.0000    14     0.0000    14     1.4699    14     1.4695    14     0.0000    14 
I/O             Tmid    0.0000           0.0000           0.6601           0.6584           0.0000       
Reduction       Tmin    0.0028     8     0.0000     1     0.0001    14     0.0001    14     0.0000     1 
Reduction       Tmax    1.2834    14     0.0000    14     0.0003     8     0.0003     5     0.0001    14 
Reduction       Tmid    0.5453           0.0000           0.0002           0.0002           0.0000       
Shadow          Tmin    0.0658    12     0.0000     1     0.0124     8     0.0077     8     0.0000     1 
Shadow          Tmax    0.1232     8     0.0000    14     0.1920    14     0.2549    14     0.0005     8 
Shadow          Tmid    0.0961           0.0000           0.0881           0.1247           0.0001       
--- The execution characteristics --- 
                                1          2          3          4          5          6          7          8          9         10         11         12         13         14 
Lost time                  0.5070     0.4637     0.4783     0.4958     0.4767     0.4890     0.4853     0.4835     1.4948     1.5085     1.4770     1.4915     1.5532     1.5556 
User insufficient par.     0.0625     0.0543     0.0423     0.0618     0.0485     0.0499     0.0470     0.0438     0.0313     0.0314     0.0294     0.0303     0.0421     0.0477 
Sys.insufficient par.      0.1898     0.1678     0.3108     0.3158     0.3091     0.3102     0.3117     0.3116     0.2031     0.2018     0.1787     0.1799     0.1219     0.1265 
Idle time                  0.0013     0.0020     0.0000     0.0000     0.0000     0.0018     0.0000     0.0018     0.0030     0.0030     0.0030     0.0030     0.0030     0.0020 
Communication              0.2533     0.2396     0.1253     0.1182     0.1191     0.1272     0.1266     0.1264     1.2574     1.2724     1.2659     1.2783     1.3862     1.3794 
Real synchronization       0.0002     0.0001     0.0000     0.0000     0.0000     0.0000     0.0000     0.0000     0.0011     0.0011     0.0012     0.0011     0.0012     0.0012 
Synchronization            0.4882     0.4643     0.0257     0.0691     0.0452     0.0600     0.0382     0.0326     1.4598     1.4761     1.4942     1.5054     1.6574     1.6620 
Variation                  0.5698     0.5656     0.0223     0.0586     0.0416     0.0513     0.0279     0.0278     1.4827     1.4905     1.5901     1.5963     1.7177     1.7245 
Overlap                    0.0000     0.0000     0.0002     0.0001     0.0000     0.0001     0.0002     0.0005     0.0000     0.0000     0.0001     0.0000     0.0001     0.0001 
Load imbalance             0.0448     0.0000     0.0146     0.0321     0.0130     0.0253     0.0216     0.0198     1.0311     1.0447     1.0132     1.0277     1.0895     1.0919 
Execution time             6.6358     6.6352     6.6372     6.6372     6.6372     6.6354     6.6372     6.6354     6.6342     6.6342     6.6342     6.6342     6.6342     6.6352 
User CPU time              6.1156     6.1605     6.1349     6.1171     6.1367     6.1243     6.1279     6.1297     5.1267     5.1131     5.1464     5.1319     5.0746     5.0718 
Sys. CPU time              0.0130     0.0128     0.0239     0.0242     0.0237     0.0238     0.0239     0.0239     0.0156     0.0155     0.0137     0.0138     0.0093     0.0097 
I/O time                   0.0016     0.0001     0.0000     0.0001     0.0001     0.0001     0.0001     0.0001     0.0000     0.0000     0.0000     0.0000     0.0001     0.0001 
Processors                     14         14         14         14         14         14         14         14         14         14         14         14         14         14 
           Communication          
Reduction                  0.1764     0.1653     0.0067     0.0074     0.0063     0.0196     0.0059     0.0028     1.1426     1.1547     1.1830     1.1978     1.2827     1.2834 
Shadow                     0.0747     0.0723     0.1185     0.1108     0.1125     0.1074     0.1204     0.1232     0.1002     0.1030     0.0680     0.0658     0.0877     0.0803 
           Real synchronization   
           Synchronization        
I/O                        0.3713     0.3463     0.0094     0.0382     0.0186     0.0234     0.0158     0.0199     1.3377     1.3463     1.3861     1.3917     1.4675     1.4699 
Reduction                  0.0003     0.0003     0.0003     0.0003     0.0003     0.0003     0.0003     0.0003     0.0002     0.0001     0.0001     0.0001     0.0001     0.0001 
Shadow                     0.1166     0.1177     0.0160     0.0306     0.0263     0.0363     0.0221     0.0124     0.1219     0.1296     0.1080     0.1136     0.1899     0.1920 
           Variation              
I/O                        0.3496     0.3460     0.0094     0.0373     0.0183     0.0232     0.0157     0.0198     1.3377     1.3464     1.3862     1.3917     1.4672     1.4695 
Reduction                  0.0002     0.0003     0.0003     0.0003     0.0003     0.0003     0.0003     0.0003     0.0002     0.0001     0.0001     0.0001     0.0001     0.0001 
Shadow                     0.2199     0.2194     0.0126     0.0211     0.0230     0.0278     0.0120     0.0077     0.1448     0.1439     0.2038     0.2045     0.2504     0.2549 
           Overlap                
Reduction                  0.0000     0.0000     0.0000     0.0000     0.0000     0.0000     0.0000     0.0000     0.0000     0.0000     0.0001     0.0000     0.0001     0.0001 
Shadow                     0.0000     0.0000     0.0002     0.0001     0.0000     0.0001     0.0002     0.0005     0.0000     0.0000     0.0000     0.0000     0.0000     0.0000 


-------------------------------------------------------------------------
Name (number) and performance time of processors
omp.keldysh.ru(1) 0.935338
omp.keldysh.ru(2) 0.935248
omp.keldysh.ru(3) 0.961358
omp.keldysh.ru(4) 0.961368
omp.keldysh.ru(5) 0.960796
omp.keldysh.ru(6) 0.960753
omp.keldysh.ru(7) 0.959951
omp.keldysh.ru(8) 0.959961
omp.keldysh.ru(9) 0.958597
omp.keldysh.ru(10) 0.958611
omp.keldysh.ru(11) 0.959162
omp.keldysh.ru(12) 0.958899
omp.keldysh.ru(13) 0.960793
omp.keldysh.ru(14) 0.960791
min - omp.keldysh.ru(2) 0.935248; max - omp.keldysh.ru(4) 0.961368; mid - 0.956545
