Processor system=1*3*3*2
Statistics has been accumulated on DVM-system version 5.0, platform DVM
Analyzer is executing on DVM-system version 5.0, platform DVM
-------------------------------------------------------------------------
INTERVAL ( NLINE=5 SOURCE=align44.f ) LEVEL=0  EXE_COUNT=2
--- The main characteristics --- 
Parallelization efficiency      0.0571 
Execution time                  0.0105 
Processors                          18
Threads amount                      18
Total time                      0.1882
Productive time                 0.0107 ( CPU= 0.0103 Sys= 0.0004 I/O= 0.0000 )
Lost  time                      0.1774 
   Insufficient parallelism     0.1278 ( User= 0.1201 Sys= 0.0077 )
   Communication                0.0124 ( Real_sync= 0.0000 Starts= 0.0000 )
   Idle time                    0.0372
Load imbalance                  0.0022
Synchronization                 0.0022
Time variation                  0.0041
Overlap                         0.0000
                  Nop   Communic    Synchro  Variation    Overlap 
I/O                10     0.0000     0.0019     0.0038     0.0000 
Reduction           8     0.0124     0.0002     0.0004     0.0000 
--- The comparative characteristics --- 
                              Tmin N proc      Tmax N proc      Tmid
Lost time                   0.0097     4     0.0100    17     0.0099 
User insufficient par.      0.0056    17     0.0086     4     0.0067 
Sys.insufficient par.       0.0004    17     0.0006     1     0.0004 
Idle time                   0.0000     4     0.0031    10     0.0021 
Communication               0.0006     8     0.0009    17     0.0007 
Synchronization             0.0001    15     0.0002     2     0.0001 
Variation                   0.0001     1     0.0003     2     0.0002 
Overlap                     0.0000     6     0.0000    18     0.0000 
Load imbalance              0.0000     4     0.0002    17     0.0001 
Execution time              0.0074     7     0.0105     4     0.0084 
User CPU time               0.0005    17     0.0007     4     0.0006 
Sys. CPU time               0.0000    17     0.0000     2     0.0000 
I/O time                    0.0000     7     0.0000     1     0.0000 
Processors                      18     1         18    18         18 
                      Communic          Synchro        Variation          Overlap  
I/O             Tmin    0.0000     1     0.0001    12     0.0001     1     0.0000     1 
I/O             Tmax    0.0000    18     0.0001    17     0.0003    18     0.0000    18 
I/O             Tmid    0.0000           0.0001           0.0002           0.0000       
Reduction       Tmin    0.0006     8     0.0000     3     0.0000    15     0.0000     6 
Reduction       Tmax    0.0009    17     0.0000    13     0.0000     8     0.0000    18 
Reduction       Tmid    0.0007           0.0000           0.0000           0.0000       
--- The execution characteristics --- 
                                1          2          3          4          5          6          7          8          9         10         11         12         13         14         15         16         17         18 
Lost time                  0.0099     0.0098     0.0098     0.0097     0.0099     0.0099     0.0099     0.0099     0.0098     0.0099     0.0099     0.0098     0.0098     0.0098     0.0099     0.0099     0.0100     0.0099 
User insufficient par.     0.0057     0.0072     0.0072     0.0086     0.0068     0.0057     0.0057     0.0058     0.0064     0.0058     0.0064     0.0083     0.0079     0.0079     0.0058     0.0058     0.0056     0.0074 
Sys.insufficient par.      0.0006     0.0004     0.0004     0.0004     0.0004     0.0004     0.0004     0.0004     0.0004     0.0004     0.0004     0.0004     0.0004     0.0004     0.0004     0.0004     0.0004     0.0004 
Idle time                  0.0031     0.0016     0.0016     0.0000     0.0019     0.0031     0.0031     0.0030     0.0023     0.0031     0.0023     0.0004     0.0008     0.0008     0.0030     0.0030     0.0030     0.0012 
Communication              0.0006     0.0007     0.0007     0.0007     0.0007     0.0007     0.0007     0.0006     0.0007     0.0006     0.0007     0.0007     0.0007     0.0007     0.0006     0.0006     0.0009     0.0009 
Synchronization            0.0002     0.0002     0.0001     0.0001     0.0001     0.0001     0.0002     0.0002     0.0001     0.0001     0.0001     0.0001     0.0001     0.0002     0.0001     0.0001     0.0002     0.0002 
Variation                  0.0001     0.0003     0.0002     0.0002     0.0002     0.0002     0.0003     0.0003     0.0002     0.0002     0.0002     0.0002     0.0002     0.0003     0.0002     0.0002     0.0003     0.0003 
Overlap                    0.0000     0.0000     0.0000     0.0000     0.0000     0.0000     0.0000     0.0000     0.0000     0.0000     0.0000     0.0000     0.0000     0.0000     0.0000     0.0000     0.0000     0.0000 
Load imbalance             0.0002     0.0001     0.0001     0.0000     0.0001     0.0002     0.0002     0.0002     0.0001     0.0002     0.0001     0.0000     0.0000     0.0000     0.0002     0.0001     0.0002     0.0001 
Execution time             0.0074     0.0089     0.0089     0.0105     0.0085     0.0074     0.0074     0.0074     0.0081     0.0074     0.0081     0.0101     0.0097     0.0097     0.0074     0.0074     0.0074     0.0093 
User CPU time              0.0005     0.0006     0.0006     0.0007     0.0006     0.0005     0.0005     0.0005     0.0006     0.0005     0.0005     0.0007     0.0006     0.0006     0.0005     0.0005     0.0005     0.0006 
Sys. CPU time              0.0000     0.0000     0.0000     0.0000     0.0000     0.0000     0.0000     0.0000     0.0000     0.0000     0.0000     0.0000     0.0000     0.0000     0.0000     0.0000     0.0000     0.0000 
I/O time                   0.0000     0.0000     0.0000     0.0000     0.0000     0.0000     0.0000     0.0000     0.0000     0.0000     0.0000     0.0000     0.0000     0.0000     0.0000     0.0000     0.0000     0.0000 
Processors                     18         18         18         18         18         18         18         18         18         18         18         18         18         18         18         18         18         18 
           Communication          
Reduction                  0.0006     0.0007     0.0007     0.0007     0.0007     0.0007     0.0007     0.0006     0.0007     0.0006     0.0007     0.0007     0.0007     0.0007     0.0006     0.0006     0.0009     0.0009 
           Synchronization        
I/O                        0.0001     0.0001     0.0001     0.0001     0.0001     0.0001     0.0001     0.0001     0.0001     0.0001     0.0001     0.0001     0.0001     0.0001     0.0001     0.0001     0.0001     0.0001 
Reduction                  0.0000     0.0000     0.0000     0.0000     0.0000     0.0000     0.0000     0.0000     0.0000     0.0000     0.0000     0.0000     0.0000     0.0000     0.0000     0.0000     0.0000     0.0000 
           Variation              
I/O                        0.0001     0.0003     0.0002     0.0002     0.0002     0.0002     0.0002     0.0002     0.0002     0.0002     0.0002     0.0002     0.0002     0.0002     0.0002     0.0002     0.0003     0.0003 
Reduction                  0.0000     0.0000     0.0000     0.0000     0.0000     0.0000     0.0000     0.0000     0.0000     0.0000     0.0000     0.0000     0.0000     0.0000     0.0000     0.0000     0.0000     0.0000 
           Overlap                
Reduction                  0.0000     0.0000     0.0000     0.0000     0.0000     0.0000     0.0000     0.0000     0.0000     0.0000     0.0000     0.0000     0.0000     0.0000     0.0000     0.0000     0.0000     0.0000 


-------------------------------------------------------------------------
Name (number) and performance time of processors
omp.keldysh.ru(1) 0.933948
omp.keldysh.ru(2) 0.933842
omp.keldysh.ru(3) 0.956940
omp.keldysh.ru(4) 0.956957
omp.keldysh.ru(5) 0.951877
omp.keldysh.ru(6) 0.951849
omp.keldysh.ru(7) 0.957586
omp.keldysh.ru(8) 0.957629
omp.keldysh.ru(9) 0.956139
omp.keldysh.ru(10) 0.956410
omp.keldysh.ru(11) 0.933901
omp.keldysh.ru(12) 0.933902
omp.keldysh.ru(13) 0.956353
omp.keldysh.ru(14) 0.956352
omp.keldysh.ru(15) 0.956541
omp.keldysh.ru(16) 0.956535
omp.keldysh.ru(17) 0.956547
omp.keldysh.ru(18) 0.956552
min - omp.keldysh.ru(2) 0.933842; max - omp.keldysh.ru(8) 0.957629; mid - 0.951103
