Processor system=3*3*2
Statistics has been accumulated on DVM-system version 5.0, platform DVM
Analyzer is executing on DVM-system version 5.0, platform DVM
-------------------------------------------------------------------------
INTERVAL ( NLINE=5 SOURCE=inoutlocal33.f ) LEVEL=0  EXE_COUNT=2
--- The main characteristics --- 
Parallelization efficiency      0.0442 
Execution time                  0.0123 
Processors                          18
Threads amount                      18
Total time                      0.2211
Productive time                 0.0098 ( CPU= 0.0089 Sys= 0.0008 I/O= 0.0000 )
Lost  time                      0.2113 
   Insufficient parallelism     0.1660 ( User= 0.1510 Sys= 0.0150 )
   Communication                0.0057 ( Real_sync= 0.0000 Starts= 0.0000 )
   Idle time                    0.0396
Load imbalance                  0.0022
Synchronization                 0.0394
Time variation                  0.0417
Overlap                         0.0000
                  Nop   Communic    Synchro  Variation    Overlap 
I/O                19     0.0000     0.0222     0.0245     0.0000 
Reduction          17     0.0057     0.0172     0.0172     0.0000 
--- The comparative characteristics --- 
                              Tmin N proc      Tmax N proc      Tmid
Lost time                   0.0116    12     0.0120    17     0.0117 
User insufficient par.      0.0037    17     0.0105    12     0.0084 
Sys.insufficient par.       0.0007    17     0.0011     1     0.0008 
Idle time                   0.0000    12     0.0073    17     0.0022 
Communication               0.0002     1     0.0003    18     0.0003 
Synchronization             0.0003    15     0.0127    17     0.0022 
Variation                   0.0004    15     0.0128    17     0.0023 
Overlap                     0.0000     1     0.0000    16     0.0000 
Load imbalance              0.0000    12     0.0004    17     0.0001 
Execution time              0.0049    17     0.0123    12     0.0101 
User CPU time               0.0002    17     0.0006    12     0.0005 
Sys. CPU time               0.0000    17     0.0001     3     0.0000 
I/O time                    0.0000    17     0.0000     1     0.0000 
Processors                      18     1         18    18         18 
                      Communic          Synchro        Variation          Overlap  
I/O             Tmin    0.0000     1     0.0002    15     0.0003     1     0.0000     1 
I/O             Tmax    0.0000    18     0.0069    17     0.0070    17     0.0000    18 
I/O             Tmid    0.0000           0.0012           0.0014           0.0000       
Reduction       Tmin    0.0002     1     0.0001    15     0.0001    15     0.0000     1 
Reduction       Tmax    0.0003    18     0.0058    17     0.0058    17     0.0000    16 
Reduction       Tmid    0.0003           0.0010           0.0010           0.0000       
--- The execution characteristics --- 
                                1          2          3          4          5          6          7          8          9         10         11         12         13         14         15         16         17         18 
Lost time                  0.0117     0.0118     0.0117     0.0118     0.0117     0.0118     0.0117     0.0116     0.0118     0.0117     0.0118     0.0116     0.0118     0.0117     0.0118     0.0118     0.0120     0.0118 
User insufficient par.     0.0089     0.0079     0.0090     0.0080     0.0094     0.0080     0.0094     0.0101     0.0080     0.0086     0.0079     0.0105     0.0080     0.0097     0.0080     0.0080     0.0037     0.0081 
Sys.insufficient par.      0.0011     0.0009     0.0009     0.0008     0.0009     0.0009     0.0008     0.0008     0.0008     0.0008     0.0009     0.0008     0.0008     0.0008     0.0008     0.0009     0.0007     0.0007 
Idle time                  0.0015     0.0026     0.0015     0.0026     0.0012     0.0026     0.0011     0.0004     0.0026     0.0020     0.0027     0.0000     0.0027     0.0008     0.0026     0.0026     0.0073     0.0027 
Communication              0.0002     0.0003     0.0003     0.0003     0.0003     0.0003     0.0003     0.0003     0.0003     0.0003     0.0003     0.0003     0.0003     0.0003     0.0003     0.0003     0.0003     0.0003 
Synchronization            0.0007     0.0008     0.0010     0.0012     0.0013     0.0013     0.0010     0.0010     0.0021     0.0021     0.0013     0.0013     0.0013     0.0012     0.0003     0.0003     0.0127     0.0085 
Variation                  0.0006     0.0009     0.0011     0.0014     0.0014     0.0014     0.0012     0.0012     0.0022     0.0022     0.0015     0.0014     0.0015     0.0013     0.0004     0.0004     0.0128     0.0086 
Overlap                    0.0000     0.0000     0.0000     0.0000     0.0000     0.0000     0.0000     0.0000     0.0000     0.0000     0.0000     0.0000     0.0000     0.0000     0.0000     0.0000     0.0000     0.0000 
Load imbalance             0.0001     0.0001     0.0001     0.0001     0.0001     0.0001     0.0001     0.0000     0.0001     0.0001     0.0001     0.0000     0.0001     0.0000     0.0001     0.0001     0.0004     0.0001 
Execution time             0.0107     0.0096     0.0108     0.0097     0.0111     0.0096     0.0111     0.0119     0.0096     0.0103     0.0096     0.0123     0.0096     0.0115     0.0096     0.0097     0.0049     0.0096 
User CPU time              0.0005     0.0005     0.0005     0.0005     0.0006     0.0005     0.0006     0.0006     0.0005     0.0005     0.0005     0.0006     0.0005     0.0006     0.0005     0.0005     0.0002     0.0005 
Sys. CPU time              0.0000     0.0001     0.0001     0.0000     0.0000     0.0000     0.0000     0.0000     0.0000     0.0000     0.0000     0.0000     0.0000     0.0000     0.0000     0.0000     0.0000     0.0000 
I/O time                   0.0000     0.0000     0.0000     0.0000     0.0000     0.0000     0.0000     0.0000     0.0000     0.0000     0.0000     0.0000     0.0000     0.0000     0.0000     0.0000     0.0000     0.0000 
Processors                     18         18         18         18         18         18         18         18         18         18         18         18         18         18         18         18         18         18 
           Communication          
Reduction                  0.0002     0.0003     0.0003     0.0003     0.0003     0.0003     0.0003     0.0003     0.0003     0.0003     0.0003     0.0003     0.0003     0.0003     0.0003     0.0003     0.0003     0.0003 
           Synchronization        
I/O                        0.0005     0.0005     0.0005     0.0007     0.0007     0.0007     0.0006     0.0006     0.0012     0.0012     0.0008     0.0008     0.0008     0.0007     0.0002     0.0002     0.0069     0.0046 
Reduction                  0.0003     0.0003     0.0005     0.0005     0.0005     0.0005     0.0004     0.0004     0.0009     0.0009     0.0005     0.0005     0.0006     0.0005     0.0001     0.0001     0.0058     0.0039 
           Variation              
I/O                        0.0003     0.0006     0.0007     0.0009     0.0009     0.0009     0.0008     0.0008     0.0013     0.0013     0.0009     0.0009     0.0009     0.0008     0.0003     0.0004     0.0070     0.0048 
Reduction                  0.0003     0.0003     0.0005     0.0005     0.0005     0.0005     0.0004     0.0004     0.0009     0.0009     0.0005     0.0005     0.0006     0.0005     0.0001     0.0001     0.0058     0.0039 
           Overlap                
Reduction                  0.0000     0.0000     0.0000     0.0000     0.0000     0.0000     0.0000     0.0000     0.0000     0.0000     0.0000     0.0000     0.0000     0.0000     0.0000     0.0000     0.0000     0.0000 


-------------------------------------------------------------------------
Name (number) and performance time of processors
omp.keldysh.ru(1) 0.935388
omp.keldysh.ru(2) 0.935305
omp.keldysh.ru(3) 0.957888
omp.keldysh.ru(4) 0.957896
omp.keldysh.ru(5) 0.959496
omp.keldysh.ru(6) 0.959481
omp.keldysh.ru(7) 0.960113
omp.keldysh.ru(8) 0.960121
omp.keldysh.ru(9) 0.958007
omp.keldysh.ru(10) 0.958012
omp.keldysh.ru(11) 0.960447
omp.keldysh.ru(12) 0.960444
omp.keldysh.ru(13) 0.956816
omp.keldysh.ru(14) 0.957046
omp.keldysh.ru(15) 0.935447
omp.keldysh.ru(16) 0.935445
omp.keldysh.ru(17) 0.957689
omp.keldysh.ru(18) 0.957671
min - omp.keldysh.ru(2) 0.935305; max - omp.keldysh.ru(11) 0.960447; mid - 0.953484
