Processor system=2*4*1*2
Statistics has been accumulated on DVM-system version 5.0, platform DVM
Analyzer is executing on DVM-system version 5.0, platform DVM
-------------------------------------------------------------------------
INTERVAL ( NLINE=7 SOURCE=sc41.f ) LEVEL=0  EXE_COUNT=1
--- The main characteristics --- 
Parallelization efficiency      0.2146 
Execution time                  2.0444 
Processors                          16
Threads amount                      16
Total time                     32.7099
Productive time                 7.0191 ( CPU= 7.0127 Sys= 0.0064 I/O= 0.0000 )
Lost  time                     25.6907 
   Insufficient parallelism    22.0314 ( User= 21.9353 Sys= 0.0961 )
   Communication                3.6373 ( Real_sync= 0.0000 Starts= 0.0000 )
   Idle time                    0.0221
Load imbalance                  2.5840
Synchronization                 0.0214
Time variation                  0.0251
Overlap                         0.0000
                  Nop   Communic    Synchro  Variation    Overlap 
I/O                11     0.0000     0.0213     0.0250     0.0000 
Reduction           9     3.6373     0.0001     0.0001     0.0000 
--- The comparative characteristics --- 
                              Tmin N proc      Tmax N proc      Tmid
Lost time                   1.4442    13     1.7643    16     1.6057 
User insufficient par.      0.9505    13     1.5128     7     1.3710 
Sys.insufficient par.       0.0042    15     0.0067    11     0.0060 
Idle time                   0.0000    11     0.0041    16     0.0014 
Communication               0.0002     5     0.8005    16     0.2273 
Synchronization             0.0000     5     0.0052    15     0.0013 
Variation                   0.0003     5     0.0055    15     0.0016 
Overlap                     0.0000     1     0.0000     8     0.0000 
Load imbalance              0.0000    13     0.3202    16     0.1615 
Execution time              2.0402    16     2.0444    11     2.0430 
User CPU time               0.2797    16     0.5998    13     0.4383 
Sys. CPU time               0.0003    15     0.0004    11     0.0004 
I/O time                    0.0000    10     0.0000     1     0.0000 
Processors                      16     1         16    16         16 
                      Communic          Synchro        Variation          Overlap  
I/O             Tmin    0.0000     1     0.0000     5     0.0003     5     0.0000     1 
I/O             Tmax    0.0000    16     0.0052    15     0.0055    15     0.0000    16 
I/O             Tmid    0.0000           0.0013           0.0016           0.0000       
Reduction       Tmin    0.0002     5     0.0000     8     0.0000     8     0.0000     1 
Reduction       Tmax    0.8005    16     0.0000     1     0.0000    13     0.0000     8 
Reduction       Tmid    0.2273           0.0000           0.0000           0.0000       
--- The execution characteristics --- 
                                1          2          3          4          5          6          7          8          9         10         11         12         13         14         15         16 
Lost time                  1.7009     1.6999     1.5184     1.5174     1.5187     1.5190     1.6860     1.6848     1.6984     1.6989     1.5182     1.5191     1.4442     1.4457     1.7570     1.7643 
User insufficient par.     1.5082     1.5037     1.5110     1.5087     1.5118     1.5118     1.5128     1.5106     1.5086     1.5115     1.5094     1.5108     0.9505     0.9537     0.9572     0.9550 
Sys.insufficient par.      0.0060     0.0057     0.0066     0.0067     0.0067     0.0066     0.0057     0.0058     0.0057     0.0057     0.0067     0.0067     0.0064     0.0063     0.0042     0.0047 
Idle time                  0.0016     0.0041     0.0000     0.0000     0.0000     0.0000     0.0000     0.0000     0.0034     0.0016     0.0000     0.0000     0.0015     0.0015     0.0041     0.0041 
Communication              0.1851     0.1863     0.0009     0.0020     0.0002     0.0006     0.1674     0.1684     0.1806     0.1801     0.0021     0.0017     0.4857     0.4842     0.7914     0.8005 
Synchronization            0.0014     0.0023     0.0002     0.0002     0.0000     0.0003     0.0008     0.0009     0.0017     0.0012     0.0001     0.0001     0.0011     0.0010     0.0052     0.0047 
Variation                  0.0013     0.0026     0.0004     0.0004     0.0003     0.0006     0.0011     0.0012     0.0020     0.0015     0.0004     0.0004     0.0014     0.0013     0.0055     0.0050 
Overlap                    0.0000     0.0000     0.0000     0.0000     0.0000     0.0000     0.0000     0.0000     0.0000     0.0000     0.0000     0.0000     0.0000     0.0000     0.0000     0.0000 
Load imbalance             0.2567     0.2557     0.0743     0.0733     0.0745     0.0748     0.2418     0.2406     0.2542     0.2547     0.0740     0.0750     0.0000     0.0015     0.3128     0.3202 
Execution time             2.0428     2.0402     2.0444     2.0444     2.0444     2.0444     2.0444     2.0444     2.0409     2.0428     2.0444     2.0444     2.0428     2.0428     2.0402     2.0402 
User CPU time              0.3431     0.3441     0.5255     0.5265     0.5253     0.5250     0.3580     0.3592     0.3456     0.3451     0.5257     0.5248     0.5998     0.5983     0.2871     0.2797 
Sys. CPU time              0.0004     0.0004     0.0004     0.0004     0.0004     0.0004     0.0004     0.0004     0.0004     0.0004     0.0004     0.0004     0.0004     0.0004     0.0003     0.0003 
I/O time                   0.0000     0.0000     0.0000     0.0000     0.0000     0.0000     0.0000     0.0000     0.0000     0.0000     0.0000     0.0000     0.0000     0.0000     0.0000     0.0000 
Processors                     16         16         16         16         16         16         16         16         16         16         16         16         16         16         16         16 
           Communication          
Reduction                  0.1851     0.1863     0.0009     0.0020     0.0002     0.0006     0.1674     0.1684     0.1806     0.1801     0.0021     0.0017     0.4857     0.4842     0.7914     0.8005 
           Synchronization        
I/O                        0.0014     0.0023     0.0002     0.0002     0.0000     0.0003     0.0008     0.0009     0.0017     0.0012     0.0001     0.0001     0.0011     0.0010     0.0052     0.0047 
Reduction                  0.0000     0.0000     0.0000     0.0000     0.0000     0.0000     0.0000     0.0000     0.0000     0.0000     0.0000     0.0000     0.0000     0.0000     0.0000     0.0000 
           Variation              
I/O                        0.0013     0.0026     0.0004     0.0004     0.0003     0.0006     0.0010     0.0012     0.0020     0.0015     0.0003     0.0004     0.0014     0.0013     0.0055     0.0050 
Reduction                  0.0000     0.0000     0.0000     0.0000     0.0000     0.0000     0.0000     0.0000     0.0000     0.0000     0.0000     0.0000     0.0000     0.0000     0.0000     0.0000 
           Overlap                
Reduction                  0.0000     0.0000     0.0000     0.0000     0.0000     0.0000     0.0000     0.0000     0.0000     0.0000     0.0000     0.0000     0.0000     0.0000     0.0000     0.0000 


-------------------------------------------------------------------------
Name (number) and performance time of processors
omp.keldysh.ru(1) 0.935549
omp.keldysh.ru(2) 0.935473
omp.keldysh.ru(3) 0.955186
omp.keldysh.ru(4) 0.954886
omp.keldysh.ru(5) 0.955124
omp.keldysh.ru(6) 0.955116
omp.keldysh.ru(7) 0.954084
omp.keldysh.ru(8) 0.954102
omp.keldysh.ru(9) 0.954936
omp.keldysh.ru(10) 0.954952
omp.keldysh.ru(11) 0.935371
omp.keldysh.ru(12) 0.935375
omp.keldysh.ru(13) 0.953575
omp.keldysh.ru(14) 0.953577
omp.keldysh.ru(15) 0.954190
omp.keldysh.ru(16) 0.954170
min - omp.keldysh.ru(11) 0.935371; max - omp.keldysh.ru(3) 0.955186; mid - 0.949729
