Processor system=3*1*6
Statistics has been accumulated on DVM-system version 5.0, platform DVM
Analyzer is executing on DVM-system version 5.0, platform DVM
-------------------------------------------------------------------------
INTERVAL ( NLINE=7 SOURCE=rem31.f ) LEVEL=0  EXE_COUNT=2
--- The main characteristics --- 
Parallelization efficiency      0.0413 
Execution time                  0.0683 
Processors                          18
Threads amount                      18
Total time                      1.2290
Productive time                 0.0508 ( CPU= 0.0132 Sys= 0.0375 I/O= 0.0000 )
Lost  time                      1.1782 
   Insufficient parallelism     0.7624 ( User= 0.1244 Sys= 0.6380 )
   Communication                0.4135 ( Real_sync= 0.0000 Starts= 0.0000 )
   Idle time                    0.0023
Load imbalance                  0.0058
Synchronization                 0.4423
Time variation                  0.3089
Overlap                         0.0001
                  Nop   Communic    Synchro  Variation    Overlap 
I/O                16     0.0000     0.0037     0.0061     0.0000 
Reduction           6     0.0017     0.0000     0.0000     0.0000 
Remote access    1864     0.4118     0.4385     0.3027     0.0001 
--- The comparative characteristics --- 
                              Tmin N proc      Tmax N proc      Tmid
Lost time                   0.0651     6     0.0665    17     0.0655 
User insufficient par.      0.0057     3     0.0075     6     0.0069 
Sys.insufficient par.       0.0200    17     0.0400     6     0.0354 
Idle time                   0.0000    18     0.0016     3     0.0001 
Communication               0.0175     6     0.0407    17     0.0230 
Synchronization             0.0093    15     0.0423    17     0.0246 
Variation                   0.0034    15     0.0226     1     0.0172 
Overlap                     0.0000    13     0.0000    15     0.0000 
Load imbalance              0.0000     6     0.0013    17     0.0003 
Execution time              0.0667     3     0.0683    18     0.0682 
User CPU time               0.0006    18     0.0008     6     0.0007 
Sys. CPU time               0.0012    17     0.0024     6     0.0021 
I/O time                    0.0000     7     0.0000     1     0.0000 
Processors                      18     1         18    18         18 
                      Communic          Synchro        Variation          Overlap  
I/O             Tmin    0.0000     1     0.0001    15     0.0001     1     0.0000     1 
I/O             Tmax    0.0000    18     0.0003    17     0.0004     3     0.0000    18 
I/O             Tmid    0.0000           0.0002           0.0003           0.0000       
Reduction       Tmin    0.0001     2     0.0000     5     0.0000     5     0.0000     1 
Reduction       Tmax    0.0003    18     0.0000     4     0.0000    18     0.0000     7 
Reduction       Tmid    0.0001           0.0000           0.0000           0.0000       
Remote access   Tmin    0.0174     6     0.0092    15     0.0031    15     0.0000    13 
Remote access   Tmax    0.0404    17     0.0420    17     0.0225     1     0.0000    15 
Remote access   Tmid    0.0229           0.0244           0.0168           0.0000       
--- The execution characteristics --- 
                                1          2          3          4          5          6          7          8          9         10         11         12         13         14         15         16         17         18 
Lost time                  0.0653     0.0653     0.0654     0.0653     0.0653     0.0651     0.0654     0.0654     0.0654     0.0654     0.0654     0.0652     0.0654     0.0654     0.0653     0.0654     0.0665     0.0663 
User insufficient par.     0.0071     0.0072     0.0057     0.0071     0.0073     0.0075     0.0071     0.0071     0.0070     0.0069     0.0071     0.0073     0.0070     0.0069     0.0071     0.0071     0.0058     0.0060 
Sys.insufficient par.      0.0375     0.0368     0.0380     0.0370     0.0371     0.0400     0.0366     0.0365     0.0371     0.0364     0.0365     0.0392     0.0364     0.0361     0.0374     0.0367     0.0200     0.0226 
Idle time                  0.0000     0.0000     0.0016     0.0001     0.0001     0.0001     0.0000     0.0000     0.0000     0.0000     0.0000     0.0000     0.0000     0.0000     0.0000     0.0000     0.0000     0.0000 
Communication              0.0207     0.0213     0.0200     0.0211     0.0209     0.0175     0.0216     0.0218     0.0213     0.0220     0.0217     0.0186     0.0220     0.0223     0.0208     0.0215     0.0407     0.0377 
Synchronization            0.0289     0.0272     0.0265     0.0273     0.0264     0.0184     0.0263     0.0257     0.0236     0.0244     0.0233     0.0183     0.0229     0.0229     0.0093     0.0104     0.0423     0.0381 
Variation                  0.0226     0.0209     0.0214     0.0213     0.0206     0.0176     0.0191     0.0186     0.0170     0.0171     0.0165     0.0158     0.0157     0.0153     0.0034     0.0038     0.0212     0.0208 
Overlap                    0.0000     0.0000     0.0000     0.0000     0.0000     0.0000     0.0000     0.0000     0.0000     0.0000     0.0000     0.0000     0.0000     0.0000     0.0000     0.0000     0.0000     0.0000 
Load imbalance             0.0002     0.0002     0.0002     0.0002     0.0002     0.0000     0.0002     0.0002     0.0002     0.0003     0.0002     0.0001     0.0003     0.0003     0.0002     0.0002     0.0013     0.0012 
Execution time             0.0682     0.0683     0.0667     0.0682     0.0682     0.0682     0.0683     0.0683     0.0682     0.0682     0.0683     0.0682     0.0682     0.0682     0.0682     0.0683     0.0683     0.0683 
User CPU time              0.0007     0.0008     0.0007     0.0008     0.0008     0.0008     0.0008     0.0007     0.0007     0.0007     0.0008     0.0008     0.0007     0.0007     0.0008     0.0008     0.0006     0.0006 
Sys. CPU time              0.0022     0.0022     0.0022     0.0022     0.0022     0.0024     0.0022     0.0021     0.0022     0.0021     0.0021     0.0023     0.0021     0.0021     0.0022     0.0022     0.0012     0.0013 
I/O time                   0.0000     0.0000     0.0000     0.0000     0.0000     0.0000     0.0000     0.0000     0.0000     0.0000     0.0000     0.0000     0.0000     0.0000     0.0000     0.0000     0.0000     0.0000 
Processors                     18         18         18         18         18         18         18         18         18         18         18         18         18         18         18         18         18         18 
           Communication          
Reduction                  0.0001     0.0001     0.0001     0.0001     0.0001     0.0001     0.0001     0.0001     0.0001     0.0001     0.0001     0.0001     0.0001     0.0001     0.0001     0.0001     0.0003     0.0003 
Remote access              0.0206     0.0212     0.0199     0.0210     0.0208     0.0174     0.0215     0.0218     0.0212     0.0219     0.0216     0.0186     0.0219     0.0222     0.0208     0.0214     0.0404     0.0374 
           Synchronization        
I/O                        0.0002     0.0003     0.0003     0.0003     0.0002     0.0002     0.0002     0.0002     0.0002     0.0002     0.0002     0.0002     0.0002     0.0002     0.0001     0.0001     0.0003     0.0003 
Reduction                  0.0000     0.0000     0.0000     0.0000     0.0000     0.0000     0.0000     0.0000     0.0000     0.0000     0.0000     0.0000     0.0000     0.0000     0.0000     0.0000     0.0000     0.0000 
Remote access              0.0287     0.0269     0.0263     0.0270     0.0262     0.0181     0.0261     0.0255     0.0235     0.0242     0.0230     0.0181     0.0228     0.0227     0.0092     0.0103     0.0420     0.0379 
           Variation              
I/O                        0.0001     0.0004     0.0004     0.0004     0.0004     0.0004     0.0004     0.0004     0.0003     0.0003     0.0004     0.0003     0.0003     0.0003     0.0002     0.0002     0.0004     0.0004 
Reduction                  0.0000     0.0000     0.0000     0.0000     0.0000     0.0000     0.0000     0.0000     0.0000     0.0000     0.0000     0.0000     0.0000     0.0000     0.0000     0.0000     0.0000     0.0000 
Remote access              0.0225     0.0205     0.0210     0.0209     0.0202     0.0173     0.0187     0.0182     0.0167     0.0168     0.0161     0.0155     0.0154     0.0150     0.0031     0.0036     0.0207     0.0204 
           Overlap                
Reduction                  0.0000     0.0000     0.0000     0.0000     0.0000     0.0000     0.0000     0.0000     0.0000     0.0000     0.0000     0.0000     0.0000     0.0000     0.0000     0.0000     0.0000     0.0000 
Remote access              0.0000     0.0000     0.0000     0.0000     0.0000     0.0000     0.0000     0.0000     0.0000     0.0000     0.0000     0.0000     0.0000     0.0000     0.0000     0.0000     0.0000     0.0000 


-------------------------------------------------------------------------
Name (number) and performance time of processors
omp.keldysh.ru(1) 0.935406
omp.keldysh.ru(2) 0.935347
omp.keldysh.ru(3) 0.935510
omp.keldysh.ru(4) 0.935509
omp.keldysh.ru(5) 0.957498
omp.keldysh.ru(6) 0.958184
omp.keldysh.ru(7) 0.955444
omp.keldysh.ru(8) 0.955436
omp.keldysh.ru(9) 0.957642
omp.keldysh.ru(10) 0.957579
omp.keldysh.ru(11) 0.957513
omp.keldysh.ru(12) 0.957504
omp.keldysh.ru(13) 0.957429
omp.keldysh.ru(14) 0.957437
omp.keldysh.ru(15) 0.956243
omp.keldysh.ru(16) 0.956181
omp.keldysh.ru(17) 0.955661
omp.keldysh.ru(18) 0.955586
min - omp.keldysh.ru(2) 0.935347; max - omp.keldysh.ru(6) 0.958184; mid - 0.952062
