Processor system=3*6
Statistics has been accumulated on DVM-system version 5.0, platform DVM
Analyzer is executing on DVM-system version 5.0, platform DVM
-------------------------------------------------------------------------
INTERVAL ( NLINE=7 SOURCE=sc22.f ) LEVEL=0  EXE_COUNT=2
--- The main characteristics --- 
Parallelization efficiency      0.0015 
Execution time                  1.7370 
Processors                          18
Threads amount                      18
Total time                     31.2661
Productive time                 0.0468 ( CPU= 0.0441 Sys= 0.0025 I/O= 0.0002 )
Lost  time                     31.2193 
   Insufficient parallelism     0.4581 ( User= 0.4111 Sys= 0.0471 )
   Communication               10.8465 ( Real_sync= 0.0000 Starts= 0.0000 )
   Idle time                   19.9146
Load imbalance                  0.0866
Synchronization               420.7775
Time variation                420.7736
Overlap                         0.0000
                  Nop   Communic    Synchro  Variation    Overlap 
I/O                23     0.0000   220.6732   220.6693     0.0000 
Reduction          20    10.8465   200.1043   200.1043     0.0000 
--- The comparative characteristics --- 
                              Tmin N proc      Tmax N proc      Tmid
Lost time                   1.7296    13     1.7365    18     1.7344 
User insufficient par.      0.0043     8     0.0499    13     0.0228 
Sys.insufficient par.       0.0009    18     0.0172     9     0.0026 
Idle time                   0.0000    13     1.5344     6     1.1064 
Communication               0.1938     6     1.6794     1     0.6026 
Synchronization             0.4590     7    32.6457    12    23.3765 
Variation                   0.4590     7    32.6457    12    23.3763 
Overlap                     0.0000     1     0.0000     7     0.0000 
Load imbalance              0.0000    13     0.0069    18     0.0048 
Execution time              0.2026     6     1.7370    13     0.6306 
User CPU time               0.0004     8     0.0073    13     0.0024 
Sys. CPU time               0.0001    18     0.0010     9     0.0001 
I/O time                    0.0000    18     0.0002     1     0.0000 
Processors                      18     1         18    18         18 
                      Communic          Synchro        Variation          Overlap  
I/O             Tmin    0.0000     1     0.2295     7     0.2295     7     0.0000     1 
I/O             Tmax    0.0000    18    17.1052    12    17.1052    12     0.0000    18 
I/O             Tmid    0.0000          12.2596          12.2594           0.0000       
Reduction       Tmin    0.1938     6     0.2070    13     0.2070    13     0.0000     1 
Reduction       Tmax    1.6794     1    15.5406     6    15.5406    18     0.0000     7 
Reduction       Tmid    0.6026          11.1169          11.1169           0.0000       
--- The execution characteristics --- 
                                1          2          3          4          5          6          7          8          9         10         11         12         13         14         15         16         17         18 
Lost time                  1.7351     1.7365     1.7320     1.7357     1.7327     1.7363     1.7298     1.7365     1.7314     1.7342     1.7360     1.7364     1.7296     1.7365     1.7365     1.7326     1.7350     1.7365 
User insufficient par.     0.0246     0.0047     0.0445     0.0174     0.0295     0.0070     0.0482     0.0043     0.0377     0.0438     0.0129     0.0061     0.0499     0.0048     0.0049     0.0415     0.0241     0.0053 
Sys.insufficient par.      0.0051     0.0012     0.0012     0.0013     0.0011     0.0012     0.0012     0.0011     0.0172     0.0012     0.0011     0.0011     0.0011     0.0012     0.0012     0.0012     0.0077     0.0009 
Idle time                  0.0260     1.5108     1.3700     0.8000     1.4065     1.5344     0.0450     1.5270     1.3600     0.8060     1.3925     1.5210     0.0000     1.5185     1.3839     0.8093     1.3815     1.5220 
Communication              1.6794     0.2199     0.3164     0.9171     0.2956     0.1938     1.6355     0.2041     0.3165     0.8832     0.3295     0.2081     1.6786     0.2120     0.3466     0.8805     0.3216     0.2083 
Synchronization            0.8590    32.2383    29.3721    16.2799    29.2437    32.6317     0.4590    32.2223    29.3491    16.0349    29.3756    32.6457     0.4600    32.2303    29.4688    16.0276    29.2347    32.6448 
Variation                  0.8549    32.2383    29.3721    16.2800    29.2437    32.6318     0.4590    32.2223    29.3491    16.0350    29.3756    32.6457     0.4600    32.2303    29.4688    16.0276    29.2347    32.6448 
Overlap                    0.0000     0.0000     0.0000     0.0000     0.0000     0.0000     0.0000     0.0000     0.0000     0.0000     0.0000     0.0000     0.0000     0.0000     0.0000     0.0000     0.0000     0.0000 
Load imbalance             0.0057     0.0069     0.0024     0.0061     0.0031     0.0067     0.0002     0.0069     0.0018     0.0046     0.0064     0.0068     0.0000     0.0069     0.0069     0.0030     0.0054     0.0069 
Execution time             1.7110     0.2262     0.3670     0.9370     0.3305     0.2026     1.6920     0.2100     0.3770     0.9310     0.3445     0.2160     1.7370     0.2185     0.3531     0.9277     0.3555     0.2150 
User CPU time              0.0016     0.0005     0.0049     0.0012     0.0042     0.0006     0.0071     0.0004     0.0046     0.0028     0.0009     0.0005     0.0073     0.0005     0.0005     0.0044     0.0016     0.0004 
Sys. CPU time              0.0001     0.0001     0.0001     0.0001     0.0001     0.0001     0.0001     0.0001     0.0010     0.0001     0.0001     0.0001     0.0001     0.0001     0.0001     0.0001     0.0005     0.0001 
I/O time                   0.0002     0.0000     0.0000     0.0000     0.0000     0.0000     0.0000     0.0000     0.0000     0.0000     0.0000     0.0000     0.0000     0.0000     0.0000     0.0000     0.0000     0.0000 
Processors                     18         18         18         18         18         18         18         18         18         18         18         18         18         18         18         18         18         18 
           Communication          
Reduction                  1.6794     0.2199     0.3164     0.9171     0.2956     0.1938     1.6355     0.2041     0.3165     0.8832     0.3295     0.2081     1.6786     0.2120     0.3466     0.8805     0.3216     0.2083 
           Synchronization        
I/O                        0.4760    16.8974    15.3945     8.5695    15.3364    17.0911     0.2295    16.8814    15.3845     8.4395    15.4094    17.1052     0.2530    16.8894    15.4414     8.4323    15.3384    17.1042 
Reduction                  0.3830    15.3409    13.9775     7.7105    13.9072    15.5406     0.2295    15.3409    13.9645     7.5955    13.9662    15.5406     0.2070    15.3409    14.0274     7.5953    13.8962    15.5406 
           Variation              
I/O                        0.4719    16.8974    15.3945     8.5695    15.3365    17.0912     0.2295    16.8814    15.3846     8.4395    15.4094    17.1052     0.2530    16.8894    15.4414     8.4323    15.3384    17.1042 
Reduction                  0.3830    15.3409    13.9775     7.7105    13.9072    15.5406     0.2295    15.3409    13.9645     7.5955    13.9662    15.5406     0.2070    15.3409    14.0274     7.5953    13.8962    15.5406 
           Overlap                
Reduction                  0.0000     0.0000     0.0000     0.0000     0.0000     0.0000     0.0000     0.0000     0.0000     0.0000     0.0000     0.0000     0.0000     0.0000     0.0000     0.0000     0.0000     0.0000 


-------------------------------------------------------------------------
Name (number) and performance time of processors
omp.keldysh.ru(1) 9.153498
omp.keldysh.ru(2) 0.895626
omp.keldysh.ru(3) 5.576488
omp.keldysh.ru(4) 5.610145
omp.keldysh.ru(5) 4.995964
omp.keldysh.ru(6) 0.935906
omp.keldysh.ru(7) 9.160048
omp.keldysh.ru(8) 0.913438
omp.keldysh.ru(9) 5.564352
omp.keldysh.ru(10) 5.602885
omp.keldysh.ru(11) 0.935373
omp.keldysh.ru(12) 0.935347
omp.keldysh.ru(13) 9.139863
omp.keldysh.ru(14) 0.936238
omp.keldysh.ru(15) 0.874293
omp.keldysh.ru(16) 5.080647
omp.keldysh.ru(17) 5.022673
omp.keldysh.ru(18) 0.896026
min - omp.keldysh.ru(15) 0.874293; max - omp.keldysh.ru(7) 9.160048; mid - 4.012712
