Processor system=1*4*4
Statistics has been accumulated on DVM-system version 5.0, platform DVM
Analyzer is executing on DVM-system version 5.0, platform DVM
-------------------------------------------------------------------------
INTERVAL ( NLINE=7 SOURCE=d_sor3d.f ) LEVEL=0  EXE_COUNT=1
--- The main characteristics --- 
Parallelization efficiency      0.6785 
Execution time                 16.1362 
Processors                          16
Threads amount                      16
Total time                    258.1794
Productive time               175.1874 ( CPU= 174.7897 Sys= 0.3972 I/O= 0.0005 )
Lost  time                     82.9920 
   Insufficient parallelism     6.3419 ( User= 0.3766 Sys= 5.9653 )
   Communication               76.6027 ( Real_sync= 0.0023 Starts= 0.0000 )
   Idle time                    0.0474
Load imbalance                 27.1504
Synchronization                 2.3811
Time variation                  3.2613
Overlap                         0.0010
                  Nop   Communic  Real_sync    Synchro  Variation    Overlap 
I/O               107     0.0000     0.0000     0.0113     0.0955     0.0000 
Reduction         100    35.8424     0.0000     0.0051     0.0051     0.0005 
Shadow            102    40.6765     0.0000     2.3646     3.1607     0.0005 
--- The comparative characteristics --- 
                              Tmin N proc      Tmax N proc      Tmid
Lost time                   3.4901     7     8.1707    14     5.1870 
User insufficient par.      0.0201     7     0.0274     1     0.0235 
Sys.insufficient par.       0.1939    16     0.4849     6     0.3728 
Idle time                   0.0000    11     0.0047    16     0.0030 
Communication               2.9943     7     7.8634    14     4.7877 
Real synchronization        0.0000    12     0.0005    13     0.0001 
Synchronization             0.0696    11     0.3401     1     0.1488 
Variation                   0.0960    12     0.3622     1     0.2038 
Overlap                     0.0000     2     0.0002     7     0.0001 
Load imbalance              0.0000     7     4.6806    14     1.6969 
Execution time             16.1315    16    16.1362    11    16.1332 
User CPU time               7.9467    14    12.6147     7    10.9244 
Sys. CPU time               0.0129    16     0.0323     6     0.0248 
I/O time                    0.0000    13     0.0004     1     0.0000 
Processors                      16     1         16    16         16 
                      Communic        Real_sync          Synchro        Variation          Overlap  
I/O             Tmin    0.0000     1     0.0000     1     0.0002     5     0.0000     1     0.0000     1 
I/O             Tmax    0.0000    16     0.0000    16     0.0013    16     0.0069    15     0.0000    16 
I/O             Tmid    0.0000           0.0000           0.0007           0.0060           0.0000       
Reduction       Tmin    0.0015    16     0.0000     1     0.0000     7     0.0001     5     0.0000     2 
Reduction       Tmax    6.7313     1     0.0000    16     0.0006    15     0.0005    15     0.0001     7 
Reduction       Tmid    2.2402           0.0000           0.0003           0.0003           0.0000       
Shadow          Tmin    0.1949     1     0.0000     1     0.0689    12     0.0886    12     0.0000     1 
Shadow          Tmax    7.5140    16     0.0000    16     0.3394     1     0.3620     1     0.0002    10 
Shadow          Tmid    2.5423           0.0000           0.1478           0.1975           0.0000       
--- The execution characteristics --- 
                                1          2          3          4          5          6          7          8          9         10         11         12         13         14         15         16 
Lost time                  7.3138     4.5864     4.8632     5.4979     4.2211     3.8062     3.4901     3.6979     3.6099     3.8559     3.6325     4.0371     7.4294     8.1707     7.0353     7.7446 
User insufficient par.     0.0274     0.0237     0.0238     0.0260     0.0270     0.0235     0.0201     0.0253     0.0252     0.0205     0.0237     0.0257     0.0207     0.0208     0.0207     0.0226 
Sys.insufficient par.      0.3584     0.4234     0.4008     0.3388     0.4526     0.4849     0.4716     0.4123     0.4312     0.4600     0.3831     0.3712     0.2440     0.2819     0.2572     0.1939 
Idle time                  0.0015     0.0041     0.0035     0.0041     0.0015     0.0004     0.0041     0.0015     0.0031     0.0041     0.0000     0.0008     0.0047     0.0047     0.0047     0.0047 
Communication              6.9265     4.1352     4.4351     5.1289     3.7400     3.2974     2.9943     3.2588     3.1503     3.3713     3.2257     3.6394     7.1600     7.8634     6.7527     7.5235 
Real synchronization       0.0000     0.0000     0.0000     0.0000     0.0000     0.0000     0.0000     0.0000     0.0000     0.0000     0.0000     0.0000     0.0005     0.0005     0.0005     0.0005 
Synchronization            0.3401     0.2229     0.1824     0.1567     0.2061     0.1191     0.0923     0.0851     0.1797     0.0982     0.0696     0.0706     0.2088     0.1324     0.1134     0.1037 
Variation                  0.3622     0.3021     0.2436     0.2262     0.2824     0.2118     0.1606     0.1366     0.2350     0.1643     0.1128     0.0960     0.2590     0.1915     0.1459     0.1314 
Overlap                    0.0000     0.0000     0.0000     0.0000     0.0001     0.0001     0.0002     0.0000     0.0001     0.0002     0.0002     0.0000     0.0000     0.0000     0.0000     0.0000 
Load imbalance             3.8241     1.0963     1.3730     2.0077     0.7310     0.3161     0.0000     0.2077     0.1198     0.3658     0.1424     0.5469     3.9393     4.6806     3.5451     4.2545 
Execution time            16.1347    16.1321    16.1327    16.1321    16.1347    16.1358    16.1321    16.1347    16.1332    16.1321    16.1362    16.1354    16.1315    16.1316    16.1315    16.1315 
User CPU time              8.7985    11.5216    11.2463    10.6158    11.8850    12.2976    12.6147    12.4109    12.4976    12.2496    12.4781    12.0744     8.6905     7.9467     9.0838     8.3786 
Sys. CPU time              0.0235     0.0282     0.0267     0.0226     0.0302     0.0323     0.0314     0.0275     0.0287     0.0307     0.0255     0.0247     0.0163     0.0188     0.0171     0.0129 
I/O time                   0.0004     0.0000     0.0000     0.0000     0.0000     0.0000     0.0000     0.0000     0.0000     0.0000     0.0000     0.0000     0.0000     0.0000     0.0000     0.0000 
Processors                     16         16         16         16         16         16         16         16         16         16         16         16         16         16         16         16 
           Communication          
Reduction                  6.7313     3.8007     3.0210     2.3340     3.4117     2.6930     1.9812     1.3017     2.6883     1.9898     1.2820     0.6177     2.0298     1.3269     0.6317     0.0015 
Shadow                     0.1949     0.3341     1.4139     2.7948     0.3281     0.6041     1.0129     1.9569     0.4617     1.3814     1.8945     3.0217     5.1222     6.5284     6.1130     7.5140 
           Real synchronization   
           Synchronization        
I/O                        0.0004     0.0008     0.0004     0.0008     0.0002     0.0006     0.0003     0.0007     0.0002     0.0007     0.0004     0.0012     0.0010     0.0011     0.0013     0.0013 
Reduction                  0.0002     0.0004     0.0002     0.0004     0.0001     0.0003     0.0000     0.0003     0.0001     0.0003     0.0001     0.0005     0.0004     0.0005     0.0006     0.0005 
Shadow                     0.3394     0.2217     0.1818     0.1555     0.2058     0.1181     0.0919     0.0841     0.1794     0.0972     0.0691     0.0689     0.2073     0.1308     0.1116     0.1019 
           Variation              
I/O                        0.0000     0.0064     0.0060     0.0064     0.0058     0.0063     0.0059     0.0063     0.0059     0.0063     0.0060     0.0068     0.0067     0.0068     0.0069     0.0069 
Reduction                  0.0002     0.0004     0.0002     0.0004     0.0001     0.0003     0.0001     0.0003     0.0001     0.0003     0.0001     0.0005     0.0004     0.0005     0.0005     0.0005 
Shadow                     0.3620     0.2953     0.2374     0.2194     0.2766     0.2052     0.1546     0.1299     0.2290     0.1577     0.1066     0.0886     0.2518     0.1842     0.1384     0.1240 
           Overlap                
Reduction                  0.0000     0.0000     0.0000     0.0000     0.0001     0.0000     0.0001     0.0000     0.0001     0.0000     0.0001     0.0000     0.0000     0.0000     0.0000     0.0000 
Shadow                     0.0000     0.0000     0.0000     0.0000     0.0000     0.0001     0.0001     0.0000     0.0000     0.0002     0.0001     0.0000     0.0000     0.0000     0.0000     0.0000 


-------------------------------------------------------------------------
Name (number) and performance time of processors
omp.keldysh.ru(1) 0.934049
omp.keldysh.ru(2) 0.933967
omp.keldysh.ru(3) 0.956466
omp.keldysh.ru(4) 0.956458
omp.keldysh.ru(5) 0.957991
omp.keldysh.ru(6) 0.958271
omp.keldysh.ru(7) 0.956967
omp.keldysh.ru(8) 0.956966
omp.keldysh.ru(9) 0.958415
omp.keldysh.ru(10) 0.958399
omp.keldysh.ru(11) 0.956094
omp.keldysh.ru(12) 0.956057
omp.keldysh.ru(13) 0.933793
omp.keldysh.ru(14) 0.933772
omp.keldysh.ru(15) 0.957510
omp.keldysh.ru(16) 0.957506
min - omp.keldysh.ru(14) 0.933772; max - omp.keldysh.ru(9) 0.958415; mid - 0.951418
