Processor system=3*3*2
Statistics has been accumulated on DVM-system version 5.0, platform DVM
Analyzer is executing on DVM-system version 5.0, platform DVM
-------------------------------------------------------------------------
INTERVAL ( NLINE=8 SOURCE=sha31.f ) LEVEL=0  EXE_COUNT=2
--- The main characteristics --- 
Parallelization efficiency      0.0414 
Execution time                  0.0098 
Processors                          18
Threads amount                      18
Total time                      0.1765
Productive time                 0.0073 ( CPU= 0.0067 Sys= 0.0006 I/O= 0.0000 )
Lost  time                      0.1692 
   Insufficient parallelism     0.1164 ( User= 0.1056 Sys= 0.0108 )
   Communication                0.0198 ( Real_sync= 0.0000 Starts= 0.0000 )
   Idle time                    0.0330
Load imbalance                  0.0020
Synchronization                 0.0072
Time variation                  0.0083
Overlap                         0.0001
                  Nop   Communic    Synchro  Variation    Overlap 
I/O                 6     0.0000     0.0004     0.0031     0.0000 
Reduction           5     0.0054     0.0002     0.0002     0.0001 
Shadow              5     0.0144     0.0067     0.0050     0.0000 
--- The comparative characteristics --- 
                              Tmin N proc      Tmax N proc      Tmid
Lost time                   0.0093     9     0.0095    18     0.0094 
User insufficient par.      0.0051    14     0.0076     9     0.0059 
Sys.insufficient par.       0.0004    17     0.0007     9     0.0006 
Idle time                   0.0000     9     0.0027    14     0.0018 
Communication               0.0010     9     0.0013    17     0.0011 
Synchronization             0.0000    10     0.0009    17     0.0004 
Variation                   0.0002    10     0.0005     8     0.0005 
Overlap                     0.0000     1     0.0000    10     0.0000 
Load imbalance              0.0000     9     0.0002    18     0.0001 
Execution time              0.0071    14     0.0098     9     0.0080 
User CPU time               0.0003    13     0.0005    10     0.0004 
Sys. CPU time               0.0000    17     0.0000     9     0.0000 
I/O time                    0.0000     9     0.0000     1     0.0000 
Processors                      18     1         18    18         18 
                      Communic          Synchro        Variation          Overlap  
I/O             Tmin    0.0000     1     0.0000    16     0.0000     1     0.0000     1 
I/O             Tmax    0.0000    18     0.0000    18     0.0002    18     0.0000    18 
I/O             Tmid    0.0000           0.0000           0.0002           0.0000       
Reduction       Tmin    0.0000    10     0.0000     5     0.0000     5     0.0000     1 
Reduction       Tmax    0.0004    18     0.0000    18     0.0000    18     0.0000     5 
Reduction       Tmid    0.0003           0.0000           0.0000           0.0000       
Shadow          Tmin    0.0007     8     0.0000    10     0.0000    10     0.0000     1 
Shadow          Tmax    0.0010    10     0.0008    17     0.0003     8     0.0000    10 
Shadow          Tmid    0.0008           0.0004           0.0003           0.0000       
--- The execution characteristics --- 
                                1          2          3          4          5          6          7          8          9         10         11         12         13         14         15         16         17         18 
Lost time                  0.0094     0.0094     0.0094     0.0094     0.0094     0.0094     0.0094     0.0093     0.0093     0.0093     0.0094     0.0094     0.0095     0.0094     0.0094     0.0093     0.0094     0.0095 
User insufficient par.     0.0057     0.0057     0.0051     0.0051     0.0061     0.0051     0.0061     0.0069     0.0076     0.0076     0.0052     0.0052     0.0051     0.0051     0.0052     0.0072     0.0065     0.0051 
Sys.insufficient par.      0.0007     0.0005     0.0006     0.0006     0.0006     0.0006     0.0006     0.0007     0.0007     0.0007     0.0007     0.0006     0.0006     0.0006     0.0006     0.0006     0.0004     0.0005 
Idle time                  0.0019     0.0020     0.0026     0.0026     0.0016     0.0026     0.0016     0.0008     0.0000     0.0000     0.0026     0.0026     0.0027     0.0027     0.0026     0.0004     0.0012     0.0026 
Communication              0.0011     0.0012     0.0011     0.0011     0.0011     0.0011     0.0010     0.0010     0.0010     0.0010     0.0010     0.0011     0.0011     0.0011     0.0011     0.0011     0.0013     0.0012 
Synchronization            0.0005     0.0006     0.0003     0.0003     0.0006     0.0005     0.0003     0.0003     0.0001     0.0000     0.0003     0.0003     0.0005     0.0006     0.0003     0.0003     0.0009     0.0006 
Variation                  0.0003     0.0005     0.0005     0.0005     0.0005     0.0005     0.0005     0.0005     0.0003     0.0002     0.0005     0.0005     0.0005     0.0005     0.0005     0.0005     0.0005     0.0005 
Overlap                    0.0000     0.0000     0.0000     0.0000     0.0000     0.0000     0.0000     0.0000     0.0000     0.0000     0.0000     0.0000     0.0000     0.0000     0.0000     0.0000     0.0000     0.0000 
Load imbalance             0.0001     0.0001     0.0002     0.0001     0.0001     0.0002     0.0001     0.0000     0.0000     0.0000     0.0001     0.0001     0.0002     0.0002     0.0002     0.0000     0.0001     0.0002 
Execution time             0.0079     0.0079     0.0072     0.0072     0.0083     0.0072     0.0082     0.0090     0.0098     0.0098     0.0072     0.0072     0.0071     0.0071     0.0072     0.0094     0.0086     0.0072 
User CPU time              0.0004     0.0004     0.0003     0.0003     0.0004     0.0003     0.0004     0.0004     0.0005     0.0005     0.0003     0.0003     0.0003     0.0003     0.0003     0.0004     0.0004     0.0003 
Sys. CPU time              0.0000     0.0000     0.0000     0.0000     0.0000     0.0000     0.0000     0.0000     0.0000     0.0000     0.0000     0.0000     0.0000     0.0000     0.0000     0.0000     0.0000     0.0000 
I/O time                   0.0000     0.0000     0.0000     0.0000     0.0000     0.0000     0.0000     0.0000     0.0000     0.0000     0.0000     0.0000     0.0000     0.0000     0.0000     0.0000     0.0000     0.0000 
Processors                     18         18         18         18         18         18         18         18         18         18         18         18         18         18         18         18         18         18 
           Communication          
Reduction                  0.0003     0.0004     0.0003     0.0003     0.0003     0.0003     0.0003     0.0004     0.0001     0.0000     0.0003     0.0003     0.0003     0.0003     0.0003     0.0003     0.0003     0.0004 
Shadow                     0.0007     0.0008     0.0008     0.0007     0.0008     0.0008     0.0007     0.0007     0.0009     0.0010     0.0007     0.0007     0.0008     0.0008     0.0007     0.0007     0.0010     0.0009 
           Synchronization        
I/O                        0.0000     0.0000     0.0000     0.0000     0.0000     0.0000     0.0000     0.0000     0.0000     0.0000     0.0000     0.0000     0.0000     0.0000     0.0000     0.0000     0.0000     0.0000 
Reduction                  0.0000     0.0000     0.0000     0.0000     0.0000     0.0000     0.0000     0.0000     0.0000     0.0000     0.0000     0.0000     0.0000     0.0000     0.0000     0.0000     0.0000     0.0000 
Shadow                     0.0005     0.0006     0.0003     0.0003     0.0005     0.0005     0.0003     0.0003     0.0001     0.0000     0.0002     0.0003     0.0005     0.0005     0.0003     0.0003     0.0008     0.0006 
           Variation              
I/O                        0.0000     0.0002     0.0002     0.0002     0.0002     0.0002     0.0002     0.0002     0.0002     0.0002     0.0002     0.0002     0.0002     0.0002     0.0002     0.0002     0.0002     0.0002 
Reduction                  0.0000     0.0000     0.0000     0.0000     0.0000     0.0000     0.0000     0.0000     0.0000     0.0000     0.0000     0.0000     0.0000     0.0000     0.0000     0.0000     0.0000     0.0000 
Shadow                     0.0003     0.0003     0.0003     0.0003     0.0003     0.0003     0.0003     0.0003     0.0001     0.0000     0.0003     0.0003     0.0003     0.0003     0.0003     0.0003     0.0003     0.0003 
           Overlap                
Reduction                  0.0000     0.0000     0.0000     0.0000     0.0000     0.0000     0.0000     0.0000     0.0000     0.0000     0.0000     0.0000     0.0000     0.0000     0.0000     0.0000     0.0000     0.0000 
Shadow                     0.0000     0.0000     0.0000     0.0000     0.0000     0.0000     0.0000     0.0000     0.0000     0.0000     0.0000     0.0000     0.0000     0.0000     0.0000     0.0000     0.0000     0.0000 


-------------------------------------------------------------------------
Name (number) and performance time of processors
omp.keldysh.ru(1) 0.933837
omp.keldysh.ru(2) 0.933787
omp.keldysh.ru(3) 0.953123
omp.keldysh.ru(4) 0.953181
omp.keldysh.ru(5) 0.955714
omp.keldysh.ru(6) 0.955712
omp.keldysh.ru(7) 0.953554
omp.keldysh.ru(8) 0.953486
omp.keldysh.ru(9) 0.933788
omp.keldysh.ru(10) 0.933767
omp.keldysh.ru(11) 0.954790
omp.keldysh.ru(12) 0.954795
omp.keldysh.ru(13) 0.957820
omp.keldysh.ru(14) 0.957822
omp.keldysh.ru(15) 0.954760
omp.keldysh.ru(16) 0.954767
omp.keldysh.ru(17) 0.955644
omp.keldysh.ru(18) 0.955897
min - omp.keldysh.ru(10) 0.933767; max - omp.keldysh.ru(14) 0.957822; mid - 0.950347
