Processor system=1*4*4*1
Statistics has been accumulated on DVM-system version 5.0, platform DVM
Analyzer is executing on DVM-system version 5.0, platform DVM
-------------------------------------------------------------------------
INTERVAL ( NLINE=7 SOURCE=rem41.f ) LEVEL=0  EXE_COUNT=1
--- The main characteristics --- 
Parallelization efficiency      0.0512 
Execution time                  0.3593 
Processors                          16
Threads amount                      16
Total time                      5.7488
Productive time                 0.2946 ( CPU= 0.0176 Sys= 0.2769 I/O= 0.0000 )
Lost  time                      5.4542 
   Insufficient parallelism     4.3245 ( User= 0.1698 Sys= 4.1546 )
   Communication                1.1125 ( Real_sync= 0.0000 Starts= 0.0000 )
   Idle time                    0.0173
Load imbalance                  0.0422
Synchronization                 6.1167
Time variation                  5.7579
Overlap                         0.0003
                  Nop   Communic    Synchro  Variation    Overlap 
I/O                16     0.0000     0.0329     0.0359     0.0000 
Reduction           7     0.0061     0.0001     0.0001     0.0000 
Remote access    4155     1.1064     6.0837     5.7220     0.0003 
--- The comparative characteristics --- 
                              Tmin N proc      Tmax N proc      Tmid
Lost time                   0.3383    12     0.3467    15     0.3409 
User insufficient par.      0.0081    14     0.0128     4     0.0106 
Sys.insufficient par.       0.1739    15     0.2980    12     0.2597 
Idle time                   0.0000    15     0.0017     7     0.0011 
Communication               0.0271    12     0.1633    15     0.0695 
Synchronization             0.0328    12     0.9604    15     0.3823 
Variation                   0.0325    12     0.9090    16     0.3599 
Overlap                     0.0000     3     0.0001    12     0.0000 
Load imbalance              0.0000    12     0.0085    15     0.0026 
Execution time              0.3576     7     0.3593    15     0.3582 
User CPU time               0.0009    14     0.0012     4     0.0011 
Sys. CPU time               0.0116    15     0.0199    12     0.0173 
I/O time                    0.0000     3     0.0000     1     0.0000 
Processors                      16     1         16    16         16 
                      Communic          Synchro        Variation          Overlap  
I/O             Tmin    0.0000     1     0.0002    12     0.0004    12     0.0000     1 
I/O             Tmax    0.0000    16     0.0056    13     0.0058    13     0.0000    16 
I/O             Tmid    0.0000           0.0021           0.0022           0.0000       
Reduction       Tmin    0.0001    12     0.0000    11     0.0000     2     0.0000     1 
Reduction       Tmax    0.0010    13     0.0000     1     0.0000    14     0.0000    12 
Reduction       Tmid    0.0004           0.0000           0.0000           0.0000       
Remote access   Tmin    0.0270    12     0.0327    12     0.0321    12     0.0000     3 
Remote access   Tmax    0.1624    15     0.9548    15     0.9033    16     0.0001    12 
Remote access   Tmid    0.0692           0.3802           0.3576           0.0000       
--- The execution characteristics --- 
                                1          2          3          4          5          6          7          8          9         10         11         12         13         14         15         16 
Lost time                  0.3392     0.3392     0.3392     0.3385     0.3391     0.3391     0.3392     0.3385     0.3391     0.3391     0.3393     0.3383     0.3467     0.3467     0.3467     0.3464 
User insufficient par.     0.0113     0.0112     0.0105     0.0128     0.0105     0.0103     0.0104     0.0114     0.0115     0.0113     0.0106     0.0115     0.0096     0.0081     0.0095     0.0093 
Sys.insufficient par.      0.2851     0.2847     0.2848     0.2935     0.2864     0.2857     0.2851     0.2941     0.2854     0.2848     0.2836     0.2980     0.1742     0.1761     0.1739     0.1793 
Idle time                  0.0008     0.0008     0.0017     0.0003     0.0016     0.0016     0.0017     0.0017     0.0005     0.0005     0.0017     0.0017     0.0000     0.0016     0.0000     0.0011 
Communication              0.0419     0.0424     0.0423     0.0320     0.0406     0.0415     0.0420     0.0314     0.0417     0.0425     0.0434     0.0271     0.1629     0.1608     0.1633     0.1568 
Synchronization            0.2128     0.2137     0.2270     0.2092     0.1561     0.1548     0.1972     0.1804     0.2114     0.2113     0.2823     0.0328     0.9597     0.9562     0.9604     0.9515 
Variation                  0.1953     0.1959     0.2095     0.2079     0.1392     0.1380     0.1800     0.1793     0.1943     0.1936     0.2656     0.0325     0.9069     0.9042     0.9067     0.9090 
Overlap                    0.0000     0.0000     0.0000     0.0000     0.0001     0.0001     0.0000     0.0000     0.0000     0.0000     0.0000     0.0001     0.0000     0.0000     0.0000     0.0000 
Load imbalance             0.0009     0.0009     0.0010     0.0002     0.0008     0.0009     0.0009     0.0003     0.0008     0.0009     0.0010     0.0000     0.0085     0.0084     0.0085     0.0082 
Execution time             0.3585     0.3585     0.3576     0.3590     0.3577     0.3577     0.3576     0.3576     0.3588     0.3588     0.3576     0.3576     0.3593     0.3577     0.3593     0.3582 
User CPU time              0.0011     0.0012     0.0011     0.0012     0.0011     0.0011     0.0011     0.0012     0.0012     0.0012     0.0011     0.0012     0.0009     0.0009     0.0010     0.0009 
Sys. CPU time              0.0190     0.0190     0.0190     0.0196     0.0191     0.0190     0.0190     0.0196     0.0190     0.0190     0.0189     0.0199     0.0116     0.0117     0.0116     0.0120 
I/O time                   0.0000     0.0000     0.0000     0.0000     0.0000     0.0000     0.0000     0.0000     0.0000     0.0000     0.0000     0.0000     0.0000     0.0000     0.0000     0.0000 
Processors                     16         16         16         16         16         16         16         16         16         16         16         16         16         16         16         16 
           Communication          
Reduction                  0.0002     0.0002     0.0002     0.0002     0.0002     0.0002     0.0002     0.0002     0.0002     0.0002     0.0001     0.0001     0.0010     0.0010     0.0009     0.0009 
Remote access              0.0417     0.0422     0.0420     0.0317     0.0404     0.0413     0.0418     0.0312     0.0414     0.0423     0.0432     0.0270     0.1620     0.1599     0.1624     0.1559 
           Synchronization        
I/O                        0.0009     0.0010     0.0011     0.0011     0.0007     0.0007     0.0009     0.0009     0.0010     0.0010     0.0014     0.0002     0.0056     0.0056     0.0056     0.0056 
Reduction                  0.0000     0.0000     0.0000     0.0000     0.0000     0.0000     0.0000     0.0000     0.0000     0.0000     0.0000     0.0000     0.0000     0.0000     0.0000     0.0000 
Remote access              0.2119     0.2127     0.2259     0.2081     0.1554     0.1541     0.1963     0.1795     0.2105     0.2104     0.2808     0.0327     0.9541     0.9506     0.9548     0.9459 
           Variation              
I/O                        0.0008     0.0012     0.0013     0.0013     0.0009     0.0009     0.0011     0.0011     0.0012     0.0012     0.0016     0.0004     0.0058     0.0058     0.0058     0.0058 
Reduction                  0.0000     0.0000     0.0000     0.0000     0.0000     0.0000     0.0000     0.0000     0.0000     0.0000     0.0000     0.0000     0.0000     0.0000     0.0000     0.0000 
Remote access              0.1944     0.1947     0.2082     0.2067     0.1383     0.1371     0.1790     0.1782     0.1931     0.1924     0.2640     0.0321     0.9011     0.8984     0.9009     0.9033 
           Overlap                
Reduction                  0.0000     0.0000     0.0000     0.0000     0.0000     0.0000     0.0000     0.0000     0.0000     0.0000     0.0000     0.0000     0.0000     0.0000     0.0000     0.0000 
Remote access              0.0000     0.0000     0.0000     0.0000     0.0001     0.0001     0.0000     0.0000     0.0000     0.0000     0.0000     0.0001     0.0000     0.0000     0.0000     0.0000 


-------------------------------------------------------------------------
Name (number) and performance time of processors
omp.keldysh.ru(1) 0.935631
omp.keldysh.ru(2) 0.935188
omp.keldysh.ru(3) 0.960803
omp.keldysh.ru(4) 0.960838
omp.keldysh.ru(5) 0.961544
omp.keldysh.ru(6) 0.961486
omp.keldysh.ru(7) 0.958994
omp.keldysh.ru(8) 0.958995
omp.keldysh.ru(9) 0.958808
omp.keldysh.ru(10) 0.958783
omp.keldysh.ru(11) 0.935408
omp.keldysh.ru(12) 0.935405
omp.keldysh.ru(13) 0.958038
omp.keldysh.ru(14) 0.958050
omp.keldysh.ru(15) 0.960831
omp.keldysh.ru(16) 0.960801
min - omp.keldysh.ru(2) 0.935188; max - omp.keldysh.ru(5) 0.961544; mid - 0.953725
