Processor system=3*1*1*6
Statistics has been accumulated on DVM-system version 5.0, platform DVM
Analyzer is executing on DVM-system version 5.0, platform DVM
-------------------------------------------------------------------------
INTERVAL ( NLINE=5 SOURCE=parallel4.f ) LEVEL=0  EXE_COUNT=2
--- The main characteristics --- 
Parallelization efficiency      0.0748 
Execution time                  0.0050 
Processors                          18
Threads amount                      18
Total time                      0.0892
Productive time                 0.0067 ( CPU= 0.0064 Sys= 0.0003 I/O= 0.0000 )
Lost  time                      0.0825 
   Insufficient parallelism     0.0759 ( User= 0.0709 Sys= 0.0050 )
   Communication                0.0041 ( Real_sync= 0.0000 Starts= 0.0000 )
   Idle time                    0.0025
Load imbalance                  0.0007
Synchronization                 0.0008
Time variation                  0.0034
Overlap                         0.0000
                  Nop   Communic    Synchro  Variation    Overlap 
I/O                 8     0.0000     0.0008     0.0034     0.0000 
Reduction           5     0.0041     0.0000     0.0000     0.0000 
--- The comparative characteristics --- 
                              Tmin N proc      Tmax N proc      Tmid
Lost time                   0.0045     3     0.0047    18     0.0046 
User insufficient par.      0.0024    18     0.0041    14     0.0039 
Sys.insufficient par.       0.0002    17     0.0004     1     0.0003 
Idle time                   0.0000    10     0.0017    18     0.0001 
Communication               0.0001     1     0.0004    17     0.0002 
Synchronization             0.0000     3     0.0001    17     0.0000 
Variation                   0.0000     1     0.0002    17     0.0002 
Overlap                     0.0000     1     0.0000    18     0.0000 
Load imbalance              0.0000     3     0.0001    18     0.0000 
Execution time              0.0033    18     0.0050    10     0.0048 
User CPU time               0.0003    18     0.0004     3     0.0004 
Sys. CPU time               0.0000    17     0.0000     9     0.0000 
I/O time                    0.0000     9     0.0000     1     0.0000 
Processors                      18     1         18    18         18 
                      Communic          Synchro        Variation          Overlap  
I/O             Tmin    0.0000     1     0.0000     3     0.0000     1     0.0000     1 
I/O             Tmax    0.0000    18     0.0001    17     0.0002    17     0.0000    18 
I/O             Tmid    0.0000           0.0000           0.0002           0.0000       
Reduction       Tmin    0.0001     1     0.0000    18     0.0000     3     0.0000     1 
Reduction       Tmax    0.0004    17     0.0000     2     0.0000    18     0.0000    18 
Reduction       Tmid    0.0002           0.0000           0.0000           0.0000       
--- The execution characteristics --- 
                                1          2          3          4          5          6          7          8          9         10         11         12         13         14         15         16         17         18 
Lost time                  0.0046     0.0046     0.0045     0.0046     0.0046     0.0046     0.0046     0.0046     0.0045     0.0046     0.0046     0.0046     0.0046     0.0046     0.0046     0.0046     0.0046     0.0047 
User insufficient par.     0.0040     0.0041     0.0039     0.0039     0.0040     0.0040     0.0041     0.0041     0.0041     0.0041     0.0040     0.0041     0.0041     0.0041     0.0040     0.0040     0.0039     0.0024 
Sys.insufficient par.      0.0004     0.0003     0.0003     0.0003     0.0003     0.0003     0.0003     0.0003     0.0003     0.0003     0.0003     0.0003     0.0003     0.0003     0.0003     0.0002     0.0002     0.0002 
Idle time                  0.0000     0.0000     0.0002     0.0002     0.0000     0.0000     0.0000     0.0000     0.0000     0.0000     0.0000     0.0000     0.0000     0.0000     0.0001     0.0001     0.0002     0.0017 
Communication              0.0001     0.0002     0.0002     0.0003     0.0003     0.0002     0.0002     0.0002     0.0002     0.0002     0.0003     0.0002     0.0002     0.0002     0.0002     0.0002     0.0004     0.0003 
Synchronization            0.0000     0.0000     0.0000     0.0000     0.0000     0.0000     0.0000     0.0001     0.0000     0.0001     0.0000     0.0001     0.0000     0.0000     0.0001     0.0000     0.0001     0.0001 
Variation                  0.0000     0.0002     0.0002     0.0002     0.0002     0.0002     0.0002     0.0002     0.0002     0.0002     0.0002     0.0002     0.0002     0.0002     0.0002     0.0002     0.0002     0.0002 
Overlap                    0.0000     0.0000     0.0000     0.0000     0.0000     0.0000     0.0000     0.0000     0.0000     0.0000     0.0000     0.0000     0.0000     0.0000     0.0000     0.0000     0.0000     0.0000 
Load imbalance             0.0000     0.0000     0.0000     0.0001     0.0001     0.0000     0.0000     0.0000     0.0000     0.0000     0.0001     0.0000     0.0001     0.0001     0.0000     0.0001     0.0001     0.0001 
Execution time             0.0049     0.0049     0.0048     0.0048     0.0049     0.0049     0.0049     0.0050     0.0049     0.0050     0.0049     0.0049     0.0050     0.0049     0.0048     0.0048     0.0048     0.0033 
User CPU time              0.0004     0.0004     0.0004     0.0003     0.0003     0.0004     0.0004     0.0004     0.0004     0.0004     0.0003     0.0004     0.0003     0.0003     0.0004     0.0003     0.0003     0.0003 
Sys. CPU time              0.0000     0.0000     0.0000     0.0000     0.0000     0.0000     0.0000     0.0000     0.0000     0.0000     0.0000     0.0000     0.0000     0.0000     0.0000     0.0000     0.0000     0.0000 
I/O time                   0.0000     0.0000     0.0000     0.0000     0.0000     0.0000     0.0000     0.0000     0.0000     0.0000     0.0000     0.0000     0.0000     0.0000     0.0000     0.0000     0.0000     0.0000 
Processors                     18         18         18         18         18         18         18         18         18         18         18         18         18         18         18         18         18         18 
           Communication          
Reduction                  0.0001     0.0002     0.0002     0.0003     0.0003     0.0002     0.0002     0.0002     0.0002     0.0002     0.0003     0.0002     0.0002     0.0002     0.0002     0.0002     0.0004     0.0003 
           Synchronization        
I/O                        0.0000     0.0000     0.0000     0.0000     0.0000     0.0000     0.0000     0.0001     0.0000     0.0001     0.0000     0.0001     0.0000     0.0000     0.0001     0.0000     0.0001     0.0001 
Reduction                  0.0000     0.0000     0.0000     0.0000     0.0000     0.0000     0.0000     0.0000     0.0000     0.0000     0.0000     0.0000     0.0000     0.0000     0.0000     0.0000     0.0000     0.0000 
           Variation              
I/O                        0.0000     0.0002     0.0002     0.0002     0.0002     0.0002     0.0002     0.0002     0.0002     0.0002     0.0002     0.0002     0.0002     0.0002     0.0002     0.0002     0.0002     0.0002 
Reduction                  0.0000     0.0000     0.0000     0.0000     0.0000     0.0000     0.0000     0.0000     0.0000     0.0000     0.0000     0.0000     0.0000     0.0000     0.0000     0.0000     0.0000     0.0000 
           Overlap                
Reduction                  0.0000     0.0000     0.0000     0.0000     0.0000     0.0000     0.0000     0.0000     0.0000     0.0000     0.0000     0.0000     0.0000     0.0000     0.0000     0.0000     0.0000     0.0000 


-------------------------------------------------------------------------
Name (number) and performance time of processors
omp.keldysh.ru(1) 0.934349
omp.keldysh.ru(2) 0.933714
omp.keldysh.ru(3) 0.956507
omp.keldysh.ru(4) 0.956509
omp.keldysh.ru(5) 0.933916
omp.keldysh.ru(6) 0.933905
omp.keldysh.ru(7) 0.956543
omp.keldysh.ru(8) 0.956522
omp.keldysh.ru(9) 0.955492
omp.keldysh.ru(10) 0.955492
omp.keldysh.ru(11) 0.958636
omp.keldysh.ru(12) 0.958634
omp.keldysh.ru(13) 0.956751
omp.keldysh.ru(14) 0.956741
omp.keldysh.ru(15) 0.958752
omp.keldysh.ru(16) 0.958718
omp.keldysh.ru(17) 0.956130
omp.keldysh.ru(18) 0.956396
min - omp.keldysh.ru(2) 0.933714; max - omp.keldysh.ru(15) 0.958752; mid - 0.951873
