Processor system=3*1*6
Statistics has been accumulated on DVM-system version 5.0, platform DVM
Analyzer is executing on DVM-system version 5.0, platform DVM
-------------------------------------------------------------------------
INTERVAL ( NLINE=12 SOURCE=distrmix3.f ) LEVEL=0  EXE_COUNT=2
--- The main characteristics --- 
Parallelization efficiency      0.0619 
Execution time                  0.0148 
Processors                          18
Threads amount                      18
Total time                      0.2659
Productive time                 0.0165 ( CPU= 0.0142 Sys= 0.0023 I/O= 0.0000 )
Lost  time                      0.2495 
   Insufficient parallelism     0.1850 ( User= 0.1456 Sys= 0.0394 )
   Communication                0.0332 ( Real_sync= 0.0000 Starts= 0.0000 )
   Idle time                    0.0313
Load imbalance                  0.0021
Synchronization                 0.0155
Time variation                  0.0227
Overlap                         0.0000
                  Nop   Communic    Synchro  Variation    Overlap 
I/O                12     0.0000     0.0025     0.0057     0.0000 
Reduction          10     0.0126     0.0015     0.0016     0.0000 
Remote access       5     0.0000     0.0004     0.0004     0.0000 
Redistribution     20     0.0206     0.0112     0.0150     0.0000 
--- The comparative characteristics --- 
                              Tmin N proc      Tmax N proc      Tmid
Lost time                   0.0137    16     0.0140    17     0.0139 
User insufficient par.      0.0068    17     0.0098    16     0.0081 
Sys.insufficient par.       0.0015    17     0.0024     9     0.0022 
Idle time                   0.0000    16     0.0027     8     0.0017 
Communication               0.0015     9     0.0031    17     0.0018 
Synchronization             0.0005     7     0.0015    17     0.0009 
Variation                   0.0009    15     0.0017    17     0.0013 
Overlap                     0.0000     1     0.0000    16     0.0000 
Load imbalance              0.0000    16     0.0003    17     0.0001 
Execution time              0.0121     8     0.0148    16     0.0130 
User CPU time               0.0006    17     0.0009    16     0.0008 
Sys. CPU time               0.0001    17     0.0001     9     0.0001 
I/O time                    0.0000     2     0.0000     1     0.0000 
Processors                      18     1         18    18         18 
                      Communic          Synchro        Variation          Overlap  
I/O             Tmin    0.0000     1     0.0001     1     0.0000     1     0.0000     1 
I/O             Tmax    0.0000    18     0.0002    14     0.0004    14     0.0000    18 
I/O             Tmid    0.0000           0.0001           0.0003           0.0000       
Reduction       Tmin    0.0004    15     0.0000     7     0.0000     7     0.0000     1 
Reduction       Tmax    0.0012    18     0.0001    14     0.0001     2     0.0000    16 
Reduction       Tmid    0.0007           0.0001           0.0001           0.0000       
Remote access   Tmin    0.0000     1     0.0000     2     0.0000     9     0.0000     1 
Remote access   Tmax    0.0000    18     0.0001    17     0.0001    17     0.0000    18 
Remote access   Tmid    0.0000           0.0000           0.0000           0.0000       
Redistribution  Tmin    0.0009     1     0.0004    15     0.0004    15     0.0000     1 
Redistribution  Tmax    0.0019    17     0.0012    17     0.0012     6     0.0000    18 
Redistribution  Tmid    0.0011           0.0006           0.0008           0.0000       
--- The execution characteristics --- 
                                1          2          3          4          5          6          7          8          9         10         11         12         13         14         15         16         17         18 
Lost time                  0.0138     0.0139     0.0138     0.0139     0.0139     0.0139     0.0138     0.0139     0.0138     0.0138     0.0139     0.0139     0.0138     0.0139     0.0137     0.0137     0.0140     0.0140 
User insufficient par.     0.0087     0.0074     0.0087     0.0073     0.0079     0.0072     0.0080     0.0073     0.0091     0.0091     0.0072     0.0073     0.0094     0.0073     0.0095     0.0098     0.0068     0.0078 
Sys.insufficient par.      0.0023     0.0022     0.0022     0.0021     0.0021     0.0021     0.0024     0.0024     0.0024     0.0024     0.0023     0.0023     0.0022     0.0023     0.0023     0.0023     0.0015     0.0016 
Idle time                  0.0012     0.0027     0.0012     0.0026     0.0019     0.0027     0.0019     0.0027     0.0008     0.0008     0.0026     0.0026     0.0004     0.0026     0.0004     0.0000     0.0027     0.0016 
Communication              0.0017     0.0017     0.0017     0.0018     0.0020     0.0019     0.0015     0.0015     0.0015     0.0016     0.0018     0.0017     0.0017     0.0016     0.0016     0.0017     0.0031     0.0030 
Synchronization            0.0006     0.0008     0.0009     0.0011     0.0011     0.0010     0.0005     0.0007     0.0007     0.0008     0.0008     0.0008     0.0006     0.0009     0.0006     0.0008     0.0015     0.0014 
Variation                  0.0012     0.0014     0.0016     0.0017     0.0016     0.0017     0.0009     0.0010     0.0010     0.0011     0.0010     0.0010     0.0009     0.0012     0.0009     0.0011     0.0017     0.0017 
Overlap                    0.0000     0.0000     0.0000     0.0000     0.0000     0.0000     0.0000     0.0000     0.0000     0.0000     0.0000     0.0000     0.0000     0.0000     0.0000     0.0000     0.0000     0.0000 
Load imbalance             0.0001     0.0001     0.0001     0.0001     0.0002     0.0002     0.0001     0.0001     0.0000     0.0000     0.0002     0.0002     0.0000     0.0001     0.0000     0.0000     0.0003     0.0002 
Execution time             0.0136     0.0121     0.0136     0.0122     0.0128     0.0121     0.0128     0.0121     0.0140     0.0140     0.0121     0.0122     0.0144     0.0121     0.0144     0.0148     0.0121     0.0132 
User CPU time              0.0008     0.0008     0.0008     0.0008     0.0007     0.0007     0.0008     0.0008     0.0009     0.0009     0.0007     0.0007     0.0009     0.0007     0.0009     0.0009     0.0006     0.0007 
Sys. CPU time              0.0001     0.0001     0.0001     0.0001     0.0001     0.0001     0.0001     0.0001     0.0001     0.0001     0.0001     0.0001     0.0001     0.0001     0.0001     0.0001     0.0001     0.0001 
I/O time                   0.0000     0.0000     0.0000     0.0000     0.0000     0.0000     0.0000     0.0000     0.0000     0.0000     0.0000     0.0000     0.0000     0.0000     0.0000     0.0000     0.0000     0.0000 
Processors                     18         18         18         18         18         18         18         18         18         18         18         18         18         18         18         18         18         18 
           Communication          
Reduction                  0.0008     0.0007     0.0009     0.0008     0.0009     0.0009     0.0006     0.0005     0.0005     0.0005     0.0006     0.0006     0.0006     0.0005     0.0004     0.0005     0.0012     0.0012 
Redistribution             0.0009     0.0010     0.0009     0.0010     0.0010     0.0010     0.0009     0.0011     0.0010     0.0011     0.0012     0.0011     0.0011     0.0011     0.0012     0.0012     0.0019     0.0018 
           Synchronization        
I/O                        0.0001     0.0001     0.0001     0.0002     0.0001     0.0001     0.0001     0.0002     0.0002     0.0002     0.0001     0.0001     0.0001     0.0002     0.0002     0.0002     0.0002     0.0001 
Reduction                  0.0000     0.0001     0.0001     0.0001     0.0001     0.0001     0.0000     0.0001     0.0001     0.0001     0.0001     0.0001     0.0000     0.0001     0.0001     0.0001     0.0001     0.0001 
Remote access              0.0000     0.0000     0.0000     0.0000     0.0000     0.0000     0.0000     0.0000     0.0000     0.0000     0.0000     0.0000     0.0000     0.0000     0.0000     0.0000     0.0001     0.0000 
Redistribution             0.0005     0.0006     0.0007     0.0008     0.0008     0.0008     0.0004     0.0005     0.0004     0.0005     0.0005     0.0005     0.0004     0.0005     0.0004     0.0005     0.0012     0.0011 
           Variation              
I/O                        0.0000     0.0003     0.0003     0.0003     0.0003     0.0003     0.0003     0.0004     0.0003     0.0004     0.0003     0.0003     0.0003     0.0004     0.0003     0.0004     0.0003     0.0003 
Reduction                  0.0000     0.0001     0.0001     0.0001     0.0001     0.0001     0.0000     0.0001     0.0001     0.0001     0.0001     0.0001     0.0000     0.0001     0.0001     0.0001     0.0001     0.0001 
Remote access              0.0000     0.0000     0.0000     0.0000     0.0000     0.0000     0.0000     0.0000     0.0000     0.0000     0.0000     0.0000     0.0000     0.0000     0.0000     0.0000     0.0001     0.0000 
Redistribution             0.0011     0.0010     0.0012     0.0012     0.0012     0.0012     0.0006     0.0005     0.0005     0.0006     0.0006     0.0006     0.0006     0.0006     0.0004     0.0006     0.0012     0.0012 
           Overlap                
Reduction                  0.0000     0.0000     0.0000     0.0000     0.0000     0.0000     0.0000     0.0000     0.0000     0.0000     0.0000     0.0000     0.0000     0.0000     0.0000     0.0000     0.0000     0.0000 


-------------------------------------------------------------------------
Name (number) and performance time of processors
omp.keldysh.ru(1) 0.935361
omp.keldysh.ru(2) 0.934881
omp.keldysh.ru(3) 0.958866
omp.keldysh.ru(4) 0.958644
omp.keldysh.ru(5) 0.956469
omp.keldysh.ru(6) 0.956391
omp.keldysh.ru(7) 0.958326
omp.keldysh.ru(8) 0.958414
omp.keldysh.ru(9) 0.955092
omp.keldysh.ru(10) 0.954994
omp.keldysh.ru(11) 0.934937
omp.keldysh.ru(12) 0.934747
omp.keldysh.ru(13) 0.958323
omp.keldysh.ru(14) 0.957957
omp.keldysh.ru(15) 0.954249
omp.keldysh.ru(16) 0.954169
omp.keldysh.ru(17) 0.956688
omp.keldysh.ru(18) 0.956890
min - omp.keldysh.ru(12) 0.934747; max - omp.keldysh.ru(3) 0.958866; mid - 0.951967
