Processor system=3*3*1*2
Statistics has been accumulated on DVM-system version 5.0, platform DVM
Analyzer is executing on DVM-system version 5.0, platform DVM
-------------------------------------------------------------------------
INTERVAL ( NLINE=5 SOURCE=prf42.f ) LEVEL=0  EXE_COUNT=2
--- The main characteristics --- 
Parallelization efficiency      0.0429 
Execution time                  0.0147 
Processors                          18
Threads amount                      18
Total time                      0.2653
Productive time                 0.0114 ( CPU= 0.0092 Sys= 0.0021 I/O= 0.0000 )
Lost  time                      0.2539 
   Insufficient parallelism     0.1934 ( User= 0.1565 Sys= 0.0369 )
   Communication                0.0176 ( Real_sync= 0.0000 Starts= 0.0000 )
   Idle time                    0.0428
Load imbalance                  0.0024
Synchronization                 0.5093
Time variation                  0.5112
Overlap                         0.0031
                  Nop   Communic    Synchro  Variation    Overlap 
I/O                12     0.0000     0.0857     0.0874     0.0000 
Reduction          22     0.0176     0.1569     0.1569     0.0000 
Remote access     180     0.0000     0.2667     0.2669     0.0031 
--- The comparative characteristics --- 
                              Tmin N proc      Tmax N proc      Tmid
Lost time                   0.0140    16     0.0144    17     0.0141 
User insufficient par.      0.0044    17     0.0108    16     0.0087 
Sys.insufficient par.       0.0013    17     0.0026    18     0.0020 
Idle time                   0.0000    16     0.0070    17     0.0024 
Communication               0.0002    18     0.0017    17     0.0010 
Synchronization             0.0001    18     0.0738    17     0.0283 
Variation                   0.0002    18     0.0740    17     0.0284 
Overlap                     0.0000     1     0.0015    18     0.0002 
Load imbalance              0.0000    16     0.0004    17     0.0001 
Execution time              0.0077    17     0.0147    16     0.0124 
User CPU time               0.0003    17     0.0006    16     0.0005 
Sys. CPU time               0.0001    17     0.0002    18     0.0001 
I/O time                    0.0000     9     0.0000     1     0.0000 
Processors                      18     1         18    18         18 
                      Communic          Synchro        Variation          Overlap  
I/O             Tmin    0.0000     1     0.0000    18     0.0001    18     0.0000     1 
I/O             Tmax    0.0000    18     0.0118    17     0.0119    17     0.0000    18 
I/O             Tmid    0.0000           0.0048           0.0049           0.0000       
Reduction       Tmin    0.0002    18     0.0000    18     0.0000    18     0.0000     1 
Reduction       Tmax    0.0017    17     0.0264    17     0.0264    17     0.0000    18 
Reduction       Tmid    0.0010           0.0087           0.0087           0.0000       
Remote access   Tmin    0.0000     1     0.0000    18     0.0000    18     0.0000     1 
Remote access   Tmax    0.0000    18     0.0357    17     0.0357    17     0.0015    18 
Remote access   Tmid    0.0000           0.0148           0.0148           0.0002       
--- The execution characteristics --- 
                                1          2          3          4          5          6          7          8          9         10         11         12         13         14         15         16         17         18 
Lost time                  0.0142     0.0142     0.0142     0.0140     0.0142     0.0141     0.0141     0.0142     0.0140     0.0140     0.0141     0.0141     0.0140     0.0140     0.0141     0.0140     0.0144     0.0141 
User insufficient par.     0.0070     0.0073     0.0074     0.0100     0.0073     0.0095     0.0096     0.0075     0.0105     0.0106     0.0083     0.0089     0.0102     0.0103     0.0079     0.0108     0.0044     0.0089 
Sys.insufficient par.      0.0022     0.0020     0.0021     0.0020     0.0020     0.0020     0.0020     0.0020     0.0022     0.0021     0.0020     0.0020     0.0021     0.0020     0.0021     0.0022     0.0013     0.0026 
Idle time                  0.0038     0.0038     0.0038     0.0012     0.0038     0.0015     0.0015     0.0038     0.0004     0.0004     0.0027     0.0019     0.0008     0.0008     0.0031     0.0000     0.0070     0.0023 
Communication              0.0012     0.0010     0.0009     0.0009     0.0010     0.0010     0.0009     0.0009     0.0009     0.0009     0.0011     0.0012     0.0009     0.0009     0.0010     0.0009     0.0017     0.0002 
Synchronization            0.0365     0.0322     0.0264     0.0262     0.0254     0.0267     0.0249     0.0249     0.0233     0.0253     0.0263     0.0308     0.0278     0.0273     0.0276     0.0238     0.0738     0.0001 
Variation                  0.0364     0.0323     0.0265     0.0263     0.0255     0.0268     0.0250     0.0250     0.0235     0.0254     0.0264     0.0309     0.0279     0.0275     0.0277     0.0239     0.0740     0.0002 
Overlap                    0.0000     0.0000     0.0001     0.0001     0.0002     0.0002     0.0001     0.0001     0.0001     0.0001     0.0002     0.0002     0.0000     0.0000     0.0001     0.0001     0.0000     0.0015 
Load imbalance             0.0002     0.0002     0.0002     0.0001     0.0002     0.0001     0.0001     0.0002     0.0000     0.0000     0.0002     0.0001     0.0000     0.0000     0.0002     0.0000     0.0004     0.0001 
Execution time             0.0109     0.0109     0.0109     0.0136     0.0109     0.0132     0.0132     0.0109     0.0143     0.0143     0.0120     0.0128     0.0140     0.0140     0.0116     0.0147     0.0077     0.0124 
User CPU time              0.0004     0.0004     0.0004     0.0006     0.0004     0.0006     0.0006     0.0004     0.0006     0.0006     0.0005     0.0005     0.0006     0.0006     0.0005     0.0006     0.0003     0.0005 
Sys. CPU time              0.0001     0.0001     0.0001     0.0001     0.0001     0.0001     0.0001     0.0001     0.0001     0.0001     0.0001     0.0001     0.0001     0.0001     0.0001     0.0001     0.0001     0.0002 
I/O time                   0.0000     0.0000     0.0000     0.0000     0.0000     0.0000     0.0000     0.0000     0.0000     0.0000     0.0000     0.0000     0.0000     0.0000     0.0000     0.0000     0.0000     0.0000 
Processors                     18         18         18         18         18         18         18         18         18         18         18         18         18         18         18         18         18         18 
           Communication          
Reduction                  0.0012     0.0010     0.0009     0.0009     0.0010     0.0010     0.0009     0.0009     0.0009     0.0009     0.0011     0.0012     0.0009     0.0009     0.0010     0.0009     0.0017     0.0002 
           Synchronization        
I/O                        0.0060     0.0053     0.0044     0.0044     0.0044     0.0046     0.0042     0.0042     0.0040     0.0044     0.0045     0.0053     0.0047     0.0046     0.0047     0.0041     0.0118     0.0000 
Reduction                  0.0105     0.0107     0.0082     0.0082     0.0069     0.0069     0.0076     0.0076     0.0075     0.0075     0.0071     0.0071     0.0091     0.0091     0.0081     0.0082     0.0264     0.0000 
Remote access              0.0200     0.0162     0.0138     0.0135     0.0141     0.0152     0.0131     0.0131     0.0118     0.0134     0.0147     0.0184     0.0140     0.0137     0.0148     0.0116     0.0357     0.0000 
           Variation              
I/O                        0.0059     0.0054     0.0045     0.0045     0.0045     0.0047     0.0043     0.0043     0.0041     0.0045     0.0046     0.0054     0.0048     0.0047     0.0048     0.0042     0.0119     0.0001 
Reduction                  0.0105     0.0107     0.0082     0.0082     0.0069     0.0069     0.0076     0.0076     0.0075     0.0075     0.0071     0.0071     0.0091     0.0091     0.0081     0.0082     0.0264     0.0000 
Remote access              0.0200     0.0162     0.0138     0.0136     0.0141     0.0152     0.0131     0.0131     0.0118     0.0134     0.0147     0.0184     0.0140     0.0137     0.0148     0.0116     0.0357     0.0000 
           Overlap                
Reduction                  0.0000     0.0000     0.0000     0.0000     0.0000     0.0000     0.0000     0.0000     0.0000     0.0000     0.0000     0.0000     0.0000     0.0000     0.0000     0.0000     0.0000     0.0000 
Remote access              0.0000     0.0000     0.0001     0.0001     0.0002     0.0002     0.0001     0.0001     0.0001     0.0001     0.0002     0.0002     0.0000     0.0000     0.0001     0.0001     0.0000     0.0015 


-------------------------------------------------------------------------
Name (number) and performance time of processors
omp.keldysh.ru(1) 0.934010
omp.keldysh.ru(2) 0.933910
omp.keldysh.ru(3) 0.955393
omp.keldysh.ru(4) 0.955687
omp.keldysh.ru(5) 0.955425
omp.keldysh.ru(6) 0.955723
omp.keldysh.ru(7) 0.955034
omp.keldysh.ru(8) 0.955024
omp.keldysh.ru(9) 0.957477
omp.keldysh.ru(10) 0.957496
omp.keldysh.ru(11) 0.956900
omp.keldysh.ru(12) 0.956898
omp.keldysh.ru(13) 0.955750
omp.keldysh.ru(14) 0.955737
omp.keldysh.ru(15) 0.956557
omp.keldysh.ru(16) 0.956553
omp.keldysh.ru(17) 0.953097
omp.keldysh.ru(18) 0.953123
min - omp.keldysh.ru(2) 0.933910; max - omp.keldysh.ru(10) 0.957496; mid - 0.953322
