Processor system=1*1*4*4
Statistics has been accumulated on DVM-system version 5.0, platform DVM
Analyzer is executing on DVM-system version 5.0, platform DVM
-------------------------------------------------------------------------
INTERVAL ( NLINE=8 SOURCE=sha41.f ) LEVEL=0  EXE_COUNT=1
--- The main characteristics --- 
Parallelization efficiency      0.0916 
Execution time                  0.0085 
Processors                          16
Threads amount                      16
Total time                      0.1352
Productive time                 0.0124 ( CPU= 0.0112 Sys= 0.0011 I/O= 0.0000 )
Lost  time                      0.1228 
   Insufficient parallelism     0.0916 ( User= 0.0744 Sys= 0.0171 )
   Communication                0.0269 ( Real_sync= 0.0000 Starts= 0.0000 )
   Idle time                    0.0044
Load imbalance                  0.0032
Synchronization                 0.0124
Time variation                  0.0101
Overlap                         0.0000
                  Nop   Communic    Synchro  Variation    Overlap 
I/O                 6     0.0000     0.0005     0.0029     0.0000 
Reduction           4     0.0091     0.0000     0.0000     0.0000 
Shadow              4     0.0177     0.0119     0.0071     0.0000 
--- The comparative characteristics --- 
                              Tmin N proc      Tmax N proc      Tmid
Lost time                   0.0075    10     0.0079    14     0.0077 
User insufficient par.      0.0033    14     0.0051     5     0.0047 
Sys.insufficient par.       0.0006    13     0.0014     6     0.0011 
Idle time                   0.0000    15     0.0014     4     0.0003 
Communication               0.0010     6     0.0029    13     0.0017 
Synchronization             0.0001    11     0.0022    13     0.0008 
Variation                   0.0003    11     0.0008    13     0.0006 
Overlap                     0.0000     1     0.0000    11     0.0000 
Load imbalance              0.0000    10     0.0005    14     0.0002 
Execution time              0.0071     4     0.0085    15     0.0082 
User CPU time               0.0005    14     0.0009    10     0.0007 
Sys. CPU time               0.0000    13     0.0001     6     0.0001 
I/O time                    0.0000     6     0.0000     1     0.0000 
Processors                      16     1         16    16         16 
                      Communic          Synchro        Variation          Overlap  
I/O             Tmin    0.0000     1     0.0000     1     0.0000     1     0.0000     1 
I/O             Tmax    0.0000    16     0.0001    15     0.0002    15     0.0000    16 
I/O             Tmid    0.0000           0.0000           0.0002           0.0000       
Reduction       Tmin    0.0001     6     0.0000     5     0.0000     6     0.0000     1 
Reduction       Tmax    0.0008    13     0.0000     2     0.0000    16     0.0000    16 
Reduction       Tmid    0.0006           0.0000           0.0000           0.0000       
Shadow          Tmin    0.0007     2     0.0000    11     0.0001     6     0.0000     1 
Shadow          Tmax    0.0021    13     0.0021    13     0.0006     1     0.0000    11 
Shadow          Tmid    0.0011           0.0007           0.0004           0.0000       
--- The execution characteristics --- 
                                1          2          3          4          5          6          7          8          9         10         11         12         13         14         15         16 
Lost time                  0.0077     0.0076     0.0076     0.0078     0.0076     0.0075     0.0075     0.0076     0.0076     0.0075     0.0075     0.0077     0.0079     0.0079     0.0078     0.0079 
User insufficient par.     0.0050     0.0050     0.0050     0.0038     0.0051     0.0051     0.0051     0.0051     0.0051     0.0050     0.0050     0.0038     0.0043     0.0033     0.0044     0.0044 
Sys.insufficient par.      0.0011     0.0011     0.0011     0.0009     0.0011     0.0014     0.0014     0.0012     0.0011     0.0014     0.0014     0.0012     0.0006     0.0008     0.0008     0.0007 
Idle time                  0.0000     0.0000     0.0001     0.0014     0.0000     0.0000     0.0000     0.0000     0.0000     0.0000     0.0001     0.0014     0.0000     0.0014     0.0000     0.0000 
Communication              0.0015     0.0015     0.0015     0.0017     0.0014     0.0010     0.0011     0.0014     0.0014     0.0011     0.0010     0.0014     0.0029     0.0025     0.0027     0.0028 
Synchronization            0.0006     0.0005     0.0005     0.0009     0.0004     0.0001     0.0001     0.0005     0.0004     0.0001     0.0001     0.0004     0.0022     0.0018     0.0019     0.0020 
Variation                  0.0006     0.0008     0.0007     0.0008     0.0007     0.0003     0.0003     0.0006     0.0007     0.0003     0.0003     0.0007     0.0008     0.0008     0.0008     0.0008 
Overlap                    0.0000     0.0000     0.0000     0.0000     0.0000     0.0000     0.0000     0.0000     0.0000     0.0000     0.0000     0.0000     0.0000     0.0000     0.0000     0.0000 
Load imbalance             0.0002     0.0002     0.0002     0.0003     0.0001     0.0000     0.0000     0.0002     0.0002     0.0000     0.0000     0.0002     0.0004     0.0005     0.0004     0.0004 
Execution time             0.0084     0.0084     0.0084     0.0071     0.0084     0.0084     0.0084     0.0084     0.0084     0.0084     0.0084     0.0071     0.0084     0.0071     0.0085     0.0085 
User CPU time              0.0007     0.0007     0.0007     0.0006     0.0008     0.0009     0.0009     0.0007     0.0007     0.0009     0.0009     0.0007     0.0005     0.0005     0.0006     0.0005 
Sys. CPU time              0.0001     0.0001     0.0001     0.0001     0.0001     0.0001     0.0001     0.0001     0.0001     0.0001     0.0001     0.0001     0.0000     0.0001     0.0000     0.0000 
I/O time                   0.0000     0.0000     0.0000     0.0000     0.0000     0.0000     0.0000     0.0000     0.0000     0.0000     0.0000     0.0000     0.0000     0.0000     0.0000     0.0000 
Processors                     16         16         16         16         16         16         16         16         16         16         16         16         16         16         16         16 
           Communication          
Reduction                  0.0008     0.0008     0.0007     0.0008     0.0007     0.0001     0.0001     0.0006     0.0007     0.0001     0.0001     0.0006     0.0008     0.0008     0.0007     0.0008 
Shadow                     0.0007     0.0007     0.0008     0.0010     0.0007     0.0009     0.0009     0.0008     0.0008     0.0009     0.0009     0.0008     0.0021     0.0017     0.0020     0.0020 
           Synchronization        
I/O                        0.0000     0.0000     0.0000     0.0000     0.0000     0.0000     0.0000     0.0000     0.0000     0.0000     0.0000     0.0000     0.0001     0.0001     0.0001     0.0000 
Reduction                  0.0000     0.0000     0.0000     0.0000     0.0000     0.0000     0.0000     0.0000     0.0000     0.0000     0.0000     0.0000     0.0000     0.0000     0.0000     0.0000 
Shadow                     0.0006     0.0005     0.0005     0.0008     0.0004     0.0001     0.0001     0.0004     0.0004     0.0001     0.0000     0.0004     0.0021     0.0017     0.0018     0.0020 
           Variation              
I/O                        0.0000     0.0002     0.0002     0.0002     0.0002     0.0002     0.0002     0.0002     0.0002     0.0002     0.0002     0.0002     0.0002     0.0002     0.0002     0.0002 
Reduction                  0.0000     0.0000     0.0000     0.0000     0.0000     0.0000     0.0000     0.0000     0.0000     0.0000     0.0000     0.0000     0.0000     0.0000     0.0000     0.0000 
Shadow                     0.0006     0.0006     0.0005     0.0006     0.0005     0.0001     0.0001     0.0005     0.0005     0.0001     0.0001     0.0005     0.0006     0.0006     0.0006     0.0006 
           Overlap                
Shadow                     0.0000     0.0000     0.0000     0.0000     0.0000     0.0000     0.0000     0.0000     0.0000     0.0000     0.0000     0.0000     0.0000     0.0000     0.0000     0.0000 


-------------------------------------------------------------------------
Name (number) and performance time of processors
omp.keldysh.ru(1) 0.935378
omp.keldysh.ru(2) 0.935276
omp.keldysh.ru(3) 0.958833
omp.keldysh.ru(4) 0.959447
omp.keldysh.ru(5) 0.956014
omp.keldysh.ru(6) 0.955939
omp.keldysh.ru(7) 0.935396
omp.keldysh.ru(8) 0.935406
omp.keldysh.ru(9) 0.958180
omp.keldysh.ru(10) 0.958153
omp.keldysh.ru(11) 0.957339
omp.keldysh.ru(12) 0.957354
omp.keldysh.ru(13) 0.956178
omp.keldysh.ru(14) 0.956185
omp.keldysh.ru(15) 0.958676
omp.keldysh.ru(16) 0.958693
min - omp.keldysh.ru(2) 0.935276; max - omp.keldysh.ru(4) 0.959447; mid - 0.952028
