Processor system=3*6*1
Statistics has been accumulated on DVM-system version 5.0, platform DVM
Analyzer is executing on DVM-system version 5.0, platform DVM
-------------------------------------------------------------------------
INTERVAL ( NLINE=5 SOURCE=prf31.f ) LEVEL=0  EXE_COUNT=2
--- The main characteristics --- 
Parallelization efficiency      0.0325 
Execution time                  0.0165 
Processors                          18
Threads amount                      18
Total time                      0.2963
Productive time                 0.0096 ( CPU= 0.0067 Sys= 0.0029 I/O= 0.0000 )
Lost  time                      0.2867 
   Insufficient parallelism     0.1557 ( User= 0.1053 Sys= 0.0504 )
   Communication                0.0943 ( Real_sync= 0.0000 Starts= 0.0000 )
   Idle time                    0.0367
Load imbalance                  0.0019
Synchronization                 0.1306
Time variation                  0.0952
Overlap                         0.0473
                  Nop   Communic    Synchro  Variation    Overlap 
I/O                12     0.0000     0.0092     0.0113     0.0000 
Reduction          22     0.0111     0.0006     0.0006     0.0000 
Remote access     172     0.0832     0.1208     0.0834     0.0473 
--- The comparative characteristics --- 
                              Tmin N proc      Tmax N proc      Tmid
Lost time                   0.0158     4     0.0160    18     0.0159 
User insufficient par.      0.0049    11     0.0078     4     0.0058 
Sys.insufficient par.       0.0018    17     0.0030    12     0.0028 
Idle time                   0.0000     4     0.0030    11     0.0020 
Communication               0.0050    12     0.0063    17     0.0052 
Synchronization             0.0022     4     0.0111    17     0.0073 
Variation                   0.0018     4     0.0080     7     0.0053 
Overlap                     0.0006    17     0.0059     4     0.0026 
Load imbalance              0.0000     4     0.0002    18     0.0001 
Execution time              0.0134    11     0.0165     4     0.0144 
User CPU time               0.0003     7     0.0005     4     0.0004 
Sys. CPU time               0.0001    17     0.0002    12     0.0002 
I/O time                    0.0000    10     0.0000     1     0.0000 
Processors                      18     1         18    18         18 
                      Communic          Synchro        Variation          Overlap  
I/O             Tmin    0.0000     1     0.0002     4     0.0003     1     0.0000     1 
I/O             Tmax    0.0000    18     0.0008     7     0.0009     7     0.0000    18 
I/O             Tmid    0.0000           0.0005           0.0006           0.0000       
Reduction       Tmin    0.0004    15     0.0000    16     0.0000    11     0.0000     1 
Reduction       Tmax    0.0009    17     0.0000    18     0.0000    18     0.0000    16 
Reduction       Tmid    0.0006           0.0000           0.0000           0.0000       
Remote access   Tmin    0.0043     5     0.0020     6     0.0015     4     0.0006    17 
Remote access   Tmax    0.0054    17     0.0107    17     0.0071     7     0.0059     4 
Remote access   Tmid    0.0046           0.0067           0.0046           0.0026       
--- The execution characteristics --- 
                                1          2          3          4          5          6          7          8          9         10         11         12         13         14         15         16         17         18 
Lost time                  0.0159     0.0160     0.0159     0.0158     0.0159     0.0159     0.0160     0.0160     0.0160     0.0159     0.0159     0.0158     0.0160     0.0159     0.0159     0.0160     0.0159     0.0160 
User insufficient par.     0.0059     0.0049     0.0060     0.0078     0.0063     0.0063     0.0050     0.0051     0.0049     0.0056     0.0049     0.0071     0.0050     0.0067     0.0067     0.0050     0.0074     0.0050 
Sys.insufficient par.      0.0030     0.0029     0.0030     0.0028     0.0030     0.0030     0.0029     0.0028     0.0029     0.0028     0.0028     0.0030     0.0029     0.0029     0.0030     0.0028     0.0018     0.0021 
Idle time                  0.0019     0.0030     0.0019     0.0000     0.0016     0.0016     0.0030     0.0029     0.0030     0.0023     0.0030     0.0008     0.0030     0.0012     0.0012     0.0030     0.0004     0.0029 
Communication              0.0051     0.0051     0.0050     0.0053     0.0050     0.0051     0.0051     0.0051     0.0051     0.0052     0.0052     0.0050     0.0051     0.0052     0.0050     0.0052     0.0063     0.0061 
Synchronization            0.0025     0.0032     0.0023     0.0022     0.0052     0.0023     0.0108     0.0106     0.0102     0.0102     0.0101     0.0053     0.0098     0.0100     0.0095     0.0094     0.0111     0.0057 
Variation                  0.0021     0.0028     0.0019     0.0018     0.0044     0.0021     0.0080     0.0078     0.0074     0.0075     0.0073     0.0041     0.0070     0.0071     0.0067     0.0063     0.0073     0.0036 
Overlap                    0.0056     0.0054     0.0057     0.0059     0.0041     0.0054     0.0007     0.0007     0.0008     0.0007     0.0008     0.0038     0.0008     0.0007     0.0009     0.0009     0.0006     0.0038 
Load imbalance             0.0001     0.0001     0.0001     0.0000     0.0001     0.0001     0.0002     0.0002     0.0002     0.0001     0.0001     0.0000     0.0001     0.0001     0.0001     0.0002     0.0001     0.0002 
Execution time             0.0145     0.0134     0.0145     0.0165     0.0149     0.0149     0.0135     0.0135     0.0134     0.0141     0.0134     0.0157     0.0135     0.0153     0.0153     0.0135     0.0161     0.0135 
User CPU time              0.0004     0.0003     0.0004     0.0005     0.0004     0.0004     0.0003     0.0003     0.0003     0.0004     0.0004     0.0004     0.0003     0.0004     0.0004     0.0003     0.0004     0.0003 
Sys. CPU time              0.0002     0.0002     0.0002     0.0002     0.0002     0.0002     0.0002     0.0002     0.0002     0.0002     0.0002     0.0002     0.0002     0.0002     0.0002     0.0002     0.0001     0.0001 
I/O time                   0.0000     0.0000     0.0000     0.0000     0.0000     0.0000     0.0000     0.0000     0.0000     0.0000     0.0000     0.0000     0.0000     0.0000     0.0000     0.0000     0.0000     0.0000 
Processors                     18         18         18         18         18         18         18         18         18         18         18         18         18         18         18         18         18         18 
           Communication          
Reduction                  0.0007     0.0008     0.0006     0.0006     0.0007     0.0005     0.0007     0.0007     0.0006     0.0007     0.0006     0.0006     0.0005     0.0005     0.0004     0.0004     0.0009     0.0007 
Remote access              0.0044     0.0044     0.0044     0.0047     0.0043     0.0046     0.0044     0.0044     0.0045     0.0045     0.0046     0.0044     0.0046     0.0047     0.0046     0.0048     0.0054     0.0054 
           Synchronization        
I/O                        0.0004     0.0004     0.0002     0.0002     0.0007     0.0003     0.0008     0.0007     0.0007     0.0007     0.0006     0.0007     0.0006     0.0006     0.0006     0.0003     0.0004     0.0003 
Reduction                  0.0000     0.0000     0.0000     0.0000     0.0000     0.0000     0.0000     0.0000     0.0000     0.0000     0.0000     0.0000     0.0000     0.0000     0.0000     0.0000     0.0000     0.0000 
Remote access              0.0021     0.0028     0.0021     0.0020     0.0045     0.0020     0.0100     0.0098     0.0094     0.0095     0.0095     0.0046     0.0092     0.0094     0.0089     0.0090     0.0107     0.0053 
           Variation              
I/O                        0.0003     0.0005     0.0004     0.0003     0.0009     0.0005     0.0009     0.0008     0.0008     0.0008     0.0008     0.0008     0.0007     0.0007     0.0007     0.0005     0.0005     0.0005 
Reduction                  0.0000     0.0000     0.0000     0.0000     0.0000     0.0000     0.0000     0.0000     0.0000     0.0000     0.0000     0.0000     0.0000     0.0000     0.0000     0.0000     0.0000     0.0000 
Remote access              0.0018     0.0022     0.0015     0.0015     0.0035     0.0016     0.0071     0.0070     0.0066     0.0066     0.0065     0.0033     0.0063     0.0063     0.0060     0.0058     0.0067     0.0031 
           Overlap                
Reduction                  0.0000     0.0000     0.0000     0.0000     0.0000     0.0000     0.0000     0.0000     0.0000     0.0000     0.0000     0.0000     0.0000     0.0000     0.0000     0.0000     0.0000     0.0000 
Remote access              0.0056     0.0054     0.0057     0.0059     0.0041     0.0054     0.0007     0.0007     0.0008     0.0007     0.0008     0.0038     0.0008     0.0007     0.0009     0.0009     0.0006     0.0038 


-------------------------------------------------------------------------
Name (number) and performance time of processors
omp.keldysh.ru(1) 0.934001
omp.keldysh.ru(2) 0.933941
omp.keldysh.ru(3) 0.950277
omp.keldysh.ru(4) 0.950242
omp.keldysh.ru(5) 0.951839
omp.keldysh.ru(6) 0.952103
omp.keldysh.ru(7) 0.953264
omp.keldysh.ru(8) 0.953260
omp.keldysh.ru(9) 0.950225
omp.keldysh.ru(10) 0.950219
omp.keldysh.ru(11) 0.933918
omp.keldysh.ru(12) 0.933932
omp.keldysh.ru(13) 0.955109
omp.keldysh.ru(14) 0.955105
omp.keldysh.ru(15) 0.952396
omp.keldysh.ru(16) 0.952384
omp.keldysh.ru(17) 0.933583
omp.keldysh.ru(18) 0.933573
min - omp.keldysh.ru(18) 0.933573; max - omp.keldysh.ru(13) 0.955109; mid - 0.946076
