Processor system=2*4*2*1
Statistics has been accumulated on DVM-system version 5.0, platform DVM
Analyzer is executing on DVM-system version 5.0, platform DVM
-------------------------------------------------------------------------
INTERVAL ( NLINE=7 SOURCE=sc41.f ) LEVEL=0  EXE_COUNT=1
--- The main characteristics --- 
Parallelization efficiency      0.2142 
Execution time                  2.0348 
Processors                          16
Threads amount                      16
Total time                     32.5561
Productive time                 6.9728 ( CPU= 6.9665 Sys= 0.0063 I/O= 0.0000 )
Lost  time                     25.5833 
   Insufficient parallelism    21.9573 ( User= 21.8628 Sys= 0.0945 )
   Communication                3.6029 ( Real_sync= 0.0000 Starts= 0.0000 )
   Idle time                    0.0231
Load imbalance                  2.4899
Synchronization                 0.0494
Time variation                  0.0525
Overlap                         0.0000
                  Nop   Communic    Synchro  Variation    Overlap 
I/O                11     0.0000     0.0494     0.0524     0.0000 
Reduction           9     3.6029     0.0001     0.0001     0.0000 
--- The comparative characteristics --- 
                              Tmin N proc      Tmax N proc      Tmid
Lost time                   1.4433    14     1.7556    15     1.5990 
User insufficient par.      0.9470    16     1.5082     8     1.3664 
Sys.insufficient par.       0.0047    15     0.0066     6     0.0059 
Idle time                   0.0000    14     0.0061    16     0.0014 
Communication               0.0002     5     0.7965    15     0.2252 
Synchronization             0.0001    14     0.0067    15     0.0031 
Variation                   0.0003    14     0.0069    15     0.0033 
Overlap                     0.0000     1     0.0000     8     0.0000 
Load imbalance              0.0000    14     0.3123    15     0.1556 
Execution time              2.0287    16     2.0348    14     2.0333 
User CPU time               0.2788    15     0.5910    14     0.4354 
Sys. CPU time               0.0003    15     0.0004    12     0.0004 
I/O time                    0.0000     2     0.0000     1     0.0000 
Processors                      16     1         16    16         16 
                      Communic          Synchro        Variation          Overlap  
I/O             Tmin    0.0000     1     0.0001    14     0.0003    14     0.0000     1 
I/O             Tmax    0.0000    16     0.0067    15     0.0069    15     0.0000    16 
I/O             Tmid    0.0000           0.0031           0.0033           0.0000       
Reduction       Tmin    0.0002     5     0.0000     8     0.0000     8     0.0000     1 
Reduction       Tmax    0.7965    15     0.0000     3     0.0000     3     0.0000     8 
Reduction       Tmid    0.2252           0.0000           0.0000           0.0000       
--- The execution characteristics --- 
                                1          2          3          4          5          6          7          8          9         10         11         12         13         14         15         16 
Lost time                  1.6903     1.6892     1.5128     1.5130     1.5136     1.5130     1.6762     1.6768     1.6940     1.6930     1.5133     1.5117     1.4434     1.4433     1.7556     1.7440 
User insufficient par.     1.5066     1.5006     1.5058     1.5058     1.5069     1.5056     1.5057     1.5082     1.5052     1.5071     1.5053     1.5023     0.9518     0.9494     0.9494     0.9470 
Sys.insufficient par.      0.0057     0.0054     0.0065     0.0065     0.0065     0.0066     0.0056     0.0055     0.0055     0.0056     0.0065     0.0066     0.0061     0.0062     0.0047     0.0049 
Idle time                  0.0001     0.0047     0.0001     0.0001     0.0000     0.0000     0.0024     0.0001     0.0043     0.0001     0.0000     0.0000     0.0001     0.0000     0.0050     0.0061 
Communication              0.1778     0.1785     0.0004     0.0006     0.0002     0.0008     0.1625     0.1629     0.1790     0.1803     0.0014     0.0028     0.4854     0.4877     0.7965     0.7861 
Synchronization            0.0030     0.0041     0.0021     0.0021     0.0022     0.0021     0.0032     0.0031     0.0035     0.0031     0.0021     0.0023     0.0031     0.0001     0.0067     0.0066 
Variation                  0.0030     0.0043     0.0023     0.0023     0.0024     0.0023     0.0034     0.0033     0.0037     0.0033     0.0023     0.0025     0.0033     0.0003     0.0069     0.0068 
Overlap                    0.0000     0.0000     0.0000     0.0000     0.0000     0.0000     0.0000     0.0000     0.0000     0.0000     0.0000     0.0000     0.0000     0.0000     0.0000     0.0000 
Load imbalance             0.2470     0.2458     0.0695     0.0697     0.0703     0.0697     0.2329     0.2334     0.2506     0.2497     0.0700     0.0684     0.0001     0.0000     0.3123     0.3007 
Execution time             2.0346     2.0301     2.0347     2.0347     2.0347     2.0347     2.0323     2.0346     2.0305     2.0346     2.0347     2.0347     2.0346     2.0348     2.0298     2.0287 
User CPU time              0.3441     0.3452     0.5215     0.5213     0.5207     0.5213     0.3582     0.3576     0.3404     0.3413     0.5210     0.5226     0.5909     0.5910     0.2788     0.2904 
Sys. CPU time              0.0004     0.0004     0.0004     0.0004     0.0004     0.0004     0.0004     0.0004     0.0004     0.0004     0.0004     0.0004     0.0004     0.0004     0.0003     0.0003 
I/O time                   0.0000     0.0000     0.0000     0.0000     0.0000     0.0000     0.0000     0.0000     0.0000     0.0000     0.0000     0.0000     0.0000     0.0000     0.0000     0.0000 
Processors                     16         16         16         16         16         16         16         16         16         16         16         16         16         16         16         16 
           Communication          
Reduction                  0.1778     0.1785     0.0004     0.0006     0.0002     0.0008     0.1625     0.1629     0.1790     0.1803     0.0014     0.0028     0.4854     0.4877     0.7965     0.7861 
           Synchronization        
I/O                        0.0030     0.0041     0.0021     0.0021     0.0021     0.0021     0.0032     0.0031     0.0035     0.0031     0.0021     0.0023     0.0031     0.0001     0.0067     0.0066 
Reduction                  0.0000     0.0000     0.0000     0.0000     0.0000     0.0000     0.0000     0.0000     0.0000     0.0000     0.0000     0.0000     0.0000     0.0000     0.0000     0.0000 
           Variation              
I/O                        0.0030     0.0043     0.0023     0.0023     0.0024     0.0023     0.0034     0.0033     0.0037     0.0033     0.0023     0.0025     0.0033     0.0003     0.0069     0.0068 
Reduction                  0.0000     0.0000     0.0000     0.0000     0.0000     0.0000     0.0000     0.0000     0.0000     0.0000     0.0000     0.0000     0.0000     0.0000     0.0000     0.0000 
           Overlap                
Reduction                  0.0000     0.0000     0.0000     0.0000     0.0000     0.0000     0.0000     0.0000     0.0000     0.0000     0.0000     0.0000     0.0000     0.0000     0.0000     0.0000 


-------------------------------------------------------------------------
Name (number) and performance time of processors
omp.keldysh.ru(1) 0.935375
omp.keldysh.ru(2) 0.935293
omp.keldysh.ru(3) 0.959448
omp.keldysh.ru(4) 0.960071
omp.keldysh.ru(5) 0.960372
omp.keldysh.ru(6) 0.960364
omp.keldysh.ru(7) 0.959613
omp.keldysh.ru(8) 0.959616
omp.keldysh.ru(9) 0.958195
omp.keldysh.ru(10) 0.958209
omp.keldysh.ru(11) 0.935326
omp.keldysh.ru(12) 0.935315
omp.keldysh.ru(13) 0.958722
omp.keldysh.ru(14) 0.958715
omp.keldysh.ru(15) 0.959698
omp.keldysh.ru(16) 0.959687
min - omp.keldysh.ru(2) 0.935293; max - omp.keldysh.ru(5) 0.960372; mid - 0.953376
