Processor system=2*3*3*1
Statistics has been accumulated on DVM-system version 5.0, platform DVM
Analyzer is executing on DVM-system version 5.0, platform DVM
-------------------------------------------------------------------------
INTERVAL ( NLINE=7 SOURCE=acr43.f ) LEVEL=0  EXE_COUNT=2
--- The main characteristics --- 
Parallelization efficiency      0.0560 
Execution time                  2.2067 
Processors                          18
Threads amount                      18
Total time                     39.7204
Productive time                 2.2236 ( CPU= 2.1921 Sys= 0.0314 I/O= 0.0000 )
Lost  time                     37.4968 
   Insufficient parallelism    35.7045 ( User= 35.1699 Sys= 0.5345 )
   Communication                1.7262 ( Real_sync= 0.0000 Starts= 0.0000 )
   Idle time                    0.0661
Load imbalance                  0.1161
Synchronization                 1.9003
Time variation                  0.7357
Overlap                         0.0054
                  Nop   Communic    Synchro  Variation    Overlap 
I/O                12     0.0000     0.0237     0.0273     0.0000 
Reduction          10     0.0150     0.0002     0.0002     0.0000 
Shadow             28     1.7025     1.8764     0.7081     0.0054 
--- The comparative characteristics --- 
                              Tmin N proc      Tmax N proc      Tmid
Lost time                   2.0767     5     2.1181    18     2.0832 
User insufficient par.      1.3960    18     2.0347    16     1.9539 
Sys.insufficient par.       0.0138    18     0.0429     1     0.0297 
Idle time                   0.0000     3     0.0138    18     0.0037 
Communication               0.0094     1     0.6945    18     0.0959 
Synchronization             0.0052    15     0.6785    18     0.1056 
Variation                   0.0111    15     0.0765     1     0.0409 
Overlap                     0.0000    17     0.0005    14     0.0003 
Load imbalance              0.0000     5     0.0414    18     0.0065 
Execution time              2.1929    18     2.2067     3     2.2030 
User CPU time               0.0878    18     0.1280     5     0.1218 
Sys. CPU time               0.0008    18     0.0025     1     0.0017 
I/O time                    0.0000    16     0.0000     1     0.0000 
Processors                      18     1         18    18         18 
                      Communic          Synchro        Variation          Overlap  
I/O             Tmin    0.0000     1     0.0000    14     0.0002    14     0.0000     1 
I/O             Tmax    0.0000    18     0.0098    18     0.0100    18     0.0000    18 
I/O             Tmid    0.0000           0.0013           0.0015           0.0000       
Reduction       Tmin    0.0001     5     0.0000    16     0.0000    16     0.0000     1 
Reduction       Tmax    0.0018    18     0.0000     8     0.0000     6     0.0000    18 
Reduction       Tmid    0.0008           0.0000           0.0000           0.0000       
Shadow          Tmin    0.0082     1     0.0051    15     0.0108    15     0.0000    17 
Shadow          Tmax    0.6927    18     0.6694    17     0.0755     1     0.0005    14 
Shadow          Tmid    0.0946           0.1042           0.0393           0.0003       
--- The execution characteristics --- 
                                1          2          3          4          5          6          7          8          9         10         11         12         13         14         15         16         17         18 
Lost time                  2.0783     2.0779     2.0798     2.0789     2.0767     2.0788     2.0785     2.0782     2.0797     2.0792     2.0794     2.0806     2.0793     2.0795     2.0787     2.0792     2.1161     2.1181 
User insufficient par.     2.0209     2.0205     2.0241     2.0221     2.0232     2.0182     2.0267     2.0230     2.0237     2.0194     2.0198     2.0193     2.0201     2.0221     2.0340     2.0347     1.4018     1.3960 
Sys.insufficient par.      0.0429     0.0402     0.0320     0.0401     0.0344     0.0272     0.0319     0.0251     0.0179     0.0405     0.0364     0.0276     0.0361     0.0203     0.0185     0.0279     0.0216     0.0138 
Idle time                  0.0050     0.0023     0.0000     0.0016     0.0019     0.0043     0.0019     0.0039     0.0012     0.0075     0.0035     0.0027     0.0031     0.0008     0.0008     0.0004     0.0113     0.0138 
Communication              0.0094     0.0148     0.0238     0.0150     0.0172     0.0290     0.0179     0.0261     0.0368     0.0118     0.0196     0.0309     0.0199     0.0363     0.0254     0.0162     0.6813     0.6945 
Synchronization            0.0586     0.0461     0.0463     0.0480     0.0280     0.0280     0.0371     0.0205     0.0232     0.0501     0.0420     0.0333     0.0366     0.0209     0.0052     0.0222     0.6757     0.6785 
Variation                  0.0765     0.0598     0.0533     0.0602     0.0391     0.0277     0.0486     0.0260     0.0193     0.0712     0.0539     0.0334     0.0460     0.0228     0.0111     0.0376     0.0282     0.0211 
Overlap                    0.0003     0.0004     0.0002     0.0004     0.0004     0.0003     0.0003     0.0003     0.0002     0.0003     0.0003     0.0003     0.0004     0.0005     0.0003     0.0003     0.0000     0.0000 
Load imbalance             0.0016     0.0012     0.0031     0.0022     0.0000     0.0021     0.0018     0.0015     0.0030     0.0025     0.0027     0.0039     0.0026     0.0028     0.0020     0.0025     0.0394     0.0414 
Execution time             2.2017     2.2043     2.2067     2.2051     2.2047     2.2024     2.2048     2.2028     2.2055     2.1992     2.2032     2.2040     2.2036     2.2059     2.2059     2.2063     2.1953     2.1929 
User CPU time              0.1259     0.1265     0.1250     0.1255     0.1280     0.1263     0.1263     0.1270     0.1260     0.1251     0.1252     0.1245     0.1253     0.1260     0.1269     0.1258     0.0893     0.0878 
Sys. CPU time              0.0025     0.0024     0.0019     0.0024     0.0020     0.0016     0.0019     0.0015     0.0011     0.0024     0.0021     0.0016     0.0021     0.0012     0.0011     0.0016     0.0013     0.0008 
I/O time                   0.0000     0.0000     0.0000     0.0000     0.0000     0.0000     0.0000     0.0000     0.0000     0.0000     0.0000     0.0000     0.0000     0.0000     0.0000     0.0000     0.0000     0.0000 
Processors                     18         18         18         18         18         18         18         18         18         18         18         18         18         18         18         18         18         18 
           Communication          
Reduction                  0.0012     0.0006     0.0011     0.0006     0.0001     0.0005     0.0011     0.0005     0.0014     0.0014     0.0005     0.0012     0.0005     0.0001     0.0005     0.0012     0.0008     0.0018 
Shadow                     0.0082     0.0142     0.0226     0.0144     0.0170     0.0285     0.0167     0.0256     0.0354     0.0104     0.0190     0.0297     0.0193     0.0283     0.0249     0.0150     0.6805     0.6927 
           Synchronization        
I/O                        0.0011     0.0000     0.0008     0.0003     0.0000     0.0000     0.0011     0.0001     0.0006     0.0017     0.0001     0.0007     0.0001     0.0000     0.0001     0.0009     0.0063     0.0098 
Reduction                  0.0000     0.0000     0.0000     0.0000     0.0000     0.0000     0.0000     0.0000     0.0000     0.0000     0.0000     0.0000     0.0000     0.0000     0.0000     0.0000     0.0000     0.0000 
Shadow                     0.0575     0.0460     0.0455     0.0477     0.0279     0.0279     0.0360     0.0203     0.0226     0.0483     0.0419     0.0326     0.0365     0.0209     0.0051     0.0213     0.6694     0.6687 
           Variation              
I/O                        0.0011     0.0003     0.0010     0.0005     0.0002     0.0003     0.0013     0.0003     0.0008     0.0019     0.0003     0.0009     0.0003     0.0002     0.0003     0.0011     0.0065     0.0100 
Reduction                  0.0000     0.0000     0.0000     0.0000     0.0000     0.0000     0.0000     0.0000     0.0000     0.0000     0.0000     0.0000     0.0000     0.0000     0.0000     0.0000     0.0000     0.0000 
Shadow                     0.0755     0.0595     0.0523     0.0598     0.0388     0.0274     0.0473     0.0256     0.0184     0.0693     0.0536     0.0325     0.0457     0.0226     0.0108     0.0365     0.0217     0.0110 
           Overlap                
Reduction                  0.0000     0.0000     0.0000     0.0000     0.0000     0.0000     0.0000     0.0000     0.0000     0.0000     0.0000     0.0000     0.0000     0.0000     0.0000     0.0000     0.0000     0.0000 
Shadow                     0.0003     0.0004     0.0002     0.0004     0.0004     0.0003     0.0003     0.0003     0.0002     0.0003     0.0003     0.0003     0.0004     0.0005     0.0003     0.0003     0.0000     0.0000 


-------------------------------------------------------------------------
Name (number) and performance time of processors
omp.keldysh.ru(1) 0.935600
omp.keldysh.ru(2) 0.935522
omp.keldysh.ru(3) 0.960388
omp.keldysh.ru(4) 0.960435
omp.keldysh.ru(5) 0.957548
omp.keldysh.ru(6) 0.957199
omp.keldysh.ru(7) 0.959664
omp.keldysh.ru(8) 0.959646
omp.keldysh.ru(9) 0.957939
omp.keldysh.ru(10) 0.957948
omp.keldysh.ru(11) 0.959178
omp.keldysh.ru(12) 0.959161
omp.keldysh.ru(13) 0.935363
omp.keldysh.ru(14) 0.935316
omp.keldysh.ru(15) 0.957133
omp.keldysh.ru(16) 0.957123
omp.keldysh.ru(17) 0.956917
omp.keldysh.ru(18) 0.956987
min - omp.keldysh.ru(14) 0.935316; max - omp.keldysh.ru(4) 0.960435; mid - 0.953282
