Processor system=2*4*1*2
Statistics has been accumulated on DVM-system version 5.0, platform DVM
Analyzer is executing on DVM-system version 5.0, platform DVM
-------------------------------------------------------------------------
INTERVAL ( NLINE=5 SOURCE=distr4.f ) LEVEL=0  EXE_COUNT=1
--- The main characteristics --- 
Parallelization efficiency      0.0554 
Execution time                  0.0100 
Processors                          16
Threads amount                      16
Total time                      0.1598
Productive time                 0.0088 ( CPU= 0.0081 Sys= 0.0007 I/O= 0.0000 )
Lost  time                      0.1509 
   Insufficient parallelism     0.1144 ( User= 0.1038 Sys= 0.0106 )
   Communication                0.0115 ( Real_sync= 0.0000 Starts= 0.0000 )
   Idle time                    0.0250
Load imbalance                  0.0016
Synchronization                 0.0070
Time variation                  0.0092
Overlap                         0.0000
                  Nop   Communic    Synchro  Variation    Overlap 
I/O                 6     0.0000     0.0017     0.0039     0.0000 
Reduction           4     0.0069     0.0007     0.0007     0.0000 
Redistribution      4     0.0046     0.0046     0.0046     0.0000 
--- The comparative characteristics --- 
                              Tmin N proc      Tmax N proc      Tmid
Lost time                   0.0093     8     0.0095    15     0.0094 
User insufficient par.      0.0055    15     0.0080     8     0.0065 
Sys.insufficient par.       0.0005    14     0.0008     1     0.0007 
Idle time                   0.0000     8     0.0023     7     0.0016 
Communication               0.0004     1     0.0013    15     0.0007 
Synchronization             0.0002     1     0.0009    15     0.0004 
Variation                   0.0003     1     0.0010    13     0.0006 
Overlap                     0.0000     7     0.0000    10     0.0000 
Load imbalance              0.0000     8     0.0002    15     0.0001 
Execution time              0.0077     7     0.0100     8     0.0084 
User CPU time               0.0004    15     0.0006     8     0.0005 
Sys. CPU time               0.0000    14     0.0000     2     0.0000 
I/O time                    0.0000    14     0.0000     1     0.0000 
Processors                      16     1         16    16         16 
                      Communic          Synchro        Variation          Overlap  
I/O             Tmin    0.0000     1     0.0000     2     0.0001     1     0.0000     1 
I/O             Tmax    0.0000    16     0.0002    13     0.0003    13     0.0000    16 
I/O             Tmid    0.0000           0.0001           0.0002           0.0000       
Reduction       Tmin    0.0003    10     0.0000     2     0.0000     2     0.0000     7 
Reduction       Tmax    0.0009    13     0.0001     1     0.0001     1     0.0000    10 
Reduction       Tmid    0.0004           0.0000           0.0000           0.0000       
Redistribution  Tmin    0.0002     1     0.0000     1     0.0001    10     0.0000     1 
Redistribution  Tmax    0.0004    15     0.0007    15     0.0007    14     0.0000    16 
Redistribution  Tmid    0.0003           0.0003           0.0003           0.0000       
--- The execution characteristics --- 
                                1          2          3          4          5          6          7          8          9         10         11         12         13         14         15         16 
Lost time                  0.0094     0.0094     0.0094     0.0094     0.0095     0.0095     0.0095     0.0093     0.0094     0.0094     0.0095     0.0095     0.0094     0.0094     0.0095     0.0094 
User insufficient par.     0.0066     0.0065     0.0060     0.0060     0.0061     0.0061     0.0060     0.0080     0.0073     0.0074     0.0060     0.0060     0.0065     0.0065     0.0055     0.0073 
Sys.insufficient par.      0.0008     0.0007     0.0007     0.0007     0.0007     0.0007     0.0007     0.0007     0.0007     0.0007     0.0007     0.0007     0.0005     0.0005     0.0005     0.0005 
Idle time                  0.0016     0.0016     0.0022     0.0022     0.0022     0.0022     0.0023     0.0000     0.0008     0.0008     0.0022     0.0022     0.0012     0.0012     0.0022     0.0004 
Communication              0.0004     0.0006     0.0005     0.0005     0.0005     0.0005     0.0006     0.0006     0.0006     0.0006     0.0006     0.0006     0.0012     0.0012     0.0013     0.0012 
Synchronization            0.0002     0.0003     0.0003     0.0003     0.0003     0.0003     0.0003     0.0003     0.0003     0.0003     0.0003     0.0003     0.0009     0.0009     0.0009     0.0008 
Variation                  0.0003     0.0004     0.0004     0.0005     0.0004     0.0004     0.0005     0.0004     0.0004     0.0004     0.0004     0.0004     0.0010     0.0010     0.0010     0.0009 
Overlap                    0.0000     0.0000     0.0000     0.0000     0.0000     0.0000     0.0000     0.0000     0.0000     0.0000     0.0000     0.0000     0.0000     0.0000     0.0000     0.0000 
Load imbalance             0.0001     0.0001     0.0001     0.0001     0.0001     0.0001     0.0001     0.0000     0.0000     0.0000     0.0001     0.0001     0.0001     0.0001     0.0002     0.0001 
Execution time             0.0084     0.0084     0.0078     0.0078     0.0078     0.0078     0.0077     0.0100     0.0092     0.0092     0.0078     0.0078     0.0088     0.0088     0.0078     0.0096 
User CPU time              0.0005     0.0005     0.0005     0.0005     0.0005     0.0005     0.0005     0.0006     0.0006     0.0006     0.0005     0.0005     0.0005     0.0005     0.0004     0.0006 
Sys. CPU time              0.0000     0.0000     0.0000     0.0000     0.0000     0.0000     0.0000     0.0000     0.0000     0.0000     0.0000     0.0000     0.0000     0.0000     0.0000     0.0000 
I/O time                   0.0000     0.0000     0.0000     0.0000     0.0000     0.0000     0.0000     0.0000     0.0000     0.0000     0.0000     0.0000     0.0000     0.0000     0.0000     0.0000 
Processors                     16         16         16         16         16         16         16         16         16         16         16         16         16         16         16         16 
           Communication          
Reduction                  0.0003     0.0004     0.0003     0.0003     0.0003     0.0003     0.0003     0.0003     0.0003     0.0003     0.0003     0.0003     0.0009     0.0009     0.0008     0.0008 
Redistribution             0.0002     0.0002     0.0002     0.0002     0.0003     0.0003     0.0002     0.0003     0.0003     0.0003     0.0003     0.0003     0.0003     0.0004     0.0004     0.0004 
           Synchronization        
I/O                        0.0001     0.0000     0.0001     0.0001     0.0001     0.0001     0.0001     0.0001     0.0001     0.0001     0.0001     0.0001     0.0002     0.0001     0.0001     0.0001 
Reduction                  0.0001     0.0000     0.0000     0.0000     0.0000     0.0000     0.0000     0.0000     0.0000     0.0000     0.0000     0.0000     0.0001     0.0001     0.0001     0.0000 
Redistribution             0.0000     0.0002     0.0001     0.0001     0.0001     0.0001     0.0002     0.0002     0.0002     0.0002     0.0002     0.0002     0.0007     0.0007     0.0007     0.0006 
           Variation              
I/O                        0.0001     0.0002     0.0002     0.0003     0.0002     0.0003     0.0002     0.0003     0.0002     0.0003     0.0002     0.0002     0.0003     0.0003     0.0003     0.0003 
Reduction                  0.0001     0.0000     0.0000     0.0000     0.0000     0.0000     0.0000     0.0000     0.0000     0.0000     0.0000     0.0000     0.0001     0.0001     0.0001     0.0001 
Redistribution             0.0002     0.0002     0.0002     0.0002     0.0001     0.0001     0.0002     0.0001     0.0001     0.0001     0.0002     0.0002     0.0007     0.0007     0.0007     0.0006 
           Overlap                
Reduction                  0.0000     0.0000     0.0000     0.0000     0.0000     0.0000     0.0000     0.0000     0.0000     0.0000     0.0000     0.0000     0.0000     0.0000     0.0000     0.0000 


-------------------------------------------------------------------------
Name (number) and performance time of processors
omp.keldysh.ru(1) 0.933904
omp.keldysh.ru(2) 0.933834
omp.keldysh.ru(3) 0.959030
omp.keldysh.ru(4) 0.959045
omp.keldysh.ru(5) 0.951977
omp.keldysh.ru(6) 0.951967
omp.keldysh.ru(7) 0.956103
omp.keldysh.ru(8) 0.956096
omp.keldysh.ru(9) 0.956789
omp.keldysh.ru(10) 0.956775
omp.keldysh.ru(11) 0.955807
omp.keldysh.ru(12) 0.955810
omp.keldysh.ru(13) 0.956713
omp.keldysh.ru(14) 0.957022
omp.keldysh.ru(15) 0.951881
omp.keldysh.ru(16) 0.951877
min - omp.keldysh.ru(2) 0.933834; max - omp.keldysh.ru(4) 0.959045; mid - 0.952789
