Processor system=3*6*1
Statistics has been accumulated on DVM-system version 5.0, platform DVM
Analyzer is executing on DVM-system version 5.0, platform DVM
-------------------------------------------------------------------------
INTERVAL ( NLINE=5 SOURCE=parallel3.f ) LEVEL=0  EXE_COUNT=2
--- The main characteristics --- 
Parallelization efficiency      0.0494 
Execution time                  0.0096 
Processors                          18
Threads amount                      18
Total time                      0.1720
Productive time                 0.0085 ( CPU= 0.0082 Sys= 0.0003 I/O= 0.0000 )
Lost  time                      0.1635 
   Insufficient parallelism     0.1093 ( User= 0.1036 Sys= 0.0057 )
   Communication                0.0114 ( Real_sync= 0.0000 Starts= 0.0000 )
   Idle time                    0.0428
Load imbalance                  0.0026
Synchronization                 0.0032
Time variation                  0.0059
Overlap                         0.0000
                  Nop   Communic    Synchro  Variation    Overlap 
I/O                 8     0.0000     0.0010     0.0037     0.0000 
Reduction          10     0.0114     0.0022     0.0022     0.0000 
--- The comparative characteristics --- 
                              Tmin N proc      Tmax N proc      Tmid
Lost time                   0.0089    16     0.0092    17     0.0091 
User insufficient par.      0.0036    17     0.0080    16     0.0058 
Sys.insufficient par.       0.0003    18     0.0005     1     0.0003 
Idle time                   0.0000    16     0.0046    13     0.0024 
Communication               0.0005     1     0.0008    17     0.0006 
Synchronization             0.0000     2     0.0003    17     0.0002 
Variation                   0.0000     1     0.0005    17     0.0003 
Overlap                     0.0000     1     0.0000    17     0.0000 
Load imbalance              0.0000    16     0.0003    17     0.0001 
Execution time              0.0049    13     0.0096    16     0.0072 
User CPU time               0.0003    17     0.0006    16     0.0005 
Sys. CPU time               0.0000    18     0.0000    10     0.0000 
I/O time                    0.0000    13     0.0000     1     0.0000 
Processors                      18     1         18    18         18 
                      Communic          Synchro        Variation          Overlap  
I/O             Tmin    0.0000     1     0.0000     2     0.0000     1     0.0000     1 
I/O             Tmax    0.0000    18     0.0001    17     0.0003    17     0.0000    18 
I/O             Tmid    0.0000           0.0001           0.0002           0.0000       
Reduction       Tmin    0.0005     1     0.0000     1     0.0000     5     0.0000     1 
Reduction       Tmax    0.0008    17     0.0002    18     0.0002    17     0.0000    17 
Reduction       Tmid    0.0006           0.0001           0.0001           0.0000       
--- The execution characteristics --- 
                                1          2          3          4          5          6          7          8          9         10         11         12         13         14         15         16         17         18 
Lost time                  0.0090     0.0091     0.0090     0.0090     0.0091     0.0091     0.0092     0.0091     0.0090     0.0090     0.0091     0.0091     0.0092     0.0092     0.0091     0.0089     0.0092     0.0092 
User insufficient par.     0.0072     0.0051     0.0073     0.0069     0.0065     0.0065     0.0043     0.0047     0.0076     0.0076     0.0054     0.0058     0.0036     0.0037     0.0062     0.0080     0.0036     0.0036 
Sys.insufficient par.      0.0005     0.0003     0.0003     0.0003     0.0003     0.0003     0.0003     0.0003     0.0003     0.0003     0.0003     0.0003     0.0003     0.0003     0.0003     0.0003     0.0003     0.0003 
Idle time                  0.0008     0.0031     0.0008     0.0012     0.0016     0.0016     0.0039     0.0035     0.0004     0.0004     0.0027     0.0023     0.0046     0.0046     0.0020     0.0000     0.0046     0.0046 
Communication              0.0005     0.0006     0.0006     0.0006     0.0006     0.0006     0.0006     0.0006     0.0006     0.0006     0.0007     0.0007     0.0006     0.0006     0.0006     0.0006     0.0008     0.0008 
Synchronization            0.0000     0.0000     0.0000     0.0000     0.0000     0.0000     0.0002     0.0002     0.0002     0.0002     0.0002     0.0002     0.0003     0.0003     0.0003     0.0003     0.0003     0.0003 
Variation                  0.0000     0.0002     0.0002     0.0002     0.0002     0.0002     0.0004     0.0004     0.0003     0.0003     0.0004     0.0004     0.0005     0.0005     0.0004     0.0004     0.0005     0.0005 
Overlap                    0.0000     0.0000     0.0000     0.0000     0.0000     0.0000     0.0000     0.0000     0.0000     0.0000     0.0000     0.0000     0.0000     0.0000     0.0000     0.0000     0.0000     0.0000 
Load imbalance             0.0001     0.0002     0.0000     0.0001     0.0001     0.0001     0.0002     0.0002     0.0000     0.0000     0.0002     0.0002     0.0003     0.0003     0.0001     0.0000     0.0003     0.0003 
Execution time             0.0088     0.0064     0.0087     0.0084     0.0080     0.0080     0.0057     0.0060     0.0091     0.0091     0.0068     0.0072     0.0049     0.0050     0.0076     0.0096     0.0050     0.0050 
User CPU time              0.0005     0.0004     0.0005     0.0005     0.0005     0.0005     0.0004     0.0004     0.0006     0.0006     0.0004     0.0004     0.0003     0.0003     0.0005     0.0006     0.0003     0.0003 
Sys. CPU time              0.0000     0.0000     0.0000     0.0000     0.0000     0.0000     0.0000     0.0000     0.0000     0.0000     0.0000     0.0000     0.0000     0.0000     0.0000     0.0000     0.0000     0.0000 
I/O time                   0.0000     0.0000     0.0000     0.0000     0.0000     0.0000     0.0000     0.0000     0.0000     0.0000     0.0000     0.0000     0.0000     0.0000     0.0000     0.0000     0.0000     0.0000 
Processors                     18         18         18         18         18         18         18         18         18         18         18         18         18         18         18         18         18         18 
           Communication          
Reduction                  0.0005     0.0006     0.0006     0.0006     0.0006     0.0006     0.0006     0.0006     0.0006     0.0006     0.0007     0.0007     0.0006     0.0006     0.0006     0.0006     0.0008     0.0008 
           Synchronization        
I/O                        0.0000     0.0000     0.0000     0.0000     0.0000     0.0000     0.0001     0.0001     0.0000     0.0000     0.0001     0.0001     0.0001     0.0001     0.0000     0.0001     0.0001     0.0001 
Reduction                  0.0000     0.0000     0.0000     0.0000     0.0000     0.0000     0.0001     0.0001     0.0001     0.0001     0.0001     0.0001     0.0002     0.0002     0.0002     0.0002     0.0002     0.0002 
           Variation              
I/O                        0.0000     0.0002     0.0002     0.0002     0.0002     0.0002     0.0002     0.0002     0.0002     0.0002     0.0002     0.0002     0.0002     0.0002     0.0002     0.0002     0.0003     0.0003 
Reduction                  0.0000     0.0000     0.0000     0.0000     0.0000     0.0000     0.0001     0.0001     0.0001     0.0001     0.0001     0.0001     0.0002     0.0002     0.0002     0.0002     0.0002     0.0002 
           Overlap                
Reduction                  0.0000     0.0000     0.0000     0.0000     0.0000     0.0000     0.0000     0.0000     0.0000     0.0000     0.0000     0.0000     0.0000     0.0000     0.0000     0.0000     0.0000     0.0000 


-------------------------------------------------------------------------
Name (number) and performance time of processors
omp.keldysh.ru(1) 0.935531
omp.keldysh.ru(2) 0.935469
omp.keldysh.ru(3) 0.950560
omp.keldysh.ru(4) 0.950547
omp.keldysh.ru(5) 0.954827
omp.keldysh.ru(6) 0.954791
omp.keldysh.ru(7) 0.953528
omp.keldysh.ru(8) 0.953860
omp.keldysh.ru(9) 0.956246
omp.keldysh.ru(10) 0.956253
omp.keldysh.ru(11) 0.935452
omp.keldysh.ru(12) 0.935471
omp.keldysh.ru(13) 0.953415
omp.keldysh.ru(14) 0.953421
omp.keldysh.ru(15) 0.952777
omp.keldysh.ru(16) 0.952785
omp.keldysh.ru(17) 0.953378
omp.keldysh.ru(18) 0.953365
min - omp.keldysh.ru(11) 0.935452; max - omp.keldysh.ru(10) 0.956253; mid - 0.949538
