Processor system=4*2*2*1
Statistics has been accumulated on DVM-system version 5.0, platform DVM
Analyzer is executing on DVM-system version 5.0, platform DVM
-------------------------------------------------------------------------
INTERVAL ( NLINE=8 SOURCE=sha41.f ) LEVEL=0  EXE_COUNT=1
--- The main characteristics --- 
Parallelization efficiency      0.0999 
Execution time                  0.0099 
Processors                          16
Threads amount                      16
Total time                      0.1578
Productive time                 0.0158 ( CPU= 0.0137 Sys= 0.0020 I/O= 0.0000 )
Lost  time                      0.1420 
   Insufficient parallelism     0.1118 ( User= 0.0815 Sys= 0.0303 )
   Communication                0.0299 ( Real_sync= 0.0000 Starts= 0.0000 )
   Idle time                    0.0004
Load imbalance                  0.0018
Synchronization                 0.0119
Time variation                  0.0114
Overlap                         0.0001
                  Nop   Communic    Synchro  Variation    Overlap 
I/O                 6     0.0000     0.0011     0.0033     0.0000 
Reduction           4     0.0092     0.0000     0.0000     0.0000 
Shadow              4     0.0206     0.0108     0.0081     0.0000 
--- The comparative characteristics --- 
                              Tmin N proc      Tmax N proc      Tmid
Lost time                   0.0088    12     0.0092    15     0.0089 
User insufficient par.      0.0045    15     0.0053    13     0.0051 
Sys.insufficient par.       0.0010    15     0.0023     5     0.0019 
Idle time                   0.0000    15     0.0001    13     0.0000 
Communication               0.0013     6     0.0036    15     0.0019 
Synchronization             0.0001     9     0.0026    15     0.0007 
Variation                   0.0003     9     0.0012    15     0.0007 
Overlap                     0.0000     1     0.0000     7     0.0000 
Load imbalance              0.0000    12     0.0004    15     0.0001 
Execution time              0.0098    13     0.0099    15     0.0098 
User CPU time               0.0006    15     0.0009    12     0.0009 
Sys. CPU time               0.0001    15     0.0002     5     0.0001 
I/O time                    0.0000    12     0.0000     1     0.0000 
Processors                      16     1         16    16         16 
                      Communic          Synchro        Variation          Overlap  
I/O             Tmin    0.0000     1     0.0000     4     0.0000     1     0.0000     1 
I/O             Tmax    0.0000    16     0.0001    15     0.0003    15     0.0000    16 
I/O             Tmid    0.0000           0.0001           0.0002           0.0000       
Reduction       Tmin    0.0001     9     0.0000    13     0.0000    13     0.0000     1 
Reduction       Tmax    0.0011    15     0.0000    15     0.0000    14     0.0000    16 
Reduction       Tmid    0.0006           0.0000           0.0000           0.0000       
Shadow          Tmin    0.0010    13     0.0000     9     0.0000     9     0.0000     1 
Shadow          Tmax    0.0025    15     0.0025    15     0.0010     3     0.0000     7 
Shadow          Tmid    0.0013           0.0007           0.0005           0.0000       
--- The execution characteristics --- 
                                1          2          3          4          5          6          7          8          9         10         11         12         13         14         15         16 
Lost time                  0.0090     0.0089     0.0089     0.0089     0.0088     0.0088     0.0088     0.0088     0.0088     0.0088     0.0088     0.0088     0.0088     0.0091     0.0092     0.0089 
User insufficient par.     0.0052     0.0052     0.0052     0.0052     0.0052     0.0052     0.0052     0.0052     0.0052     0.0052     0.0051     0.0052     0.0053     0.0045     0.0045     0.0051 
Sys.insufficient par.      0.0017     0.0016     0.0015     0.0015     0.0023     0.0023     0.0023     0.0023     0.0023     0.0023     0.0023     0.0022     0.0019     0.0010     0.0010     0.0016 
Idle time                  0.0000     0.0000     0.0000     0.0001     0.0000     0.0000     0.0000     0.0000     0.0000     0.0000     0.0000     0.0000     0.0001     0.0001     0.0000     0.0000 
Communication              0.0021     0.0021     0.0021     0.0021     0.0013     0.0013     0.0013     0.0013     0.0013     0.0013     0.0014     0.0014     0.0015     0.0035     0.0036     0.0021 
Synchronization            0.0009     0.0010     0.0010     0.0010     0.0002     0.0002     0.0002     0.0002     0.0001     0.0002     0.0002     0.0003     0.0003     0.0025     0.0026     0.0009 
Variation                  0.0010     0.0012     0.0012     0.0011     0.0004     0.0003     0.0003     0.0004     0.0003     0.0003     0.0003     0.0004     0.0007     0.0012     0.0012     0.0011 
Overlap                    0.0000     0.0000     0.0000     0.0000     0.0000     0.0000     0.0000     0.0000     0.0000     0.0000     0.0000     0.0000     0.0000     0.0000     0.0000     0.0000 
Load imbalance             0.0002     0.0001     0.0001     0.0002     0.0001     0.0000     0.0000     0.0000     0.0000     0.0001     0.0000     0.0000     0.0001     0.0004     0.0004     0.0001 
Execution time             0.0098     0.0099     0.0098     0.0098     0.0099     0.0099     0.0098     0.0098     0.0099     0.0098     0.0099     0.0099     0.0098     0.0098     0.0099     0.0099 
User CPU time              0.0008     0.0009     0.0009     0.0008     0.0009     0.0009     0.0009     0.0009     0.0009     0.0009     0.0009     0.0009     0.0009     0.0007     0.0006     0.0008 
Sys. CPU time              0.0001     0.0001     0.0001     0.0001     0.0002     0.0002     0.0002     0.0002     0.0002     0.0002     0.0002     0.0001     0.0001     0.0001     0.0001     0.0001 
I/O time                   0.0000     0.0000     0.0000     0.0000     0.0000     0.0000     0.0000     0.0000     0.0000     0.0000     0.0000     0.0000     0.0000     0.0000     0.0000     0.0000 
Processors                     16         16         16         16         16         16         16         16         16         16         16         16         16         16         16         16 
           Communication          
Reduction                  0.0011     0.0011     0.0011     0.0011     0.0002     0.0001     0.0001     0.0001     0.0001     0.0001     0.0001     0.0002     0.0006     0.0011     0.0011     0.0010 
Shadow                     0.0010     0.0011     0.0010     0.0011     0.0012     0.0012     0.0012     0.0012     0.0012     0.0012     0.0012     0.0011     0.0010     0.0024     0.0025     0.0011 
           Synchronization        
I/O                        0.0001     0.0001     0.0000     0.0000     0.0001     0.0001     0.0001     0.0001     0.0001     0.0001     0.0001     0.0001     0.0001     0.0001     0.0001     0.0001 
Reduction                  0.0000     0.0000     0.0000     0.0000     0.0000     0.0000     0.0000     0.0000     0.0000     0.0000     0.0000     0.0000     0.0000     0.0000     0.0000     0.0000 
Shadow                     0.0009     0.0010     0.0009     0.0010     0.0002     0.0001     0.0001     0.0001     0.0000     0.0001     0.0001     0.0002     0.0002     0.0024     0.0025     0.0009 
           Variation              
I/O                        0.0000     0.0002     0.0002     0.0002     0.0002     0.0002     0.0002     0.0002     0.0002     0.0002     0.0002     0.0002     0.0002     0.0003     0.0003     0.0002 
Reduction                  0.0000     0.0000     0.0000     0.0000     0.0000     0.0000     0.0000     0.0000     0.0000     0.0000     0.0000     0.0000     0.0000     0.0000     0.0000     0.0000 
Shadow                     0.0010     0.0009     0.0010     0.0010     0.0001     0.0001     0.0001     0.0001     0.0000     0.0001     0.0001     0.0002     0.0005     0.0009     0.0010     0.0009 
           Overlap                
Reduction                  0.0000     0.0000     0.0000     0.0000     0.0000     0.0000     0.0000     0.0000     0.0000     0.0000     0.0000     0.0000     0.0000     0.0000     0.0000     0.0000 
Shadow                     0.0000     0.0000     0.0000     0.0000     0.0000     0.0000     0.0000     0.0000     0.0000     0.0000     0.0000     0.0000     0.0000     0.0000     0.0000     0.0000 


-------------------------------------------------------------------------
Name (number) and performance time of processors
omp.keldysh.ru(1) 0.935522
omp.keldysh.ru(2) 0.935456
omp.keldysh.ru(3) 0.957101
omp.keldysh.ru(4) 0.957377
omp.keldysh.ru(5) 0.956062
omp.keldysh.ru(6) 0.956050
omp.keldysh.ru(7) 0.955270
omp.keldysh.ru(8) 0.955249
omp.keldysh.ru(9) 0.956294
omp.keldysh.ru(10) 0.956285
omp.keldysh.ru(11) 0.935352
omp.keldysh.ru(12) 0.935352
omp.keldysh.ru(13) 0.956011
omp.keldysh.ru(14) 0.956002
omp.keldysh.ru(15) 0.954796
omp.keldysh.ru(16) 0.954786
min - omp.keldysh.ru(12) 0.935352; max - omp.keldysh.ru(4) 0.957377; mid - 0.950810
