Processor system=1*7*2*1
Statistics has been accumulated on DVM-system version 5.0, platform DVM
Analyzer is executing on DVM-system version 5.0, platform DVM
-------------------------------------------------------------------------
INTERVAL ( NLINE=7 SOURCE=sh42.f ) LEVEL=0  EXE_COUNT=1
--- The main characteristics --- 
Parallelization efficiency      0.0532 
Execution time                  0.1233 
Processors                          14
Threads amount                      14
Total time                      1.7268
Productive time                 0.0918 ( CPU= 0.0902 Sys= 0.0016 I/O= 0.0000 )
Lost  time                      1.6350 
   Insufficient parallelism     1.1935 ( User= 1.1726 Sys= 0.0210 )
   Communication                0.0041 ( Real_sync= 0.0000 Starts= 0.0000 )
   Idle time                    0.4373
Load imbalance                  0.0313
Synchronization                 2.0955
Time variation                  2.0988
Overlap                         0.0000
                  Nop   Communic    Synchro  Variation    Overlap 
I/O                11     0.0000     0.9935     0.9968     0.0000 
Reduction           9     0.0041     0.5572     0.5572     0.0000 
Shadow              9     0.0000     0.5448     0.5448     0.0000 
--- The comparative characteristics --- 
                              Tmin N proc      Tmax N proc      Tmid
Lost time                   0.1145     5     0.1204    11     0.1168 
User insufficient par.      0.0368    10     0.1128     5     0.0838 
Sys.insufficient par.       0.0011    13     0.0021     1     0.0015 
Idle time                   0.0000     5     0.0819    11     0.0312 
Communication               0.0002     1     0.0004    12     0.0003 
Synchronization             0.0008     5     0.3908    10     0.1497 
Variation                   0.0011     5     0.3911    10     0.1499 
Overlap                     0.0000     3     0.0000     1     0.0000 
Load imbalance              0.0000     5     0.0059    11     0.0022 
Execution time              0.0415    11     0.1233     5     0.0921 
User CPU time               0.0028    10     0.0087     5     0.0064 
Sys. CPU time               0.0001    13     0.0001     2     0.0001 
I/O time                    0.0000    12     0.0000     1     0.0000 
Processors                      14     1         14    14         14 
                      Communic          Synchro        Variation          Overlap  
I/O             Tmin    0.0000     1     0.0002     5     0.0005     5     0.0000     1 
I/O             Tmax    0.0000    14     0.1864    10     0.1867    10     0.0000    14 
I/O             Tmid    0.0000           0.0710           0.0712           0.0000       
Reduction       Tmin    0.0002     1     0.0002     5     0.0002     5     0.0000     1 
Reduction       Tmax    0.0004    12     0.1033    10     0.1033    10     0.0000     7 
Reduction       Tmid    0.0003           0.0398           0.0398           0.0000       
Shadow          Tmin    0.0000     1     0.0004     5     0.0004     5     0.0000     3 
Shadow          Tmax    0.0000    14     0.1011    10     0.1011    10     0.0000     1 
Shadow          Tmid    0.0000           0.0389           0.0389           0.0000       
--- The execution characteristics --- 
                                1          2          3          4          5          6          7          8          9         10         11         12         13         14 
Lost time                  0.1148     0.1148     0.1146     0.1146     0.1145     0.1146     0.1146     0.1146     0.1192     0.1204     0.1204     0.1193     0.1192     0.1193 
User insufficient par.     0.1086     0.1088     0.1121     0.1121     0.1128     0.1120     0.1126     0.1119     0.0521     0.0368     0.0369     0.0515     0.0526     0.0518 
Sys.insufficient par.      0.0021     0.0019     0.0015     0.0015     0.0016     0.0016     0.0017     0.0018     0.0012     0.0014     0.0013     0.0011     0.0011     0.0012 
Idle time                  0.0040     0.0039     0.0007     0.0007     0.0000     0.0007     0.0000     0.0007     0.0656     0.0818     0.0819     0.0663     0.0651     0.0659 
Communication              0.0002     0.0003     0.0002     0.0002     0.0002     0.0002     0.0003     0.0003     0.0004     0.0004     0.0004     0.0004     0.0004     0.0004 
Synchronization            0.0160     0.0164     0.0070     0.0068     0.0008     0.0012     0.0053     0.0059     0.3146     0.3908     0.3861     0.3163     0.3140     0.3144 
Variation                  0.0159     0.0167     0.0072     0.0071     0.0011     0.0014     0.0055     0.0062     0.3149     0.3911     0.3863     0.3166     0.3142     0.3146 
Overlap                    0.0000     0.0000     0.0000     0.0000     0.0000     0.0000     0.0000     0.0000     0.0000     0.0000     0.0000     0.0000     0.0000     0.0000 
Load imbalance             0.0003     0.0003     0.0001     0.0001     0.0000     0.0001     0.0000     0.0001     0.0047     0.0059     0.0059     0.0047     0.0047     0.0047 
Execution time             0.1194     0.1194     0.1226     0.1226     0.1233     0.1226     0.1233     0.1226     0.0578     0.0415     0.0415     0.0571     0.0582     0.0574 
User CPU time              0.0084     0.0084     0.0086     0.0086     0.0087     0.0086     0.0087     0.0086     0.0040     0.0028     0.0028     0.0040     0.0040     0.0040 
Sys. CPU time              0.0001     0.0001     0.0001     0.0001     0.0001     0.0001     0.0001     0.0001     0.0001     0.0001     0.0001     0.0001     0.0001     0.0001 
I/O time                   0.0000     0.0000     0.0000     0.0000     0.0000     0.0000     0.0000     0.0000     0.0000     0.0000     0.0000     0.0000     0.0000     0.0000 
Processors                     14         14         14         14         14         14         14         14         14         14         14         14         14         14 
           Communication          
Reduction                  0.0002     0.0003     0.0002     0.0002     0.0002     0.0002     0.0003     0.0003     0.0004     0.0004     0.0004     0.0004     0.0004     0.0004 
           Synchronization        
I/O                        0.0074     0.0074     0.0032     0.0031     0.0002     0.0003     0.0024     0.0026     0.1486     0.1864     0.1843     0.1497     0.1487     0.1491 
Reduction                  0.0039     0.0039     0.0017     0.0017     0.0002     0.0003     0.0014     0.0016     0.0843     0.1033     0.1021     0.0847     0.0841     0.0840 
Shadow                     0.0048     0.0052     0.0021     0.0020     0.0004     0.0005     0.0015     0.0018     0.0817     0.1011     0.0997     0.0819     0.0811     0.0812 
           Variation              
I/O                        0.0072     0.0076     0.0034     0.0034     0.0005     0.0006     0.0026     0.0029     0.1489     0.1867     0.1845     0.1500     0.1490     0.1494 
Reduction                  0.0039     0.0039     0.0017     0.0017     0.0002     0.0003     0.0014     0.0016     0.0843     0.1033     0.1021     0.0846     0.0841     0.0840 
Shadow                     0.0048     0.0052     0.0021     0.0020     0.0004     0.0005     0.0015     0.0018     0.0817     0.1011     0.0997     0.0819     0.0811     0.0812 
           Overlap                
Reduction                  0.0000     0.0000     0.0000     0.0000     0.0000     0.0000     0.0000     0.0000     0.0000     0.0000     0.0000     0.0000     0.0000     0.0000 
Shadow                     0.0000     0.0000     0.0000     0.0000     0.0000     0.0000     0.0000     0.0000     0.0000     0.0000     0.0000     0.0000     0.0000     0.0000 


-------------------------------------------------------------------------
Name (number) and performance time of processors
omp.keldysh.ru(1) 0.935340
omp.keldysh.ru(2) 0.935277
omp.keldysh.ru(3) 0.956221
omp.keldysh.ru(4) 0.956574
omp.keldysh.ru(5) 0.955523
omp.keldysh.ru(6) 0.955478
omp.keldysh.ru(7) 0.956172
omp.keldysh.ru(8) 0.956162
omp.keldysh.ru(9) 0.935302
omp.keldysh.ru(10) 0.935317
omp.keldysh.ru(11) 0.956244
omp.keldysh.ru(12) 0.956246
omp.keldysh.ru(13) 0.957267
omp.keldysh.ru(14) 0.957263
min - omp.keldysh.ru(2) 0.935277; max - omp.keldysh.ru(13) 0.957267; mid - 0.950313
