Processor system=3*1*2*3
Statistics has been accumulated on DVM-system version 5.0, platform DVM
Analyzer is executing on DVM-system version 5.0, platform DVM
-------------------------------------------------------------------------
INTERVAL ( NLINE=8 SOURCE=sha43.f ) LEVEL=0  EXE_COUNT=2
--- The main characteristics --- 
Parallelization efficiency      0.0667 
Execution time                  0.0143 
Processors                          18
Threads amount                      18
Total time                      0.2572
Productive time                 0.0172 ( CPU= 0.0151 Sys= 0.0020 I/O= 0.0000 )
Lost  time                      0.2401 
   Insufficient parallelism     0.1753 ( User= 0.1402 Sys= 0.0351 )
   Communication                0.0404 ( Real_sync= 0.0000 Starts= 0.0000 )
   Idle time                    0.0243
Load imbalance                  0.0032
Synchronization                 0.0186
Time variation                  0.0192
Overlap                         0.0000
                  Nop   Communic    Synchro  Variation    Overlap 
I/O                 6     0.0000     0.0016     0.0043     0.0000 
Reduction           5     0.0229     0.0008     0.0008     0.0000 
Shadow              5     0.0175     0.0162     0.0140     0.0000 
--- The comparative characteristics --- 
                              Tmin N proc      Tmax N proc      Tmid
Lost time                   0.0132    12     0.0136    17     0.0133 
User insufficient par.      0.0064    17     0.0093    12     0.0078 
Sys.insufficient par.       0.0011    17     0.0026    12     0.0020 
Idle time                   0.0000    12     0.0019     3     0.0014 
Communication               0.0012    11     0.0041    17     0.0022 
Synchronization             0.0002    12     0.0028    17     0.0010 
Variation                   0.0003    12     0.0016     4     0.0011 
Overlap                     0.0000     1     0.0000    12     0.0000 
Load imbalance              0.0000    12     0.0004    17     0.0002 
Execution time              0.0123     3     0.0143    12     0.0129 
User CPU time               0.0006    17     0.0010    12     0.0008 
Sys. CPU time               0.0001    17     0.0002    12     0.0001 
I/O time                    0.0000    10     0.0000     1     0.0000 
Processors                      18     1         18    18         18 
                      Communic          Synchro        Variation          Overlap  
I/O             Tmin    0.0000     1     0.0000    15     0.0001     1     0.0000     1 
I/O             Tmax    0.0000    18     0.0001     4     0.0003     4     0.0000    18 
I/O             Tmid    0.0000           0.0001           0.0002           0.0000       
Reduction       Tmin    0.0005    12     0.0000    15     0.0000    18     0.0000     1 
Reduction       Tmax    0.0018    18     0.0001    13     0.0001    13     0.0000    18 
Reduction       Tmid    0.0013           0.0000           0.0000           0.0000       
Shadow          Tmin    0.0006    16     0.0001    12     0.0001    12     0.0000     1 
Shadow          Tmax    0.0024    17     0.0026    17     0.0012     1     0.0000    12 
Shadow          Tmid    0.0010           0.0009           0.0008           0.0000       
--- The execution characteristics --- 
                                1          2          3          4          5          6          7          8          9         10         11         12         13         14         15         16         17         18 
Lost time                  0.0134     0.0134     0.0134     0.0133     0.0134     0.0134     0.0132     0.0133     0.0133     0.0132     0.0132     0.0132     0.0133     0.0133     0.0133     0.0133     0.0136     0.0135 
User insufficient par.     0.0072     0.0072     0.0072     0.0088     0.0078     0.0072     0.0080     0.0075     0.0074     0.0084     0.0086     0.0093     0.0074     0.0082     0.0083     0.0075     0.0064     0.0077 
Sys.insufficient par.      0.0019     0.0017     0.0018     0.0017     0.0017     0.0017     0.0026     0.0026     0.0025     0.0026     0.0026     0.0026     0.0017     0.0017     0.0017     0.0017     0.0011     0.0012 
Idle time                  0.0019     0.0019     0.0019     0.0003     0.0013     0.0019     0.0013     0.0019     0.0019     0.0008     0.0008     0.0000     0.0019     0.0011     0.0011     0.0019     0.0019     0.0005 
Communication              0.0024     0.0027     0.0025     0.0025     0.0025     0.0026     0.0013     0.0014     0.0015     0.0015     0.0012     0.0012     0.0024     0.0023     0.0022     0.0021     0.0041     0.0041 
Synchronization            0.0012     0.0015     0.0011     0.0013     0.0012     0.0012     0.0004     0.0003     0.0003     0.0005     0.0003     0.0002     0.0011     0.0011     0.0008     0.0009     0.0028     0.0026 
Variation                  0.0014     0.0014     0.0013     0.0016     0.0014     0.0014     0.0006     0.0004     0.0004     0.0006     0.0005     0.0003     0.0014     0.0013     0.0011     0.0014     0.0014     0.0013 
Overlap                    0.0000     0.0000     0.0000     0.0000     0.0000     0.0000     0.0000     0.0000     0.0000     0.0000     0.0000     0.0000     0.0000     0.0000     0.0000     0.0000     0.0000     0.0000 
Load imbalance             0.0003     0.0003     0.0003     0.0001     0.0002     0.0002     0.0001     0.0001     0.0001     0.0001     0.0000     0.0000     0.0002     0.0001     0.0001     0.0002     0.0004     0.0003 
Execution time             0.0124     0.0124     0.0123     0.0140     0.0130     0.0124     0.0130     0.0124     0.0124     0.0135     0.0135     0.0143     0.0124     0.0132     0.0132     0.0124     0.0124     0.0138 
User CPU time              0.0008     0.0008     0.0008     0.0009     0.0008     0.0008     0.0009     0.0009     0.0008     0.0009     0.0009     0.0010     0.0009     0.0009     0.0009     0.0009     0.0006     0.0007 
Sys. CPU time              0.0001     0.0001     0.0001     0.0001     0.0001     0.0001     0.0002     0.0002     0.0001     0.0002     0.0002     0.0002     0.0001     0.0001     0.0001     0.0001     0.0001     0.0001 
I/O time                   0.0000     0.0000     0.0000     0.0000     0.0000     0.0000     0.0000     0.0000     0.0000     0.0000     0.0000     0.0000     0.0000     0.0000     0.0000     0.0000     0.0000     0.0000 
Processors                     18         18         18         18         18         18         18         18         18         18         18         18         18         18         18         18         18         18 
           Communication          
Reduction                  0.0018     0.0017     0.0017     0.0017     0.0017     0.0017     0.0005     0.0005     0.0006     0.0006     0.0005     0.0005     0.0015     0.0015     0.0014     0.0015     0.0017     0.0018 
Shadow                     0.0007     0.0010     0.0008     0.0008     0.0009     0.0008     0.0008     0.0008     0.0009     0.0008     0.0008     0.0008     0.0008     0.0008     0.0008     0.0006     0.0024     0.0023 
           Synchronization        
I/O                        0.0001     0.0001     0.0001     0.0001     0.0001     0.0001     0.0001     0.0001     0.0001     0.0001     0.0001     0.0000     0.0001     0.0001     0.0000     0.0001     0.0001     0.0001 
Reduction                  0.0001     0.0000     0.0000     0.0001     0.0000     0.0000     0.0001     0.0000     0.0000     0.0001     0.0000     0.0000     0.0001     0.0000     0.0000     0.0001     0.0000     0.0000 
Shadow                     0.0010     0.0013     0.0010     0.0011     0.0010     0.0011     0.0003     0.0002     0.0002     0.0003     0.0001     0.0001     0.0009     0.0010     0.0008     0.0007     0.0026     0.0026 
           Variation              
I/O                        0.0001     0.0003     0.0002     0.0003     0.0003     0.0002     0.0003     0.0002     0.0002     0.0003     0.0003     0.0002     0.0003     0.0003     0.0002     0.0003     0.0003     0.0002 
Reduction                  0.0001     0.0000     0.0000     0.0001     0.0000     0.0000     0.0001     0.0000     0.0000     0.0001     0.0000     0.0000     0.0001     0.0000     0.0000     0.0001     0.0000     0.0000 
Shadow                     0.0012     0.0011     0.0011     0.0012     0.0011     0.0011     0.0002     0.0001     0.0001     0.0003     0.0002     0.0001     0.0010     0.0010     0.0009     0.0010     0.0011     0.0011 
           Overlap                
Reduction                  0.0000     0.0000     0.0000     0.0000     0.0000     0.0000     0.0000     0.0000     0.0000     0.0000     0.0000     0.0000     0.0000     0.0000     0.0000     0.0000     0.0000     0.0000 
Shadow                     0.0000     0.0000     0.0000     0.0000     0.0000     0.0000     0.0000     0.0000     0.0000     0.0000     0.0000     0.0000     0.0000     0.0000     0.0000     0.0000     0.0000     0.0000 


-------------------------------------------------------------------------
Name (number) and performance time of processors
omp.keldysh.ru(1) 0.935320
omp.keldysh.ru(2) 0.935222
omp.keldysh.ru(3) 0.959358
omp.keldysh.ru(4) 0.959379
omp.keldysh.ru(5) 0.956173
omp.keldysh.ru(6) 0.956163
omp.keldysh.ru(7) 0.935234
omp.keldysh.ru(8) 0.935232
omp.keldysh.ru(9) 0.959597
omp.keldysh.ru(10) 0.959348
omp.keldysh.ru(11) 0.959060
omp.keldysh.ru(12) 0.959062
omp.keldysh.ru(13) 0.957668
omp.keldysh.ru(14) 0.957664
omp.keldysh.ru(15) 0.960410
omp.keldysh.ru(16) 0.960398
omp.keldysh.ru(17) 0.956212
omp.keldysh.ru(18) 0.956210
min - omp.keldysh.ru(2) 0.935222; max - omp.keldysh.ru(15) 0.960410; mid - 0.953206
