Processor system=6*1*3*1
Statistics has been accumulated on DVM-system version 5.0, platform DVM
Analyzer is executing on DVM-system version 5.0, platform DVM
-------------------------------------------------------------------------
INTERVAL ( NLINE=5 SOURCE=realign44.f ) LEVEL=0  EXE_COUNT=2
--- The main characteristics --- 
Parallelization efficiency      0.0531 
Execution time                  0.0100 
Processors                          18
Threads amount                      18
Total time                      0.1796
Productive time                 0.0095 ( CPU= 0.0091 Sys= 0.0004 I/O= 0.0000 )
Lost  time                      0.1701 
   Insufficient parallelism     0.1233 ( User= 0.1164 Sys= 0.0068 )
   Communication                0.0088 ( Real_sync= 0.0000 Starts= 0.0000 )
   Idle time                    0.0380
Load imbalance                  0.0016
Synchronization                 0.0046
Time variation                  0.0093
Overlap                         0.0000
                  Nop   Communic    Synchro  Variation    Overlap 
I/O                 6     0.0000     0.0006     0.0036     0.0000 
Reduction           5     0.0078     0.0000     0.0001     0.0000 
Redistribution      5     0.0010     0.0040     0.0055     0.0000 
--- The comparative characteristics --- 
                              Tmin N proc      Tmax N proc      Tmid
Lost time                   0.0094    12     0.0095    17     0.0094 
User insufficient par.      0.0054    17     0.0085    12     0.0065 
Sys.insufficient par.       0.0003    17     0.0006     1     0.0004 
Idle time                   0.0000    12     0.0031    14     0.0021 
Communication               0.0002     1     0.0008    17     0.0005 
Synchronization             0.0001     1     0.0004    17     0.0003 
Variation                   0.0001     1     0.0008    17     0.0005 
Overlap                     0.0000     1     0.0000    18     0.0000 
Load imbalance              0.0000    12     0.0002    17     0.0001 
Execution time              0.0069    14     0.0100    12     0.0079 
User CPU time               0.0004    17     0.0006    12     0.0005 
Sys. CPU time               0.0000    17     0.0000     5     0.0000 
I/O time                    0.0000     3     0.0000     1     0.0000 
Processors                      18     1         18    18         18 
                      Communic          Synchro        Variation          Overlap  
I/O             Tmin    0.0000     1     0.0000     1     0.0000     1     0.0000     1 
I/O             Tmax    0.0000    18     0.0001    18     0.0002    18     0.0000    18 
I/O             Tmid    0.0000           0.0000           0.0002           0.0000       
Reduction       Tmin    0.0002     4     0.0000     1     0.0000    11     0.0000     1 
Reduction       Tmax    0.0008    17     0.0000    18     0.0000    18     0.0000    18 
Reduction       Tmid    0.0004           0.0000           0.0000           0.0000       
Redistribution  Tmin    0.0000    11     0.0000     1     0.0001     1     0.0000     1 
Redistribution  Tmax    0.0002     7     0.0004    17     0.0006    17     0.0000    18 
Redistribution  Tmid    0.0001           0.0002           0.0003           0.0000       
--- The execution characteristics --- 
                                1          2          3          4          5          6          7          8          9         10         11         12         13         14         15         16         17         18 
Lost time                  0.0094     0.0095     0.0094     0.0094     0.0095     0.0094     0.0095     0.0095     0.0095     0.0094     0.0094     0.0094     0.0095     0.0095     0.0094     0.0095     0.0095     0.0095 
User insufficient par.     0.0066     0.0057     0.0066     0.0070     0.0056     0.0074     0.0056     0.0056     0.0056     0.0081     0.0081     0.0085     0.0056     0.0055     0.0077     0.0055     0.0054     0.0062 
Sys.insufficient par.      0.0006     0.0004     0.0004     0.0004     0.0005     0.0004     0.0004     0.0004     0.0004     0.0003     0.0003     0.0003     0.0003     0.0003     0.0003     0.0003     0.0003     0.0003 
Idle time                  0.0019     0.0031     0.0020     0.0016     0.0031     0.0012     0.0030     0.0031     0.0030     0.0004     0.0004     0.0000     0.0030     0.0031     0.0008     0.0030     0.0031     0.0023 
Communication              0.0002     0.0004     0.0004     0.0003     0.0003     0.0004     0.0004     0.0004     0.0005     0.0005     0.0006     0.0006     0.0005     0.0006     0.0006     0.0006     0.0008     0.0006 
Synchronization            0.0001     0.0002     0.0002     0.0002     0.0002     0.0002     0.0002     0.0003     0.0002     0.0003     0.0003     0.0003     0.0003     0.0003     0.0003     0.0003     0.0004     0.0003 
Variation                  0.0001     0.0004     0.0005     0.0003     0.0003     0.0004     0.0003     0.0005     0.0006     0.0005     0.0006     0.0006     0.0005     0.0007     0.0006     0.0007     0.0008     0.0007 
Overlap                    0.0000     0.0000     0.0000     0.0000     0.0000     0.0000     0.0000     0.0000     0.0000     0.0000     0.0000     0.0000     0.0000     0.0000     0.0000     0.0000     0.0000     0.0000 
Load imbalance             0.0001     0.0001     0.0001     0.0000     0.0001     0.0000     0.0001     0.0001     0.0001     0.0000     0.0000     0.0000     0.0001     0.0002     0.0000     0.0002     0.0002     0.0001 
Execution time             0.0080     0.0069     0.0080     0.0084     0.0069     0.0088     0.0069     0.0069     0.0069     0.0096     0.0096     0.0100     0.0069     0.0069     0.0092     0.0069     0.0069     0.0076 
User CPU time              0.0005     0.0005     0.0005     0.0006     0.0005     0.0006     0.0005     0.0005     0.0005     0.0006     0.0006     0.0006     0.0004     0.0004     0.0006     0.0004     0.0004     0.0005 
Sys. CPU time              0.0000     0.0000     0.0000     0.0000     0.0000     0.0000     0.0000     0.0000     0.0000     0.0000     0.0000     0.0000     0.0000     0.0000     0.0000     0.0000     0.0000     0.0000 
I/O time                   0.0000     0.0000     0.0000     0.0000     0.0000     0.0000     0.0000     0.0000     0.0000     0.0000     0.0000     0.0000     0.0000     0.0000     0.0000     0.0000     0.0000     0.0000 
Processors                     18         18         18         18         18         18         18         18         18         18         18         18         18         18         18         18         18         18 
           Communication          
Reduction                  0.0002     0.0003     0.0004     0.0002     0.0002     0.0003     0.0002     0.0004     0.0005     0.0004     0.0006     0.0006     0.0004     0.0006     0.0006     0.0006     0.0008     0.0006 
Redistribution             0.0000     0.0000     0.0000     0.0001     0.0001     0.0001     0.0002     0.0000     0.0000     0.0002     0.0000     0.0000     0.0002     0.0000     0.0000     0.0000     0.0000     0.0000 
           Synchronization        
I/O                        0.0000     0.0000     0.0000     0.0000     0.0000     0.0000     0.0000     0.0000     0.0000     0.0001     0.0000     0.0000     0.0000     0.0000     0.0000     0.0000     0.0000     0.0001 
Redistribution             0.0000     0.0002     0.0002     0.0002     0.0001     0.0002     0.0002     0.0002     0.0002     0.0002     0.0002     0.0002     0.0003     0.0003     0.0002     0.0003     0.0004     0.0003 
           Variation              
I/O                        0.0000     0.0002     0.0002     0.0002     0.0002     0.0002     0.0002     0.0002     0.0002     0.0002     0.0002     0.0002     0.0002     0.0002     0.0002     0.0002     0.0002     0.0002 
Reduction                  0.0000     0.0000     0.0000     0.0000     0.0000     0.0000     0.0000     0.0000     0.0000     0.0000     0.0000     0.0000     0.0000     0.0000     0.0000     0.0000     0.0000     0.0000 
Redistribution             0.0001     0.0002     0.0003     0.0001     0.0001     0.0002     0.0001     0.0003     0.0004     0.0003     0.0004     0.0004     0.0003     0.0005     0.0004     0.0005     0.0006     0.0005 
           Overlap                
Reduction                  0.0000     0.0000     0.0000     0.0000     0.0000     0.0000     0.0000     0.0000     0.0000     0.0000     0.0000     0.0000     0.0000     0.0000     0.0000     0.0000     0.0000     0.0000 


-------------------------------------------------------------------------
Name (number) and performance time of processors
omp.keldysh.ru(1) 0.935465
omp.keldysh.ru(2) 0.935402
omp.keldysh.ru(3) 0.935497
omp.keldysh.ru(4) 0.935528
omp.keldysh.ru(5) 0.954476
omp.keldysh.ru(6) 0.954435
omp.keldysh.ru(7) 0.955992
omp.keldysh.ru(8) 0.955986
omp.keldysh.ru(9) 0.951891
omp.keldysh.ru(10) 0.951892
omp.keldysh.ru(11) 0.955706
omp.keldysh.ru(12) 0.955727
omp.keldysh.ru(13) 0.949997
omp.keldysh.ru(14) 0.950045
omp.keldysh.ru(15) 0.951594
omp.keldysh.ru(16) 0.951935
omp.keldysh.ru(17) 0.955056
omp.keldysh.ru(18) 0.955044
min - omp.keldysh.ru(2) 0.935402; max - omp.keldysh.ru(7) 0.955992; mid - 0.949537
