Processor system=2*1*4*2
Statistics has been accumulated on DVM-system version 5.0, platform DVM
Analyzer is executing on DVM-system version 5.0, platform DVM
-------------------------------------------------------------------------
INTERVAL ( NLINE=7 SOURCE=acr41.f ) LEVEL=0  EXE_COUNT=1
--- The main characteristics --- 
Parallelization efficiency      0.0847 
Execution time                  0.0192 
Processors                          16
Threads amount                      16
Total time                      0.3065
Productive time                 0.0260 ( CPU= 0.0235 Sys= 0.0024 I/O= 0.0000 )
Lost  time                      0.2806 
   Insufficient parallelism     0.2168 ( User= 0.1806 Sys= 0.0362 )
   Communication                0.0367 ( Real_sync= 0.0000 Starts= 0.0000 )
   Idle time                    0.0271
Load imbalance                  0.0043
Synchronization                 0.0561
Time variation                  0.0659
Overlap                         0.0044
                  Nop   Communic    Synchro  Variation    Overlap 
I/O                10     0.0000     0.0004     0.0033     0.0000 
Reduction           8     0.0040     0.0001     0.0001     0.0000 
Shadow             24     0.0314     0.0556     0.0625     0.0044 
--- The comparative characteristics --- 
                              Tmin N proc      Tmax N proc      Tmid
Lost time                   0.0173    11     0.0179    14     0.0175 
User insufficient par.      0.0085    13     0.0132    11     0.0113 
Sys.insufficient par.       0.0009    14     0.0035     1     0.0023 
Idle time                   0.0000    16     0.0027     8     0.0017 
Communication               0.0004     1     0.0058    14     0.0023 
Synchronization             0.0009     8     0.0080    13     0.0035 
Variation                   0.0015     8     0.0067    13     0.0041 
Overlap                     0.0000    13     0.0004     9     0.0003 
Load imbalance              0.0000    11     0.0006    14     0.0003 
Execution time              0.0165     8     0.0192    16     0.0175 
User CPU time               0.0012    13     0.0017    11     0.0015 
Sys. CPU time               0.0001    14     0.0002     1     0.0001 
I/O time                    0.0000    13     0.0000     1     0.0000 
Processors                      16     1         16    16         16 
                      Communic          Synchro        Variation          Overlap  
I/O             Tmin    0.0000     1     0.0000     1     0.0000     1     0.0000     1 
I/O             Tmax    0.0000    16     0.0001    14     0.0002    14     0.0000    16 
I/O             Tmid    0.0000           0.0000           0.0002           0.0000       
Reduction       Tmin    0.0001     3     0.0000    12     0.0000     4     0.0000     1 
Reduction       Tmax    0.0007    15     0.0000    14     0.0000     2     0.0000    12 
Reduction       Tmid    0.0003           0.0000           0.0000           0.0000       
Shadow          Tmin    0.0002     1     0.0009     8     0.0012     8     0.0000    13 
Shadow          Tmax    0.0048    16     0.0080    13     0.0065    13     0.0004     9 
Shadow          Tmid    0.0020           0.0035           0.0039           0.0003       
--- The execution characteristics --- 
                                1          2          3          4          5          6          7          8          9         10         11         12         13         14         15         16 
Lost time                  0.0176     0.0176     0.0173     0.0173     0.0173     0.0174     0.0174     0.0175     0.0177     0.0175     0.0173     0.0174     0.0178     0.0179     0.0178     0.0177 
User insufficient par.     0.0110     0.0122     0.0120     0.0115     0.0127     0.0110     0.0129     0.0111     0.0110     0.0131     0.0132     0.0111     0.0085     0.0085     0.0099     0.0110 
Sys.insufficient par.      0.0035     0.0030     0.0029     0.0025     0.0025     0.0019     0.0020     0.0015     0.0031     0.0027     0.0025     0.0020     0.0022     0.0009     0.0017     0.0013 
Idle time                  0.0027     0.0016     0.0015     0.0020     0.0008     0.0026     0.0008     0.0027     0.0026     0.0004     0.0004     0.0026     0.0026     0.0027     0.0012     0.0000 
Communication              0.0004     0.0009     0.0009     0.0014     0.0013     0.0018     0.0016     0.0022     0.0010     0.0014     0.0012     0.0017     0.0046     0.0058     0.0051     0.0055 
Synchronization            0.0032     0.0029     0.0027     0.0021     0.0021     0.0015     0.0014     0.0009     0.0031     0.0027     0.0020     0.0014     0.0080     0.0074     0.0077     0.0070 
Variation                  0.0053     0.0048     0.0046     0.0035     0.0035     0.0024     0.0025     0.0015     0.0049     0.0041     0.0035     0.0024     0.0067     0.0056     0.0059     0.0048 
Overlap                    0.0004     0.0004     0.0003     0.0003     0.0004     0.0004     0.0004     0.0004     0.0004     0.0004     0.0003     0.0003     0.0000     0.0000     0.0000     0.0000 
Load imbalance             0.0004     0.0003     0.0001     0.0000     0.0000     0.0002     0.0001     0.0002     0.0004     0.0003     0.0000     0.0001     0.0006     0.0006     0.0005     0.0005 
Execution time             0.0165     0.0176     0.0176     0.0172     0.0184     0.0165     0.0184     0.0165     0.0165     0.0188     0.0188     0.0165     0.0165     0.0165     0.0180     0.0192 
User CPU time              0.0013     0.0014     0.0016     0.0017     0.0017     0.0016     0.0017     0.0016     0.0013     0.0014     0.0017     0.0016     0.0012     0.0012     0.0012     0.0013 
Sys. CPU time              0.0002     0.0002     0.0002     0.0002     0.0002     0.0001     0.0001     0.0001     0.0002     0.0002     0.0002     0.0001     0.0001     0.0001     0.0001     0.0001 
I/O time                   0.0000     0.0000     0.0000     0.0000     0.0000     0.0000     0.0000     0.0000     0.0000     0.0000     0.0000     0.0000     0.0000     0.0000     0.0000     0.0000 
Processors                     16         16         16         16         16         16         16         16         16         16         16         16         16         16         16         16 
           Communication          
Reduction                  0.0001     0.0001     0.0001     0.0001     0.0001     0.0001     0.0001     0.0001     0.0002     0.0002     0.0001     0.0001     0.0007     0.0007     0.0007     0.0007 
Shadow                     0.0002     0.0007     0.0007     0.0013     0.0012     0.0017     0.0015     0.0021     0.0008     0.0012     0.0011     0.0016     0.0039     0.0044     0.0044     0.0048 
           Synchronization        
I/O                        0.0000     0.0000     0.0000     0.0000     0.0000     0.0000     0.0000     0.0000     0.0000     0.0000     0.0000     0.0000     0.0001     0.0001     0.0001     0.0001 
Reduction                  0.0000     0.0000     0.0000     0.0000     0.0000     0.0000     0.0000     0.0000     0.0000     0.0000     0.0000     0.0000     0.0000     0.0000     0.0000     0.0000 
Shadow                     0.0032     0.0029     0.0027     0.0021     0.0021     0.0015     0.0014     0.0009     0.0031     0.0026     0.0020     0.0014     0.0080     0.0073     0.0076     0.0069 
           Variation              
I/O                        0.0000     0.0002     0.0002     0.0002     0.0002     0.0002     0.0002     0.0002     0.0002     0.0002     0.0002     0.0002     0.0002     0.0002     0.0002     0.0002 
Reduction                  0.0000     0.0000     0.0000     0.0000     0.0000     0.0000     0.0000     0.0000     0.0000     0.0000     0.0000     0.0000     0.0000     0.0000     0.0000     0.0000 
Shadow                     0.0053     0.0046     0.0044     0.0033     0.0033     0.0022     0.0023     0.0012     0.0047     0.0038     0.0033     0.0022     0.0065     0.0053     0.0056     0.0046 
           Overlap                
Reduction                  0.0000     0.0000     0.0000     0.0000     0.0000     0.0000     0.0000     0.0000     0.0000     0.0000     0.0000     0.0000     0.0000     0.0000     0.0000     0.0000 
Shadow                     0.0004     0.0004     0.0003     0.0003     0.0004     0.0004     0.0004     0.0004     0.0004     0.0004     0.0003     0.0003     0.0000     0.0000     0.0000     0.0000 


-------------------------------------------------------------------------
Name (number) and performance time of processors
omp.keldysh.ru(1) 0.933697
omp.keldysh.ru(2) 0.933625
omp.keldysh.ru(3) 0.955468
omp.keldysh.ru(4) 0.955485
omp.keldysh.ru(5) 0.933696
omp.keldysh.ru(6) 0.933690
omp.keldysh.ru(7) 0.955629
omp.keldysh.ru(8) 0.955648
omp.keldysh.ru(9) 0.955627
omp.keldysh.ru(10) 0.955838
omp.keldysh.ru(11) 0.956570
omp.keldysh.ru(12) 0.956579
omp.keldysh.ru(13) 0.957172
omp.keldysh.ru(14) 0.957160
omp.keldysh.ru(15) 0.952598
omp.keldysh.ru(16) 0.952591
min - omp.keldysh.ru(2) 0.933625; max - omp.keldysh.ru(13) 0.957172; mid - 0.950067
