Processor system=2*1*4*2
Statistics has been accumulated on DVM-system version 5.0, platform DVM
Analyzer is executing on DVM-system version 5.0, platform DVM
-------------------------------------------------------------------------
INTERVAL ( NLINE=5 SOURCE=realign44.f ) LEVEL=0  EXE_COUNT=1
--- The main characteristics --- 
Parallelization efficiency      0.0601 
Execution time                  0.0088 
Processors                          16
Threads amount                      16
Total time                      0.1400
Productive time                 0.0084 ( CPU= 0.0080 Sys= 0.0004 I/O= 0.0000 )
Lost  time                      0.1316 
   Insufficient parallelism     0.0918 ( User= 0.0862 Sys= 0.0056 )
   Communication                0.0082 ( Real_sync= 0.0000 Starts= 0.0000 )
   Idle time                    0.0316
Load imbalance                  0.0021
Synchronization                 0.0045
Time variation                  0.0084
Overlap                         0.0000
                  Nop   Communic    Synchro  Variation    Overlap 
I/O                 6     0.0000     0.0005     0.0029     0.0000 
Reduction           4     0.0078     0.0000     0.0001     0.0000 
Redistribution      4     0.0004     0.0039     0.0054     0.0000 
--- The comparative characteristics --- 
                              Tmin N proc      Tmax N proc      Tmid
Lost time                   0.0081     5     0.0084    14     0.0082 
User insufficient par.      0.0039    14     0.0071    13     0.0054 
Sys.insufficient par.       0.0002    14     0.0005     1     0.0003 
Idle time                   0.0000    13     0.0035    14     0.0020 
Communication               0.0002     1     0.0008    14     0.0005 
Synchronization             0.0001     1     0.0005    14     0.0003 
Variation                   0.0001     1     0.0008    14     0.0005 
Overlap                     0.0000     7     0.0000    11     0.0000 
Load imbalance              0.0000     5     0.0003    14     0.0001 
Execution time              0.0053    14     0.0088    13     0.0068 
User CPU time               0.0004    14     0.0006     5     0.0005 
Sys. CPU time               0.0000    14     0.0000     5     0.0000 
I/O time                    0.0000    10     0.0000     1     0.0000 
Processors                      16     1         16    16         16 
                      Communic          Synchro        Variation          Overlap  
I/O             Tmin    0.0000     1     0.0000     1     0.0000     1     0.0000     1 
I/O             Tmax    0.0000    16     0.0000    13     0.0002    13     0.0000    16 
I/O             Tmid    0.0000           0.0000           0.0002           0.0000       
Reduction       Tmin    0.0002     3     0.0000    11     0.0000    14     0.0000     7 
Reduction       Tmax    0.0008    14     0.0000    15     0.0000    16     0.0000    11 
Reduction       Tmid    0.0005           0.0000           0.0000           0.0000       
Redistribution  Tmin    0.0000    10     0.0001     1     0.0001     3     0.0000     1 
Redistribution  Tmax    0.0001     9     0.0004    14     0.0006    14     0.0000    16 
Redistribution  Tmid    0.0000           0.0002           0.0003           0.0000       
--- The execution characteristics --- 
                                1          2          3          4          5          6          7          8          9         10         11         12         13         14         15         16 
Lost time                  0.0083     0.0082     0.0081     0.0082     0.0081     0.0082     0.0083     0.0081     0.0083     0.0082     0.0082     0.0082     0.0081     0.0084     0.0083     0.0083 
User insufficient par.     0.0041     0.0058     0.0059     0.0047     0.0062     0.0062     0.0041     0.0069     0.0040     0.0065     0.0066     0.0050     0.0071     0.0039     0.0053     0.0039 
Sys.insufficient par.      0.0005     0.0004     0.0004     0.0004     0.0004     0.0004     0.0004     0.0004     0.0003     0.0003     0.0003     0.0003     0.0003     0.0002     0.0003     0.0003 
Idle time                  0.0034     0.0015     0.0016     0.0027     0.0012     0.0012     0.0034     0.0004     0.0034     0.0008     0.0008     0.0023     0.0000     0.0035     0.0019     0.0035 
Communication              0.0002     0.0005     0.0003     0.0004     0.0003     0.0005     0.0004     0.0005     0.0005     0.0006     0.0005     0.0005     0.0007     0.0008     0.0007     0.0007 
Synchronization            0.0001     0.0002     0.0001     0.0002     0.0002     0.0003     0.0002     0.0003     0.0003     0.0003     0.0003     0.0003     0.0004     0.0005     0.0004     0.0004 
Variation                  0.0001     0.0005     0.0003     0.0005     0.0004     0.0006     0.0004     0.0005     0.0004     0.0006     0.0006     0.0006     0.0007     0.0008     0.0008     0.0007 
Overlap                    0.0000     0.0000     0.0000     0.0000     0.0000     0.0000     0.0000     0.0000     0.0000     0.0000     0.0000     0.0000     0.0000     0.0000     0.0000     0.0000 
Load imbalance             0.0002     0.0001     0.0000     0.0002     0.0000     0.0001     0.0002     0.0000     0.0002     0.0001     0.0001     0.0001     0.0000     0.0003     0.0002     0.0002 
Execution time             0.0053     0.0072     0.0072     0.0060     0.0076     0.0076     0.0053     0.0084     0.0053     0.0080     0.0080     0.0064     0.0088     0.0053     0.0068     0.0053 
User CPU time              0.0004     0.0005     0.0006     0.0005     0.0006     0.0006     0.0004     0.0006     0.0004     0.0005     0.0006     0.0005     0.0006     0.0004     0.0005     0.0004 
Sys. CPU time              0.0000     0.0000     0.0000     0.0000     0.0000     0.0000     0.0000     0.0000     0.0000     0.0000     0.0000     0.0000     0.0000     0.0000     0.0000     0.0000 
I/O time                   0.0000     0.0000     0.0000     0.0000     0.0000     0.0000     0.0000     0.0000     0.0000     0.0000     0.0000     0.0000     0.0000     0.0000     0.0000     0.0000 
Processors                     16         16         16         16         16         16         16         16         16         16         16         16         16         16         16         16 
           Communication          
Reduction                  0.0002     0.0004     0.0002     0.0004     0.0003     0.0005     0.0004     0.0005     0.0004     0.0006     0.0005     0.0005     0.0007     0.0008     0.0007     0.0007 
Redistribution             0.0000     0.0000     0.0001     0.0000     0.0001     0.0000     0.0000     0.0000     0.0001     0.0000     0.0000     0.0000     0.0000     0.0000     0.0000     0.0000 
           Synchronization        
I/O                        0.0000     0.0000     0.0000     0.0000     0.0000     0.0000     0.0000     0.0000     0.0000     0.0000     0.0000     0.0000     0.0000     0.0000     0.0000     0.0000 
Reduction                  0.0000     0.0000     0.0000     0.0000     0.0000     0.0000     0.0000     0.0000     0.0000     0.0000     0.0000     0.0000     0.0000     0.0000     0.0000     0.0000 
Redistribution             0.0001     0.0002     0.0001     0.0002     0.0001     0.0002     0.0002     0.0002     0.0003     0.0003     0.0002     0.0002     0.0004     0.0004     0.0004     0.0003 
           Variation              
I/O                        0.0000     0.0002     0.0002     0.0002     0.0002     0.0002     0.0002     0.0002     0.0002     0.0002     0.0002     0.0002     0.0002     0.0002     0.0002     0.0002 
Reduction                  0.0000     0.0000     0.0000     0.0000     0.0000     0.0000     0.0000     0.0000     0.0000     0.0000     0.0000     0.0000     0.0000     0.0000     0.0000     0.0000 
Redistribution             0.0001     0.0003     0.0001     0.0003     0.0001     0.0003     0.0002     0.0003     0.0003     0.0004     0.0004     0.0004     0.0005     0.0006     0.0005     0.0005 
           Overlap                
Reduction                  0.0000     0.0000     0.0000     0.0000     0.0000     0.0000     0.0000     0.0000     0.0000     0.0000     0.0000     0.0000     0.0000     0.0000     0.0000     0.0000 


-------------------------------------------------------------------------
Name (number) and performance time of processors
omp.keldysh.ru(1) 0.935365
omp.keldysh.ru(2) 0.935306
omp.keldysh.ru(3) 0.935485
omp.keldysh.ru(4) 0.935496
omp.keldysh.ru(5) 0.956111
omp.keldysh.ru(6) 0.956110
omp.keldysh.ru(7) 0.955166
omp.keldysh.ru(8) 0.955135
omp.keldysh.ru(9) 0.954889
omp.keldysh.ru(10) 0.954881
omp.keldysh.ru(11) 0.956268
omp.keldysh.ru(12) 0.956250
omp.keldysh.ru(13) 0.935412
omp.keldysh.ru(14) 0.935363
omp.keldysh.ru(15) 0.956602
omp.keldysh.ru(16) 0.956309
min - omp.keldysh.ru(2) 0.935306; max - omp.keldysh.ru(15) 0.956602; mid - 0.948134
