Processor system=1*4*4*1
Statistics has been accumulated on DVM-system version 5.0, platform DVM
Analyzer is executing on DVM-system version 5.0, platform DVM
-------------------------------------------------------------------------
INTERVAL ( NLINE=6 SOURCE=cons44.f ) LEVEL=0  EXE_COUNT=1
--- The main characteristics --- 
Parallelization efficiency      0.0708 
Execution time                  0.0177 
Processors                          16
Threads amount                      16
Total time                      0.2835
Productive time                 0.0201 ( CPU= 0.0180 Sys= 0.0021 I/O= 0.0000 )
Lost  time                      0.2635 
   Insufficient parallelism     0.1630 ( User= 0.1312 Sys= 0.0318 )
   Communication                0.0771 ( Real_sync= 0.0000 Starts= 0.0000 )
   Idle time                    0.0234
Load imbalance                  0.0027
Synchronization                 0.0152
Time variation                  0.0196
Overlap                         0.0000
                  Nop   Communic    Synchro  Variation    Overlap 
I/O                18     0.0000     0.0023     0.0054     0.0000 
Reduction          16     0.0130     0.0019     0.0019     0.0000 
Remote access      96     0.0641     0.0110     0.0124     0.0000 
--- The comparative characteristics --- 
                              Tmin N proc      Tmax N proc      Tmid
Lost time                   0.0163    10     0.0167    15     0.0165 
User insufficient par.      0.0069    15     0.0097    10     0.0082 
Sys.insufficient par.       0.0015    14     0.0022     1     0.0020 
Idle time                   0.0000    11     0.0023     7     0.0015 
Communication               0.0042     1     0.0062    14     0.0048 
Synchronization             0.0004     3     0.0016    14     0.0010 
Variation                   0.0007     3     0.0020    14     0.0012 
Overlap                     0.0000     1     0.0000    11     0.0000 
Load imbalance              0.0000    10     0.0004    15     0.0002 
Execution time              0.0154     7     0.0177    11     0.0163 
User CPU time               0.0009    15     0.0013    10     0.0011 
Sys. CPU time               0.0001    14     0.0001     6     0.0001 
I/O time                    0.0000    16     0.0000     1     0.0000 
Processors                      16     1         16    16         16 
                      Communic          Synchro        Variation          Overlap  
I/O             Tmin    0.0000     1     0.0000     3     0.0001     1     0.0000     1 
I/O             Tmax    0.0000    16     0.0002    13     0.0004    13     0.0000    16 
I/O             Tmid    0.0000           0.0001           0.0003           0.0000       
Reduction       Tmin    0.0005     6     0.0000     3     0.0000     3     0.0000     1 
Reduction       Tmax    0.0015    14     0.0001     2     0.0001    14     0.0000    11 
Reduction       Tmid    0.0008           0.0001           0.0001           0.0000       
Remote access   Tmin    0.0034     1     0.0004     3     0.0004     3     0.0000     1 
Remote access   Tmax    0.0048    15     0.0013    14     0.0015    14     0.0000     5 
Remote access   Tmid    0.0040           0.0007           0.0008           0.0000       
--- The execution characteristics --- 
                                1          2          3          4          5          6          7          8          9         10         11         12         13         14         15         16 
Lost time                  0.0164     0.0164     0.0164     0.0165     0.0164     0.0164     0.0165     0.0164     0.0164     0.0163     0.0163     0.0164     0.0166     0.0166     0.0167     0.0167 
User insufficient par.     0.0087     0.0087     0.0077     0.0076     0.0078     0.0077     0.0076     0.0084     0.0077     0.0097     0.0097     0.0090     0.0087     0.0085     0.0069     0.0070 
Sys.insufficient par.      0.0022     0.0021     0.0021     0.0021     0.0021     0.0022     0.0021     0.0021     0.0021     0.0021     0.0022     0.0021     0.0015     0.0015     0.0015     0.0017 
Idle time                  0.0012     0.0012     0.0023     0.0023     0.0022     0.0022     0.0023     0.0016     0.0022     0.0000     0.0000     0.0008     0.0004     0.0004     0.0022     0.0022 
Communication              0.0042     0.0044     0.0043     0.0045     0.0044     0.0044     0.0046     0.0044     0.0044     0.0045     0.0045     0.0045     0.0060     0.0062     0.0061     0.0058 
Synchronization            0.0010     0.0009     0.0004     0.0007     0.0008     0.0007     0.0007     0.0009     0.0010     0.0006     0.0007     0.0007     0.0016     0.0016     0.0015     0.0013 
Variation                  0.0011     0.0012     0.0007     0.0010     0.0011     0.0009     0.0010     0.0011     0.0013     0.0009     0.0009     0.0009     0.0020     0.0020     0.0019     0.0017 
Overlap                    0.0000     0.0000     0.0000     0.0000     0.0000     0.0000     0.0000     0.0000     0.0000     0.0000     0.0000     0.0000     0.0000     0.0000     0.0000     0.0000 
Load imbalance             0.0001     0.0001     0.0001     0.0002     0.0001     0.0001     0.0002     0.0001     0.0001     0.0000     0.0000     0.0001     0.0003     0.0003     0.0004     0.0004 
Execution time             0.0165     0.0165     0.0155     0.0155     0.0155     0.0155     0.0154     0.0161     0.0155     0.0177     0.0177     0.0169     0.0173     0.0173     0.0155     0.0155 
User CPU time              0.0012     0.0012     0.0011     0.0011     0.0011     0.0011     0.0011     0.0012     0.0012     0.0013     0.0013     0.0012     0.0010     0.0010     0.0009     0.0009 
Sys. CPU time              0.0001     0.0001     0.0001     0.0001     0.0001     0.0001     0.0001     0.0001     0.0001     0.0001     0.0001     0.0001     0.0001     0.0001     0.0001     0.0001 
I/O time                   0.0000     0.0000     0.0000     0.0000     0.0000     0.0000     0.0000     0.0000     0.0000     0.0000     0.0000     0.0000     0.0000     0.0000     0.0000     0.0000 
Processors                     16         16         16         16         16         16         16         16         16         16         16         16         16         16         16         16 
           Communication          
Reduction                  0.0008     0.0007     0.0006     0.0006     0.0007     0.0005     0.0006     0.0007     0.0007     0.0006     0.0006     0.0006     0.0014     0.0015     0.0013     0.0012 
Remote access              0.0034     0.0037     0.0038     0.0039     0.0037     0.0039     0.0039     0.0037     0.0036     0.0039     0.0038     0.0039     0.0046     0.0048     0.0048     0.0046 
           Synchronization        
I/O                        0.0002     0.0002     0.0000     0.0002     0.0002     0.0001     0.0002     0.0002     0.0002     0.0001     0.0001     0.0001     0.0002     0.0002     0.0002     0.0002 
Reduction                  0.0001     0.0001     0.0000     0.0001     0.0001     0.0001     0.0001     0.0001     0.0001     0.0001     0.0001     0.0001     0.0001     0.0001     0.0001     0.0001 
Remote access              0.0007     0.0006     0.0004     0.0004     0.0005     0.0005     0.0004     0.0005     0.0007     0.0005     0.0005     0.0004     0.0013     0.0013     0.0012     0.0010 
           Variation              
I/O                        0.0001     0.0004     0.0002     0.0004     0.0004     0.0004     0.0004     0.0004     0.0004     0.0003     0.0003     0.0003     0.0004     0.0004     0.0004     0.0004 
Reduction                  0.0001     0.0001     0.0000     0.0001     0.0001     0.0001     0.0001     0.0001     0.0001     0.0001     0.0001     0.0001     0.0001     0.0001     0.0001     0.0001 
Remote access              0.0008     0.0007     0.0004     0.0005     0.0006     0.0004     0.0005     0.0006     0.0008     0.0005     0.0005     0.0005     0.0014     0.0015     0.0013     0.0012 
           Overlap                
Reduction                  0.0000     0.0000     0.0000     0.0000     0.0000     0.0000     0.0000     0.0000     0.0000     0.0000     0.0000     0.0000     0.0000     0.0000     0.0000     0.0000 
Remote access              0.0000     0.0000     0.0000     0.0000     0.0000     0.0000     0.0000     0.0000     0.0000     0.0000     0.0000     0.0000     0.0000     0.0000     0.0000     0.0000 


-------------------------------------------------------------------------
Name (number) and performance time of processors
omp.keldysh.ru(1) 0.933968
omp.keldysh.ru(2) 0.933902
omp.keldysh.ru(3) 0.951441
omp.keldysh.ru(4) 0.951438
omp.keldysh.ru(5) 0.956683
omp.keldysh.ru(6) 0.956674
omp.keldysh.ru(7) 0.957790
omp.keldysh.ru(8) 0.957493
omp.keldysh.ru(9) 0.933722
omp.keldysh.ru(10) 0.933737
omp.keldysh.ru(11) 0.956357
omp.keldysh.ru(12) 0.956402
omp.keldysh.ru(13) 0.957577
omp.keldysh.ru(14) 0.957593
omp.keldysh.ru(15) 0.958790
omp.keldysh.ru(16) 0.958812
min - omp.keldysh.ru(9) 0.933722; max - omp.keldysh.ru(16) 0.958812; mid - 0.950774
