Processor system=1*6*3*1
Statistics has been accumulated on DVM-system version 5.0, platform DVM
Analyzer is executing on DVM-system version 5.0, platform DVM
-------------------------------------------------------------------------
INTERVAL ( NLINE=8 SOURCE=sha42.f ) LEVEL=0  EXE_COUNT=2
--- The main characteristics --- 
Parallelization efficiency      0.0478 
Execution time                  0.0205 
Processors                          18
Threads amount                      18
Total time                      0.3689
Productive time                 0.0176 ( CPU= 0.0169 Sys= 0.0007 I/O= 0.0000 )
Lost  time                      0.3513 
   Insufficient parallelism     0.3000 ( User= 0.2873 Sys= 0.0127 )
   Communication                0.0080 ( Real_sync= 0.0000 Starts= 0.0000 )
   Idle time                    0.0433
Load imbalance                  0.0026
Synchronization                 0.0965
Time variation                  0.0996
Overlap                         0.0169
                  Nop   Communic    Synchro  Variation    Overlap 
I/O                 6     0.0000     0.0420     0.0451     0.0000 
Reduction           5     0.0080     0.0279     0.0279     0.0000 
Shadow              5     0.0000     0.0265     0.0265     0.0169 
--- The comparative characteristics --- 
                              Tmin N proc      Tmax N proc      Tmid
Lost time                   0.0194    15     0.0198    18     0.0195 
User insufficient par.      0.0104    18     0.0184    15     0.0160 
Sys.insufficient par.       0.0006    10     0.0008     1     0.0007 
Idle time                   0.0000    15     0.0070    18     0.0024 
Communication               0.0002    15     0.0018    18     0.0004 
Synchronization             0.0001    15     0.0304    18     0.0054 
Variation                   0.0003    15     0.0306    18     0.0055 
Overlap                     0.0000    18     0.0017    16     0.0009 
Load imbalance              0.0000    15     0.0005    18     0.0001 
Execution time              0.0135    18     0.0205    15     0.0181 
User CPU time               0.0006    18     0.0011    15     0.0009 
Sys. CPU time               0.0000     1     0.0000    16     0.0000 
I/O time                    0.0000    16     0.0000     1     0.0000 
Processors                      18     1         18    18         18 
                      Communic          Synchro        Variation          Overlap  
I/O             Tmin    0.0000     1     0.0000    15     0.0002    15     0.0000     1 
I/O             Tmax    0.0000    18     0.0129    18     0.0131    18     0.0000    18 
I/O             Tmid    0.0000           0.0023           0.0025           0.0000       
Reduction       Tmin    0.0002    15     0.0000    15     0.0000    15     0.0000     1 
Reduction       Tmax    0.0018    18     0.0087    18     0.0087    18     0.0000    10 
Reduction       Tmid    0.0004           0.0016           0.0016           0.0000       
Shadow          Tmin    0.0000     1     0.0000    15     0.0000    16     0.0000    18 
Shadow          Tmax    0.0000    18     0.0087    18     0.0087    18     0.0017    16 
Shadow          Tmid    0.0000           0.0015           0.0015           0.0009       
--- The execution characteristics --- 
                                1          2          3          4          5          6          7          8          9         10         11         12         13         14         15         16         17         18 
Lost time                  0.0194     0.0195     0.0196     0.0195     0.0195     0.0195     0.0196     0.0194     0.0195     0.0196     0.0196     0.0195     0.0194     0.0195     0.0194     0.0194     0.0197     0.0198 
User insufficient par.     0.0183     0.0167     0.0149     0.0162     0.0169     0.0168     0.0150     0.0178     0.0170     0.0153     0.0141     0.0155     0.0174     0.0159     0.0184     0.0183     0.0124     0.0104 
Sys.insufficient par.      0.0008     0.0007     0.0007     0.0007     0.0007     0.0008     0.0008     0.0007     0.0006     0.0006     0.0007     0.0007     0.0007     0.0007     0.0007     0.0008     0.0007     0.0007 
Idle time                  0.0000     0.0018     0.0038     0.0023     0.0015     0.0015     0.0035     0.0007     0.0012     0.0032     0.0044     0.0029     0.0010     0.0026     0.0000     0.0000     0.0060     0.0070 
Communication              0.0003     0.0003     0.0003     0.0003     0.0004     0.0004     0.0003     0.0003     0.0006     0.0005     0.0004     0.0004     0.0004     0.0003     0.0002     0.0002     0.0006     0.0018 
Synchronization            0.0083     0.0032     0.0022     0.0028     0.0056     0.0037     0.0036     0.0025     0.0027     0.0024     0.0077     0.0043     0.0019     0.0019     0.0001     0.0001     0.0132     0.0304 
Variation                  0.0082     0.0034     0.0024     0.0030     0.0058     0.0039     0.0038     0.0027     0.0029     0.0026     0.0079     0.0044     0.0020     0.0021     0.0003     0.0003     0.0134     0.0306 
Overlap                    0.0004     0.0012     0.0012     0.0010     0.0005     0.0010     0.0008     0.0011     0.0010     0.0011     0.0005     0.0009     0.0013     0.0012     0.0017     0.0017     0.0004     0.0000 
Load imbalance             0.0000     0.0001     0.0002     0.0001     0.0001     0.0001     0.0002     0.0000     0.0001     0.0002     0.0003     0.0002     0.0001     0.0002     0.0000     0.0000     0.0004     0.0005 
Execution time             0.0205     0.0187     0.0167     0.0182     0.0190     0.0190     0.0170     0.0198     0.0193     0.0173     0.0161     0.0176     0.0195     0.0179     0.0205     0.0205     0.0145     0.0135 
User CPU time              0.0011     0.0010     0.0009     0.0010     0.0010     0.0010     0.0009     0.0010     0.0010     0.0009     0.0008     0.0009     0.0010     0.0009     0.0011     0.0011     0.0007     0.0006 
Sys. CPU time              0.0000     0.0000     0.0000     0.0000     0.0000     0.0000     0.0000     0.0000     0.0000     0.0000     0.0000     0.0000     0.0000     0.0000     0.0000     0.0000     0.0000     0.0000 
I/O time                   0.0000     0.0000     0.0000     0.0000     0.0000     0.0000     0.0000     0.0000     0.0000     0.0000     0.0000     0.0000     0.0000     0.0000     0.0000     0.0000     0.0000     0.0000 
Processors                     18         18         18         18         18         18         18         18         18         18         18         18         18         18         18         18         18         18 
           Communication          
Reduction                  0.0003     0.0003     0.0003     0.0003     0.0004     0.0004     0.0003     0.0003     0.0006     0.0005     0.0004     0.0004     0.0004     0.0003     0.0002     0.0002     0.0006     0.0018 
           Synchronization        
I/O                        0.0038     0.0015     0.0009     0.0011     0.0024     0.0017     0.0015     0.0011     0.0010     0.0009     0.0035     0.0020     0.0008     0.0008     0.0000     0.0000     0.0060     0.0129 
Reduction                  0.0024     0.0010     0.0006     0.0008     0.0016     0.0011     0.0011     0.0007     0.0007     0.0007     0.0022     0.0012     0.0005     0.0005     0.0000     0.0000     0.0039     0.0087 
Shadow                     0.0020     0.0007     0.0007     0.0009     0.0016     0.0009     0.0010     0.0007     0.0010     0.0008     0.0019     0.0010     0.0006     0.0007     0.0000     0.0000     0.0033     0.0087 
           Variation              
I/O                        0.0037     0.0017     0.0011     0.0013     0.0026     0.0019     0.0017     0.0013     0.0012     0.0011     0.0037     0.0022     0.0010     0.0009     0.0002     0.0002     0.0062     0.0131 
Reduction                  0.0024     0.0010     0.0006     0.0008     0.0016     0.0011     0.0011     0.0007     0.0007     0.0007     0.0022     0.0012     0.0005     0.0005     0.0000     0.0000     0.0039     0.0087 
Shadow                     0.0020     0.0007     0.0007     0.0009     0.0016     0.0009     0.0010     0.0007     0.0010     0.0008     0.0019     0.0010     0.0006     0.0007     0.0000     0.0000     0.0033     0.0087 
           Overlap                
Reduction                  0.0000     0.0000     0.0000     0.0000     0.0000     0.0000     0.0000     0.0000     0.0000     0.0000     0.0000     0.0000     0.0000     0.0000     0.0000     0.0000     0.0000     0.0000 
Shadow                     0.0004     0.0012     0.0012     0.0010     0.0005     0.0010     0.0008     0.0011     0.0010     0.0011     0.0005     0.0009     0.0013     0.0012     0.0017     0.0017     0.0004     0.0000 


-------------------------------------------------------------------------
Name (number) and performance time of processors
omp.keldysh.ru(1) 0.935495
omp.keldysh.ru(2) 0.935448
omp.keldysh.ru(3) 0.952956
omp.keldysh.ru(4) 0.952978
omp.keldysh.ru(5) 0.951007
omp.keldysh.ru(6) 0.950970
omp.keldysh.ru(7) 0.935417
omp.keldysh.ru(8) 0.935386
omp.keldysh.ru(9) 0.956100
omp.keldysh.ru(10) 0.955780
omp.keldysh.ru(11) 0.953815
omp.keldysh.ru(12) 0.953782
omp.keldysh.ru(13) 0.954133
omp.keldysh.ru(14) 0.954182
omp.keldysh.ru(15) 0.952875
omp.keldysh.ru(16) 0.952851
omp.keldysh.ru(17) 0.954446
omp.keldysh.ru(18) 0.954445
min - omp.keldysh.ru(8) 0.935386; max - omp.keldysh.ru(9) 0.956100; mid - 0.949559
