Processor system=2*3*3*1
Statistics has been accumulated on DVM-system version 5.0, platform DVM
Analyzer is executing on DVM-system version 5.0, platform DVM
-------------------------------------------------------------------------
INTERVAL ( NLINE=7 SOURCE=acr41.f ) LEVEL=0  EXE_COUNT=2
--- The main characteristics --- 
Parallelization efficiency      0.0828 
Execution time                  0.0202 
Processors                          18
Threads amount                      18
Total time                      0.3630
Productive time                 0.0301 ( CPU= 0.0275 Sys= 0.0025 I/O= 0.0000 )
Lost  time                      0.3329 
   Insufficient parallelism     0.2534 ( User= 0.2106 Sys= 0.0429 )
   Communication                0.0382 ( Real_sync= 0.0000 Starts= 0.0000 )
   Idle time                    0.0413
Load imbalance                  0.0028
Synchronization                 0.0440
Time variation                  0.0656
Overlap                         0.0055
                  Nop   Communic    Synchro  Variation    Overlap 
I/O                10     0.0000     0.0009     0.0039     0.0000 
Reduction           9     0.0032     0.0007     0.0007     0.0000 
Shadow             24     0.0335     0.0423     0.0610     0.0055 
--- The comparative characteristics --- 
                              Tmin N proc      Tmax N proc      Tmid
Lost time                   0.0183     5     0.0187    18     0.0185 
User insufficient par.      0.0089     8     0.0139    12     0.0117 
Sys.insufficient par.       0.0010    18     0.0038     1     0.0024 
Idle time                   0.0000    12     0.0054     8     0.0023 
Communication               0.0004     1     0.0057    18     0.0021 
Synchronization             0.0009    15     0.0053    18     0.0024 
Variation                   0.0016    15     0.0059     1     0.0036 
Overlap                     0.0000    18     0.0005    14     0.0003 
Load imbalance              0.0000     5     0.0004    18     0.0002 
Execution time              0.0148     8     0.0202    12     0.0179 
User CPU time               0.0014     8     0.0017     6     0.0015 
Sys. CPU time               0.0001    18     0.0002     1     0.0001 
I/O time                    0.0000     8     0.0000     1     0.0000 
Processors                      18     1         18    18         18 
                      Communic          Synchro        Variation          Overlap  
I/O             Tmin    0.0000     1     0.0000    13     0.0000     1     0.0000     1 
I/O             Tmax    0.0000    18     0.0001    18     0.0003    18     0.0000    18 
I/O             Tmid    0.0000           0.0001           0.0002           0.0000       
Reduction       Tmin    0.0001     6     0.0000    13     0.0000    13     0.0000     1 
Reduction       Tmax    0.0005    18     0.0000     4     0.0000     6     0.0000    17 
Reduction       Tmid    0.0002           0.0000           0.0000           0.0000       
Shadow          Tmin    0.0002     1     0.0008    15     0.0013    15     0.0000    18 
Shadow          Tmax    0.0051    18     0.0052    18     0.0059     1     0.0005    14 
Shadow          Tmid    0.0019           0.0024           0.0034           0.0003       
--- The execution characteristics --- 
                                1          2          3          4          5          6          7          8          9         10         11         12         13         14         15         16         17         18 
Lost time                  0.0184     0.0184     0.0185     0.0186     0.0183     0.0184     0.0186     0.0187     0.0185     0.0186     0.0184     0.0184     0.0185     0.0184     0.0184     0.0185     0.0186     0.0187 
User insufficient par.     0.0133     0.0134     0.0112     0.0098     0.0129     0.0129     0.0107     0.0089     0.0122     0.0100     0.0121     0.0139     0.0103     0.0126     0.0127     0.0120     0.0100     0.0116 
Sys.insufficient par.      0.0038     0.0033     0.0029     0.0031     0.0027     0.0022     0.0026     0.0021     0.0015     0.0032     0.0028     0.0023     0.0027     0.0012     0.0016     0.0021     0.0016     0.0010 
Idle time                  0.0008     0.0008     0.0031     0.0047     0.0012     0.0012     0.0035     0.0054     0.0019     0.0043     0.0019     0.0000     0.0039     0.0016     0.0016     0.0023     0.0027     0.0004 
Communication              0.0004     0.0008     0.0013     0.0010     0.0015     0.0021     0.0018     0.0023     0.0028     0.0010     0.0016     0.0022     0.0016     0.0031     0.0026     0.0020     0.0043     0.0057 
Synchronization            0.0033     0.0028     0.0025     0.0027     0.0022     0.0018     0.0024     0.0017     0.0013     0.0031     0.0027     0.0022     0.0022     0.0014     0.0009     0.0015     0.0040     0.0053 
Variation                  0.0059     0.0051     0.0044     0.0050     0.0039     0.0029     0.0038     0.0027     0.0018     0.0053     0.0043     0.0033     0.0038     0.0026     0.0016     0.0028     0.0033     0.0033 
Overlap                    0.0004     0.0004     0.0003     0.0004     0.0004     0.0003     0.0003     0.0003     0.0002     0.0003     0.0003     0.0003     0.0004     0.0005     0.0004     0.0003     0.0001     0.0000 
Load imbalance             0.0001     0.0000     0.0002     0.0002     0.0000     0.0000     0.0002     0.0003     0.0002     0.0003     0.0001     0.0001     0.0002     0.0001     0.0001     0.0001     0.0003     0.0004 
Execution time             0.0194     0.0194     0.0170     0.0155     0.0190     0.0190     0.0167     0.0148     0.0182     0.0159     0.0182     0.0202     0.0163     0.0186     0.0186     0.0178     0.0174     0.0198 
User CPU time              0.0015     0.0016     0.0015     0.0014     0.0017     0.0017     0.0015     0.0014     0.0016     0.0014     0.0016     0.0016     0.0015     0.0016     0.0016     0.0016     0.0014     0.0014 
Sys. CPU time              0.0002     0.0002     0.0002     0.0002     0.0002     0.0001     0.0002     0.0001     0.0001     0.0002     0.0002     0.0001     0.0002     0.0001     0.0001     0.0001     0.0001     0.0001 
I/O time                   0.0000     0.0000     0.0000     0.0000     0.0000     0.0000     0.0000     0.0000     0.0000     0.0000     0.0000     0.0000     0.0000     0.0000     0.0000     0.0000     0.0000     0.0000 
Processors                     18         18         18         18         18         18         18         18         18         18         18         18         18         18         18         18         18         18 
           Communication          
Reduction                  0.0002     0.0001     0.0001     0.0002     0.0001     0.0001     0.0001     0.0001     0.0002     0.0001     0.0002     0.0001     0.0002     0.0001     0.0001     0.0002     0.0004     0.0005 
Shadow                     0.0002     0.0007     0.0012     0.0008     0.0014     0.0020     0.0016     0.0021     0.0026     0.0009     0.0014     0.0020     0.0014     0.0020     0.0024     0.0018     0.0038     0.0051 
           Synchronization        
I/O                        0.0000     0.0001     0.0001     0.0001     0.0001     0.0001     0.0001     0.0000     0.0001     0.0000     0.0001     0.0001     0.0000     0.0000     0.0001     0.0001     0.0000     0.0001 
Reduction                  0.0000     0.0000     0.0000     0.0000     0.0000     0.0000     0.0000     0.0000     0.0000     0.0000     0.0000     0.0000     0.0000     0.0000     0.0000     0.0000     0.0000     0.0000 
Shadow                     0.0033     0.0026     0.0024     0.0026     0.0021     0.0017     0.0023     0.0017     0.0012     0.0030     0.0026     0.0021     0.0021     0.0014     0.0008     0.0015     0.0040     0.0052 
           Variation              
I/O                        0.0000     0.0002     0.0002     0.0002     0.0002     0.0002     0.0002     0.0002     0.0002     0.0002     0.0002     0.0002     0.0002     0.0002     0.0002     0.0002     0.0002     0.0003 
Reduction                  0.0000     0.0000     0.0000     0.0000     0.0000     0.0000     0.0000     0.0000     0.0000     0.0000     0.0000     0.0000     0.0000     0.0000     0.0000     0.0000     0.0000     0.0000 
Shadow                     0.0059     0.0048     0.0041     0.0047     0.0036     0.0026     0.0036     0.0025     0.0015     0.0050     0.0041     0.0030     0.0036     0.0024     0.0013     0.0025     0.0030     0.0030 
           Overlap                
Reduction                  0.0000     0.0000     0.0000     0.0000     0.0000     0.0000     0.0000     0.0000     0.0000     0.0000     0.0000     0.0000     0.0000     0.0000     0.0000     0.0000     0.0000     0.0000 
Shadow                     0.0004     0.0004     0.0003     0.0004     0.0004     0.0003     0.0003     0.0003     0.0002     0.0003     0.0003     0.0003     0.0004     0.0005     0.0004     0.0003     0.0001     0.0000 


-------------------------------------------------------------------------
Name (number) and performance time of processors
omp.keldysh.ru(1) 0.933963
omp.keldysh.ru(2) 0.933867
omp.keldysh.ru(3) 0.950848
omp.keldysh.ru(4) 0.950840
omp.keldysh.ru(5) 0.952155
omp.keldysh.ru(6) 0.952487
omp.keldysh.ru(7) 0.950202
omp.keldysh.ru(8) 0.950188
omp.keldysh.ru(9) 0.954550
omp.keldysh.ru(10) 0.954552
omp.keldysh.ru(11) 0.950796
omp.keldysh.ru(12) 0.950788
omp.keldysh.ru(13) 0.952750
omp.keldysh.ru(14) 0.952744
omp.keldysh.ru(15) 0.949309
omp.keldysh.ru(16) 0.949293
omp.keldysh.ru(17) 0.933657
omp.keldysh.ru(18) 0.933653
min - omp.keldysh.ru(18) 0.933653; max - omp.keldysh.ru(10) 0.954552; mid - 0.947591
