Processor system=6*1*3
Statistics has been accumulated on DVM-system version 5.0, platform DVM
Analyzer is executing on DVM-system version 5.0, platform DVM
-------------------------------------------------------------------------
INTERVAL ( NLINE=5 SOURCE=parallel3.f ) LEVEL=0  EXE_COUNT=2
--- The main characteristics --- 
Parallelization efficiency      0.0529 
Execution time                  0.0096 
Processors                          18
Threads amount                      18
Total time                      0.1736
Productive time                 0.0092 ( CPU= 0.0089 Sys= 0.0003 I/O= 0.0000 )
Lost  time                      0.1644 
   Insufficient parallelism     0.1222 ( User= 0.1167 Sys= 0.0055 )
   Communication                0.0088 ( Real_sync= 0.0000 Starts= 0.0000 )
   Idle time                    0.0335
Load imbalance                  0.0019
Synchronization                 0.0018
Time variation                  0.0043
Overlap                         0.0000
                  Nop   Communic    Synchro  Variation    Overlap 
I/O                 8     0.0000     0.0011     0.0036     0.0000 
Reduction          10     0.0088     0.0007     0.0007     0.0000 
--- The comparative characteristics --- 
                              Tmin N proc      Tmax N proc      Tmid
Lost time                   0.0090    12     0.0092     2     0.0091 
User insufficient par.      0.0057    15     0.0082    12     0.0065 
Sys.insufficient par.       0.0003    17     0.0005     1     0.0003 
Idle time                   0.0000    12     0.0026    15     0.0019 
Communication               0.0003     1     0.0007    17     0.0005 
Synchronization             0.0000    12     0.0002    17     0.0001 
Variation                   0.0001     1     0.0003    17     0.0002 
Overlap                     0.0000     1     0.0000    12     0.0000 
Load imbalance              0.0000    12     0.0002     2     0.0001 
Execution time              0.0070    15     0.0096    12     0.0078 
User CPU time               0.0004     2     0.0006    12     0.0005 
Sys. CPU time               0.0000    17     0.0000     2     0.0000 
I/O time                    0.0000     5     0.0000     1     0.0000 
Processors                      18     1         18    18         18 
                      Communic          Synchro        Variation          Overlap  
I/O             Tmin    0.0000     1     0.0000    15     0.0000     1     0.0000     1 
I/O             Tmax    0.0000    18     0.0001    17     0.0003    17     0.0000    18 
I/O             Tmid    0.0000           0.0001           0.0002           0.0000       
Reduction       Tmin    0.0003     1     0.0000    11     0.0000    11     0.0000     1 
Reduction       Tmax    0.0007    17     0.0001     2     0.0001     3     0.0000    12 
Reduction       Tmid    0.0005           0.0000           0.0000           0.0000       
--- The execution characteristics --- 
                                1          2          3          4          5          6          7          8          9         10         11         12         13         14         15         16         17         18 
Lost time                  0.0092     0.0092     0.0091     0.0092     0.0092     0.0091     0.0091     0.0091     0.0091     0.0092     0.0091     0.0090     0.0092     0.0092     0.0092     0.0092     0.0091     0.0092 
User insufficient par.     0.0064     0.0057     0.0065     0.0058     0.0058     0.0068     0.0068     0.0079     0.0072     0.0058     0.0071     0.0082     0.0058     0.0058     0.0057     0.0058     0.0075     0.0058 
Sys.insufficient par.      0.0005     0.0003     0.0003     0.0003     0.0003     0.0003     0.0003     0.0003     0.0003     0.0003     0.0003     0.0003     0.0003     0.0003     0.0003     0.0003     0.0003     0.0003 
Idle time                  0.0019     0.0026     0.0019     0.0026     0.0026     0.0015     0.0015     0.0003     0.0011     0.0026     0.0011     0.0000     0.0026     0.0026     0.0026     0.0026     0.0007     0.0026 
Communication              0.0003     0.0005     0.0005     0.0005     0.0005     0.0005     0.0005     0.0005     0.0005     0.0005     0.0005     0.0005     0.0005     0.0005     0.0004     0.0005     0.0007     0.0005 
Synchronization            0.0001     0.0001     0.0001     0.0001     0.0001     0.0002     0.0001     0.0001     0.0001     0.0000     0.0000     0.0000     0.0001     0.0002     0.0001     0.0001     0.0002     0.0002 
Variation                  0.0001     0.0002     0.0003     0.0003     0.0003     0.0003     0.0002     0.0002     0.0002     0.0002     0.0002     0.0002     0.0003     0.0003     0.0002     0.0002     0.0003     0.0003 
Overlap                    0.0000     0.0000     0.0000     0.0000     0.0000     0.0000     0.0000     0.0000     0.0000     0.0000     0.0000     0.0000     0.0000     0.0000     0.0000     0.0000     0.0000     0.0000 
Load imbalance             0.0001     0.0002     0.0001     0.0001     0.0001     0.0001     0.0001     0.0000     0.0001     0.0001     0.0001     0.0000     0.0001     0.0001     0.0001     0.0001     0.0001     0.0001 
Execution time             0.0077     0.0070     0.0077     0.0071     0.0070     0.0082     0.0081     0.0093     0.0085     0.0070     0.0085     0.0096     0.0071     0.0071     0.0070     0.0071     0.0089     0.0071 
User CPU time              0.0005     0.0004     0.0005     0.0005     0.0004     0.0005     0.0005     0.0006     0.0005     0.0005     0.0005     0.0006     0.0005     0.0005     0.0005     0.0005     0.0005     0.0005 
Sys. CPU time              0.0000     0.0000     0.0000     0.0000     0.0000     0.0000     0.0000     0.0000     0.0000     0.0000     0.0000     0.0000     0.0000     0.0000     0.0000     0.0000     0.0000     0.0000 
I/O time                   0.0000     0.0000     0.0000     0.0000     0.0000     0.0000     0.0000     0.0000     0.0000     0.0000     0.0000     0.0000     0.0000     0.0000     0.0000     0.0000     0.0000     0.0000 
Processors                     18         18         18         18         18         18         18         18         18         18         18         18         18         18         18         18         18         18 
           Communication          
Reduction                  0.0003     0.0005     0.0005     0.0005     0.0005     0.0005     0.0005     0.0005     0.0005     0.0005     0.0005     0.0005     0.0005     0.0005     0.0004     0.0005     0.0007     0.0005 
           Synchronization        
I/O                        0.0000     0.0000     0.0000     0.0001     0.0001     0.0001     0.0000     0.0000     0.0000     0.0000     0.0000     0.0000     0.0001     0.0001     0.0000     0.0000     0.0001     0.0001 
Reduction                  0.0001     0.0001     0.0001     0.0001     0.0001     0.0001     0.0000     0.0000     0.0000     0.0000     0.0000     0.0000     0.0000     0.0000     0.0000     0.0000     0.0000     0.0000 
           Variation              
I/O                        0.0000     0.0002     0.0002     0.0002     0.0002     0.0003     0.0002     0.0002     0.0002     0.0002     0.0002     0.0002     0.0002     0.0003     0.0002     0.0002     0.0003     0.0003 
Reduction                  0.0001     0.0001     0.0001     0.0001     0.0001     0.0001     0.0000     0.0000     0.0000     0.0000     0.0000     0.0000     0.0000     0.0000     0.0000     0.0000     0.0000     0.0000 
           Overlap                
Reduction                  0.0000     0.0000     0.0000     0.0000     0.0000     0.0000     0.0000     0.0000     0.0000     0.0000     0.0000     0.0000     0.0000     0.0000     0.0000     0.0000     0.0000     0.0000 


-------------------------------------------------------------------------
Name (number) and performance time of processors
omp.keldysh.ru(1) 0.935366
omp.keldysh.ru(2) 0.935300
omp.keldysh.ru(3) 0.953504
omp.keldysh.ru(4) 0.953573
omp.keldysh.ru(5) 0.953818
omp.keldysh.ru(6) 0.953772
omp.keldysh.ru(7) 0.954228
omp.keldysh.ru(8) 0.954251
omp.keldysh.ru(9) 0.957083
omp.keldysh.ru(10) 0.957084
omp.keldysh.ru(11) 0.935386
omp.keldysh.ru(12) 0.935394
omp.keldysh.ru(13) 0.954599
omp.keldysh.ru(14) 0.954593
omp.keldysh.ru(15) 0.956757
omp.keldysh.ru(16) 0.956744
omp.keldysh.ru(17) 0.954428
omp.keldysh.ru(18) 0.954823
min - omp.keldysh.ru(2) 0.935300; max - omp.keldysh.ru(10) 0.957084; mid - 0.950595
