Processor system=2*4*2
Statistics has been accumulated on DVM-system version 5.0, platform DVM
Analyzer is executing on DVM-system version 5.0, platform DVM
-------------------------------------------------------------------------
INTERVAL ( NLINE=7 SOURCE=f_sor3d.f ) LEVEL=0  EXE_COUNT=1
--- The main characteristics --- 
Parallelization efficiency      0.1594 
Execution time                 15.2543 
Processors                          16
Threads amount                      16
Total time                    244.0689
Productive time                38.9118 ( CPU= 38.6700 Sys= 0.2412 I/O= 0.0006 )
Lost  time                    205.1570 
   Insufficient parallelism     3.9372 ( User= 0.3094 Sys= 3.6277 )
   Communication              201.2105 ( Real_sync= 0.0017 Starts= 0.0000 )
   Idle time                    0.0094
Load imbalance                  0.4824
Synchronization               102.5151
Time variation                200.8553
Overlap                         0.0136
                  Nop   Communic  Real_sync    Synchro  Variation    Overlap 
I/O               107     0.0000     0.0000     0.0179     0.1218     0.0000 
Reduction         100    99.0802     0.0000     0.0094     0.0092     0.0005 
Shadow            300   102.1056     0.0000   102.4878   200.7243     0.0132 
--- The comparative characteristics --- 
                              Tmin N proc      Tmax N proc      Tmid
Lost time                  12.7922    11    12.8717    16    12.8223 
User insufficient par.      0.0140    14     0.0236     6     0.0193 
Sys.insufficient par.       0.1374    16     0.3132    12     0.2267 
Idle time                   0.0000     5     0.0019    15     0.0006 
Communication              12.4660    11    12.7183    16    12.5757 
Real synchronization        0.0000     5     0.0004    16     0.0001 
Synchronization             0.4013    16    12.6994     1     6.4072 
Variation                   0.2349    16    24.9736     1    12.5535 
Overlap                     0.0000     6     0.0042     1     0.0009 
Load imbalance              0.0000    11     0.0795    16     0.0302 
Execution time             15.2524    15    15.2543     5    15.2537 
User CPU time               2.3734    16     2.4427     4     2.4169 
Sys. CPU time               0.0088     1     0.0209    12     0.0151 
I/O time                    0.0000    13     0.0005     1     0.0000 
Processors                      16     1         16    16         16 
                      Communic        Real_sync          Synchro        Variation          Overlap  
I/O             Tmin    0.0000     1     0.0000     1     0.0003     9     0.0000     1     0.0000     1 
I/O             Tmax    0.0000    16     0.0000    16     0.0022    16     0.0090    16     0.0000    16 
I/O             Tmid    0.0000           0.0000           0.0011           0.0076           0.0000       
Reduction       Tmin    0.0012    16     0.0000     1     0.0001     9     0.0001     9     0.0000     2 
Reduction       Tmax   12.4466     1     0.0000    16     0.0011    16     0.0011    16     0.0001     9 
Reduction       Tmid    6.1925           0.0000           0.0006           0.0006           0.0000       
Shadow          Tmin    0.2261     1     0.0000     1     0.3981    16     0.2249    16     0.0000     5 
Shadow          Tmax   12.7117    16     0.0000    16    12.6985     1    24.9733     1     0.0042     1 
Shadow          Tmid    6.3816           0.0000           6.4055          12.5453           0.0008       
--- The execution characteristics --- 
                                1          2          3          4          5          6          7          8          9         10         11         12         13         14         15         16 
Lost time                 12.8331    12.8269    12.7997    12.7965    12.7959    12.8035    12.8175    12.8366    12.8215    12.8239    12.7922    12.8015    12.8341    12.8391    12.8634    12.8717 
User insufficient par.     0.0203     0.0206     0.0214     0.0214     0.0230     0.0236     0.0201     0.0164     0.0212     0.0214     0.0197     0.0209     0.0164     0.0140     0.0147     0.0143 
Sys.insufficient par.      0.1395     0.1726     0.2189     0.2268     0.2431     0.2503     0.2064     0.1553     0.2830     0.2889     0.3050     0.3132     0.2426     0.2293     0.2154     0.1374 
Idle time                  0.0000     0.0000     0.0000     0.0000     0.0000     0.0000     0.0001     0.0016     0.0000     0.0000     0.0015     0.0001     0.0004     0.0018     0.0019     0.0019 
Communication             12.6732    12.6338    12.5594    12.5484    12.5297    12.5296    12.5908    12.6633    12.5172    12.5136    12.4660    12.4673    12.5747    12.5939    12.6314    12.7183 
Real synchronization       0.0000     0.0000     0.0000     0.0000     0.0000     0.0000     0.0000     0.0000     0.0000     0.0000     0.0000     0.0000     0.0004     0.0004     0.0004     0.0004 
Synchronization           12.6994    10.2137    10.1256     7.5959     7.6423     5.1209     5.2040     2.8106    10.0806     7.5949     7.5023     4.9711     5.1673     2.6545     2.7306     0.4013 
Variation                 24.9736    20.0620    20.0165    14.9726    15.0132     9.9627    10.0340     5.1083    20.1052    15.1366    15.0221     9.9665    10.0795     5.0399     5.1275     0.2349 
Overlap                    0.0042     0.0019     0.0039     0.0029     0.0001     0.0000     0.0000     0.0000     0.0001     0.0000     0.0001     0.0003     0.0000     0.0000     0.0000     0.0000 
Load imbalance             0.0414     0.0347     0.0075     0.0043     0.0037     0.0113     0.0253     0.0444     0.0293     0.0317     0.0000     0.0093     0.0419     0.0469     0.0712     0.0795 
Execution time            15.2543    15.2543    15.2543    15.2543    15.2543    15.2543    15.2542    15.2527    15.2543    15.2543    15.2528    15.2542    15.2539    15.2525    15.2524    15.2524 
User CPU time              2.4119     2.4159     2.4400     2.4427     2.4422     2.4341     2.4230     2.4074     2.4140     2.4111     2.4418     2.4320     2.4040     2.4000     2.3765     2.3734 
Sys. CPU time              0.0088     0.0115     0.0146     0.0151     0.0162     0.0167     0.0138     0.0103     0.0189     0.0192     0.0203     0.0209     0.0162     0.0153     0.0143     0.0091 
I/O time                   0.0005     0.0000     0.0000     0.0000     0.0000     0.0000     0.0000     0.0000     0.0000     0.0000     0.0000     0.0000     0.0000     0.0000     0.0000     0.0000 
Processors                     16         16         16         16         16         16         16         16         16         16         16         16         16         16         16         16 
           Communication          
Reduction                 12.4466     9.9665     9.9248     7.3994     7.3943     4.8713     4.9003     2.4083    10.0031     7.5195     7.4493     4.9278     4.9510     2.4338     2.4829     0.0012 
Shadow                     0.2261     2.6668     2.6345     5.1488     5.1354     7.6581     7.6903    10.2545     2.5137     4.9938     5.0163     7.5392     7.6184    10.1547    10.1433    12.7117 
           Real synchronization   
           Synchronization        
I/O                        0.0005     0.0011     0.0004     0.0011     0.0004     0.0011     0.0007     0.0020     0.0003     0.0010     0.0004     0.0010     0.0015     0.0022     0.0021     0.0022 
Reduction                  0.0004     0.0008     0.0002     0.0007     0.0002     0.0006     0.0003     0.0011     0.0001     0.0005     0.0001     0.0005     0.0007     0.0011     0.0011     0.0011 
Shadow                    12.6985    10.2119    10.1250     7.5942     7.6417     5.1193     5.2030     2.8075    10.0802     7.5933     7.5018     4.9696     5.1650     2.6512     2.7274     0.3981 
           Variation              
I/O                        0.0000     0.0080     0.0074     0.0080     0.0074     0.0080     0.0076     0.0090     0.0073     0.0080     0.0073     0.0080     0.0086     0.0090     0.0090     0.0090 
Reduction                  0.0004     0.0007     0.0002     0.0007     0.0002     0.0006     0.0003     0.0011     0.0001     0.0005     0.0001     0.0005     0.0007     0.0011     0.0010     0.0011 
Shadow                    24.9733    20.0532    20.0090    14.9639    15.0057     9.9541    10.0260     5.0982    20.0978    15.1281    15.0147     9.9580    10.0702     5.0298     5.1175     0.2249 
           Overlap                
Reduction                  0.0000     0.0000     0.0001     0.0000     0.0001     0.0000     0.0000     0.0000     0.0001     0.0000     0.0001     0.0000     0.0000     0.0000     0.0000     0.0000 
Shadow                     0.0042     0.0019     0.0038     0.0029     0.0000     0.0000     0.0000     0.0000     0.0000     0.0000     0.0000     0.0003     0.0000     0.0000     0.0000     0.0000 


-------------------------------------------------------------------------
Name (number) and performance time of processors
omp.keldysh.ru(1) 0.934003
omp.keldysh.ru(2) 0.933926
omp.keldysh.ru(3) 0.955991
omp.keldysh.ru(4) 0.956007
omp.keldysh.ru(5) 0.955641
omp.keldysh.ru(6) 0.955629
omp.keldysh.ru(7) 0.948452
omp.keldysh.ru(8) 0.948445
omp.keldysh.ru(9) 0.956760
omp.keldysh.ru(10) 0.956760
omp.keldysh.ru(11) 0.957268
omp.keldysh.ru(12) 0.957599
omp.keldysh.ru(13) 0.955339
omp.keldysh.ru(14) 0.955327
omp.keldysh.ru(15) 0.959464
omp.keldysh.ru(16) 0.959451
min - omp.keldysh.ru(2) 0.933926; max - omp.keldysh.ru(15) 0.959464; mid - 0.952879
