Processor system=1*4*1*4
Statistics has been accumulated on DVM-system version 5.0, platform DVM
Analyzer is executing on DVM-system version 5.0, platform DVM
-------------------------------------------------------------------------
INTERVAL ( NLINE=7 SOURCE=sc42.f ) LEVEL=0  EXE_COUNT=1
--- The main characteristics --- 
Parallelization efficiency      0.1154 
Execution time                  2.9558 
Processors                          16
Threads amount                      16
Total time                     47.2930
Productive time                 5.4562 ( CPU= 5.4453 Sys= 0.0109 I/O= 0.0000 )
Lost  time                     41.8368 
   Insufficient parallelism    34.8029 ( User= 34.6393 Sys= 0.1636 )
   Communication                6.9270 ( Real_sync= 0.0000 Starts= 0.0000 )
   Idle time                    0.1069
Load imbalance                  1.2262
Synchronization                 0.1826
Time variation                  0.1855
Overlap                         0.0000
                  Nop   Communic    Synchro  Variation    Overlap 
I/O                11     0.0000     0.1400     0.1430     0.0000 
Reduction           9     6.9270     0.0426     0.0425     0.0000 
--- The comparative characteristics --- 
                              Tmin N proc      Tmax N proc      Tmid
Lost time                   2.5382     5     2.7209    16     2.6148 
User insufficient par.      1.4576    16     2.5241     9     2.1650 
Sys.insufficient par.       0.0027    16     0.0141     9     0.0102 
Idle time                   0.0000    10     0.0278    16     0.0067 
Communication               0.0003     6     1.2471    13     0.4329 
Synchronization             0.0001    11     0.0437    16     0.0114 
Variation                   0.0003    11     0.0439    16     0.0116 
Overlap                     0.0000     4     0.0000     2     0.0000 
Load imbalance              0.0000     5     0.1827    16     0.0766 
Execution time              2.9281    16     2.9558    10     2.9491 
User CPU time               0.2345    14     0.4167     5     0.3403 
Sys. CPU time               0.0002    16     0.0009     9     0.0007 
I/O time                    0.0000    13     0.0000     1     0.0000 
Processors                      16     1         16    16         16 
                      Communic          Synchro        Variation          Overlap  
I/O             Tmin    0.0000     1     0.0001    11     0.0003    11     0.0000     1 
I/O             Tmax    0.0000    16     0.0357    16     0.0359    16     0.0000    16 
I/O             Tmid    0.0000           0.0087           0.0089           0.0000       
Reduction       Tmin    0.0003     6     0.0001     3     0.0001     3     0.0000     4 
Reduction       Tmax    1.2471    13     0.0080    12     0.0080    12     0.0000     2 
Reduction       Tmid    0.4329           0.0027           0.0027           0.0000       
--- The execution characteristics --- 
                                1          2          3          4          5          6          7          8          9         10         11         12         13         14         15         16 
Lost time                  2.6607     2.6600     2.6612     2.6616     2.5382     2.5384     2.5382     2.5411     2.5387     2.5383     2.5395     2.5396     2.7205     2.7208     2.7193     2.7209 
User insufficient par.     2.1579     2.1542     2.1582     2.1495     2.5232     2.5237     2.5228     2.5169     2.5241     2.5238     2.5190     2.5181     1.4586     1.4616     1.4701     1.4576 
Sys.insufficient par.      0.0115     0.0085     0.0113     0.0037     0.0140     0.0141     0.0141     0.0077     0.0141     0.0139     0.0141     0.0065     0.0104     0.0065     0.0106     0.0027 
Idle time                  0.0009     0.0071     0.0009     0.0237     0.0003     0.0003     0.0009     0.0120     0.0000     0.0000     0.0009     0.0145     0.0043     0.0087     0.0045     0.0278 
Communication              0.4903     0.4902     0.4908     0.4847     0.0007     0.0003     0.0004     0.0044     0.0005     0.0006     0.0055     0.0005     1.2471     1.2440     1.2340     1.2328 
Synchronization            0.0019     0.0103     0.0015     0.0386     0.0007     0.0059     0.0002     0.0262     0.0006     0.0061     0.0001     0.0287     0.0030     0.0119     0.0030     0.0437 
Variation                  0.0018     0.0105     0.0017     0.0388     0.0009     0.0061     0.0004     0.0264     0.0008     0.0063     0.0003     0.0289     0.0032     0.0121     0.0032     0.0439 
Overlap                    0.0000     0.0000     0.0000     0.0000     0.0000     0.0000     0.0000     0.0000     0.0000     0.0000     0.0000     0.0000     0.0000     0.0000     0.0000     0.0000 
Load imbalance             0.1225     0.1219     0.1230     0.1234     0.0000     0.0002     0.0000     0.0029     0.0005     0.0001     0.0014     0.0015     0.1823     0.1827     0.1811     0.1827 
Execution time             2.9549     2.9487     2.9549     2.9321     2.9555     2.9555     2.9549     2.9438     2.9558     2.9558     2.9549     2.9413     2.9515     2.9471     2.9513     2.9281 
User CPU time              0.2944     0.2952     0.2939     0.2940     0.4167     0.4165     0.4167     0.4142     0.4162     0.4166     0.4154     0.4158     0.2347     0.2345     0.2358     0.2348 
Sys. CPU time              0.0007     0.0006     0.0008     0.0002     0.0009     0.0009     0.0009     0.0005     0.0009     0.0009     0.0009     0.0004     0.0007     0.0004     0.0007     0.0002 
I/O time                   0.0000     0.0000     0.0000     0.0000     0.0000     0.0000     0.0000     0.0000     0.0000     0.0000     0.0000     0.0000     0.0000     0.0000     0.0000     0.0000 
Processors                     16         16         16         16         16         16         16         16         16         16         16         16         16         16         16         16 
           Communication          
Reduction                  0.4903     0.4902     0.4908     0.4847     0.0007     0.0003     0.0004     0.0044     0.0005     0.0006     0.0055     0.0005     1.2471     1.2440     1.2340     1.2328 
           Synchronization        
I/O                        0.0018     0.0078     0.0014     0.0306     0.0006     0.0035     0.0002     0.0183     0.0005     0.0036     0.0001     0.0207     0.0029     0.0094     0.0029     0.0357 
Reduction                  0.0001     0.0025     0.0001     0.0080     0.0001     0.0025     0.0001     0.0080     0.0001     0.0025     0.0001     0.0080     0.0001     0.0025     0.0001     0.0080 
           Variation              
I/O                        0.0017     0.0080     0.0016     0.0308     0.0008     0.0037     0.0004     0.0185     0.0007     0.0038     0.0003     0.0209     0.0031     0.0096     0.0031     0.0359 
Reduction                  0.0001     0.0025     0.0001     0.0080     0.0001     0.0025     0.0001     0.0080     0.0001     0.0025     0.0001     0.0080     0.0001     0.0025     0.0001     0.0080 
           Overlap                
Reduction                  0.0000     0.0000     0.0000     0.0000     0.0000     0.0000     0.0000     0.0000     0.0000     0.0000     0.0000     0.0000     0.0000     0.0000     0.0000     0.0000 


-------------------------------------------------------------------------
Name (number) and performance time of processors
omp.keldysh.ru(1) 0.933555
omp.keldysh.ru(2) 0.933826
omp.keldysh.ru(3) 0.951764
omp.keldysh.ru(4) 0.951749
omp.keldysh.ru(5) 0.952135
omp.keldysh.ru(6) 0.952129
omp.keldysh.ru(7) 0.952822
omp.keldysh.ru(8) 0.952844
omp.keldysh.ru(9) 0.956257
omp.keldysh.ru(10) 0.956244
omp.keldysh.ru(11) 0.951865
omp.keldysh.ru(12) 0.951847
omp.keldysh.ru(13) 0.933950
omp.keldysh.ru(14) 0.933933
omp.keldysh.ru(15) 0.954293
omp.keldysh.ru(16) 0.954293
min - omp.keldysh.ru(1) 0.933555; max - omp.keldysh.ru(9) 0.956257; mid - 0.948344
