Processor system=2*1*4*2
Statistics has been accumulated on DVM-system version 5.0, platform DVM
Analyzer is executing on DVM-system version 5.0, platform DVM
-------------------------------------------------------------------------
INTERVAL ( NLINE=7 SOURCE=reda41.f ) LEVEL=0  EXE_COUNT=1
--- The main characteristics --- 
Parallelization efficiency      0.0447 
Execution time                  0.0081 
Processors                          16
Threads amount                      16
Total time                      0.1298
Productive time                 0.0058 ( CPU= 0.0054 Sys= 0.0004 I/O= 0.0000 )
Lost  time                      0.1240 
   Insufficient parallelism     0.0812 ( User= 0.0744 Sys= 0.0068 )
   Communication                0.0064 ( Real_sync= 0.0000 Starts= 0.0000 )
   Idle time                    0.0364
Load imbalance                  0.0025
Synchronization                 0.0060
Time variation                  0.0047
Overlap                         0.0001
                  Nop   Communic    Synchro  Variation    Overlap 
I/O                 6     0.0000     0.0007     0.0030     0.0000 
Reduction           4     0.0028     0.0008     0.0003     0.0001 
Remote access      21     0.0036     0.0045     0.0014     0.0000 
--- The comparative characteristics --- 
                              Tmin N proc      Tmax N proc      Tmid
Lost time                   0.0076     5     0.0079    14     0.0077 
User insufficient par.      0.0023    14     0.0069     5     0.0046 
Sys.insufficient par.       0.0003    13     0.0006     1     0.0004 
Idle time                   0.0000     5     0.0046     3     0.0023 
Communication               0.0003     1     0.0007    13     0.0004 
Synchronization             0.0001     1     0.0007    13     0.0004 
Variation                   0.0001     1     0.0004     2     0.0003 
Overlap                     0.0000    13     0.0000     5     0.0000 
Load imbalance              0.0000     5     0.0003    14     0.0002 
Execution time              0.0035     3     0.0081     5     0.0058 
User CPU time               0.0002    14     0.0005     5     0.0003 
Sys. CPU time               0.0000    13     0.0000     2     0.0000 
I/O time                    0.0000     2     0.0000     1     0.0000 
Processors                      16     1         16    16         16 
                      Communic          Synchro        Variation          Overlap  
I/O             Tmin    0.0000     1     0.0000    10     0.0000     1     0.0000     1 
I/O             Tmax    0.0000    16     0.0001     4     0.0002     4     0.0000    16 
I/O             Tmid    0.0000           0.0000           0.0002           0.0000       
Reduction       Tmin    0.0001     1     0.0000    11     0.0000    16     0.0000    13 
Reduction       Tmax    0.0002    13     0.0001    13     0.0000     1     0.0000     5 
Reduction       Tmid    0.0002           0.0001           0.0000           0.0000       
Remote access   Tmin    0.0001     3     0.0000     1     0.0000     1     0.0000     2 
Remote access   Tmax    0.0005    14     0.0005    13     0.0002     2     0.0000     1 
Remote access   Tmid    0.0002           0.0003           0.0001           0.0000       
--- The execution characteristics --- 
                                1          2          3          4          5          6          7          8          9         10         11         12         13         14         15         16 
Lost time                  0.0077     0.0079     0.0079     0.0078     0.0076     0.0076     0.0078     0.0076     0.0077     0.0078     0.0077     0.0077     0.0077     0.0079     0.0078     0.0079 
User insufficient par.     0.0049     0.0025     0.0025     0.0043     0.0069     0.0068     0.0046     0.0065     0.0057     0.0039     0.0057     0.0054     0.0059     0.0023     0.0034     0.0030 
Sys.insufficient par.      0.0006     0.0005     0.0004     0.0004     0.0004     0.0004     0.0004     0.0004     0.0005     0.0004     0.0004     0.0004     0.0003     0.0003     0.0004     0.0004 
Idle time                  0.0019     0.0046     0.0046     0.0027     0.0000     0.0000     0.0023     0.0004     0.0012     0.0031     0.0012     0.0016     0.0008     0.0046     0.0035     0.0039 
Communication              0.0003     0.0003     0.0003     0.0003     0.0003     0.0003     0.0004     0.0004     0.0003     0.0003     0.0003     0.0003     0.0007     0.0007     0.0005     0.0006 
Synchronization            0.0001     0.0004     0.0004     0.0003     0.0003     0.0003     0.0004     0.0003     0.0003     0.0003     0.0002     0.0003     0.0007     0.0007     0.0005     0.0005 
Variation                  0.0001     0.0004     0.0004     0.0004     0.0003     0.0003     0.0003     0.0003     0.0003     0.0003     0.0003     0.0003     0.0003     0.0003     0.0003     0.0003 
Overlap                    0.0000     0.0000     0.0000     0.0000     0.0000     0.0000     0.0000     0.0000     0.0000     0.0000     0.0000     0.0000     0.0000     0.0000     0.0000     0.0000 
Load imbalance             0.0001     0.0003     0.0003     0.0002     0.0000     0.0000     0.0002     0.0000     0.0001     0.0002     0.0001     0.0001     0.0001     0.0003     0.0002     0.0003 
Execution time             0.0062     0.0035     0.0035     0.0054     0.0081     0.0081     0.0058     0.0077     0.0070     0.0050     0.0070     0.0066     0.0073     0.0035     0.0046     0.0042 
User CPU time              0.0004     0.0002     0.0002     0.0003     0.0005     0.0005     0.0003     0.0005     0.0004     0.0003     0.0004     0.0004     0.0004     0.0002     0.0002     0.0002 
Sys. CPU time              0.0000     0.0000     0.0000     0.0000     0.0000     0.0000     0.0000     0.0000     0.0000     0.0000     0.0000     0.0000     0.0000     0.0000     0.0000     0.0000 
I/O time                   0.0000     0.0000     0.0000     0.0000     0.0000     0.0000     0.0000     0.0000     0.0000     0.0000     0.0000     0.0000     0.0000     0.0000     0.0000     0.0000 
Processors                     16         16         16         16         16         16         16         16         16         16         16         16         16         16         16         16 
           Communication          
Reduction                  0.0001     0.0002     0.0002     0.0002     0.0002     0.0002     0.0002     0.0002     0.0002     0.0001     0.0002     0.0002     0.0002     0.0002     0.0002     0.0002 
Remote access              0.0001     0.0002     0.0001     0.0001     0.0002     0.0002     0.0002     0.0002     0.0002     0.0002     0.0002     0.0002     0.0005     0.0005     0.0003     0.0004 
           Synchronization        
I/O                        0.0000     0.0001     0.0001     0.0001     0.0000     0.0000     0.0001     0.0000     0.0000     0.0000     0.0000     0.0000     0.0001     0.0001     0.0000     0.0000 
Reduction                  0.0000     0.0000     0.0001     0.0000     0.0000     0.0000     0.0000     0.0000     0.0000     0.0001     0.0000     0.0000     0.0001     0.0001     0.0000     0.0001 
Remote access              0.0000     0.0003     0.0002     0.0002     0.0002     0.0002     0.0003     0.0003     0.0002     0.0002     0.0002     0.0002     0.0005     0.0005     0.0004     0.0004 
           Variation              
I/O                        0.0000     0.0002     0.0002     0.0002     0.0002     0.0002     0.0002     0.0002     0.0002     0.0002     0.0002     0.0002     0.0002     0.0002     0.0002     0.0002 
Reduction                  0.0000     0.0000     0.0000     0.0000     0.0000     0.0000     0.0000     0.0000     0.0000     0.0000     0.0000     0.0000     0.0000     0.0000     0.0000     0.0000 
Remote access              0.0000     0.0002     0.0001     0.0001     0.0001     0.0001     0.0001     0.0001     0.0001     0.0001     0.0001     0.0001     0.0001     0.0001     0.0001     0.0001 
           Overlap                
Reduction                  0.0000     0.0000     0.0000     0.0000     0.0000     0.0000     0.0000     0.0000     0.0000     0.0000     0.0000     0.0000     0.0000     0.0000     0.0000     0.0000 
Remote access              0.0000     0.0000     0.0000     0.0000     0.0000     0.0000     0.0000     0.0000     0.0000     0.0000     0.0000     0.0000     0.0000     0.0000     0.0000     0.0000 


-------------------------------------------------------------------------
Name (number) and performance time of processors
omp.keldysh.ru(1) 0.935329
omp.keldysh.ru(2) 0.935266
omp.keldysh.ru(3) 0.957826
omp.keldysh.ru(4) 0.957834
omp.keldysh.ru(5) 0.956703
omp.keldysh.ru(6) 0.956699
omp.keldysh.ru(7) 0.954620
omp.keldysh.ru(8) 0.954605
omp.keldysh.ru(9) 0.954510
omp.keldysh.ru(10) 0.954529
omp.keldysh.ru(11) 0.935350
omp.keldysh.ru(12) 0.935329
omp.keldysh.ru(13) 0.958402
omp.keldysh.ru(14) 0.958645
omp.keldysh.ru(15) 0.958493
omp.keldysh.ru(16) 0.958485
min - omp.keldysh.ru(2) 0.935266; max - omp.keldysh.ru(14) 0.958645; mid - 0.951414
