Processor system=3*1*1*6
Statistics has been accumulated on DVM-system version 5.0, platform DVM
Analyzer is executing on DVM-system version 5.0, platform DVM
-------------------------------------------------------------------------
INTERVAL ( NLINE=7 SOURCE=reda42.f ) LEVEL=0  EXE_COUNT=2
--- The main characteristics --- 
Parallelization efficiency      0.0419 
Execution time                  0.0079 
Processors                          18
Threads amount                      18
Total time                      0.1416
Productive time                 0.0059 ( CPU= 0.0055 Sys= 0.0004 I/O= 0.0000 )
Lost  time                      0.1356 
   Insufficient parallelism     0.1009 ( User= 0.0941 Sys= 0.0068 )
   Communication                0.0041 ( Real_sync= 0.0000 Starts= 0.0000 )
   Idle time                    0.0307
Load imbalance                  0.0017
Synchronization                 0.0212
Time variation                  0.0232
Overlap                         0.0004
                  Nop   Communic    Synchro  Variation    Overlap 
I/O                 6     0.0000     0.0069     0.0090     0.0000 
Reduction           5     0.0041     0.0051     0.0050     0.0004 
Remote access      22     0.0000     0.0092     0.0092     0.0000 
--- The comparative characteristics --- 
                              Tmin N proc      Tmax N proc      Tmid
Lost time                   0.0074    12     0.0077    17     0.0075 
User insufficient par.      0.0033    17     0.0068    12     0.0052 
Sys.insufficient par.       0.0003    17     0.0005     1     0.0004 
Idle time                   0.0000    12     0.0037    17     0.0017 
Communication               0.0002     1     0.0003    17     0.0002 
Synchronization             0.0001    11     0.0054    17     0.0012 
Variation                   0.0002    11     0.0055    17     0.0013 
Overlap                     0.0000     3     0.0001    12     0.0000 
Load imbalance              0.0000    12     0.0002    17     0.0001 
Execution time              0.0041    17     0.0079    12     0.0062 
User CPU time               0.0002    17     0.0004    12     0.0003 
Sys. CPU time               0.0000    17     0.0000     7     0.0000 
I/O time                    0.0000    13     0.0000     1     0.0000 
Processors                      18     1         18    18         18 
                      Communic          Synchro        Variation          Overlap  
I/O             Tmin    0.0000     1     0.0000    11     0.0001     1     0.0000     1 
I/O             Tmax    0.0000    18     0.0018    17     0.0019    17     0.0000    18 
I/O             Tmid    0.0000           0.0004           0.0005           0.0000       
Reduction       Tmin    0.0002     1     0.0000    11     0.0000    12     0.0000     3 
Reduction       Tmax    0.0003    17     0.0013    17     0.0013    17     0.0001    12 
Reduction       Tmid    0.0002           0.0003           0.0003           0.0000       
Remote access   Tmin    0.0000     1     0.0001    11     0.0001    11     0.0000     1 
Remote access   Tmax    0.0000    18     0.0023    17     0.0023    17     0.0000    12 
Remote access   Tmid    0.0000           0.0005           0.0005           0.0000       
--- The execution characteristics --- 
                                1          2          3          4          5          6          7          8          9         10         11         12         13         14         15         16         17         18 
Lost time                  0.0076     0.0075     0.0075     0.0075     0.0075     0.0075     0.0075     0.0075     0.0076     0.0076     0.0076     0.0074     0.0076     0.0075     0.0075     0.0075     0.0077     0.0076 
User insufficient par.     0.0042     0.0058     0.0059     0.0066     0.0063     0.0064     0.0051     0.0053     0.0037     0.0037     0.0045     0.0068     0.0049     0.0061     0.0061     0.0056     0.0033     0.0037 
Sys.insufficient par.      0.0005     0.0004     0.0004     0.0004     0.0004     0.0004     0.0004     0.0004     0.0004     0.0004     0.0004     0.0004     0.0004     0.0004     0.0004     0.0004     0.0003     0.0003 
Idle time                  0.0027     0.0011     0.0011     0.0003     0.0005     0.0005     0.0019     0.0016     0.0033     0.0033     0.0024     0.0000     0.0021     0.0008     0.0008     0.0014     0.0037     0.0033 
Communication              0.0002     0.0003     0.0002     0.0002     0.0002     0.0002     0.0002     0.0002     0.0002     0.0002     0.0002     0.0002     0.0002     0.0002     0.0002     0.0002     0.0003     0.0003 
Synchronization            0.0004     0.0009     0.0010     0.0009     0.0008     0.0008     0.0003     0.0003     0.0009     0.0010     0.0001     0.0001     0.0007     0.0008     0.0008     0.0008     0.0054     0.0052 
Variation                  0.0003     0.0010     0.0011     0.0010     0.0009     0.0009     0.0004     0.0004     0.0010     0.0011     0.0002     0.0002     0.0009     0.0009     0.0009     0.0009     0.0055     0.0054 
Overlap                    0.0000     0.0000     0.0000     0.0000     0.0000     0.0000     0.0001     0.0001     0.0000     0.0000     0.0001     0.0001     0.0000     0.0000     0.0000     0.0000     0.0000     0.0000 
Load imbalance             0.0002     0.0001     0.0001     0.0000     0.0000     0.0000     0.0001     0.0001     0.0002     0.0002     0.0001     0.0000     0.0001     0.0000     0.0000     0.0001     0.0002     0.0002 
Execution time             0.0052     0.0068     0.0068     0.0076     0.0073     0.0073     0.0060     0.0063     0.0046     0.0046     0.0054     0.0079     0.0057     0.0071     0.0071     0.0065     0.0041     0.0046 
User CPU time              0.0002     0.0003     0.0003     0.0004     0.0004     0.0004     0.0003     0.0003     0.0002     0.0002     0.0003     0.0004     0.0003     0.0004     0.0004     0.0003     0.0002     0.0002 
Sys. CPU time              0.0000     0.0000     0.0000     0.0000     0.0000     0.0000     0.0000     0.0000     0.0000     0.0000     0.0000     0.0000     0.0000     0.0000     0.0000     0.0000     0.0000     0.0000 
I/O time                   0.0000     0.0000     0.0000     0.0000     0.0000     0.0000     0.0000     0.0000     0.0000     0.0000     0.0000     0.0000     0.0000     0.0000     0.0000     0.0000     0.0000     0.0000 
Processors                     18         18         18         18         18         18         18         18         18         18         18         18         18         18         18         18         18         18 
           Communication          
Reduction                  0.0002     0.0003     0.0002     0.0002     0.0002     0.0002     0.0002     0.0002     0.0002     0.0002     0.0002     0.0002     0.0002     0.0002     0.0002     0.0002     0.0003     0.0003 
           Synchronization        
I/O                        0.0001     0.0002     0.0003     0.0003     0.0003     0.0003     0.0001     0.0001     0.0003     0.0003     0.0000     0.0000     0.0002     0.0003     0.0002     0.0002     0.0018     0.0018 
Reduction                  0.0001     0.0002     0.0002     0.0002     0.0002     0.0002     0.0001     0.0001     0.0002     0.0002     0.0000     0.0000     0.0002     0.0002     0.0002     0.0002     0.0013     0.0013 
Remote access              0.0001     0.0004     0.0004     0.0004     0.0004     0.0004     0.0001     0.0001     0.0004     0.0004     0.0001     0.0001     0.0003     0.0003     0.0004     0.0004     0.0023     0.0022 
           Variation              
I/O                        0.0001     0.0004     0.0004     0.0004     0.0004     0.0004     0.0002     0.0002     0.0004     0.0005     0.0001     0.0001     0.0004     0.0004     0.0004     0.0004     0.0019     0.0019 
Reduction                  0.0001     0.0002     0.0002     0.0002     0.0002     0.0002     0.0001     0.0001     0.0002     0.0002     0.0000     0.0000     0.0002     0.0002     0.0002     0.0002     0.0013     0.0013 
Remote access              0.0001     0.0004     0.0004     0.0004     0.0004     0.0004     0.0001     0.0001     0.0004     0.0004     0.0001     0.0001     0.0003     0.0003     0.0004     0.0004     0.0023     0.0022 
           Overlap                
Reduction                  0.0000     0.0000     0.0000     0.0000     0.0000     0.0000     0.0001     0.0001     0.0000     0.0000     0.0001     0.0001     0.0000     0.0000     0.0000     0.0000     0.0000     0.0000 
Remote access              0.0000     0.0000     0.0000     0.0000     0.0000     0.0000     0.0000     0.0000     0.0000     0.0000     0.0000     0.0000     0.0000     0.0000     0.0000     0.0000     0.0000     0.0000 


-------------------------------------------------------------------------
Name (number) and performance time of processors
omp.keldysh.ru(1) 0.933817
omp.keldysh.ru(2) 0.933723
omp.keldysh.ru(3) 0.955027
omp.keldysh.ru(4) 0.955016
omp.keldysh.ru(5) 0.954171
omp.keldysh.ru(6) 0.954163
omp.keldysh.ru(7) 0.952637
omp.keldysh.ru(8) 0.952644
omp.keldysh.ru(9) 0.952175
omp.keldysh.ru(10) 0.952204
omp.keldysh.ru(11) 0.954325
omp.keldysh.ru(12) 0.954325
omp.keldysh.ru(13) 0.952760
omp.keldysh.ru(14) 0.952752
omp.keldysh.ru(15) 0.953333
omp.keldysh.ru(16) 0.953602
omp.keldysh.ru(17) 0.933946
omp.keldysh.ru(18) 0.933898
min - omp.keldysh.ru(2) 0.933723; max - omp.keldysh.ru(3) 0.955027; mid - 0.949140
