Processor system=2*4*2*1
Statistics has been accumulated on DVM-system version 5.0, platform DVM
Analyzer is executing on DVM-system version 5.0, platform DVM
-------------------------------------------------------------------------
INTERVAL ( NLINE=7 SOURCE=sc41.f ) LEVEL=0  EXE_COUNT=1
--- The main characteristics --- 
Parallelization efficiency      0.2136 
Execution time                  2.0332 
Processors                          16
Threads amount                      16
Total time                     32.5315
Productive time                 6.9492 ( CPU= 6.9429 Sys= 0.0063 I/O= 0.0000 )
Lost  time                     25.5823 
   Insufficient parallelism    21.9408 ( User= 21.8458 Sys= 0.0950 )
   Communication                3.5965 ( Real_sync= 0.0000 Starts= 0.0000 )
   Idle time                    0.0451
Load imbalance                  2.5658
Synchronization                 0.0206
Time variation                  0.0239
Overlap                         0.0000
                  Nop   Communic    Synchro  Variation    Overlap 
I/O                11     0.0000     0.0205     0.0238     0.0000 
Reduction           9     3.5965     0.0001     0.0001     0.0000 
--- The comparative characteristics --- 
                              Tmin N proc      Tmax N proc      Tmid
Lost time                   1.4385    13     1.7532    15     1.5989 
User insufficient par.      0.9446    13     1.5082     7     1.3654 
Sys.insufficient par.       0.0044    15     0.0067    12     0.0059 
Idle time                   0.0000     8     0.0077    16     0.0028 
Communication               0.0001     6     0.7916    15     0.2248 
Synchronization             0.0000     6     0.0053    15     0.0013 
Variation                   0.0002     3     0.0055    15     0.0015 
Overlap                     0.0000     1     0.0000    16     0.0000 
Load imbalance              0.0000    13     0.3147    15     0.1604 
Execution time              2.0255    16     2.0332     8     2.0304 
User CPU time               0.2797    15     0.5943    13     0.4339 
Sys. CPU time               0.0003    15     0.0004    12     0.0004 
I/O time                    0.0000    15     0.0000     1     0.0000 
Processors                      16     1         16    16         16 
                      Communic          Synchro        Variation          Overlap  
I/O             Tmin    0.0000     1     0.0000     6     0.0002     3     0.0000     1 
I/O             Tmax    0.0000    16     0.0053    15     0.0055    15     0.0000    16 
I/O             Tmid    0.0000           0.0013           0.0015           0.0000       
Reduction       Tmin    0.0001     6     0.0000    16     0.0000    16     0.0000     1 
Reduction       Tmax    0.7916    15     0.0000    11     0.0000     1     0.0000    16 
Reduction       Tmid    0.2248           0.0000           0.0000           0.0000       
--- The execution characteristics --- 
                                1          2          3          4          5          6          7          8          9         10         11         12         13         14         15         16 
Lost time                  1.6931     1.6915     1.5126     1.5117     1.5137     1.5137     1.6773     1.6767     1.6917     1.6903     1.5143     1.5119     1.4385     1.4401     1.7532     1.7519 
User insufficient par.     1.5070     1.4996     1.5028     1.5027     1.5051     1.5068     1.5082     1.5065     1.5023     1.5006     1.5050     1.5002     0.9446     0.9503     0.9520     0.9520 
Sys.insufficient par.      0.0058     0.0057     0.0067     0.0066     0.0066     0.0065     0.0056     0.0057     0.0054     0.0056     0.0065     0.0067     0.0062     0.0062     0.0044     0.0047 
Idle time                  0.0006     0.0057     0.0020     0.0009     0.0017     0.0003     0.0003     0.0000     0.0060     0.0054     0.0011     0.0014     0.0042     0.0026     0.0052     0.0077 
Communication              0.1797     0.1806     0.0011     0.0015     0.0003     0.0001     0.1632     0.1645     0.1780     0.1786     0.0017     0.0035     0.4834     0.4809     0.7916     0.7875 
Synchronization            0.0010     0.0014     0.0000     0.0000     0.0001     0.0000     0.0009     0.0009     0.0020     0.0015     0.0002     0.0001     0.0011     0.0009     0.0053     0.0052 
Variation                  0.0010     0.0017     0.0002     0.0003     0.0003     0.0002     0.0011     0.0011     0.0023     0.0017     0.0004     0.0003     0.0013     0.0012     0.0055     0.0054 
Overlap                    0.0000     0.0000     0.0000     0.0000     0.0000     0.0000     0.0000     0.0000     0.0000     0.0000     0.0000     0.0000     0.0000     0.0000     0.0000     0.0000 
Load imbalance             0.2546     0.2529     0.0741     0.0732     0.0751     0.0752     0.2388     0.2382     0.2532     0.2517     0.0758     0.0734     0.0000     0.0016     0.3147     0.3134 
Execution time             2.0326     2.0276     2.0312     2.0324     2.0315     2.0329     2.0329     2.0332     2.0272     2.0278     2.0321     2.0318     2.0290     2.0306     2.0281     2.0255 
User CPU time              0.3397     0.3414     0.5201     0.5211     0.5191     0.5190     0.3555     0.3561     0.3412     0.3426     0.5185     0.5209     0.5943     0.5927     0.2797     0.2810 
Sys. CPU time              0.0004     0.0004     0.0004     0.0004     0.0004     0.0004     0.0004     0.0004     0.0004     0.0004     0.0004     0.0004     0.0004     0.0004     0.0003     0.0003 
I/O time                   0.0000     0.0000     0.0000     0.0000     0.0000     0.0000     0.0000     0.0000     0.0000     0.0000     0.0000     0.0000     0.0000     0.0000     0.0000     0.0000 
Processors                     16         16         16         16         16         16         16         16         16         16         16         16         16         16         16         16 
           Communication          
Reduction                  0.1797     0.1806     0.0011     0.0015     0.0003     0.0001     0.1632     0.1645     0.1780     0.1786     0.0017     0.0035     0.4834     0.4809     0.7916     0.7875 
           Synchronization        
I/O                        0.0010     0.0014     0.0000     0.0000     0.0001     0.0000     0.0009     0.0009     0.0020     0.0015     0.0002     0.0001     0.0011     0.0009     0.0053     0.0052 
Reduction                  0.0000     0.0000     0.0000     0.0000     0.0000     0.0000     0.0000     0.0000     0.0000     0.0000     0.0000     0.0000     0.0000     0.0000     0.0000     0.0000 
           Variation              
I/O                        0.0009     0.0016     0.0002     0.0002     0.0003     0.0002     0.0011     0.0011     0.0022     0.0017     0.0004     0.0003     0.0013     0.0012     0.0055     0.0054 
Reduction                  0.0000     0.0000     0.0000     0.0000     0.0000     0.0000     0.0000     0.0000     0.0000     0.0000     0.0000     0.0000     0.0000     0.0000     0.0000     0.0000 
           Overlap                
Reduction                  0.0000     0.0000     0.0000     0.0000     0.0000     0.0000     0.0000     0.0000     0.0000     0.0000     0.0000     0.0000     0.0000     0.0000     0.0000     0.0000 


-------------------------------------------------------------------------
Name (number) and performance time of processors
omp.keldysh.ru(1) 0.935367
omp.keldysh.ru(2) 0.935286
omp.keldysh.ru(3) 0.956477
omp.keldysh.ru(4) 0.956518
omp.keldysh.ru(5) 0.955142
omp.keldysh.ru(6) 0.955125
omp.keldysh.ru(7) 0.953970
omp.keldysh.ru(8) 0.953960
omp.keldysh.ru(9) 0.957148
omp.keldysh.ru(10) 0.957412
omp.keldysh.ru(11) 0.935382
omp.keldysh.ru(12) 0.935426
omp.keldysh.ru(13) 0.951800
omp.keldysh.ru(14) 0.951810
omp.keldysh.ru(15) 0.956079
omp.keldysh.ru(16) 0.956068
min - omp.keldysh.ru(2) 0.935286; max - omp.keldysh.ru(10) 0.957412; mid - 0.950186
