Processor system=1*1*4*4
Statistics has been accumulated on DVM-system version 5.0, platform DVM
Analyzer is executing on DVM-system version 5.0, platform DVM
-------------------------------------------------------------------------
INTERVAL ( NLINE=7 SOURCE=acr42.f ) LEVEL=0  EXE_COUNT=1
--- The main characteristics --- 
Parallelization efficiency      0.0578 
Execution time                  0.7707 
Processors                          16
Threads amount                      16
Total time                     12.3317
Productive time                 0.7126 ( CPU= 0.7071 Sys= 0.0055 I/O= 0.0000 )
Lost  time                     11.6191 
   Insufficient parallelism    10.6889 ( User= 10.6058 Sys= 0.0831 )
   Communication                0.0045 ( Real_sync= 0.0000 Starts= 0.0000 )
   Idle time                    0.9258
Load imbalance                  0.0579
Synchronization                 5.5205
Time variation                  5.5231
Overlap                         0.0026
                  Nop   Communic    Synchro  Variation    Overlap 
I/O                11     0.0000     1.8049     1.8076     0.0000 
Reduction           9     0.0045     0.9165     0.9165     0.0000 
Shadow             27     0.0000     2.7992     2.7991     0.0026 
--- The comparative characteristics --- 
                              Tmin N proc      Tmax N proc      Tmid
Lost time                   0.7226     1     0.7364    16     0.7262 
User insufficient par.      0.5120    16     0.7155     9     0.6629 
Sys.insufficient par.       0.0020    15     0.0070     7     0.0052 
Idle time                   0.0000     1     0.2218    13     0.0579 
Communication               0.0002     3     0.0004    14     0.0003 
Synchronization             0.0035     1     1.3551    13     0.3450 
Variation                   0.0034     1     1.3553    13     0.3452 
Overlap                     0.0000    13     0.0004     4     0.0002 
Load imbalance              0.0000     2     0.0139    16     0.0036 
Execution time              0.5489    13     0.7707     1     0.7129 
User CPU time               0.0341    16     0.0477     9     0.0442 
Sys. CPU time               0.0001    15     0.0005     7     0.0003 
I/O time                    0.0000     2     0.0000     1     0.0000 
Processors                      16     1         16    16         16 
                      Communic          Synchro        Variation          Overlap  
I/O             Tmin    0.0000     1     0.0007     1     0.0006     1     0.0000     1 
I/O             Tmax    0.0000    16     0.4467    13     0.4469    13     0.0000    16 
I/O             Tmid    0.0000           0.1128           0.1130           0.0000       
Reduction       Tmin    0.0002     3     0.0007     1     0.0007     1     0.0000     2 
Reduction       Tmax    0.0004    14     0.2264    13     0.2264    13     0.0000     4 
Reduction       Tmid    0.0003           0.0573           0.0573           0.0000       
Shadow          Tmin    0.0000     1     0.0021     1     0.0021     1     0.0000    13 
Shadow          Tmax    0.0000    16     0.6819    13     0.6819    13     0.0004     4 
Shadow          Tmid    0.0000           0.1749           0.1749           0.0002       
--- The execution characteristics --- 
                                1          2          3          4          5          6          7          8          9         10         11         12         13         14         15         16 
Lost time                  0.7226     0.7226     0.7227     0.7228     0.7229     0.7229     0.7227     0.7229     0.7226     0.7228     0.7231     0.7231     0.7364     0.7363     0.7362     0.7364 
User insufficient par.     0.7154     0.7154     0.7140     0.7119     0.7112     0.7112     0.7128     0.7109     0.7155     0.7115     0.7111     0.7110     0.5121     0.5144     0.5154     0.5120 
Sys.insufficient par.      0.0070     0.0069     0.0069     0.0068     0.0067     0.0064     0.0070     0.0063     0.0068     0.0068     0.0033     0.0035     0.0021     0.0021     0.0020     0.0023 
Idle time                  0.0000     0.0000     0.0016     0.0039     0.0046     0.0050     0.0027     0.0054     0.0000     0.0043     0.0084     0.0084     0.2218     0.2194     0.2185     0.2218 
Communication              0.0002     0.0002     0.0002     0.0002     0.0003     0.0003     0.0002     0.0003     0.0002     0.0002     0.0002     0.0002     0.0004     0.0004     0.0004     0.0004 
Synchronization            0.0035     0.0046     0.0071     0.0076     0.0172     0.0194     0.0129     0.0168     0.0062     0.0173     0.0419     0.0420     1.3551     1.3219     1.2977     1.3493 
Variation                  0.0034     0.0048     0.0073     0.0078     0.0173     0.0196     0.0131     0.0170     0.0064     0.0175     0.0421     0.0422     1.3553     1.3221     1.2979     1.3495 
Overlap                    0.0002     0.0002     0.0003     0.0004     0.0002     0.0002     0.0003     0.0003     0.0003     0.0001     0.0001     0.0001     0.0000     0.0000     0.0000     0.0000 
Load imbalance             0.0000     0.0000     0.0001     0.0002     0.0003     0.0003     0.0002     0.0003     0.0000     0.0003     0.0005     0.0005     0.0139     0.0137     0.0137     0.0139 
Execution time             0.7707     0.7707     0.7692     0.7669     0.7661     0.7657     0.7680     0.7653     0.7707     0.7665     0.7623     0.7623     0.5489     0.5513     0.5522     0.5490 
User CPU time              0.0477     0.0477     0.0476     0.0475     0.0474     0.0474     0.0475     0.0474     0.0477     0.0474     0.0474     0.0474     0.0341     0.0343     0.0344     0.0341 
Sys. CPU time              0.0004     0.0005     0.0005     0.0005     0.0004     0.0004     0.0005     0.0004     0.0005     0.0005     0.0002     0.0002     0.0001     0.0001     0.0001     0.0002 
I/O time                   0.0000     0.0000     0.0000     0.0000     0.0000     0.0000     0.0000     0.0000     0.0000     0.0000     0.0000     0.0000     0.0000     0.0000     0.0000     0.0000 
Processors                     16         16         16         16         16         16         16         16         16         16         16         16         16         16         16         16 
           Communication          
Reduction                  0.0002     0.0002     0.0002     0.0002     0.0003     0.0003     0.0002     0.0003     0.0002     0.0002     0.0002     0.0002     0.0004     0.0004     0.0004     0.0004 
           Synchronization        
I/O                        0.0007     0.0008     0.0009     0.0011     0.0030     0.0038     0.0022     0.0034     0.0014     0.0028     0.0117     0.0116     0.4467     0.4376     0.4320     0.4452 
Reduction                  0.0007     0.0008     0.0008     0.0008     0.0022     0.0024     0.0016     0.0017     0.0013     0.0021     0.0058     0.0058     0.2264     0.2213     0.2175     0.2251 
Shadow                     0.0021     0.0029     0.0054     0.0057     0.0120     0.0132     0.0092     0.0117     0.0035     0.0124     0.0244     0.0245     0.6819     0.6630     0.6482     0.6791 
           Variation              
I/O                        0.0006     0.0010     0.0011     0.0013     0.0032     0.0040     0.0023     0.0036     0.0016     0.0030     0.0118     0.0118     0.4469     0.4378     0.4322     0.4454 
Reduction                  0.0007     0.0008     0.0008     0.0008     0.0022     0.0024     0.0016     0.0017     0.0013     0.0021     0.0058     0.0058     0.2264     0.2213     0.2175     0.2251 
Shadow                     0.0021     0.0029     0.0054     0.0057     0.0120     0.0132     0.0092     0.0116     0.0035     0.0124     0.0244     0.0245     0.6819     0.6630     0.6482     0.6791 
           Overlap                
Reduction                  0.0000     0.0000     0.0000     0.0000     0.0000     0.0000     0.0000     0.0000     0.0000     0.0000     0.0000     0.0000     0.0000     0.0000     0.0000     0.0000 
Shadow                     0.0002     0.0002     0.0003     0.0004     0.0002     0.0002     0.0003     0.0003     0.0003     0.0001     0.0001     0.0001     0.0000     0.0000     0.0000     0.0000 


-------------------------------------------------------------------------
Name (number) and performance time of processors
omp.keldysh.ru(1) 0.934082
omp.keldysh.ru(2) 0.934008
omp.keldysh.ru(3) 0.954142
omp.keldysh.ru(4) 0.954077
omp.keldysh.ru(5) 0.953445
omp.keldysh.ru(6) 0.953436
omp.keldysh.ru(7) 0.933681
omp.keldysh.ru(8) 0.933651
omp.keldysh.ru(9) 0.953123
omp.keldysh.ru(10) 0.953115
omp.keldysh.ru(11) 0.954953
omp.keldysh.ru(12) 0.954668
omp.keldysh.ru(13) 0.952262
omp.keldysh.ru(14) 0.952358
omp.keldysh.ru(15) 0.951548
omp.keldysh.ru(16) 0.951536
min - omp.keldysh.ru(8) 0.933651; max - omp.keldysh.ru(11) 0.954953; mid - 0.948380
