Processor system=4*1*1*4
Statistics has been accumulated on DVM-system version 5.0, platform DVM
Analyzer is executing on DVM-system version 5.0, platform DVM
-------------------------------------------------------------------------
INTERVAL ( NLINE=7 SOURCE=rem43.f ) LEVEL=0  EXE_COUNT=1
--- The main characteristics --- 
Parallelization efficiency      0.0511 
Execution time                  0.4830 
Processors                          16
Threads amount                      16
Total time                      7.7281
Productive time                 0.3952 ( CPU= 0.0134 Sys= 0.3818 I/O= 0.0000 )
Lost  time                      7.3329 
   Insufficient parallelism     5.9057 ( User= 0.1789 Sys= 5.7268 )
   Communication                1.4238 ( Real_sync= 0.0000 Starts= 0.0000 )
   Idle time                    0.0035
Load imbalance                  0.0578
Synchronization                 2.1355
Time variation                  1.5810
Overlap                         0.0004
                  Nop   Communic    Synchro  Variation    Overlap 
I/O                16     0.0000     0.0064     0.0090     0.0000 
Reduction           7     0.0081     0.0003     0.0004     0.0000 
Remote access    4155     1.4157     2.1288     1.5716     0.0004 
--- The comparative characteristics --- 
                              Tmin N proc      Tmax N proc      Tmid
Lost time                   0.4547     8     0.4667    16     0.4583 
User insufficient par.      0.0067    14     0.0125    12     0.0112 
Sys.insufficient par.       0.2355    16     0.4108     8     0.3579 
Idle time                   0.0000     9     0.0016     5     0.0002 
Communication               0.0316     8     0.2228    16     0.0890 
Synchronization             0.0086     8     0.2854    13     0.1335 
Variation                   0.0085     7     0.2026    13     0.0988 
Overlap                     0.0000     9     0.0002     8     0.0000 
Load imbalance              0.0000     8     0.0120    16     0.0036 
Execution time              0.4814     5     0.4830    16     0.4828 
User CPU time               0.0005    14     0.0009    12     0.0008 
Sys. CPU time               0.0157    16     0.0274     8     0.0239 
I/O time                    0.0000    13     0.0000     1     0.0000 
Processors                      16     1         16    16         16 
                      Communic          Synchro        Variation          Overlap  
I/O             Tmin    0.0000     1     0.0001     8     0.0002     1     0.0000     1 
I/O             Tmax    0.0000    16     0.0008    13     0.0010    13     0.0000    16 
I/O             Tmid    0.0000           0.0004           0.0006           0.0000       
Reduction       Tmin    0.0003     5     0.0000    12     0.0000    12     0.0000     1 
Reduction       Tmax    0.0011    14     0.0000    13     0.0000    13     0.0000    12 
Reduction       Tmid    0.0005           0.0000           0.0000           0.0000       
Remote access   Tmin    0.0313     8     0.0085     8     0.0082     7     0.0000     9 
Remote access   Tmax    0.2218    16     0.2846    13     0.2016    13     0.0002     8 
Remote access   Tmid    0.0885           0.1330           0.0982           0.0000       
--- The execution characteristics --- 
                                1          2          3          4          5          6          7          8          9         10         11         12         13         14         15         16 
Lost time                  0.4558     0.4559     0.4560     0.4561     0.4548     0.4547     0.4547     0.4547     0.4561     0.4561     0.4559     0.4559     0.4665     0.4666     0.4662     0.4667 
User insufficient par.     0.0122     0.0122     0.0125     0.0122     0.0110     0.0124     0.0124     0.0124     0.0124     0.0124     0.0123     0.0125     0.0085     0.0067     0.0084     0.0084 
Sys.insufficient par.      0.3944     0.3927     0.3907     0.3900     0.4099     0.4100     0.4102     0.4108     0.3897     0.3898     0.3924     0.3921     0.2377     0.2376     0.2434     0.2355 
Idle time                  0.0001     0.0000     0.0000     0.0000     0.0016     0.0000     0.0000     0.0000     0.0000     0.0000     0.0000     0.0000     0.0000     0.0016     0.0000     0.0000 
Communication              0.0491     0.0510     0.0529     0.0539     0.0322     0.0322     0.0322     0.0316     0.0540     0.0540     0.0513     0.0513     0.2203     0.2207     0.2144     0.2228 
Synchronization            0.0906     0.0898     0.0863     0.0864     0.0837     0.0811     0.0087     0.0086     0.1215     0.1206     0.1130     0.1129     0.2854     0.2853     0.2779     0.2837 
Variation                  0.0631     0.0625     0.0598     0.0592     0.0835     0.0808     0.0085     0.0085     0.0939     0.0928     0.0850     0.0864     0.2026     0.2003     0.1955     0.1988 
Overlap                    0.0000     0.0000     0.0000     0.0000     0.0000     0.0000     0.0002     0.0002     0.0000     0.0000     0.0000     0.0000     0.0000     0.0000     0.0000     0.0000 
Load imbalance             0.0011     0.0012     0.0013     0.0014     0.0001     0.0000     0.0000     0.0000     0.0014     0.0014     0.0012     0.0012     0.0118     0.0120     0.0115     0.0120 
Execution time             0.4829     0.4830     0.4830     0.4830     0.4814     0.4830     0.4830     0.4830     0.4830     0.4830     0.4830     0.4830     0.4830     0.4814     0.4830     0.4830 
User CPU time              0.0009     0.0009     0.0009     0.0009     0.0008     0.0009     0.0009     0.0009     0.0009     0.0009     0.0009     0.0009     0.0006     0.0005     0.0006     0.0006 
Sys. CPU time              0.0263     0.0262     0.0260     0.0260     0.0273     0.0273     0.0273     0.0274     0.0260     0.0260     0.0262     0.0261     0.0158     0.0158     0.0162     0.0157 
I/O time                   0.0000     0.0000     0.0000     0.0000     0.0000     0.0000     0.0000     0.0000     0.0000     0.0000     0.0000     0.0000     0.0000     0.0000     0.0000     0.0000 
Processors                     16         16         16         16         16         16         16         16         16         16         16         16         16         16         16         16 
           Communication          
Reduction                  0.0004     0.0004     0.0004     0.0004     0.0003     0.0003     0.0003     0.0003     0.0003     0.0003     0.0003     0.0003     0.0011     0.0011     0.0011     0.0010 
Remote access              0.0487     0.0506     0.0525     0.0535     0.0320     0.0320     0.0319     0.0313     0.0537     0.0537     0.0509     0.0510     0.2192     0.2196     0.2134     0.2218 
           Synchronization        
I/O                        0.0002     0.0003     0.0003     0.0003     0.0003     0.0004     0.0001     0.0001     0.0004     0.0004     0.0003     0.0003     0.0008     0.0008     0.0007     0.0007 
Reduction                  0.0000     0.0000     0.0000     0.0000     0.0000     0.0000     0.0000     0.0000     0.0000     0.0000     0.0000     0.0000     0.0000     0.0000     0.0000     0.0000 
Remote access              0.0903     0.0894     0.0861     0.0861     0.0834     0.0807     0.0085     0.0085     0.1211     0.1202     0.1127     0.1126     0.2846     0.2845     0.2771     0.2830 
           Variation              
I/O                        0.0002     0.0005     0.0004     0.0004     0.0005     0.0005     0.0003     0.0003     0.0005     0.0005     0.0005     0.0005     0.0010     0.0010     0.0009     0.0009 
Reduction                  0.0000     0.0000     0.0000     0.0000     0.0000     0.0000     0.0000     0.0000     0.0000     0.0000     0.0000     0.0000     0.0000     0.0000     0.0000     0.0000 
Remote access              0.0629     0.0620     0.0593     0.0587     0.0829     0.0802     0.0082     0.0082     0.0933     0.0922     0.0845     0.0859     0.2016     0.1993     0.1945     0.1979 
           Overlap                
Reduction                  0.0000     0.0000     0.0000     0.0000     0.0000     0.0000     0.0000     0.0000     0.0000     0.0000     0.0000     0.0000     0.0000     0.0000     0.0000     0.0000 
Remote access              0.0000     0.0000     0.0000     0.0000     0.0000     0.0000     0.0002     0.0002     0.0000     0.0000     0.0000     0.0000     0.0000     0.0000     0.0000     0.0000 


-------------------------------------------------------------------------
Name (number) and performance time of processors
omp.keldysh.ru(1) 0.935422
omp.keldysh.ru(2) 0.935364
omp.keldysh.ru(3) 0.956771
omp.keldysh.ru(4) 0.956514
omp.keldysh.ru(5) 0.953909
omp.keldysh.ru(6) 0.953909
omp.keldysh.ru(7) 0.956188
omp.keldysh.ru(8) 0.956190
omp.keldysh.ru(9) 0.935458
omp.keldysh.ru(10) 0.935470
omp.keldysh.ru(11) 0.956786
omp.keldysh.ru(12) 0.956789
omp.keldysh.ru(13) 0.955078
omp.keldysh.ru(14) 0.955049
omp.keldysh.ru(15) 0.953466
omp.keldysh.ru(16) 0.953476
min - omp.keldysh.ru(2) 0.935364; max - omp.keldysh.ru(12) 0.956789; mid - 0.950365
