Processor system=3*1*3*2
Statistics has been accumulated on DVM-system version 5.0, platform DVM
Analyzer is executing on DVM-system version 5.0, platform DVM
-------------------------------------------------------------------------
INTERVAL ( NLINE=8 SOURCE=red43.f ) LEVEL=0  EXE_COUNT=2
--- The main characteristics --- 
Parallelization efficiency      0.0599 
Execution time                  0.0108 
Processors                          18
Threads amount                      18
Total time                      0.1938
Productive time                 0.0116 ( CPU= 0.0106 Sys= 0.0010 I/O= 0.0000 )
Lost  time                      0.1822 
   Insufficient parallelism     0.1389 ( User= 0.1217 Sys= 0.0172 )
   Communication                0.0196 ( Real_sync= 0.0000 Starts= 0.0000 )
   Idle time                    0.0238
Load imbalance                  0.0015
Synchronization                 0.0092
Time variation                  0.0085
Overlap                         0.0000
                  Nop   Communic    Synchro  Variation    Overlap 
I/O                17     0.0000     0.0010     0.0044     0.0000 
Reduction          15     0.0136     0.0010     0.0008     0.0000 
Remote access      37     0.0060     0.0072     0.0033     0.0000 
--- The comparative characteristics --- 
                              Tmin N proc      Tmax N proc      Tmid
Lost time                   0.0100     9     0.0102    18     0.0101 
User insufficient par.      0.0056    18     0.0081     9     0.0068 
Sys.insufficient par.       0.0008    17     0.0012     1     0.0010 
Idle time                   0.0000    10     0.0020     3     0.0013 
Communication               0.0009    16     0.0019    17     0.0011 
Synchronization             0.0002     2     0.0010    17     0.0005 
Variation                   0.0002     1     0.0006     3     0.0005 
Overlap                     0.0000     1     0.0000    12     0.0000 
Load imbalance              0.0000     9     0.0002    18     0.0001 
Execution time              0.0087     3     0.0108    10     0.0094 
User CPU time               0.0005    18     0.0007     9     0.0006 
Sys. CPU time               0.0000    17     0.0001    15     0.0001 
I/O time                    0.0000    17     0.0000     1     0.0000 
Processors                      18     1         18    18         18 
                      Communic          Synchro        Variation          Overlap  
I/O             Tmin    0.0000     1     0.0000     9     0.0000     1     0.0000     1 
I/O             Tmax    0.0000    18     0.0001     2     0.0003     2     0.0000    18 
I/O             Tmid    0.0000           0.0001           0.0002           0.0000       
Reduction       Tmin    0.0006     1     0.0000    16     0.0000    18     0.0000     1 
Reduction       Tmax    0.0011    17     0.0001    17     0.0001     1     0.0000    12 
Reduction       Tmid    0.0008           0.0001           0.0000           0.0000       
Remote access   Tmin    0.0002     4     0.0001     2     0.0001     2     0.0000     1 
Remote access   Tmax    0.0008    17     0.0008    17     0.0003     5     0.0000     2 
Remote access   Tmid    0.0003           0.0004           0.0002           0.0000       
--- The execution characteristics --- 
                                1          2          3          4          5          6          7          8          9         10         11         12         13         14         15         16         17         18 
Lost time                  0.0102     0.0102     0.0102     0.0101     0.0102     0.0101     0.0101     0.0101     0.0100     0.0100     0.0102     0.0101     0.0102     0.0101     0.0101     0.0101     0.0102     0.0102 
User insufficient par.     0.0061     0.0061     0.0062     0.0062     0.0062     0.0078     0.0078     0.0075     0.0081     0.0080     0.0062     0.0068     0.0061     0.0070     0.0071     0.0062     0.0067     0.0056 
Sys.insufficient par.      0.0012     0.0010     0.0010     0.0010     0.0010     0.0009     0.0010     0.0010     0.0009     0.0009     0.0010     0.0009     0.0010     0.0009     0.0010     0.0010     0.0008     0.0009 
Idle time                  0.0020     0.0020     0.0020     0.0020     0.0020     0.0003     0.0003     0.0006     0.0000     0.0000     0.0020     0.0014     0.0020     0.0011     0.0011     0.0020     0.0008     0.0020 
Communication              0.0009     0.0010     0.0010     0.0010     0.0010     0.0010     0.0010     0.0010     0.0010     0.0011     0.0010     0.0010     0.0010     0.0010     0.0009     0.0009     0.0019     0.0017 
Synchronization            0.0002     0.0002     0.0005     0.0005     0.0006     0.0005     0.0005     0.0005     0.0005     0.0005     0.0005     0.0005     0.0005     0.0005     0.0004     0.0004     0.0010     0.0009 
Variation                  0.0002     0.0004     0.0006     0.0006     0.0006     0.0006     0.0006     0.0005     0.0005     0.0005     0.0005     0.0004     0.0004     0.0004     0.0004     0.0004     0.0004     0.0004 
Overlap                    0.0000     0.0000     0.0000     0.0000     0.0000     0.0000     0.0000     0.0000     0.0000     0.0000     0.0000     0.0000     0.0000     0.0000     0.0000     0.0000     0.0000     0.0000 
Load imbalance             0.0001     0.0001     0.0001     0.0001     0.0001     0.0000     0.0000     0.0000     0.0000     0.0000     0.0001     0.0001     0.0001     0.0001     0.0001     0.0001     0.0001     0.0002 
Execution time             0.0088     0.0088     0.0087     0.0087     0.0088     0.0105     0.0105     0.0102     0.0108     0.0108     0.0088     0.0094     0.0087     0.0096     0.0096     0.0087     0.0099     0.0087 
User CPU time              0.0005     0.0005     0.0006     0.0006     0.0006     0.0007     0.0007     0.0006     0.0007     0.0007     0.0006     0.0006     0.0006     0.0006     0.0006     0.0006     0.0006     0.0005 
Sys. CPU time              0.0001     0.0001     0.0001     0.0001     0.0001     0.0001     0.0001     0.0001     0.0001     0.0001     0.0001     0.0001     0.0001     0.0001     0.0001     0.0001     0.0000     0.0001 
I/O time                   0.0000     0.0000     0.0000     0.0000     0.0000     0.0000     0.0000     0.0000     0.0000     0.0000     0.0000     0.0000     0.0000     0.0000     0.0000     0.0000     0.0000     0.0000 
Processors                     18         18         18         18         18         18         18         18         18         18         18         18         18         18         18         18         18         18 
           Communication          
Reduction                  0.0006     0.0006     0.0008     0.0008     0.0008     0.0008     0.0007     0.0008     0.0008     0.0008     0.0007     0.0007     0.0007     0.0007     0.0006     0.0006     0.0011     0.0010 
Remote access              0.0003     0.0004     0.0002     0.0002     0.0002     0.0002     0.0003     0.0003     0.0003     0.0003     0.0003     0.0003     0.0003     0.0003     0.0003     0.0003     0.0008     0.0007 
           Synchronization        
I/O                        0.0001     0.0001     0.0001     0.0001     0.0001     0.0001     0.0001     0.0001     0.0000     0.0000     0.0000     0.0000     0.0000     0.0000     0.0000     0.0000     0.0001     0.0001 
Reduction                  0.0000     0.0000     0.0001     0.0001     0.0001     0.0001     0.0000     0.0000     0.0001     0.0001     0.0000     0.0000     0.0000     0.0000     0.0000     0.0000     0.0001     0.0001 
Remote access              0.0001     0.0001     0.0004     0.0004     0.0004     0.0004     0.0004     0.0004     0.0004     0.0004     0.0004     0.0004     0.0004     0.0004     0.0003     0.0003     0.0008     0.0007 
           Variation              
I/O                        0.0000     0.0003     0.0003     0.0003     0.0003     0.0003     0.0003     0.0003     0.0002     0.0002     0.0003     0.0002     0.0002     0.0002     0.0002     0.0002     0.0003     0.0003 
Reduction                  0.0001     0.0001     0.0001     0.0001     0.0001     0.0001     0.0001     0.0001     0.0000     0.0000     0.0000     0.0000     0.0000     0.0000     0.0000     0.0000     0.0000     0.0000 
Remote access              0.0001     0.0001     0.0003     0.0003     0.0003     0.0003     0.0002     0.0002     0.0002     0.0002     0.0002     0.0002     0.0002     0.0001     0.0001     0.0001     0.0001     0.0001 
           Overlap                
Reduction                  0.0000     0.0000     0.0000     0.0000     0.0000     0.0000     0.0000     0.0000     0.0000     0.0000     0.0000     0.0000     0.0000     0.0000     0.0000     0.0000     0.0000     0.0000 
Remote access              0.0000     0.0000     0.0000     0.0000     0.0000     0.0000     0.0000     0.0000     0.0000     0.0000     0.0000     0.0000     0.0000     0.0000     0.0000     0.0000     0.0000     0.0000 


-------------------------------------------------------------------------
Name (number) and performance time of processors
omp.keldysh.ru(1) 0.933874
omp.keldysh.ru(2) 0.933791
omp.keldysh.ru(3) 0.954683
omp.keldysh.ru(4) 0.954696
omp.keldysh.ru(5) 0.953028
omp.keldysh.ru(6) 0.953024
omp.keldysh.ru(7) 0.956713
omp.keldysh.ru(8) 0.956693
omp.keldysh.ru(9) 0.956268
omp.keldysh.ru(10) 0.956270
omp.keldysh.ru(11) 0.957571
omp.keldysh.ru(12) 0.957583
omp.keldysh.ru(13) 0.954110
omp.keldysh.ru(14) 0.954115
omp.keldysh.ru(15) 0.953431
omp.keldysh.ru(16) 0.953423
omp.keldysh.ru(17) 0.952358
omp.keldysh.ru(18) 0.952636
min - omp.keldysh.ru(2) 0.933791; max - omp.keldysh.ru(12) 0.957583; mid - 0.952459
