Processor system=3*6*1
Statistics has been accumulated on DVM-system version 5.0, platform DVM
Analyzer is executing on DVM-system version 5.0, platform DVM
-------------------------------------------------------------------------
INTERVAL ( NLINE=5 SOURCE=prf32.f ) LEVEL=0  EXE_COUNT=2
--- The main characteristics --- 
Parallelization efficiency      0.0334 
Execution time                  0.0142 
Processors                          18
Threads amount                      18
Total time                      0.2562
Productive time                 0.0086 ( CPU= 0.0058 Sys= 0.0027 I/O= 0.0000 )
Lost  time                      0.2476 
   Insufficient parallelism     0.1369 ( User= 0.0901 Sys= 0.0468 )
   Communication                0.0944 ( Real_sync= 0.0000 Starts= 0.0000 )
   Idle time                    0.0163
Load imbalance                  0.0012
Synchronization                 0.1245
Time variation                  0.0904
Overlap                         0.0501
                  Nop   Communic    Synchro  Variation    Overlap 
I/O                12     0.0000     0.0065     0.0089     0.0000 
Reduction          22     0.0089     0.0009     0.0009     0.0000 
Remote access     172     0.0855     0.1170     0.0805     0.0501 
--- The comparative characteristics --- 
                              Tmin N proc      Tmax N proc      Tmid
Lost time                   0.0137    12     0.0139     8     0.0138 
User insufficient par.      0.0022    10     0.0059     4     0.0050 
Sys.insufficient par.       0.0018    17     0.0028     1     0.0026 
Idle time                   0.0000    15     0.0039     8     0.0009 
Communication               0.0050    12     0.0061    17     0.0052 
Synchronization             0.0014     6     0.0111    17     0.0069 
Variation                   0.0012     6     0.0075    17     0.0050 
Overlap                     0.0005    17     0.0061     6     0.0028 
Load imbalance              0.0000    12     0.0002     8     0.0001 
Execution time              0.0103     8     0.0142    15     0.0133 
User CPU time               0.0002     8     0.0004    13     0.0003 
Sys. CPU time               0.0001    17     0.0002    12     0.0002 
I/O time                    0.0000    12     0.0000     1     0.0000 
Processors                      18     1         18    18         18 
                      Communic          Synchro        Variation          Overlap  
I/O             Tmin    0.0000     1     0.0001     6     0.0003     1     0.0000     1 
I/O             Tmax    0.0000    18     0.0005     7     0.0006     2     0.0000    18 
I/O             Tmid    0.0000           0.0004           0.0005           0.0000       
Reduction       Tmin    0.0002    16     0.0000    11     0.0000    11     0.0000     1 
Reduction       Tmax    0.0007    17     0.0001     3     0.0001     3     0.0000    18 
Reduction       Tmid    0.0005           0.0001           0.0001           0.0000       
Remote access   Tmin    0.0044     1     0.0012     6     0.0009     6     0.0005    17 
Remote access   Tmax    0.0054    17     0.0106    17     0.0069    17     0.0061     6 
Remote access   Tmid    0.0047           0.0065           0.0045           0.0028       
--- The execution characteristics --- 
                                1          2          3          4          5          6          7          8          9         10         11         12         13         14         15         16         17         18 
Lost time                  0.0139     0.0137     0.0137     0.0137     0.0138     0.0137     0.0137     0.0139     0.0137     0.0139     0.0137     0.0137     0.0137     0.0138     0.0137     0.0137     0.0138     0.0138 
User insufficient par.     0.0025     0.0058     0.0059     0.0059     0.0044     0.0058     0.0058     0.0022     0.0058     0.0022     0.0059     0.0059     0.0059     0.0044     0.0059     0.0059     0.0058     0.0043 
Sys.insufficient par.      0.0028     0.0026     0.0026     0.0025     0.0026     0.0027     0.0027     0.0026     0.0027     0.0026     0.0027     0.0028     0.0027     0.0027     0.0028     0.0027     0.0018     0.0020 
Idle time                  0.0035     0.0000     0.0000     0.0000     0.0016     0.0000     0.0000     0.0039     0.0000     0.0039     0.0000     0.0000     0.0000     0.0016     0.0000     0.0000     0.0000     0.0016 
Communication              0.0051     0.0052     0.0052     0.0053     0.0052     0.0051     0.0051     0.0052     0.0052     0.0052     0.0051     0.0050     0.0051     0.0051     0.0051     0.0052     0.0061     0.0059 
Synchronization            0.0025     0.0036     0.0025     0.0024     0.0020     0.0014     0.0099     0.0099     0.0101     0.0101     0.0099     0.0056     0.0093     0.0098     0.0093     0.0093     0.0111     0.0058 
Variation                  0.0021     0.0032     0.0021     0.0020     0.0017     0.0012     0.0072     0.0071     0.0073     0.0072     0.0071     0.0043     0.0066     0.0069     0.0065     0.0064     0.0075     0.0040 
Overlap                    0.0058     0.0054     0.0059     0.0059     0.0058     0.0061     0.0009     0.0008     0.0007     0.0008     0.0007     0.0034     0.0010     0.0008     0.0010     0.0010     0.0005     0.0037 
Load imbalance             0.0002     0.0000     0.0000     0.0000     0.0001     0.0000     0.0000     0.0002     0.0000     0.0002     0.0000     0.0000     0.0000     0.0001     0.0000     0.0000     0.0001     0.0002 
Execution time             0.0107     0.0142     0.0142     0.0142     0.0126     0.0142     0.0142     0.0103     0.0142     0.0103     0.0142     0.0142     0.0142     0.0126     0.0142     0.0142     0.0142     0.0126 
User CPU time              0.0002     0.0004     0.0004     0.0004     0.0003     0.0004     0.0004     0.0002     0.0004     0.0002     0.0004     0.0004     0.0004     0.0003     0.0004     0.0004     0.0004     0.0003 
Sys. CPU time              0.0002     0.0002     0.0002     0.0001     0.0002     0.0002     0.0002     0.0002     0.0002     0.0002     0.0002     0.0002     0.0002     0.0002     0.0002     0.0002     0.0001     0.0001 
I/O time                   0.0000     0.0000     0.0000     0.0000     0.0000     0.0000     0.0000     0.0000     0.0000     0.0000     0.0000     0.0000     0.0000     0.0000     0.0000     0.0000     0.0000     0.0000 
Processors                     18         18         18         18         18         18         18         18         18         18         18         18         18         18         18         18         18         18 
           Communication          
Reduction                  0.0007     0.0007     0.0007     0.0007     0.0006     0.0005     0.0004     0.0004     0.0005     0.0005     0.0004     0.0003     0.0003     0.0003     0.0002     0.0002     0.0007     0.0006 
Remote access              0.0044     0.0045     0.0045     0.0046     0.0046     0.0046     0.0047     0.0047     0.0047     0.0047     0.0047     0.0047     0.0048     0.0048     0.0048     0.0049     0.0054     0.0053 
           Synchronization        
I/O                        0.0004     0.0005     0.0002     0.0002     0.0002     0.0001     0.0005     0.0004     0.0004     0.0004     0.0004     0.0004     0.0004     0.0004     0.0004     0.0004     0.0004     0.0004 
Reduction                  0.0001     0.0001     0.0001     0.0001     0.0000     0.0001     0.0001     0.0001     0.0001     0.0001     0.0000     0.0001     0.0001     0.0001     0.0000     0.0000     0.0001     0.0001 
Remote access              0.0021     0.0031     0.0022     0.0022     0.0018     0.0012     0.0094     0.0094     0.0097     0.0096     0.0095     0.0051     0.0089     0.0093     0.0089     0.0088     0.0106     0.0053 
           Variation              
I/O                        0.0003     0.0006     0.0004     0.0004     0.0003     0.0003     0.0006     0.0006     0.0006     0.0006     0.0006     0.0006     0.0005     0.0006     0.0005     0.0005     0.0006     0.0006 
Reduction                  0.0001     0.0001     0.0001     0.0001     0.0000     0.0001     0.0001     0.0001     0.0001     0.0001     0.0000     0.0001     0.0001     0.0001     0.0000     0.0000     0.0001     0.0001 
Remote access              0.0018     0.0025     0.0017     0.0016     0.0014     0.0009     0.0065     0.0065     0.0066     0.0066     0.0065     0.0036     0.0060     0.0063     0.0059     0.0058     0.0069     0.0034 
           Overlap                
Reduction                  0.0000     0.0000     0.0000     0.0000     0.0000     0.0000     0.0000     0.0000     0.0000     0.0000     0.0000     0.0000     0.0000     0.0000     0.0000     0.0000     0.0000     0.0000 
Remote access              0.0058     0.0054     0.0059     0.0059     0.0058     0.0061     0.0009     0.0008     0.0007     0.0008     0.0007     0.0034     0.0010     0.0008     0.0010     0.0010     0.0005     0.0037 


-------------------------------------------------------------------------
Name (number) and performance time of processors
omp.keldysh.ru(1) 0.935613
omp.keldysh.ru(2) 0.935553
omp.keldysh.ru(3) 0.956016
omp.keldysh.ru(4) 0.956009
omp.keldysh.ru(5) 0.955314
omp.keldysh.ru(6) 0.955313
omp.keldysh.ru(7) 0.956607
omp.keldysh.ru(8) 0.956592
omp.keldysh.ru(9) 0.957919
omp.keldysh.ru(10) 0.957930
omp.keldysh.ru(11) 0.957548
omp.keldysh.ru(12) 0.957831
omp.keldysh.ru(13) 0.935459
omp.keldysh.ru(14) 0.935464
omp.keldysh.ru(15) 0.958576
omp.keldysh.ru(16) 0.958568
omp.keldysh.ru(17) 0.935365
omp.keldysh.ru(18) 0.935355
min - omp.keldysh.ru(18) 0.935355; max - omp.keldysh.ru(15) 0.958576; mid - 0.949835
