Processor system=3*3*2*1
Statistics has been accumulated on DVM-system version 5.0, platform DVM
Analyzer is executing on DVM-system version 5.0, platform DVM
-------------------------------------------------------------------------
INTERVAL ( NLINE=7 SOURCE=sc42.f ) LEVEL=0  EXE_COUNT=2
--- The main characteristics --- 
Parallelization efficiency      0.2280 
Execution time                  2.2701 
Processors                          18
Threads amount                      18
Total time                     40.8623
Productive time                 9.3165 ( CPU= 9.3097 Sys= 0.0068 I/O= 0.0000 )
Lost  time                     31.5458 
   Insufficient parallelism    27.9164 ( User= 27.8008 Sys= 0.1156 )
   Communication                3.6137 ( Real_sync= 0.0000 Starts= 0.0000 )
   Idle time                    0.0156
Load imbalance                  2.3114
Synchronization                 0.0290
Time variation                  0.0326
Overlap                         0.0000
                  Nop   Communic    Synchro  Variation    Overlap 
I/O                12     0.0000     0.0289     0.0325     0.0000 
Reduction          10     3.6137     0.0001     0.0001     0.0000 
--- The comparative characteristics --- 
                              Tmin N proc      Tmax N proc      Tmid
Lost time                   1.6241     9     1.9400    18     1.7525 
User insufficient par.      0.9880    17     1.6223    15     1.5445 
Sys.insufficient par.       0.0047    17     0.0081     9     0.0064 
Idle time                   0.0000     4     0.0050    18     0.0009 
Communication               0.0003     9     0.9417    17     0.2008 
Synchronization             0.0000     9     0.0051    17     0.0016 
Variation                   0.0002     9     0.0053    17     0.0018 
Overlap                     0.0000     1     0.0000    16     0.0000 
Load imbalance              0.0000     9     0.3159    18     0.1284 
Execution time              2.2651    18     2.2701     4     2.2693 
User CPU time               0.3298    18     0.6455     9     0.5172 
Sys. CPU time               0.0003    17     0.0005     9     0.0004 
I/O time                    0.0000    15     0.0000     1     0.0000 
Processors                      18     1         18    18         18 
                      Communic          Synchro        Variation          Overlap  
I/O             Tmin    0.0000     1     0.0000     9     0.0002     9     0.0000     1 
I/O             Tmax    0.0000    18     0.0051    17     0.0053    17     0.0000    18 
I/O             Tmid    0.0000           0.0016           0.0018           0.0000       
Reduction       Tmin    0.0003     9     0.0000    16     0.0000    15     0.0000     1 
Reduction       Tmax    0.9417    17     0.0000     3     0.0000    10     0.0000    16 
Reduction       Tmid    0.2008           0.0000           0.0000           0.0000       
--- The execution characteristics --- 
                                1          2          3          4          5          6          7          8          9         10         11         12         13         14         15         16         17         18 
Lost time                  1.8035     1.8031     1.7040     1.6996     1.8035     1.8029     1.6951     1.6972     1.6241     1.6252     1.6985     1.6921     1.8047     1.8015     1.7089     1.7024     1.9395     1.9400 
User insufficient par.     1.6170     1.6137     1.6133     1.6068     1.6146     1.6134     1.6119     1.6145     1.6158     1.6157     1.6146     1.6073     1.6178     1.6108     1.6223     1.6123     0.9880     0.9911 
Sys.insufficient par.      0.0058     0.0057     0.0069     0.0071     0.0055     0.0058     0.0071     0.0068     0.0081     0.0081     0.0071     0.0071     0.0058     0.0056     0.0068     0.0069     0.0047     0.0048 
Idle time                  0.0001     0.0001     0.0000     0.0000     0.0016     0.0001     0.0000     0.0000     0.0000     0.0000     0.0000     0.0000     0.0001     0.0035     0.0000     0.0000     0.0050     0.0050 
Communication              0.1806     0.1836     0.0838     0.0857     0.1817     0.1837     0.0761     0.0760     0.0003     0.0014     0.0768     0.0778     0.1810     0.1816     0.0797     0.0832     0.9417     0.9391 
Synchronization            0.0023     0.0024     0.0005     0.0005     0.0024     0.0023     0.0006     0.0007     0.0000     0.0002     0.0003     0.0005     0.0021     0.0027     0.0008     0.0006     0.0051     0.0049 
Variation                  0.0022     0.0026     0.0007     0.0008     0.0026     0.0025     0.0008     0.0009     0.0002     0.0004     0.0005     0.0007     0.0023     0.0029     0.0010     0.0008     0.0053     0.0051 
Overlap                    0.0000     0.0000     0.0000     0.0000     0.0000     0.0000     0.0000     0.0000     0.0000     0.0000     0.0000     0.0000     0.0000     0.0000     0.0000     0.0000     0.0000     0.0000 
Load imbalance             0.1794     0.1789     0.0798     0.0754     0.1793     0.1788     0.0710     0.0731     0.0000     0.0011     0.0743     0.0680     0.1806     0.1773     0.0847     0.0783     0.3153     0.3159 
Execution time             2.2700     2.2700     2.2701     2.2701     2.2685     2.2700     2.2701     2.2701     2.2701     2.2701     2.2701     2.2701     2.2700     2.2666     2.2701     2.2701     2.2651     2.2651 
User CPU time              0.4663     0.4667     0.5658     0.5701     0.4663     0.4668     0.5746     0.5725     0.6455     0.6444     0.5712     0.5776     0.4651     0.4683     0.5608     0.5673     0.3304     0.3298 
Sys. CPU time              0.0003     0.0003     0.0004     0.0004     0.0003     0.0003     0.0004     0.0004     0.0005     0.0005     0.0004     0.0004     0.0003     0.0003     0.0004     0.0004     0.0003     0.0003 
I/O time                   0.0000     0.0000     0.0000     0.0000     0.0000     0.0000     0.0000     0.0000     0.0000     0.0000     0.0000     0.0000     0.0000     0.0000     0.0000     0.0000     0.0000     0.0000 
Processors                     18         18         18         18         18         18         18         18         18         18         18         18         18         18         18         18         18         18 
           Communication          
Reduction                  0.1806     0.1836     0.0838     0.0857     0.1817     0.1837     0.0761     0.0760     0.0003     0.0014     0.0768     0.0778     0.1810     0.1816     0.0797     0.0832     0.9417     0.9391 
           Synchronization        
I/O                        0.0023     0.0024     0.0005     0.0005     0.0024     0.0023     0.0006     0.0007     0.0000     0.0002     0.0003     0.0005     0.0021     0.0027     0.0008     0.0006     0.0051     0.0049 
Reduction                  0.0000     0.0000     0.0000     0.0000     0.0000     0.0000     0.0000     0.0000     0.0000     0.0000     0.0000     0.0000     0.0000     0.0000     0.0000     0.0000     0.0000     0.0000 
           Variation              
I/O                        0.0022     0.0026     0.0007     0.0007     0.0026     0.0025     0.0008     0.0009     0.0002     0.0004     0.0005     0.0007     0.0023     0.0029     0.0010     0.0008     0.0053     0.0051 
Reduction                  0.0000     0.0000     0.0000     0.0000     0.0000     0.0000     0.0000     0.0000     0.0000     0.0000     0.0000     0.0000     0.0000     0.0000     0.0000     0.0000     0.0000     0.0000 
           Overlap                
Reduction                  0.0000     0.0000     0.0000     0.0000     0.0000     0.0000     0.0000     0.0000     0.0000     0.0000     0.0000     0.0000     0.0000     0.0000     0.0000     0.0000     0.0000     0.0000 


-------------------------------------------------------------------------
Name (number) and performance time of processors
omp.keldysh.ru(1) 0.933976
omp.keldysh.ru(2) 0.933938
omp.keldysh.ru(3) 0.956988
omp.keldysh.ru(4) 0.957313
omp.keldysh.ru(5) 0.952386
omp.keldysh.ru(6) 0.952324
omp.keldysh.ru(7) 0.956371
omp.keldysh.ru(8) 0.956372
omp.keldysh.ru(9) 0.953110
omp.keldysh.ru(10) 0.953218
omp.keldysh.ru(11) 0.933965
omp.keldysh.ru(12) 0.933957
omp.keldysh.ru(13) 0.955588
omp.keldysh.ru(14) 0.955597
omp.keldysh.ru(15) 0.953021
omp.keldysh.ru(16) 0.953020
omp.keldysh.ru(17) 0.953797
omp.keldysh.ru(18) 0.953812
min - omp.keldysh.ru(2) 0.933938; max - omp.keldysh.ru(4) 0.957313; mid - 0.949931
