Processor system=1*3*2*3
Statistics has been accumulated on DVM-system version 5.0, platform DVM
Analyzer is executing on DVM-system version 5.0, platform DVM
-------------------------------------------------------------------------
INTERVAL ( NLINE=7 SOURCE=rem42.f ) LEVEL=0  EXE_COUNT=2
--- The main characteristics --- 
Parallelization efficiency      0.0503 
Execution time                  0.0379 
Processors                          18
Threads amount                      18
Total time                      0.6827
Productive time                 0.0344 ( CPU= 0.0121 Sys= 0.0222 I/O= 0.0000 )
Lost  time                      0.6483 
   Insufficient parallelism     0.5840 ( User= 0.2058 Sys= 0.3782 )
   Communication                0.0302 ( Real_sync= 0.0000 Starts= 0.0000 )
   Idle time                    0.0342
Load imbalance                  0.0032
Synchronization                19.1653
Time variation                 19.1691
Overlap                         0.0002
                  Nop   Communic    Synchro  Variation    Overlap 
I/O                17     0.0000     0.0808     0.0843     0.0000 
Reduction           8     0.0302     0.0040     0.0040     0.0000 
Remote access    4155     0.0000    19.0805    19.0808     0.0001 
--- The comparative characteristics --- 
                              Tmin N proc      Tmax N proc      Tmid
Lost time                   0.0358     7     0.0368    17     0.0360 
User insufficient par.      0.0067    17     0.0136     7     0.0114 
Sys.insufficient par.       0.0124    17     0.0221    15     0.0210 
Idle time                   0.0000     7     0.0040    17     0.0019 
Communication               0.0002    15     0.0137    17     0.0017 
Synchronization             0.0237     5     9.8295    17     1.0647 
Variation                   0.0239     5     9.8299    17     1.0649 
Overlap                     0.0000     4     0.0000     5     0.0000 
Load imbalance              0.0000     7     0.0010    17     0.0002 
Execution time              0.0339    17     0.0379     7     0.0360 
User CPU time               0.0004    17     0.0008     7     0.0007 
Sys. CPU time               0.0007    17     0.0013    15     0.0012 
I/O time                    0.0000     2     0.0000     1     0.0000 
Processors                      18     1         18    18         18 
                      Communic          Synchro        Variation          Overlap  
I/O             Tmin    0.0000     1     0.0003    15     0.0005    15     0.0000     1 
I/O             Tmax    0.0000    18     0.0402    17     0.0405    17     0.0000    18 
I/O             Tmid    0.0000           0.0045           0.0047           0.0000       
Reduction       Tmin    0.0002    15     0.0000     2     0.0000     2     0.0000     3 
Reduction       Tmax    0.0137    17     0.0019    17     0.0019    17     0.0000     2 
Reduction       Tmid    0.0017           0.0002           0.0002           0.0000       
Remote access   Tmin    0.0000     1     0.0231     5     0.0231     5     0.0000     4 
Remote access   Tmax    0.0000    18     9.7873    17     9.7876    17     0.0000     5 
Remote access   Tmid    0.0000           1.0600           1.0600           0.0000       
--- The execution characteristics --- 
                                1          2          3          4          5          6          7          8          9         10         11         12         13         14         15         16         17         18 
Lost time                  0.0359     0.0360     0.0359     0.0359     0.0359     0.0360     0.0358     0.0360     0.0359     0.0359     0.0361     0.0360     0.0360     0.0360     0.0359     0.0358     0.0368     0.0364 
User insufficient par.     0.0125     0.0109     0.0129     0.0131     0.0121     0.0101     0.0136     0.0114     0.0125     0.0125     0.0106     0.0118     0.0100     0.0101     0.0123     0.0133     0.0067     0.0095 
Sys.insufficient par.      0.0219     0.0216     0.0219     0.0219     0.0220     0.0220     0.0219     0.0218     0.0219     0.0218     0.0212     0.0212     0.0220     0.0219     0.0221     0.0220     0.0124     0.0167 
Idle time                  0.0008     0.0027     0.0008     0.0005     0.0016     0.0036     0.0000     0.0024     0.0010     0.0010     0.0030     0.0018     0.0036     0.0036     0.0013     0.0003     0.0040     0.0021 
Communication              0.0008     0.0008     0.0003     0.0003     0.0002     0.0003     0.0004     0.0004     0.0005     0.0005     0.0012     0.0012     0.0005     0.0005     0.0002     0.0002     0.0137     0.0081 
Synchronization            0.4352     0.4416     0.1139     0.1331     0.0237     0.0258     0.1188     0.1195     0.2716     0.2774     0.6587     0.6660     0.2143     0.2140     0.0321     0.0494     9.8295     5.5407 
Variation                  0.4351     0.4418     0.1141     0.1333     0.0239     0.0260     0.1191     0.1198     0.2718     0.2776     0.6589     0.6662     0.2145     0.2142     0.0323     0.0496     9.8299     5.5410 
Overlap                    0.0000     0.0000     0.0000     0.0000     0.0000     0.0000     0.0000     0.0000     0.0000     0.0000     0.0000     0.0000     0.0000     0.0000     0.0000     0.0000     0.0000     0.0000 
Load imbalance             0.0001     0.0002     0.0000     0.0000     0.0001     0.0002     0.0000     0.0001     0.0001     0.0001     0.0002     0.0001     0.0002     0.0002     0.0001     0.0000     0.0010     0.0005 
Execution time             0.0372     0.0352     0.0372     0.0374     0.0364     0.0343     0.0379     0.0355     0.0369     0.0369     0.0349     0.0361     0.0343     0.0343     0.0366     0.0377     0.0339     0.0358 
User CPU time              0.0007     0.0006     0.0008     0.0008     0.0007     0.0006     0.0008     0.0007     0.0007     0.0007     0.0006     0.0007     0.0006     0.0006     0.0007     0.0008     0.0004     0.0006 
Sys. CPU time              0.0013     0.0013     0.0013     0.0013     0.0013     0.0013     0.0013     0.0013     0.0013     0.0013     0.0012     0.0012     0.0013     0.0013     0.0013     0.0013     0.0007     0.0010 
I/O time                   0.0000     0.0000     0.0000     0.0000     0.0000     0.0000     0.0000     0.0000     0.0000     0.0000     0.0000     0.0000     0.0000     0.0000     0.0000     0.0000     0.0000     0.0000 
Processors                     18         18         18         18         18         18         18         18         18         18         18         18         18         18         18         18         18         18 
           Communication          
Reduction                  0.0008     0.0008     0.0003     0.0003     0.0002     0.0003     0.0004     0.0004     0.0005     0.0005     0.0012     0.0012     0.0005     0.0005     0.0002     0.0002     0.0137     0.0081 
           Synchronization        
I/O                        0.0018     0.0019     0.0007     0.0009     0.0004     0.0004     0.0007     0.0007     0.0013     0.0013     0.0029     0.0030     0.0011     0.0011     0.0003     0.0004     0.0402     0.0216 
Reduction                  0.0000     0.0000     0.0002     0.0002     0.0001     0.0001     0.0001     0.0001     0.0001     0.0001     0.0002     0.0002     0.0002     0.0002     0.0000     0.0000     0.0019     0.0002 
Remote access              0.4334     0.4397     0.1129     0.1320     0.0231     0.0253     0.1180     0.1187     0.2702     0.2760     0.6556     0.6629     0.2130     0.2127     0.0318     0.0490     9.7873     5.5188 
           Variation              
I/O                        0.0017     0.0021     0.0009     0.0011     0.0006     0.0006     0.0009     0.0010     0.0015     0.0015     0.0031     0.0032     0.0013     0.0013     0.0005     0.0006     0.0405     0.0218 
Reduction                  0.0000     0.0000     0.0002     0.0002     0.0001     0.0001     0.0001     0.0001     0.0001     0.0001     0.0002     0.0002     0.0002     0.0002     0.0000     0.0000     0.0019     0.0002 
Remote access              0.4333     0.4397     0.1129     0.1320     0.0231     0.0253     0.1180     0.1187     0.2702     0.2761     0.6556     0.6629     0.2130     0.2127     0.0318     0.0489     9.7876     5.5190 
           Overlap                
Reduction                  0.0000     0.0000     0.0000     0.0000     0.0000     0.0000     0.0000     0.0000     0.0000     0.0000     0.0000     0.0000     0.0000     0.0000     0.0000     0.0000     0.0000     0.0000 
Remote access              0.0000     0.0000     0.0000     0.0000     0.0000     0.0000     0.0000     0.0000     0.0000     0.0000     0.0000     0.0000     0.0000     0.0000     0.0000     0.0000     0.0000     0.0000 


-------------------------------------------------------------------------
Name (number) and performance time of processors
omp.keldysh.ru(1) 0.935391
omp.keldysh.ru(2) 0.935322
omp.keldysh.ru(3) 0.954249
omp.keldysh.ru(4) 0.954581
omp.keldysh.ru(5) 0.935402
omp.keldysh.ru(6) 0.935385
omp.keldysh.ru(7) 0.954870
omp.keldysh.ru(8) 0.954872
omp.keldysh.ru(9) 0.951398
omp.keldysh.ru(10) 0.951126
omp.keldysh.ru(11) 0.956276
omp.keldysh.ru(12) 0.956275
omp.keldysh.ru(13) 0.949997
omp.keldysh.ru(14) 0.949998
omp.keldysh.ru(15) 0.952307
omp.keldysh.ru(16) 0.952373
omp.keldysh.ru(17) 0.953481
omp.keldysh.ru(18) 0.953467
min - omp.keldysh.ru(2) 0.935322; max - omp.keldysh.ru(11) 0.956276; mid - 0.949265
