Processor system=3*1*3*2
Statistics has been accumulated on DVM-system version 5.0, platform DVM
Analyzer is executing on DVM-system version 5.0, platform DVM
-------------------------------------------------------------------------
INTERVAL ( NLINE=7 SOURCE=rem42.f ) LEVEL=0  EXE_COUNT=2
--- The main characteristics --- 
Parallelization efficiency      0.0486 
Execution time                  0.0389 
Processors                          18
Threads amount                      18
Total time                      0.6993
Productive time                 0.0340 ( CPU= 0.0131 Sys= 0.0209 I/O= 0.0000 )
Lost  time                      0.6653 
   Insufficient parallelism     0.5784 ( User= 0.2224 Sys= 0.3559 )
   Communication                0.0356 ( Real_sync= 0.0000 Starts= 0.0000 )
   Idle time                    0.0513
Load imbalance                  0.0044
Synchronization                23.4313
Time variation                 23.4344
Overlap                         0.0001
                  Nop   Communic    Synchro  Variation    Overlap 
I/O                17     0.0000     0.0987     0.1016     0.0000 
Reduction           8     0.0356     0.0054     0.0053     0.0000 
Remote access    4155     0.0000    23.3272    23.3275     0.0001 
--- The comparative characteristics --- 
                              Tmin N proc      Tmax N proc      Tmid
Lost time                   0.0367     1     0.0379    17     0.0370 
User insufficient par.      0.0061    17     0.0152     1     0.0124 
Sys.insufficient par.       0.0107    17     0.0213     1     0.0198 
Idle time                   0.0000     1     0.0065    17     0.0029 
Communication               0.0002     1     0.0146    18     0.0020 
Synchronization             0.0122     1    10.4496    17     1.3017 
Variation                   0.0122     1    10.4499    17     1.3019 
Overlap                     0.0000     2     0.0001     1     0.0000 
Load imbalance              0.0000     1     0.0011    17     0.0002 
Execution time              0.0324    17     0.0389     1     0.0360 
User CPU time               0.0004    17     0.0009     1     0.0007 
Sys. CPU time               0.0006    17     0.0012     6     0.0012 
I/O time                    0.0000    18     0.0000     1     0.0000 
Processors                      18     1         18    18         18 
                      Communic          Synchro        Variation          Overlap  
I/O             Tmin    0.0000     1     0.0002     1     0.0001     1     0.0000     1 
I/O             Tmax    0.0000    18     0.0430    17     0.0431    17     0.0000    18 
I/O             Tmid    0.0000           0.0055           0.0056           0.0000       
Reduction       Tmin    0.0002     1     0.0000    12     0.0000    12     0.0000     1 
Reduction       Tmax    0.0146    18     0.0022    17     0.0022    17     0.0000    12 
Reduction       Tmid    0.0020           0.0003           0.0003           0.0000       
Remote access   Tmin    0.0000     1     0.0119     1     0.0119     1     0.0000     2 
Remote access   Tmax    0.0000    18    10.4045    17    10.4046    17     0.0001     1 
Remote access   Tmid    0.0000           1.2960           1.2960           0.0000       
--- The execution characteristics --- 
                                1          2          3          4          5          6          7          8          9         10         11         12         13         14         15         16         17         18 
Lost time                  0.0367     0.0370     0.0367     0.0369     0.0368     0.0368     0.0369     0.0368     0.0368     0.0370     0.0369     0.0368     0.0370     0.0368     0.0369     0.0369     0.0379     0.0378 
User insufficient par.     0.0152     0.0107     0.0151     0.0123     0.0136     0.0135     0.0117     0.0140     0.0132     0.0115     0.0131     0.0147     0.0106     0.0142     0.0124     0.0130     0.0061     0.0075 
Sys.insufficient par.      0.0213     0.0210     0.0209     0.0208     0.0210     0.0211     0.0210     0.0209     0.0208     0.0208     0.0208     0.0207     0.0207     0.0207     0.0210     0.0208     0.0107     0.0107 
Idle time                  0.0000     0.0050     0.0004     0.0035     0.0019     0.0019     0.0039     0.0016     0.0023     0.0043     0.0023     0.0008     0.0050     0.0012     0.0031     0.0027     0.0065     0.0050 
Communication              0.0002     0.0003     0.0003     0.0003     0.0003     0.0003     0.0003     0.0003     0.0005     0.0004     0.0006     0.0006     0.0007     0.0007     0.0004     0.0004     0.0146     0.0146 
Synchronization            0.0122     0.1134     0.1169     0.1188     0.0852     0.0477     0.0783     0.0852     0.2449     0.1523     0.3157     0.3014     0.3798     0.3631     0.0780     0.0982    10.4496    10.3905 
Variation                  0.0122     0.1136     0.1170     0.1189     0.0854     0.0479     0.0784     0.0854     0.2450     0.1525     0.3159     0.3015     0.3799     0.3633     0.0782     0.0984    10.4499    10.3909 
Overlap                    0.0001     0.0000     0.0000     0.0000     0.0000     0.0000     0.0000     0.0000     0.0000     0.0000     0.0000     0.0000     0.0000     0.0000     0.0000     0.0000     0.0000     0.0000 
Load imbalance             0.0000     0.0003     0.0000     0.0002     0.0001     0.0001     0.0002     0.0001     0.0001     0.0002     0.0001     0.0001     0.0003     0.0001     0.0002     0.0001     0.0011     0.0011 
Execution time             0.0389     0.0339     0.0385     0.0354     0.0369     0.0369     0.0350     0.0373     0.0365     0.0346     0.0365     0.0381     0.0339     0.0377     0.0357     0.0361     0.0324     0.0338 
User CPU time              0.0009     0.0006     0.0009     0.0007     0.0008     0.0008     0.0007     0.0008     0.0008     0.0007     0.0008     0.0009     0.0006     0.0008     0.0007     0.0008     0.0004     0.0004 
Sys. CPU time              0.0012     0.0012     0.0012     0.0012     0.0012     0.0012     0.0012     0.0012     0.0012     0.0012     0.0012     0.0012     0.0012     0.0012     0.0012     0.0012     0.0006     0.0006 
I/O time                   0.0000     0.0000     0.0000     0.0000     0.0000     0.0000     0.0000     0.0000     0.0000     0.0000     0.0000     0.0000     0.0000     0.0000     0.0000     0.0000     0.0000     0.0000 
Processors                     18         18         18         18         18         18         18         18         18         18         18         18         18         18         18         18         18         18 
           Communication          
Reduction                  0.0002     0.0003     0.0003     0.0003     0.0003     0.0003     0.0003     0.0003     0.0005     0.0004     0.0006     0.0006     0.0007     0.0007     0.0004     0.0004     0.0146     0.0146 
           Synchronization        
I/O                        0.0002     0.0010     0.0007     0.0007     0.0006     0.0004     0.0005     0.0005     0.0013     0.0009     0.0014     0.0013     0.0017     0.0017     0.0004     0.0005     0.0430     0.0420 
Reduction                  0.0001     0.0002     0.0002     0.0002     0.0001     0.0001     0.0001     0.0001     0.0002     0.0002     0.0000     0.0000     0.0001     0.0001     0.0000     0.0000     0.0022     0.0016 
Remote access              0.0119     0.1123     0.1160     0.1179     0.0845     0.0472     0.0777     0.0847     0.2435     0.1512     0.3143     0.3000     0.3780     0.3614     0.0776     0.0977    10.4045    10.3469 
           Variation              
I/O                        0.0001     0.0011     0.0009     0.0009     0.0008     0.0006     0.0007     0.0007     0.0014     0.0011     0.0016     0.0015     0.0019     0.0018     0.0006     0.0007     0.0431     0.0421 
Reduction                  0.0001     0.0002     0.0002     0.0002     0.0001     0.0001     0.0001     0.0001     0.0002     0.0002     0.0000     0.0000     0.0001     0.0001     0.0000     0.0000     0.0022     0.0016 
Remote access              0.0119     0.1123     0.1159     0.1179     0.0846     0.0472     0.0777     0.0847     0.2435     0.1513     0.3143     0.3000     0.3779     0.3614     0.0776     0.0977    10.4046    10.3471 
           Overlap                
Reduction                  0.0000     0.0000     0.0000     0.0000     0.0000     0.0000     0.0000     0.0000     0.0000     0.0000     0.0000     0.0000     0.0000     0.0000     0.0000     0.0000     0.0000     0.0000 
Remote access              0.0001     0.0000     0.0000     0.0000     0.0000     0.0000     0.0000     0.0000     0.0000     0.0000     0.0000     0.0000     0.0000     0.0000     0.0000     0.0000     0.0000     0.0000 


-------------------------------------------------------------------------
Name (number) and performance time of processors
omp.keldysh.ru(1) 0.935398
omp.keldysh.ru(2) 0.935317
omp.keldysh.ru(3) 0.954112
omp.keldysh.ru(4) 0.954117
omp.keldysh.ru(5) 0.955030
omp.keldysh.ru(6) 0.955036
omp.keldysh.ru(7) 0.955483
omp.keldysh.ru(8) 0.955473
omp.keldysh.ru(9) 0.957033
omp.keldysh.ru(10) 0.957032
omp.keldysh.ru(11) 0.954277
omp.keldysh.ru(12) 0.954282
omp.keldysh.ru(13) 0.952936
omp.keldysh.ru(14) 0.953238
omp.keldysh.ru(15) 0.955104
omp.keldysh.ru(16) 0.955128
omp.keldysh.ru(17) 0.954646
omp.keldysh.ru(18) 0.954867
min - omp.keldysh.ru(2) 0.935317; max - omp.keldysh.ru(9) 0.957033; mid - 0.952695
