Processor system=2*1*4*2
Statistics has been accumulated on DVM-system version 5.0, platform DVM
Analyzer is executing on DVM-system version 5.0, platform DVM
-------------------------------------------------------------------------
INTERVAL ( NLINE=7 SOURCE=sc41.f ) LEVEL=0  EXE_COUNT=1
--- The main characteristics --- 
Parallelization efficiency      0.2192 
Execution time                  2.0694 
Processors                          16
Threads amount                      16
Total time                     33.1108
Productive time                 7.2584 ( CPU= 7.2520 Sys= 0.0064 I/O= 0.0000 )
Lost  time                     25.8524 
   Insufficient parallelism    22.0836 ( User= 21.9879 Sys= 0.0957 )
   Communication                3.7145 ( Real_sync= 0.0000 Starts= 0.0000 )
   Idle time                    0.0543
Load imbalance                  3.2821
Synchronization                 0.0216
Time variation                  0.0248
Overlap                         0.0000
                  Nop   Communic    Synchro  Variation    Overlap 
I/O                11     0.0000     0.0215     0.0247     0.0000 
Reduction           9     3.7145     0.0001     0.0002     0.0000 
--- The comparative characteristics --- 
                              Tmin N proc      Tmax N proc      Tmid
Lost time                   1.4106    13     1.7917    16     1.6158 
User insufficient par.      0.9511    13     1.5174     5     1.3742 
Sys.insufficient par.       0.0038    15     0.0072    12     0.0060 
Idle time                   0.0000    14     0.0086    16     0.0034 
Communication               0.0003    12     0.8264    16     0.2322 
Synchronization             0.0000     6     0.0049    15     0.0014 
Variation                   0.0002     6     0.0051    15     0.0016 
Overlap                     0.0000     3     0.0000    15     0.0000 
Load imbalance              0.0000    13     0.3810    16     0.2051 
Execution time              2.0608    16     2.0694    14     2.0660 
User CPU time               0.2775    16     0.6584    13     0.4533 
Sys. CPU time               0.0002    15     0.0005    12     0.0004 
I/O time                    0.0000    13     0.0000     1     0.0000 
Processors                      16     1         16    16         16 
                      Communic          Synchro        Variation          Overlap  
I/O             Tmin    0.0000     1     0.0000     6     0.0002     6     0.0000     1 
I/O             Tmax    0.0000    16     0.0049    15     0.0051    15     0.0000    16 
I/O             Tmid    0.0000           0.0013           0.0015           0.0000       
Reduction       Tmin    0.0003    12     0.0000    15     0.0000    15     0.0000     3 
Reduction       Tmax    0.8264    16     0.0000     4     0.0000     4     0.0000    15 
Reduction       Tmid    0.2322           0.0000           0.0000           0.0000       
--- The execution characteristics --- 
                                1          2          3          4          5          6          7          8          9         10         11         12         13         14         15         16 
Lost time                  1.7242     1.7236     1.5239     1.5219     1.5279     1.5277     1.7178     1.7177     1.7108     1.7127     1.5243     1.5229     1.4106     1.4114     1.7832     1.7917 
User insufficient par.     1.5168     1.5142     1.5136     1.5112     1.5174     1.5138     1.5172     1.5155     1.5146     1.5168     1.5153     1.5135     0.9511     0.9518     0.9525     0.9524 
Sys.insufficient par.      0.0055     0.0055     0.0070     0.0072     0.0072     0.0072     0.0052     0.0053     0.0053     0.0053     0.0071     0.0072     0.0064     0.0064     0.0038     0.0043 
Idle time                  0.0035     0.0054     0.0027     0.0012     0.0008     0.0023     0.0046     0.0061     0.0050     0.0042     0.0016     0.0020     0.0004     0.0000     0.0061     0.0086 
Communication              0.1984     0.1985     0.0006     0.0024     0.0025     0.0044     0.1908     0.1908     0.1859     0.1864     0.0004     0.0003     0.4528     0.4532     0.8210     0.8264 
Synchronization            0.0014     0.0014     0.0002     0.0001     0.0000     0.0000     0.0016     0.0018     0.0015     0.0016     0.0001     0.0001     0.0013     0.0013     0.0049     0.0043 
Variation                  0.0014     0.0016     0.0004     0.0003     0.0002     0.0002     0.0018     0.0020     0.0017     0.0018     0.0003     0.0003     0.0015     0.0015     0.0051     0.0045 
Overlap                    0.0000     0.0000     0.0000     0.0000     0.0000     0.0000     0.0000     0.0000     0.0000     0.0000     0.0000     0.0000     0.0000     0.0000     0.0000     0.0000 
Load imbalance             0.3136     0.3129     0.1132     0.1113     0.1172     0.1170     0.3072     0.3070     0.3002     0.3021     0.1137     0.1123     0.0000     0.0008     0.3726     0.3810 
Execution time             2.0660     2.0641     2.0667     2.0683     2.0686     2.0671     2.0648     2.0634     2.0644     2.0652     2.0679     2.0675     2.0690     2.0694     2.0634     2.0608 
User CPU time              0.3449     0.3455     0.5451     0.5470     0.5411     0.5413     0.3513     0.3514     0.3583     0.3563     0.5446     0.5460     0.6584     0.6575     0.2859     0.2775 
Sys. CPU time              0.0004     0.0004     0.0005     0.0005     0.0005     0.0005     0.0003     0.0004     0.0004     0.0004     0.0005     0.0005     0.0004     0.0004     0.0002     0.0003 
I/O time                   0.0000     0.0000     0.0000     0.0000     0.0000     0.0000     0.0000     0.0000     0.0000     0.0000     0.0000     0.0000     0.0000     0.0000     0.0000     0.0000 
Processors                     16         16         16         16         16         16         16         16         16         16         16         16         16         16         16         16 
           Communication          
Reduction                  0.1984     0.1985     0.0006     0.0024     0.0025     0.0044     0.1908     0.1908     0.1859     0.1864     0.0004     0.0003     0.4528     0.4532     0.8210     0.8264 
           Synchronization        
I/O                        0.0014     0.0014     0.0002     0.0001     0.0000     0.0000     0.0016     0.0018     0.0015     0.0016     0.0000     0.0001     0.0013     0.0012     0.0049     0.0043 
Reduction                  0.0000     0.0000     0.0000     0.0000     0.0000     0.0000     0.0000     0.0000     0.0000     0.0000     0.0000     0.0000     0.0000     0.0000     0.0000     0.0000 
           Variation              
I/O                        0.0014     0.0016     0.0004     0.0003     0.0002     0.0002     0.0018     0.0020     0.0017     0.0018     0.0003     0.0003     0.0015     0.0015     0.0051     0.0045 
Reduction                  0.0000     0.0000     0.0000     0.0000     0.0000     0.0000     0.0000     0.0000     0.0000     0.0000     0.0000     0.0000     0.0000     0.0000     0.0000     0.0000 
           Overlap                
Reduction                  0.0000     0.0000     0.0000     0.0000     0.0000     0.0000     0.0000     0.0000     0.0000     0.0000     0.0000     0.0000     0.0000     0.0000     0.0000     0.0000 


-------------------------------------------------------------------------
Name (number) and performance time of processors
omp.keldysh.ru(1) 0.935479
omp.keldysh.ru(2) 0.935407
omp.keldysh.ru(3) 0.935179
omp.keldysh.ru(4) 0.935517
omp.keldysh.ru(5) 0.957392
omp.keldysh.ru(6) 0.957390
omp.keldysh.ru(7) 0.955672
omp.keldysh.ru(8) 0.955674
omp.keldysh.ru(9) 0.955026
omp.keldysh.ru(10) 0.955059
omp.keldysh.ru(11) 0.956906
omp.keldysh.ru(12) 0.956912
omp.keldysh.ru(13) 0.954098
omp.keldysh.ru(14) 0.954115
omp.keldysh.ru(15) 0.955461
omp.keldysh.ru(16) 0.955443
min - omp.keldysh.ru(3) 0.935179; max - omp.keldysh.ru(5) 0.957392; mid - 0.950671
