Processor system=3*6*1
Statistics has been accumulated on DVM-system version 5.0, platform DVM
Analyzer is executing on DVM-system version 5.0, platform DVM
-------------------------------------------------------------------------
INTERVAL ( NLINE=5 SOURCE=realign33.f ) LEVEL=0  EXE_COUNT=2
--- The main characteristics --- 
Parallelization efficiency      0.0587 
Execution time                  0.0105 
Processors                          18
Threads amount                      18
Total time                      0.1893
Productive time                 0.0111 ( CPU= 0.0106 Sys= 0.0005 I/O= 0.0000 )
Lost  time                      0.1782 
   Insufficient parallelism     0.1378 ( User= 0.1292 Sys= 0.0086 )
   Communication                0.0086 ( Real_sync= 0.0000 Starts= 0.0000 )
   Idle time                    0.0318
Load imbalance                  0.0013
Synchronization                 0.0047
Time variation                  0.0096
Overlap                         0.0000
                  Nop   Communic    Synchro  Variation    Overlap 
I/O                 9     0.0000     0.0004     0.0036     0.0000 
Reduction           6     0.0073     0.0001     0.0001     0.0000 
Remote access      10     0.0000     0.0010     0.0010     0.0000 
Redistribution      6     0.0013     0.0032     0.0050     0.0000 
--- The comparative characteristics --- 
                              Tmin N proc      Tmax N proc      Tmid
Lost time                   0.0098     5     0.0100    17     0.0099 
User insufficient par.      0.0062    17     0.0087    18     0.0072 
Sys.insufficient par.       0.0004    17     0.0007     1     0.0005 
Idle time                   0.0000    18     0.0027     3     0.0018 
Communication               0.0003     1     0.0008    17     0.0005 
Synchronization             0.0001     1     0.0005    17     0.0003 
Variation                   0.0001     1     0.0009    17     0.0005 
Overlap                     0.0000     2     0.0000    10     0.0000 
Load imbalance              0.0000     5     0.0002    17     0.0001 
Execution time              0.0078     3     0.0105    18     0.0087 
User CPU time               0.0005    17     0.0007     5     0.0006 
Sys. CPU time               0.0000    17     0.0000     3     0.0000 
I/O time                    0.0000    12     0.0000     1     0.0000 
Processors                      18     1         18    18         18 
                      Communic          Synchro        Variation          Overlap  
I/O             Tmin    0.0000     1     0.0000     1     0.0000     1     0.0000     1 
I/O             Tmax    0.0000    18     0.0000    17     0.0002    17     0.0000    18 
I/O             Tmid    0.0000           0.0000           0.0002           0.0000       
Reduction       Tmin    0.0001     8     0.0000    10     0.0000    10     0.0000     2 
Reduction       Tmax    0.0008    17     0.0000     6     0.0000    18     0.0000    10 
Reduction       Tmid    0.0004           0.0000           0.0000           0.0000       
Remote access   Tmin    0.0000     1     0.0000     1     0.0000     1     0.0000     1 
Remote access   Tmax    0.0000    18     0.0002    17     0.0002    17     0.0000    18 
Remote access   Tmid    0.0000           0.0001           0.0001           0.0000       
Redistribution  Tmin    0.0000    16     0.0000     1     0.0000     8     0.0000     1 
Redistribution  Tmax    0.0002     8     0.0003    17     0.0005    17     0.0000    18 
Redistribution  Tmid    0.0001           0.0002           0.0003           0.0000       
--- The execution characteristics --- 
                                1          2          3          4          5          6          7          8          9         10         11         12         13         14         15         16         17         18 
Lost time                  0.0099     0.0099     0.0099     0.0099     0.0098     0.0099     0.0099     0.0098     0.0098     0.0098     0.0100     0.0100     0.0099     0.0099     0.0100     0.0099     0.0100     0.0099 
User insufficient par.     0.0064     0.0065     0.0064     0.0064     0.0084     0.0084     0.0064     0.0074     0.0078     0.0078     0.0064     0.0063     0.0081     0.0081     0.0064     0.0070     0.0062     0.0087 
Sys.insufficient par.      0.0007     0.0005     0.0005     0.0005     0.0004     0.0004     0.0005     0.0005     0.0005     0.0005     0.0004     0.0004     0.0005     0.0004     0.0005     0.0005     0.0004     0.0004 
Idle time                  0.0026     0.0026     0.0027     0.0026     0.0004     0.0004     0.0026     0.0016     0.0012     0.0012     0.0026     0.0027     0.0008     0.0008     0.0026     0.0020     0.0026     0.0000 
Communication              0.0003     0.0003     0.0003     0.0004     0.0006     0.0006     0.0004     0.0003     0.0003     0.0004     0.0005     0.0006     0.0005     0.0005     0.0005     0.0005     0.0008     0.0008 
Synchronization            0.0001     0.0002     0.0002     0.0002     0.0003     0.0003     0.0002     0.0002     0.0002     0.0002     0.0003     0.0003     0.0002     0.0003     0.0002     0.0002     0.0005     0.0004 
Variation                  0.0001     0.0003     0.0004     0.0005     0.0007     0.0007     0.0005     0.0003     0.0004     0.0004     0.0006     0.0006     0.0006     0.0006     0.0006     0.0006     0.0009     0.0008 
Overlap                    0.0000     0.0000     0.0000     0.0000     0.0000     0.0000     0.0000     0.0000     0.0000     0.0000     0.0000     0.0000     0.0000     0.0000     0.0000     0.0000     0.0000     0.0000 
Load imbalance             0.0001     0.0001     0.0001     0.0001     0.0000     0.0000     0.0001     0.0000     0.0000     0.0000     0.0001     0.0002     0.0000     0.0000     0.0001     0.0001     0.0002     0.0000 
Execution time             0.0079     0.0079     0.0078     0.0079     0.0101     0.0101     0.0079     0.0090     0.0093     0.0093     0.0079     0.0079     0.0097     0.0097     0.0079     0.0086     0.0079     0.0105 
User CPU time              0.0006     0.0006     0.0006     0.0006     0.0007     0.0006     0.0006     0.0006     0.0007     0.0007     0.0005     0.0005     0.0006     0.0006     0.0005     0.0006     0.0005     0.0006 
Sys. CPU time              0.0000     0.0000     0.0000     0.0000     0.0000     0.0000     0.0000     0.0000     0.0000     0.0000     0.0000     0.0000     0.0000     0.0000     0.0000     0.0000     0.0000     0.0000 
I/O time                   0.0000     0.0000     0.0000     0.0000     0.0000     0.0000     0.0000     0.0000     0.0000     0.0000     0.0000     0.0000     0.0000     0.0000     0.0000     0.0000     0.0000     0.0000 
Processors                     18         18         18         18         18         18         18         18         18         18         18         18         18         18         18         18         18         18 
           Communication          
Reduction                  0.0002     0.0001     0.0002     0.0003     0.0005     0.0005     0.0003     0.0001     0.0002     0.0003     0.0005     0.0005     0.0005     0.0005     0.0005     0.0005     0.0008     0.0007 
Redistribution             0.0001     0.0002     0.0001     0.0001     0.0000     0.0000     0.0001     0.0002     0.0001     0.0001     0.0000     0.0000     0.0000     0.0000     0.0000     0.0000     0.0001     0.0000 
           Synchronization        
I/O                        0.0000     0.0000     0.0000     0.0000     0.0000     0.0000     0.0000     0.0000     0.0000     0.0000     0.0000     0.0000     0.0000     0.0000     0.0000     0.0000     0.0000     0.0000 
Reduction                  0.0000     0.0000     0.0000     0.0000     0.0000     0.0000     0.0000     0.0000     0.0000     0.0000     0.0000     0.0000     0.0000     0.0000     0.0000     0.0000     0.0000     0.0000 
Remote access              0.0000     0.0000     0.0000     0.0000     0.0001     0.0001     0.0001     0.0000     0.0000     0.0001     0.0001     0.0001     0.0001     0.0001     0.0001     0.0000     0.0002     0.0001 
Redistribution             0.0000     0.0001     0.0001     0.0002     0.0002     0.0002     0.0002     0.0001     0.0002     0.0001     0.0002     0.0002     0.0002     0.0002     0.0002     0.0001     0.0003     0.0003 
           Variation              
I/O                        0.0000     0.0002     0.0002     0.0002     0.0002     0.0002     0.0002     0.0002     0.0002     0.0002     0.0002     0.0002     0.0002     0.0002     0.0002     0.0002     0.0002     0.0002 
Reduction                  0.0000     0.0000     0.0000     0.0000     0.0000     0.0000     0.0000     0.0000     0.0000     0.0000     0.0000     0.0000     0.0000     0.0000     0.0000     0.0000     0.0000     0.0000 
Remote access              0.0000     0.0000     0.0000     0.0000     0.0001     0.0001     0.0000     0.0000     0.0000     0.0000     0.0001     0.0001     0.0001     0.0001     0.0001     0.0000     0.0002     0.0001 
Redistribution             0.0001     0.0001     0.0002     0.0002     0.0004     0.0004     0.0002     0.0000     0.0002     0.0002     0.0004     0.0004     0.0003     0.0003     0.0003     0.0003     0.0005     0.0005 
           Overlap                
Reduction                  0.0000     0.0000     0.0000     0.0000     0.0000     0.0000     0.0000     0.0000     0.0000     0.0000     0.0000     0.0000     0.0000     0.0000     0.0000     0.0000     0.0000     0.0000 


-------------------------------------------------------------------------
Name (number) and performance time of processors
omp.keldysh.ru(1) 0.935475
omp.keldysh.ru(2) 0.935366
omp.keldysh.ru(3) 0.935554
omp.keldysh.ru(4) 0.935553
omp.keldysh.ru(5) 0.956474
omp.keldysh.ru(6) 0.956461
omp.keldysh.ru(7) 0.955945
omp.keldysh.ru(8) 0.955941
omp.keldysh.ru(9) 0.958203
omp.keldysh.ru(10) 0.958229
omp.keldysh.ru(11) 0.957558
omp.keldysh.ru(12) 0.957556
omp.keldysh.ru(13) 0.957993
omp.keldysh.ru(14) 0.957986
omp.keldysh.ru(15) 0.954546
omp.keldysh.ru(16) 0.954842
omp.keldysh.ru(17) 0.956771
omp.keldysh.ru(18) 0.956747
min - omp.keldysh.ru(2) 0.935366; max - omp.keldysh.ru(10) 0.958229; mid - 0.952067
