Processor system=3*3*2*1
Statistics has been accumulated on DVM-system version 5.0, platform DVM
Analyzer is executing on DVM-system version 5.0, platform DVM
-------------------------------------------------------------------------
INTERVAL ( NLINE=7 SOURCE=reda41.f ) LEVEL=0  EXE_COUNT=2
--- The main characteristics --- 
Parallelization efficiency      0.0411 
Execution time                  0.0093 
Processors                          18
Threads amount                      18
Total time                      0.1680
Productive time                 0.0069 ( CPU= 0.0064 Sys= 0.0005 I/O= 0.0000 )
Lost  time                      0.1611 
   Insufficient parallelism     0.1107 ( User= 0.1025 Sys= 0.0082 )
   Communication                0.0075 ( Real_sync= 0.0000 Starts= 0.0000 )
   Idle time                    0.0429
Load imbalance                  0.0025
Synchronization                 0.0072
Time variation                  0.0065
Overlap                         0.0001
                  Nop   Communic    Synchro  Variation    Overlap 
I/O                 6     0.0000     0.0014     0.0041     0.0000 
Reduction           5     0.0036     0.0008     0.0006     0.0001 
Remote access      22     0.0038     0.0049     0.0018     0.0000 
--- The comparative characteristics --- 
                              Tmin N proc      Tmax N proc      Tmid
Lost time                   0.0088    16     0.0091     2     0.0089 
User insufficient par.      0.0039     2     0.0080    16     0.0057 
Sys.insufficient par.       0.0004    17     0.0006     1     0.0005 
Idle time                   0.0000    16     0.0042     4     0.0024 
Communication               0.0003     1     0.0006    17     0.0004 
Synchronization             0.0001     1     0.0006     2     0.0004 
Variation                   0.0002     1     0.0005     2     0.0004 
Overlap                     0.0000    18     0.0000    15     0.0000 
Load imbalance              0.0000    16     0.0003     1     0.0001 
Execution time              0.0051     4     0.0093    16     0.0069 
User CPU time               0.0002     2     0.0005    16     0.0004 
Sys. CPU time               0.0000    17     0.0000    16     0.0000 
I/O time                    0.0000    10     0.0000     1     0.0000 
Processors                      18     1         18    18         18 
                      Communic          Synchro        Variation          Overlap  
I/O             Tmin    0.0000     1     0.0000    15     0.0001     1     0.0000     1 
I/O             Tmax    0.0000    18     0.0001     2     0.0003     2     0.0000    18 
I/O             Tmid    0.0000           0.0001           0.0002           0.0000       
Reduction       Tmin    0.0002     1     0.0000    14     0.0000    10     0.0000    18 
Reduction       Tmax    0.0002    17     0.0001    18     0.0001     1     0.0000    15 
Reduction       Tmid    0.0002           0.0000           0.0000           0.0000       
Remote access   Tmin    0.0001     1     0.0000     1     0.0000     1     0.0000     2 
Remote access   Tmax    0.0004    17     0.0004    17     0.0002     2     0.0000     1 
Remote access   Tmid    0.0002           0.0003           0.0001           0.0000       
--- The execution characteristics --- 
                                1          2          3          4          5          6          7          8          9         10         11         12         13         14         15         16         17         18 
Lost time                  0.0091     0.0091     0.0089     0.0090     0.0089     0.0089     0.0091     0.0090     0.0089     0.0090     0.0089     0.0089     0.0089     0.0089     0.0090     0.0088     0.0089     0.0090 
User insufficient par.     0.0039     0.0039     0.0069     0.0040     0.0065     0.0065     0.0040     0.0054     0.0072     0.0046     0.0073     0.0058     0.0061     0.0061     0.0040     0.0080     0.0075     0.0049 
Sys.insufficient par.      0.0006     0.0005     0.0005     0.0005     0.0005     0.0005     0.0004     0.0004     0.0005     0.0005     0.0005     0.0004     0.0004     0.0004     0.0005     0.0005     0.0004     0.0004 
Idle time                  0.0042     0.0042     0.0012     0.0042     0.0016     0.0016     0.0042     0.0027     0.0008     0.0035     0.0008     0.0023     0.0020     0.0019     0.0042     0.0000     0.0004     0.0031 
Communication              0.0003     0.0005     0.0004     0.0004     0.0004     0.0004     0.0004     0.0004     0.0004     0.0004     0.0004     0.0004     0.0005     0.0004     0.0004     0.0004     0.0006     0.0006 
Synchronization            0.0001     0.0006     0.0005     0.0004     0.0004     0.0004     0.0004     0.0004     0.0004     0.0004     0.0004     0.0004     0.0004     0.0003     0.0002     0.0003     0.0005     0.0006 
Variation                  0.0002     0.0005     0.0005     0.0004     0.0004     0.0004     0.0004     0.0004     0.0004     0.0003     0.0004     0.0004     0.0004     0.0003     0.0002     0.0003     0.0003     0.0003 
Overlap                    0.0000     0.0000     0.0000     0.0000     0.0000     0.0000     0.0000     0.0000     0.0000     0.0000     0.0000     0.0000     0.0000     0.0000     0.0000     0.0000     0.0000     0.0000 
Load imbalance             0.0003     0.0003     0.0001     0.0002     0.0001     0.0001     0.0002     0.0002     0.0000     0.0002     0.0000     0.0001     0.0001     0.0001     0.0002     0.0000     0.0000     0.0002 
Execution time             0.0051     0.0051     0.0082     0.0051     0.0078     0.0078     0.0051     0.0066     0.0086     0.0058     0.0086     0.0070     0.0074     0.0074     0.0051     0.0093     0.0089     0.0062 
User CPU time              0.0002     0.0002     0.0004     0.0003     0.0004     0.0004     0.0002     0.0003     0.0005     0.0003     0.0005     0.0004     0.0004     0.0004     0.0003     0.0005     0.0005     0.0003 
Sys. CPU time              0.0000     0.0000     0.0000     0.0000     0.0000     0.0000     0.0000     0.0000     0.0000     0.0000     0.0000     0.0000     0.0000     0.0000     0.0000     0.0000     0.0000     0.0000 
I/O time                   0.0000     0.0000     0.0000     0.0000     0.0000     0.0000     0.0000     0.0000     0.0000     0.0000     0.0000     0.0000     0.0000     0.0000     0.0000     0.0000     0.0000     0.0000 
Processors                     18         18         18         18         18         18         18         18         18         18         18         18         18         18         18         18         18         18 
           Communication          
Reduction                  0.0002     0.0002     0.0002     0.0002     0.0002     0.0002     0.0002     0.0002     0.0002     0.0002     0.0002     0.0002     0.0002     0.0002     0.0002     0.0002     0.0002     0.0002 
Remote access              0.0001     0.0003     0.0002     0.0002     0.0002     0.0002     0.0002     0.0002     0.0002     0.0002     0.0002     0.0002     0.0003     0.0002     0.0002     0.0002     0.0004     0.0004 
           Synchronization        
I/O                        0.0001     0.0001     0.0001     0.0001     0.0001     0.0001     0.0001     0.0001     0.0001     0.0001     0.0001     0.0001     0.0001     0.0000     0.0000     0.0001     0.0000     0.0001 
Reduction                  0.0000     0.0001     0.0001     0.0001     0.0000     0.0000     0.0001     0.0000     0.0000     0.0001     0.0000     0.0000     0.0000     0.0000     0.0000     0.0000     0.0001     0.0001 
Remote access              0.0000     0.0004     0.0003     0.0003     0.0003     0.0003     0.0003     0.0003     0.0002     0.0003     0.0002     0.0003     0.0003     0.0003     0.0002     0.0002     0.0004     0.0004 
           Variation              
I/O                        0.0001     0.0003     0.0003     0.0003     0.0002     0.0002     0.0002     0.0003     0.0003     0.0002     0.0003     0.0002     0.0002     0.0002     0.0002     0.0002     0.0002     0.0002 
Reduction                  0.0001     0.0001     0.0001     0.0001     0.0000     0.0000     0.0000     0.0000     0.0000     0.0000     0.0000     0.0000     0.0000     0.0000     0.0000     0.0000     0.0000     0.0000 
Remote access              0.0000     0.0002     0.0002     0.0001     0.0001     0.0001     0.0001     0.0001     0.0001     0.0001     0.0001     0.0001     0.0001     0.0001     0.0001     0.0001     0.0001     0.0001 
           Overlap                
Reduction                  0.0000     0.0000     0.0000     0.0000     0.0000     0.0000     0.0000     0.0000     0.0000     0.0000     0.0000     0.0000     0.0000     0.0000     0.0000     0.0000     0.0000     0.0000 
Remote access              0.0000     0.0000     0.0000     0.0000     0.0000     0.0000     0.0000     0.0000     0.0000     0.0000     0.0000     0.0000     0.0000     0.0000     0.0000     0.0000     0.0000     0.0000 


-------------------------------------------------------------------------
Name (number) and performance time of processors
omp.keldysh.ru(1) 0.935364
omp.keldysh.ru(2) 0.935289
omp.keldysh.ru(3) 0.959424
omp.keldysh.ru(4) 0.959521
omp.keldysh.ru(5) 0.959512
omp.keldysh.ru(6) 0.959505
omp.keldysh.ru(7) 0.959625
omp.keldysh.ru(8) 0.959612
omp.keldysh.ru(9) 0.960979
omp.keldysh.ru(10) 0.960970
omp.keldysh.ru(11) 0.958491
omp.keldysh.ru(12) 0.958479
omp.keldysh.ru(13) 0.959719
omp.keldysh.ru(14) 0.959710
omp.keldysh.ru(15) 0.957832
omp.keldysh.ru(16) 0.957849
omp.keldysh.ru(17) 0.957202
omp.keldysh.ru(18) 0.957535
min - omp.keldysh.ru(2) 0.935289; max - omp.keldysh.ru(9) 0.960979; mid - 0.956479
