Processor system=3*6*1*1
Statistics has been accumulated on DVM-system version 5.0, platform DVM
Analyzer is executing on DVM-system version 5.0, platform DVM
-------------------------------------------------------------------------
INTERVAL ( NLINE=7 SOURCE=rem43.f ) LEVEL=0  EXE_COUNT=2
--- The main characteristics --- 
Parallelization efficiency      0.0475 
Execution time                  0.4749 
Processors                          18
Threads amount                      18
Total time                      8.5477
Productive time                 0.4058 ( CPU= 0.0197 Sys= 0.3861 I/O= 0.0000 )
Lost  time                      8.1419 
   Insufficient parallelism     6.7807 ( User= 0.2171 Sys= 6.5637 )
   Communication                1.2947 ( Real_sync= 0.0000 Starts= 0.0000 )
   Idle time                    0.0665
Load imbalance                  0.0298
Synchronization                 3.4633
Time variation                  2.9041
Overlap                         0.0002
                  Nop   Communic    Synchro  Variation    Overlap 
I/O                17     0.0000     0.0126     0.0159     0.0000 
Reduction           8     0.0081     0.0004     0.0005     0.0000 
Remote access    4155     1.2866     3.4502     2.8877     0.0002 
--- The comparative characteristics --- 
                              Tmin N proc      Tmax N proc      Tmid
Lost time                   0.4507    12     0.4608    17     0.4523 
User insufficient par.      0.0074    17     0.0160    15     0.0121 
Sys.insufficient par.       0.2271    17     0.3939    12     0.3646 
Idle time                   0.0000    15     0.0054     6     0.0037 
Communication               0.0404    12     0.2209    17     0.0719 
Synchronization             0.0616    15     0.3234    17     0.1924 
Variation                   0.0398    15     0.2390    17     0.1613 
Overlap                     0.0000     2     0.0001    15     0.0000 
Load imbalance              0.0000    12     0.0101    17     0.0017 
Execution time              0.4695     6     0.4749    15     0.4712 
User CPU time               0.0008    17     0.0014    15     0.0011 
Sys. CPU time               0.0134    17     0.0232    12     0.0214 
I/O time                    0.0000    18     0.0000     1     0.0000 
Processors                      18     1         18    18         18 
                      Communic          Synchro        Variation          Overlap  
I/O             Tmin    0.0000     1     0.0000    15     0.0002    15     0.0000     1 
I/O             Tmax    0.0000    18     0.0009    17     0.0011    17     0.0000    18 
I/O             Tmid    0.0000           0.0007           0.0009           0.0000       
Reduction       Tmin    0.0001    15     0.0000    12     0.0000    12     0.0000     1 
Reduction       Tmax    0.0012    18     0.0000     4     0.0000    18     0.0000    17 
Reduction       Tmid    0.0004           0.0000           0.0000           0.0000       
Remote access   Tmin    0.0401    12     0.0615    15     0.0395    15     0.0000     2 
Remote access   Tmax    0.2198    17     0.3224    17     0.2378    17     0.0001    15 
Remote access   Tmid    0.0715           0.1917           0.1604           0.0000       
--- The execution characteristics --- 
                                1          2          3          4          5          6          7          8          9         10         11         12         13         14         15         16         17         18 
Lost time                  0.4515     0.4516     0.4512     0.4514     0.4518     0.4507     0.4514     0.4514     0.4512     0.4515     0.4516     0.4507     0.4515     0.4516     0.4509     0.4513     0.4608     0.4599 
User insufficient par.     0.0120     0.0108     0.0131     0.0137     0.0103     0.0111     0.0135     0.0142     0.0123     0.0118     0.0124     0.0110     0.0127     0.0115     0.0160     0.0143     0.0074     0.0091 
Sys.insufficient par.      0.3786     0.3773     0.3829     0.3782     0.3752     0.3935     0.3789     0.3780     0.3842     0.3791     0.3764     0.3939     0.3786     0.3779     0.3844     0.3798     0.2271     0.2396 
Idle time                  0.0040     0.0053     0.0029     0.0024     0.0053     0.0054     0.0026     0.0018     0.0037     0.0048     0.0032     0.0054     0.0035     0.0045     0.0000     0.0021     0.0053     0.0042 
Communication              0.0569     0.0582     0.0523     0.0572     0.0610     0.0408     0.0564     0.0573     0.0510     0.0559     0.0596     0.0404     0.0567     0.0577     0.0505     0.0550     0.2209     0.2069 
Synchronization            0.2049     0.2050     0.1884     0.1951     0.2052     0.1749     0.2012     0.2015     0.1315     0.2005     0.1722     0.1403     0.2064     0.2059     0.0616     0.1446     0.3234     0.3008 
Variation                  0.1756     0.1755     0.1643     0.1659     0.1710     0.1669     0.1724     0.1726     0.1090     0.1733     0.1382     0.1327     0.1779     0.1771     0.0398     0.1184     0.2390     0.2345 
Overlap                    0.0000     0.0000     0.0000     0.0000     0.0000     0.0000     0.0000     0.0000     0.0000     0.0000     0.0000     0.0001     0.0000     0.0000     0.0001     0.0000     0.0000     0.0000 
Load imbalance             0.0008     0.0010     0.0005     0.0008     0.0011     0.0000     0.0007     0.0007     0.0005     0.0008     0.0009     0.0000     0.0008     0.0009     0.0002     0.0006     0.0101     0.0093 
Execution time             0.4709     0.4695     0.4720     0.4725     0.4695     0.4695     0.4722     0.4730     0.4712     0.4701     0.4717     0.4695     0.4714     0.4704     0.4749     0.4727     0.4695     0.4706 
User CPU time              0.0011     0.0010     0.0012     0.0012     0.0010     0.0010     0.0012     0.0012     0.0011     0.0011     0.0011     0.0010     0.0011     0.0011     0.0014     0.0012     0.0008     0.0009 
Sys. CPU time              0.0223     0.0222     0.0225     0.0222     0.0221     0.0231     0.0223     0.0222     0.0226     0.0223     0.0221     0.0232     0.0223     0.0222     0.0226     0.0223     0.0134     0.0141 
I/O time                   0.0000     0.0000     0.0000     0.0000     0.0000     0.0000     0.0000     0.0000     0.0000     0.0000     0.0000     0.0000     0.0000     0.0000     0.0000     0.0000     0.0000     0.0000 
Processors                     18         18         18         18         18         18         18         18         18         18         18         18         18         18         18         18         18         18 
           Communication          
Reduction                  0.0004     0.0004     0.0003     0.0004     0.0004     0.0004     0.0004     0.0004     0.0002     0.0004     0.0004     0.0004     0.0004     0.0004     0.0001     0.0004     0.0012     0.0012 
Remote access              0.0565     0.0578     0.0520     0.0568     0.0605     0.0404     0.0560     0.0569     0.0508     0.0555     0.0592     0.0401     0.0563     0.0573     0.0504     0.0547     0.2198     0.2058 
           Synchronization        
I/O                        0.0008     0.0008     0.0008     0.0008     0.0008     0.0008     0.0008     0.0008     0.0006     0.0007     0.0006     0.0006     0.0008     0.0008     0.0000     0.0003     0.0009     0.0009 
Reduction                  0.0000     0.0000     0.0000     0.0000     0.0000     0.0000     0.0000     0.0000     0.0000     0.0000     0.0000     0.0000     0.0000     0.0000     0.0000     0.0000     0.0000     0.0000 
Remote access              0.2041     0.2041     0.1876     0.1942     0.2044     0.1741     0.2004     0.2007     0.1309     0.1997     0.1715     0.1397     0.2056     0.2051     0.0615     0.1442     0.3224     0.2999 
           Variation              
I/O                        0.0007     0.0010     0.0010     0.0010     0.0010     0.0010     0.0010     0.0010     0.0008     0.0009     0.0008     0.0008     0.0010     0.0010     0.0002     0.0005     0.0011     0.0011 
Reduction                  0.0000     0.0000     0.0000     0.0000     0.0000     0.0000     0.0000     0.0000     0.0000     0.0000     0.0000     0.0000     0.0000     0.0000     0.0000     0.0000     0.0000     0.0000 
Remote access              0.1749     0.1745     0.1633     0.1649     0.1700     0.1659     0.1714     0.1716     0.1082     0.1724     0.1374     0.1319     0.1769     0.1761     0.0395     0.1178     0.2378     0.2333 
           Overlap                
Reduction                  0.0000     0.0000     0.0000     0.0000     0.0000     0.0000     0.0000     0.0000     0.0000     0.0000     0.0000     0.0000     0.0000     0.0000     0.0000     0.0000     0.0000     0.0000 
Remote access              0.0000     0.0000     0.0000     0.0000     0.0000     0.0000     0.0000     0.0000     0.0000     0.0000     0.0000     0.0001     0.0000     0.0000     0.0001     0.0000     0.0000     0.0000 


-------------------------------------------------------------------------
Name (number) and performance time of processors
omp.keldysh.ru(1) 0.935476
omp.keldysh.ru(2) 0.935404
omp.keldysh.ru(3) 0.952490
omp.keldysh.ru(4) 0.952227
omp.keldysh.ru(5) 0.935389
omp.keldysh.ru(6) 0.935363
omp.keldysh.ru(7) 0.957328
omp.keldysh.ru(8) 0.957323
omp.keldysh.ru(9) 0.955344
omp.keldysh.ru(10) 0.955344
omp.keldysh.ru(11) 0.954333
omp.keldysh.ru(12) 0.954337
omp.keldysh.ru(13) 0.956406
omp.keldysh.ru(14) 0.956411
omp.keldysh.ru(15) 0.958391
omp.keldysh.ru(16) 0.958383
omp.keldysh.ru(17) 0.954168
omp.keldysh.ru(18) 0.954160
min - omp.keldysh.ru(6) 0.935363; max - omp.keldysh.ru(15) 0.958391; mid - 0.951015
