Processor system=4*1*2*2
Statistics has been accumulated on DVM-system version 5.0, platform DVM
Analyzer is executing on DVM-system version 5.0, platform DVM
-------------------------------------------------------------------------
INTERVAL ( NLINE=7 SOURCE=acr43.f ) LEVEL=0  EXE_COUNT=1
--- The main characteristics --- 
Parallelization efficiency      0.0609 
Execution time                  2.0266 
Processors                          16
Threads amount                      16
Total time                     32.4252
Productive time                 1.9739 ( CPU= 1.9202 Sys= 0.0536 I/O= 0.0000 )
Lost  time                     30.4513 
   Insufficient parallelism    27.6753 ( User= 26.8704 Sys= 0.8049 )
   Communication                2.7429 ( Real_sync= 0.0000 Starts= 0.0000 )
   Idle time                    0.0331
Load imbalance                  0.1720
Synchronization                 2.7857
Time variation                  1.1206
Overlap                         0.0048
                  Nop   Communic    Synchro  Variation    Overlap 
I/O                11     0.0000     0.0263     0.0293     0.0000 
Reduction           9     0.0157     0.0002     0.0002     0.0000 
Shadow             27     2.7210     2.7591     1.0911     0.0048 
--- The comparative characteristics --- 
                              Tmin N proc      Tmax N proc      Tmid
Lost time                   1.8925     6     1.9301    13     1.9032 
User insufficient par.      1.3232    13     1.7984     5     1.6794 
Sys.insufficient par.       0.0194    15     0.0758     2     0.0503 
Idle time                   0.0000     9     0.0047    15     0.0021 
Communication               0.0216     2     0.5731    15     0.1714 
Synchronization             0.0140    11     0.5586    13     0.1741 
Variation                   0.0214    11     0.1334     2     0.0700 
Overlap                     0.0000    14     0.0006     5     0.0003 
Load imbalance              0.0000     6     0.0376    13     0.0108 
Execution time              2.0219    15     2.0266     9     2.0245 
User CPU time               0.0941    13     0.1295     6     0.1200 
Sys. CPU time               0.0013    15     0.0051     2     0.0034 
I/O time                    0.0000     5     0.0000     1     0.0000 
Processors                      16     1         16    16         16 
                      Communic          Synchro        Variation          Overlap  
I/O             Tmin    0.0000     1     0.0000     8     0.0002     8     0.0000     1 
I/O             Tmax    0.0000    16     0.0045    16     0.0047    16     0.0000    16 
I/O             Tmid    0.0000           0.0016           0.0018           0.0000       
Reduction       Tmin    0.0005     5     0.0000     6     0.0000     6     0.0000     1 
Reduction       Tmax    0.0020    15     0.0000     9     0.0000    13     0.0000    16 
Reduction       Tmid    0.0010           0.0000           0.0000           0.0000       
Shadow          Tmin    0.0204     2     0.0138    11     0.0210    11     0.0000    14 
Shadow          Tmax    0.5710    15     0.5546    13     0.1314     2     0.0006     5 
Shadow          Tmid    0.1701           0.1724           0.0682           0.0003       
--- The execution characteristics --- 
                                1          2          3          4          5          6          7          8          9         10         11         12         13         14         15         16 
Lost time                  1.8948     1.8945     1.8959     1.8955     1.8930     1.8925     1.8940     1.8938     1.8942     1.8936     1.8957     1.8959     1.9301     1.9288     1.9298     1.9295 
User insufficient par.     1.7950     1.7939     1.7938     1.7936     1.7984     1.7969     1.7982     1.7965     1.7974     1.7965     1.7961     1.7938     1.3232     1.3294     1.3326     1.3350 
Sys.insufficient par.      0.0718     0.0758     0.0595     0.0622     0.0687     0.0698     0.0513     0.0532     0.0539     0.0556     0.0353     0.0330     0.0368     0.0378     0.0194     0.0209 
Idle time                  0.0031     0.0031     0.0047     0.0031     0.0000     0.0000     0.0000     0.0000     0.0000     0.0000     0.0000     0.0000     0.0047     0.0047     0.0047     0.0047 
Communication              0.0248     0.0216     0.0379     0.0366     0.0259     0.0257     0.0445     0.0440     0.0429     0.0414     0.0643     0.0691     0.5654     0.5569     0.5731     0.5689 
Synchronization            0.0881     0.0947     0.0788     0.0850     0.0458     0.0532     0.0270     0.0321     0.0312     0.0355     0.0140     0.0205     0.5586     0.5558     0.5315     0.5339 
Variation                  0.1243     0.1334     0.1031     0.1107     0.0878     0.0936     0.0528     0.0585     0.0571     0.0633     0.0214     0.0280     0.0577     0.0640     0.0285     0.0365 
Overlap                    0.0005     0.0005     0.0004     0.0004     0.0006     0.0005     0.0004     0.0004     0.0003     0.0003     0.0003     0.0003     0.0000     0.0000     0.0000     0.0000 
Load imbalance             0.0023     0.0020     0.0035     0.0031     0.0005     0.0000     0.0015     0.0013     0.0017     0.0011     0.0032     0.0034     0.0376     0.0363     0.0373     0.0371 
Execution time             2.0234     2.0234     2.0219     2.0234     2.0265     2.0265     2.0266     2.0265     2.0266     2.0266     2.0266     2.0266     2.0219     2.0219     2.0219     2.0219 
User CPU time              0.1270     0.1271     0.1267     0.1269     0.1290     0.1295     0.1292     0.1293     0.1288     0.1293     0.1286     0.1285     0.0941     0.0953     0.0955     0.0957 
Sys. CPU time              0.0048     0.0051     0.0040     0.0041     0.0046     0.0047     0.0034     0.0035     0.0036     0.0037     0.0024     0.0022     0.0025     0.0025     0.0013     0.0014 
I/O time                   0.0000     0.0000     0.0000     0.0000     0.0000     0.0000     0.0000     0.0000     0.0000     0.0000     0.0000     0.0000     0.0000     0.0000     0.0000     0.0000 
Processors                     16         16         16         16         16         16         16         16         16         16         16         16         16         16         16         16 
           Communication          
Reduction                  0.0011     0.0011     0.0010     0.0011     0.0005     0.0005     0.0005     0.0005     0.0006     0.0006     0.0006     0.0005     0.0017     0.0016     0.0020     0.0020 
Shadow                     0.0237     0.0204     0.0368     0.0354     0.0253     0.0251     0.0439     0.0434     0.0423     0.0408     0.0636     0.0635     0.5637     0.5552     0.5710     0.5668 
           Synchronization        
I/O                        0.0018     0.0017     0.0024     0.0019     0.0000     0.0003     0.0001     0.0000     0.0001     0.0002     0.0001     0.0006     0.0040     0.0042     0.0043     0.0045 
Reduction                  0.0000     0.0000     0.0000     0.0000     0.0000     0.0000     0.0000     0.0000     0.0000     0.0000     0.0000     0.0000     0.0000     0.0000     0.0000     0.0000 
Shadow                     0.0862     0.0930     0.0764     0.0831     0.0458     0.0529     0.0269     0.0321     0.0312     0.0353     0.0138     0.0199     0.5546     0.5516     0.5271     0.5294 
           Variation              
I/O                        0.0018     0.0020     0.0026     0.0021     0.0002     0.0005     0.0003     0.0002     0.0003     0.0004     0.0003     0.0008     0.0042     0.0044     0.0045     0.0047 
Reduction                  0.0000     0.0000     0.0000     0.0000     0.0000     0.0000     0.0000     0.0000     0.0000     0.0000     0.0000     0.0000     0.0000     0.0000     0.0000     0.0000 
Shadow                     0.1225     0.1314     0.1004     0.1086     0.0875     0.0931     0.0525     0.0583     0.0569     0.0628     0.0210     0.0272     0.0535     0.0596     0.0239     0.0318 
           Overlap                
Reduction                  0.0000     0.0000     0.0000     0.0000     0.0000     0.0000     0.0000     0.0000     0.0000     0.0000     0.0000     0.0000     0.0000     0.0000     0.0000     0.0000 
Shadow                     0.0005     0.0005     0.0004     0.0004     0.0006     0.0005     0.0004     0.0004     0.0003     0.0003     0.0003     0.0003     0.0000     0.0000     0.0000     0.0000 


-------------------------------------------------------------------------
Name (number) and performance time of processors
omp.keldysh.ru(1) 0.935339
omp.keldysh.ru(2) 0.935283
omp.keldysh.ru(3) 0.935314
omp.keldysh.ru(4) 0.935369
omp.keldysh.ru(5) 0.958749
omp.keldysh.ru(6) 0.958733
omp.keldysh.ru(7) 0.960306
omp.keldysh.ru(8) 0.960299
omp.keldysh.ru(9) 0.958195
omp.keldysh.ru(10) 0.958192
omp.keldysh.ru(11) 0.957920
omp.keldysh.ru(12) 0.957888
omp.keldysh.ru(13) 0.959421
omp.keldysh.ru(14) 0.959123
omp.keldysh.ru(15) 0.959056
omp.keldysh.ru(16) 0.959030
min - omp.keldysh.ru(2) 0.935283; max - omp.keldysh.ru(7) 0.960306; mid - 0.953014
