Processor system=2*3*3*1
Statistics has been accumulated on DVM-system version 5.0, platform DVM
Analyzer is executing on DVM-system version 5.0, platform DVM
-------------------------------------------------------------------------
INTERVAL ( NLINE=7 SOURCE=rem42.f ) LEVEL=0  EXE_COUNT=2
--- The main characteristics --- 
Parallelization efficiency      0.0496 
Execution time                  0.0394 
Processors                          18
Threads amount                      18
Total time                      0.7098
Productive time                 0.0352 ( CPU= 0.0139 Sys= 0.0212 I/O= 0.0000 )
Lost  time                      0.6746 
   Insufficient parallelism     0.5980 ( User= 0.2371 Sys= 0.3610 )
   Communication                0.0359 ( Real_sync= 0.0000 Starts= 0.0000 )
   Idle time                    0.0406
Load imbalance                  0.0041
Synchronization                23.4899
Time variation                 23.4929
Overlap                         0.0002
                  Nop   Communic    Synchro  Variation    Overlap 
I/O                17     0.0000     0.0991     0.1014     0.0000 
Reduction           8     0.0359     0.0057     0.0057     0.0000 
Remote access    4155     0.0000    23.3851    23.3858     0.0001 
--- The comparative characteristics --- 
                              Tmin N proc      Tmax N proc      Tmid
Lost time                   0.0373    11     0.0384    17     0.0375 
User insufficient par.      0.0060    17     0.0157    10     0.0132 
Sys.insufficient par.       0.0108    18     0.0216     1     0.0201 
Idle time                   0.0000    11     0.0068    18     0.0023 
Communication               0.0002    11     0.0149    17     0.0020 
Synchronization             0.0178    11    10.6138    18     1.3050 
Variation                   0.0179    11    10.6141    18     1.3052 
Overlap                     0.0000     3     0.0001    11     0.0000 
Load imbalance              0.0000    11     0.0012    17     0.0002 
Execution time              0.0326    18     0.0394    11     0.0372 
User CPU time               0.0004    17     0.0009    10     0.0008 
Sys. CPU time               0.0006    18     0.0013    11     0.0012 
I/O time                    0.0000    16     0.0000     1     0.0000 
Processors                      18     1         18    18         18 
                      Communic          Synchro        Variation          Overlap  
I/O             Tmin    0.0000     1     0.0003    11     0.0004    11     0.0000     1 
I/O             Tmax    0.0000    18     0.0432    18     0.0433    18     0.0000    18 
I/O             Tmid    0.0000           0.0055           0.0056           0.0000       
Reduction       Tmin    0.0002    11     0.0000    15     0.0000    15     0.0000     3 
Reduction       Tmax    0.0149    17     0.0019    17     0.0019    17     0.0000     2 
Reduction       Tmid    0.0020           0.0003           0.0003           0.0000       
Remote access   Tmin    0.0000     1     0.0174    11     0.0174    11     0.0000     1 
Remote access   Tmax    0.0000    18    10.5687    18    10.5690    18     0.0001    11 
Remote access   Tmid    0.0000           1.2992           1.2992           0.0000       
--- The execution characteristics --- 
                                1          2          3          4          5          6          7          8          9         10         11         12         13         14         15         16         17         18 
Lost time                  0.0373     0.0374     0.0373     0.0373     0.0373     0.0373     0.0374     0.0374     0.0374     0.0373     0.0373     0.0373     0.0374     0.0374     0.0374     0.0374     0.0384     0.0384 
User insufficient par.     0.0139     0.0132     0.0142     0.0153     0.0145     0.0145     0.0132     0.0132     0.0133     0.0157     0.0157     0.0150     0.0130     0.0137     0.0134     0.0132     0.0060     0.0060 
Sys.insufficient par.      0.0216     0.0212     0.0213     0.0212     0.0213     0.0213     0.0211     0.0211     0.0211     0.0212     0.0214     0.0213     0.0210     0.0210     0.0212     0.0213     0.0108     0.0108 
Idle time                  0.0016     0.0026     0.0016     0.0004     0.0012     0.0012     0.0026     0.0026     0.0026     0.0000     0.0000     0.0008     0.0027     0.0020     0.0027     0.0026     0.0068     0.0068 
Communication              0.0004     0.0004     0.0003     0.0003     0.0003     0.0003     0.0005     0.0005     0.0004     0.0004     0.0002     0.0002     0.0007     0.0007     0.0002     0.0002     0.0149     0.0148 
Synchronization            0.1078     0.1368     0.1358     0.1357     0.0516     0.0691     0.2204     0.2020     0.1580     0.1367     0.0178     0.0817     0.3516     0.3463     0.0634     0.0642    10.5972    10.6138 
Variation                  0.1077     0.1370     0.1359     0.1359     0.0517     0.0692     0.2206     0.2022     0.1581     0.1368     0.0179     0.0818     0.3518     0.3465     0.0636     0.0644    10.5976    10.6141 
Overlap                    0.0000     0.0000     0.0000     0.0000     0.0000     0.0000     0.0000     0.0000     0.0000     0.0000     0.0001     0.0000     0.0000     0.0000     0.0000     0.0000     0.0000     0.0000 
Load imbalance             0.0001     0.0002     0.0001     0.0000     0.0001     0.0001     0.0002     0.0002     0.0002     0.0000     0.0000     0.0000     0.0002     0.0001     0.0001     0.0001     0.0012     0.0012 
Execution time             0.0379     0.0368     0.0379     0.0390     0.0383     0.0383     0.0368     0.0368     0.0368     0.0394     0.0394     0.0386     0.0368     0.0375     0.0368     0.0368     0.0326     0.0326 
User CPU time              0.0008     0.0008     0.0008     0.0009     0.0009     0.0009     0.0008     0.0008     0.0008     0.0009     0.0009     0.0009     0.0008     0.0008     0.0008     0.0008     0.0004     0.0004 
Sys. CPU time              0.0013     0.0012     0.0013     0.0012     0.0013     0.0013     0.0012     0.0012     0.0012     0.0012     0.0013     0.0013     0.0012     0.0012     0.0012     0.0013     0.0006     0.0006 
I/O time                   0.0000     0.0000     0.0000     0.0000     0.0000     0.0000     0.0000     0.0000     0.0000     0.0000     0.0000     0.0000     0.0000     0.0000     0.0000     0.0000     0.0000     0.0000 
Processors                     18         18         18         18         18         18         18         18         18         18         18         18         18         18         18         18         18         18 
           Communication          
Reduction                  0.0004     0.0004     0.0003     0.0003     0.0003     0.0003     0.0005     0.0005     0.0004     0.0004     0.0002     0.0002     0.0007     0.0007     0.0002     0.0002     0.0149     0.0148 
           Synchronization        
I/O                        0.0007     0.0008     0.0008     0.0008     0.0004     0.0005     0.0010     0.0009     0.0008     0.0008     0.0003     0.0005     0.0018     0.0018     0.0004     0.0004     0.0431     0.0432 
Reduction                  0.0001     0.0001     0.0002     0.0002     0.0001     0.0001     0.0001     0.0001     0.0001     0.0001     0.0001     0.0001     0.0003     0.0003     0.0000     0.0000     0.0019     0.0019 
Remote access              0.1070     0.1358     0.1348     0.1348     0.0510     0.0685     0.2193     0.2010     0.1571     0.1359     0.0174     0.0811     0.3495     0.3442     0.0630     0.0638    10.5522    10.5687 
           Variation              
I/O                        0.0006     0.0010     0.0010     0.0009     0.0006     0.0007     0.0011     0.0011     0.0010     0.0009     0.0004     0.0007     0.0019     0.0019     0.0005     0.0005     0.0433     0.0433 
Reduction                  0.0001     0.0001     0.0002     0.0002     0.0001     0.0001     0.0001     0.0001     0.0001     0.0001     0.0001     0.0001     0.0003     0.0003     0.0000     0.0000     0.0019     0.0019 
Remote access              0.1070     0.1359     0.1348     0.1348     0.0510     0.0684     0.2194     0.2010     0.1571     0.1359     0.0174     0.0811     0.3495     0.3443     0.0630     0.0638    10.5524    10.5690 
           Overlap                
Reduction                  0.0000     0.0000     0.0000     0.0000     0.0000     0.0000     0.0000     0.0000     0.0000     0.0000     0.0000     0.0000     0.0000     0.0000     0.0000     0.0000     0.0000     0.0000 
Remote access              0.0000     0.0000     0.0000     0.0000     0.0000     0.0000     0.0000     0.0000     0.0000     0.0000     0.0001     0.0000     0.0000     0.0000     0.0000     0.0000     0.0000     0.0000 


-------------------------------------------------------------------------
Name (number) and performance time of processors
omp.keldysh.ru(1) 0.935433
omp.keldysh.ru(2) 0.935288
omp.keldysh.ru(3) 0.955105
omp.keldysh.ru(4) 0.955144
omp.keldysh.ru(5) 0.954505
omp.keldysh.ru(6) 0.954480
omp.keldysh.ru(7) 0.953995
omp.keldysh.ru(8) 0.953964
omp.keldysh.ru(9) 0.955843
omp.keldysh.ru(10) 0.955844
omp.keldysh.ru(11) 0.935369
omp.keldysh.ru(12) 0.935360
omp.keldysh.ru(13) 0.953835
omp.keldysh.ru(14) 0.953838
omp.keldysh.ru(15) 0.954487
omp.keldysh.ru(16) 0.954735
omp.keldysh.ru(17) 0.935535
omp.keldysh.ru(18) 0.935552
min - omp.keldysh.ru(2) 0.935288; max - omp.keldysh.ru(10) 0.955844; mid - 0.948239
