Processor system=1*2*4*2
Statistics has been accumulated on DVM-system version 5.0, platform DVM
Analyzer is executing on DVM-system version 5.0, platform DVM
-------------------------------------------------------------------------
INTERVAL ( NLINE=7 SOURCE=sc42.f ) LEVEL=0  EXE_COUNT=1
--- The main characteristics --- 
Parallelization efficiency      0.1621 
Execution time                  2.4029 
Processors                          16
Threads amount                      16
Total time                     38.4466
Productive time                 6.2337 ( CPU= 6.2246 Sys= 0.0090 I/O= 0.0000 )
Lost  time                     32.2129 
   Insufficient parallelism    27.2036 ( User= 27.0676 Sys= 0.1360 )
   Communication                4.9572 ( Real_sync= 0.0000 Starts= 0.0000 )
   Idle time                    0.0521
Load imbalance                  2.1429
Synchronization                 0.0427
Time variation                  0.0456
Overlap                         0.0000
                  Nop   Communic    Synchro  Variation    Overlap 
I/O                11     0.0000     0.0357     0.0385     0.0000 
Reduction           9     4.9572     0.0070     0.0070     0.0000 
--- The comparative characteristics --- 
                              Tmin N proc      Tmax N proc      Tmid
Lost time                   1.8794    14     2.1759    16     2.0133 
User insufficient par.      1.1141    16     1.9173     6     1.6917 
Sys.insufficient par.       0.0047    16     0.0107     6     0.0085 
Idle time                   0.0000     5     0.0101    16     0.0033 
Communication               0.0006     5     1.0469    16     0.3098 
Synchronization             0.0001     3     0.0080    16     0.0027 
Variation                   0.0003     3     0.0082    16     0.0028 
Overlap                     0.0000     1     0.0000    15     0.0000 
Load imbalance              0.0000    14     0.2965    16     0.1339 
Execution time              2.3928    16     2.4029     5     2.3997 
User CPU time               0.2267    16     0.5229    14     0.3890 
Sys. CPU time               0.0003    16     0.0007     6     0.0006 
I/O time                    0.0000     7     0.0000     1     0.0000 
Processors                      16     1         16    16         16 
                      Communic          Synchro        Variation          Overlap  
I/O             Tmin    0.0000     1     0.0000     3     0.0002     3     0.0000     1 
I/O             Tmax    0.0000    16     0.0071    16     0.0073    16     0.0000    16 
I/O             Tmid    0.0000           0.0022           0.0024           0.0000       
Reduction       Tmin    0.0006     5     0.0000    13     0.0000    13     0.0000     1 
Reduction       Tmax    1.0469    16     0.0009     2     0.0009     2     0.0000    15 
Reduction       Tmid    0.3098           0.0004           0.0004           0.0000       
--- The execution characteristics --- 
                                1          2          3          4          5          6          7          8          9         10         11         12         13         14         15         16 
Lost time                  2.0961     2.0948     1.9285     1.9273     1.9284     1.9287     2.0835     2.0818     2.0928     2.0936     1.9271     1.9270     1.8800     1.8794     2.1679     2.1759 
User insufficient par.     1.7512     1.7423     1.9169     1.9150     1.9173     1.9173     1.7622     1.7572     1.7506     1.7496     1.9146     1.9144     1.4112     1.4092     1.1245     1.1141 
Sys.insufficient par.      0.0077     0.0069     0.0105     0.0103     0.0106     0.0107     0.0074     0.0067     0.0075     0.0066     0.0105     0.0101     0.0100     0.0089     0.0069     0.0047 
Idle time                  0.0000     0.0080     0.0000     0.0000     0.0000     0.0000     0.0049     0.0083     0.0039     0.0077     0.0000     0.0000     0.0000     0.0036     0.0055     0.0101 
Communication              0.3372     0.3377     0.0011     0.0020     0.0006     0.0006     0.3091     0.3097     0.3307     0.3297     0.0020     0.0024     0.4588     0.4576     1.0311     1.0469 
Synchronization            0.0019     0.0050     0.0001     0.0021     0.0002     0.0019     0.0019     0.0051     0.0019     0.0050     0.0002     0.0023     0.0008     0.0034     0.0031     0.0080 
Variation                  0.0018     0.0052     0.0003     0.0023     0.0004     0.0021     0.0021     0.0053     0.0021     0.0052     0.0004     0.0025     0.0010     0.0036     0.0033     0.0082 
Overlap                    0.0000     0.0000     0.0000     0.0000     0.0000     0.0000     0.0000     0.0000     0.0000     0.0000     0.0000     0.0000     0.0000     0.0000     0.0000     0.0000 
Load imbalance             0.2168     0.2155     0.0492     0.0479     0.0490     0.0493     0.2042     0.2025     0.2134     0.2142     0.0477     0.0476     0.0006     0.0000     0.2886     0.2965 
Execution time             2.4029     2.3949     2.4029     2.4029     2.4029     2.4029     2.3981     2.3946     2.3990     2.3952     2.4029     2.4029     2.4029     2.3993     2.3974     2.3928 
User CPU time              0.3063     0.3076     0.4737     0.4749     0.4738     0.4735     0.3189     0.3206     0.3096     0.3089     0.4751     0.4753     0.5223     0.5229     0.2345     0.2267 
Sys. CPU time              0.0005     0.0005     0.0007     0.0007     0.0007     0.0007     0.0005     0.0004     0.0005     0.0004     0.0007     0.0007     0.0007     0.0006     0.0005     0.0003 
I/O time                   0.0000     0.0000     0.0000     0.0000     0.0000     0.0000     0.0000     0.0000     0.0000     0.0000     0.0000     0.0000     0.0000     0.0000     0.0000     0.0000 
Processors                     16         16         16         16         16         16         16         16         16         16         16         16         16         16         16         16 
           Communication          
Reduction                  0.3372     0.3377     0.0011     0.0020     0.0006     0.0006     0.3091     0.3097     0.3307     0.3297     0.0020     0.0024     0.4588     0.4576     1.0311     1.0469 
           Synchronization        
I/O                        0.0018     0.0041     0.0000     0.0012     0.0002     0.0011     0.0019     0.0042     0.0018     0.0041     0.0002     0.0015     0.0007     0.0025     0.0031     0.0071 
Reduction                  0.0000     0.0009     0.0000     0.0008     0.0000     0.0009     0.0000     0.0009     0.0000     0.0009     0.0000     0.0009     0.0000     0.0008     0.0000     0.0008 
           Variation              
I/O                        0.0018     0.0043     0.0002     0.0014     0.0004     0.0013     0.0021     0.0044     0.0020     0.0043     0.0003     0.0017     0.0009     0.0027     0.0032     0.0073 
Reduction                  0.0000     0.0009     0.0000     0.0008     0.0000     0.0008     0.0000     0.0008     0.0000     0.0009     0.0000     0.0008     0.0000     0.0008     0.0000     0.0008 
           Overlap                
Reduction                  0.0000     0.0000     0.0000     0.0000     0.0000     0.0000     0.0000     0.0000     0.0000     0.0000     0.0000     0.0000     0.0000     0.0000     0.0000     0.0000 


-------------------------------------------------------------------------
Name (number) and performance time of processors
omp.keldysh.ru(1) 0.933939
omp.keldysh.ru(2) 0.933852
omp.keldysh.ru(3) 0.951600
omp.keldysh.ru(4) 0.951620
omp.keldysh.ru(5) 0.954905
omp.keldysh.ru(6) 0.954900
omp.keldysh.ru(7) 0.952739
omp.keldysh.ru(8) 0.952744
omp.keldysh.ru(9) 0.954874
omp.keldysh.ru(10) 0.955190
omp.keldysh.ru(11) 0.933936
omp.keldysh.ru(12) 0.933925
omp.keldysh.ru(13) 0.954152
omp.keldysh.ru(14) 0.954141
omp.keldysh.ru(15) 0.951484
omp.keldysh.ru(16) 0.951464
min - omp.keldysh.ru(2) 0.933852; max - omp.keldysh.ru(10) 0.955190; mid - 0.948466
