Processor system=6*1*1*3
Statistics has been accumulated on DVM-system version 5.0, platform DVM
Analyzer is executing on DVM-system version 5.0, platform DVM
-------------------------------------------------------------------------
INTERVAL ( NLINE=7 SOURCE=reda43.f ) LEVEL=0  EXE_COUNT=2
--- The main characteristics --- 
Parallelization efficiency      0.0399 
Execution time                  0.0080 
Processors                          18
Threads amount                      18
Total time                      0.1433
Productive time                 0.0057 ( CPU= 0.0052 Sys= 0.0005 I/O= 0.0000 )
Lost  time                      0.1375 
   Insufficient parallelism     0.0894 ( User= 0.0810 Sys= 0.0085 )
   Communication                0.0144 ( Real_sync= 0.0000 Starts= 0.0000 )
   Idle time                    0.0337
Load imbalance                  0.0016
Synchronization                 0.0079
Time variation                  0.0060
Overlap                         0.0001
                  Nop   Communic    Synchro  Variation    Overlap 
I/O                 6     0.0000     0.0013     0.0030     0.0000 
Reduction           5     0.0093     0.0009     0.0006     0.0001 
Remote access      22     0.0051     0.0057     0.0023     0.0000 
--- The comparative characteristics --- 
                              Tmin N proc      Tmax N proc      Tmid
Lost time                   0.0076     4     0.0078    16     0.0076 
User insufficient par.      0.0025    16     0.0061    17     0.0045 
Sys.insufficient par.       0.0004    17     0.0006     1     0.0005 
Idle time                   0.0000    17     0.0040    16     0.0019 
Communication               0.0007     9     0.0011    17     0.0008 
Synchronization             0.0001     1     0.0007    17     0.0004 
Variation                   0.0000     1     0.0004     6     0.0003 
Overlap                     0.0000    18     0.0000     5     0.0000 
Load imbalance              0.0000     4     0.0002    16     0.0001 
Execution time              0.0039    16     0.0080    17     0.0061 
User CPU time               0.0002    16     0.0004     4     0.0003 
Sys. CPU time               0.0000    17     0.0000     2     0.0000 
I/O time                    0.0000     8     0.0000     1     0.0000 
Processors                      18     1         18    18         18 
                      Communic          Synchro        Variation          Overlap  
I/O             Tmin    0.0000     1     0.0000    10     0.0000     1     0.0000     1 
I/O             Tmax    0.0000    18     0.0001     2     0.0002     2     0.0000    18 
I/O             Tmid    0.0000           0.0001           0.0002           0.0000       
Reduction       Tmin    0.0005    15     0.0000     1     0.0000     1     0.0000    18 
Reduction       Tmax    0.0006     4     0.0001     3     0.0001     3     0.0000     5 
Reduction       Tmid    0.0005           0.0000           0.0000           0.0000       
Remote access   Tmin    0.0002     9     0.0000     1     0.0000     1     0.0000     1 
Remote access   Tmax    0.0006    17     0.0006    17     0.0002     4     0.0000    18 
Remote access   Tmid    0.0003           0.0003           0.0001           0.0000       
--- The execution characteristics --- 
                                1          2          3          4          5          6          7          8          9         10         11         12         13         14         15         16         17         18 
Lost time                  0.0076     0.0077     0.0076     0.0076     0.0076     0.0077     0.0076     0.0077     0.0076     0.0076     0.0077     0.0076     0.0077     0.0076     0.0078     0.0078     0.0076     0.0076 
User insufficient par.     0.0051     0.0033     0.0052     0.0061     0.0055     0.0036     0.0055     0.0041     0.0050     0.0050     0.0031     0.0044     0.0038     0.0058     0.0025     0.0025     0.0061     0.0045 
Sys.insufficient par.      0.0006     0.0005     0.0005     0.0004     0.0005     0.0005     0.0005     0.0004     0.0005     0.0005     0.0005     0.0005     0.0005     0.0005     0.0005     0.0005     0.0004     0.0004 
Idle time                  0.0011     0.0031     0.0011     0.0003     0.0008     0.0028     0.0008     0.0023     0.0014     0.0014     0.0034     0.0020     0.0026     0.0006     0.0040     0.0040     0.0000     0.0017 
Communication              0.0007     0.0008     0.0008     0.0008     0.0007     0.0007     0.0008     0.0008     0.0007     0.0008     0.0008     0.0008     0.0008     0.0008     0.0008     0.0008     0.0011     0.0010 
Synchronization            0.0001     0.0003     0.0003     0.0005     0.0005     0.0005     0.0005     0.0005     0.0004     0.0004     0.0004     0.0005     0.0004     0.0004     0.0004     0.0004     0.0007     0.0007 
Variation                  0.0000     0.0004     0.0004     0.0004     0.0004     0.0004     0.0004     0.0004     0.0004     0.0003     0.0003     0.0003     0.0003     0.0003     0.0003     0.0003     0.0003     0.0003 
Overlap                    0.0000     0.0000     0.0000     0.0000     0.0000     0.0000     0.0000     0.0000     0.0000     0.0000     0.0000     0.0000     0.0000     0.0000     0.0000     0.0000     0.0000     0.0000 
Load imbalance             0.0001     0.0002     0.0001     0.0000     0.0000     0.0001     0.0000     0.0001     0.0001     0.0001     0.0002     0.0001     0.0001     0.0000     0.0002     0.0002     0.0000     0.0001 
Execution time             0.0068     0.0049     0.0068     0.0077     0.0071     0.0051     0.0071     0.0057     0.0065     0.0065     0.0046     0.0060     0.0054     0.0074     0.0039     0.0039     0.0080     0.0062 
User CPU time              0.0003     0.0002     0.0003     0.0004     0.0004     0.0002     0.0004     0.0003     0.0003     0.0003     0.0002     0.0003     0.0003     0.0004     0.0002     0.0002     0.0004     0.0003 
Sys. CPU time              0.0000     0.0000     0.0000     0.0000     0.0000     0.0000     0.0000     0.0000     0.0000     0.0000     0.0000     0.0000     0.0000     0.0000     0.0000     0.0000     0.0000     0.0000 
I/O time                   0.0000     0.0000     0.0000     0.0000     0.0000     0.0000     0.0000     0.0000     0.0000     0.0000     0.0000     0.0000     0.0000     0.0000     0.0000     0.0000     0.0000     0.0000 
Processors                     18         18         18         18         18         18         18         18         18         18         18         18         18         18         18         18         18         18 
           Communication          
Reduction                  0.0005     0.0005     0.0005     0.0006     0.0005     0.0005     0.0005     0.0005     0.0005     0.0005     0.0005     0.0005     0.0005     0.0005     0.0005     0.0005     0.0005     0.0005 
Remote access              0.0002     0.0003     0.0003     0.0002     0.0002     0.0002     0.0003     0.0003     0.0002     0.0002     0.0003     0.0003     0.0003     0.0003     0.0003     0.0003     0.0006     0.0005 
           Synchronization        
I/O                        0.0001     0.0001     0.0001     0.0001     0.0001     0.0001     0.0001     0.0001     0.0001     0.0000     0.0001     0.0001     0.0000     0.0001     0.0001     0.0001     0.0001     0.0001 
Reduction                  0.0000     0.0000     0.0001     0.0001     0.0000     0.0001     0.0001     0.0000     0.0001     0.0001     0.0001     0.0001     0.0000     0.0000     0.0000     0.0000     0.0000     0.0001 
Remote access              0.0000     0.0002     0.0002     0.0004     0.0003     0.0003     0.0004     0.0004     0.0003     0.0003     0.0003     0.0003     0.0003     0.0003     0.0003     0.0003     0.0006     0.0005 
           Variation              
I/O                        0.0000     0.0002     0.0002     0.0002     0.0002     0.0002     0.0002     0.0002     0.0002     0.0001     0.0002     0.0002     0.0001     0.0002     0.0002     0.0002     0.0002     0.0002 
Reduction                  0.0000     0.0000     0.0001     0.0000     0.0000     0.0001     0.0000     0.0000     0.0000     0.0000     0.0000     0.0000     0.0000     0.0000     0.0000     0.0000     0.0000     0.0000 
Remote access              0.0000     0.0001     0.0001     0.0002     0.0002     0.0002     0.0002     0.0002     0.0002     0.0002     0.0001     0.0001     0.0001     0.0001     0.0001     0.0001     0.0001     0.0001 
           Overlap                
Reduction                  0.0000     0.0000     0.0000     0.0000     0.0000     0.0000     0.0000     0.0000     0.0000     0.0000     0.0000     0.0000     0.0000     0.0000     0.0000     0.0000     0.0000     0.0000 


-------------------------------------------------------------------------
Name (number) and performance time of processors
omp.keldysh.ru(1) 0.935477
omp.keldysh.ru(2) 0.935412
omp.keldysh.ru(3) 0.951604
omp.keldysh.ru(4) 0.951660
omp.keldysh.ru(5) 0.954492
omp.keldysh.ru(6) 0.954478
omp.keldysh.ru(7) 0.955028
omp.keldysh.ru(8) 0.954729
omp.keldysh.ru(9) 0.956174
omp.keldysh.ru(10) 0.956162
omp.keldysh.ru(11) 0.953141
omp.keldysh.ru(12) 0.953193
omp.keldysh.ru(13) 0.952428
omp.keldysh.ru(14) 0.952418
omp.keldysh.ru(15) 0.954101
omp.keldysh.ru(16) 0.954119
omp.keldysh.ru(17) 0.952195
omp.keldysh.ru(18) 0.952199
min - omp.keldysh.ru(2) 0.935412; max - omp.keldysh.ru(9) 0.956174; mid - 0.951612
