Processor system=2*2*4
Statistics has been accumulated on DVM-system version 5.0, platform DVM
Analyzer is executing on DVM-system version 5.0, platform DVM
-------------------------------------------------------------------------
INTERVAL ( NLINE=8 SOURCE=red32.f ) LEVEL=0  EXE_COUNT=1
--- The main characteristics --- 
Parallelization efficiency      0.0599 
Execution time                  0.0069 
Processors                          16
Threads amount                      16
Total time                      0.1109
Productive time                 0.0066 ( CPU= 0.0057 Sys= 0.0009 I/O= 0.0000 )
Lost  time                      0.1043 
   Insufficient parallelism     0.0855 ( User= 0.0716 Sys= 0.0139 )
   Communication                0.0169 ( Real_sync= 0.0000 Starts= 0.0000 )
   Idle time                    0.0019
Load imbalance                  0.0004
Synchronization                 0.0138
Time variation                  0.0107
Overlap                         0.0000
                  Nop   Communic    Synchro  Variation    Overlap 
I/O                16     0.0000     0.0027     0.0056     0.0000 
Reduction          14     0.0083     0.0022     0.0019     0.0000 
Remote access      36     0.0086     0.0089     0.0033     0.0000 
--- The comparative characteristics --- 
                              Tmin N proc      Tmax N proc      Tmid
Lost time                   0.0065     2     0.0066    10     0.0065 
User insufficient par.      0.0032    10     0.0047     6     0.0045 
Sys.insufficient par.       0.0007    14     0.0011     1     0.0009 
Idle time                   0.0000     8     0.0016    10     0.0001 
Communication               0.0009     1     0.0016    14     0.0011 
Synchronization             0.0003     4     0.0015    14     0.0009 
Variation                   0.0004     1     0.0010     6     0.0007 
Overlap                     0.0000     7     0.0000     4     0.0000 
Load imbalance              0.0000     2     0.0001    10     0.0000 
Execution time              0.0053    10     0.0069     8     0.0068 
User CPU time               0.0003    10     0.0004     6     0.0004 
Sys. CPU time               0.0000    14     0.0001     4     0.0001 
I/O time                    0.0000     6     0.0000     1     0.0000 
Processors                      16     1         16    16         16 
                      Communic          Synchro        Variation          Overlap  
I/O             Tmin    0.0000     1     0.0001     4     0.0001     1     0.0000     1 
I/O             Tmax    0.0000    16     0.0003    14     0.0005    14     0.0000    16 
I/O             Tmid    0.0000           0.0002           0.0003           0.0000       
Reduction       Tmin    0.0004     1     0.0001     4     0.0001    16     0.0000     7 
Reduction       Tmax    0.0007    15     0.0003    14     0.0002     2     0.0000    14 
Reduction       Tmid    0.0005           0.0001           0.0001           0.0000       
Remote access   Tmin    0.0004     7     0.0001     4     0.0001     4     0.0000     2 
Remote access   Tmax    0.0009    14     0.0009    14     0.0003     5     0.0000     4 
Remote access   Tmid    0.0005           0.0006           0.0002           0.0000       
--- The execution characteristics --- 
                                1          2          3          4          5          6          7          8          9         10         11         12         13         14         15         16 
Lost time                  0.0065     0.0065     0.0065     0.0065     0.0065     0.0065     0.0065     0.0065     0.0065     0.0066     0.0065     0.0065     0.0065     0.0066     0.0065     0.0065 
User insufficient par.     0.0045     0.0047     0.0047     0.0046     0.0047     0.0047     0.0047     0.0046     0.0045     0.0032     0.0047     0.0046     0.0044     0.0043     0.0044     0.0044 
Sys.insufficient par.      0.0011     0.0009     0.0010     0.0010     0.0009     0.0009     0.0009     0.0009     0.0009     0.0009     0.0009     0.0009     0.0007     0.0007     0.0007     0.0008 
Idle time                  0.0000     0.0000     0.0000     0.0000     0.0000     0.0000     0.0000     0.0000     0.0001     0.0016     0.0000     0.0000     0.0000     0.0000     0.0000     0.0000 
Communication              0.0009     0.0009     0.0009     0.0009     0.0009     0.0009     0.0009     0.0010     0.0010     0.0009     0.0009     0.0010     0.0015     0.0016     0.0015     0.0014 
Synchronization            0.0005     0.0008     0.0004     0.0003     0.0009     0.0011     0.0008     0.0008     0.0009     0.0011     0.0008     0.0008     0.0011     0.0015     0.0012     0.0009 
Variation                  0.0004     0.0009     0.0005     0.0004     0.0008     0.0010     0.0007     0.0007     0.0007     0.0009     0.0006     0.0006     0.0006     0.0008     0.0006     0.0005 
Overlap                    0.0000     0.0000     0.0000     0.0000     0.0000     0.0000     0.0000     0.0000     0.0000     0.0000     0.0000     0.0000     0.0000     0.0000     0.0000     0.0000 
Load imbalance             0.0000     0.0000     0.0000     0.0000     0.0000     0.0000     0.0000     0.0000     0.0000     0.0001     0.0000     0.0000     0.0000     0.0001     0.0000     0.0000 
Execution time             0.0069     0.0069     0.0069     0.0069     0.0069     0.0069     0.0069     0.0069     0.0068     0.0053     0.0069     0.0069     0.0069     0.0069     0.0069     0.0069 
User CPU time              0.0004     0.0004     0.0004     0.0004     0.0004     0.0004     0.0004     0.0004     0.0004     0.0003     0.0004     0.0004     0.0003     0.0003     0.0003     0.0003 
Sys. CPU time              0.0001     0.0001     0.0001     0.0001     0.0001     0.0001     0.0001     0.0001     0.0001     0.0001     0.0001     0.0001     0.0000     0.0000     0.0000     0.0001 
I/O time                   0.0000     0.0000     0.0000     0.0000     0.0000     0.0000     0.0000     0.0000     0.0000     0.0000     0.0000     0.0000     0.0000     0.0000     0.0000     0.0000 
Processors                     16         16         16         16         16         16         16         16         16         16         16         16         16         16         16         16 
           Communication          
Reduction                  0.0004     0.0004     0.0004     0.0004     0.0005     0.0005     0.0006     0.0006     0.0005     0.0004     0.0005     0.0005     0.0007     0.0007     0.0007     0.0007 
Remote access              0.0005     0.0005     0.0005     0.0005     0.0004     0.0004     0.0004     0.0004     0.0005     0.0005     0.0005     0.0005     0.0008     0.0009     0.0008     0.0007 
           Synchronization        
I/O                        0.0001     0.0003     0.0001     0.0001     0.0001     0.0003     0.0001     0.0001     0.0001     0.0003     0.0001     0.0001     0.0002     0.0003     0.0002     0.0001 
Reduction                  0.0001     0.0002     0.0001     0.0001     0.0001     0.0002     0.0001     0.0001     0.0001     0.0002     0.0001     0.0001     0.0002     0.0003     0.0002     0.0001 
Remote access              0.0002     0.0003     0.0002     0.0001     0.0006     0.0006     0.0006     0.0006     0.0006     0.0007     0.0006     0.0006     0.0008     0.0009     0.0008     0.0007 
           Variation              
I/O                        0.0001     0.0005     0.0003     0.0003     0.0003     0.0005     0.0003     0.0003     0.0003     0.0005     0.0003     0.0003     0.0004     0.0005     0.0004     0.0003 
Reduction                  0.0001     0.0002     0.0001     0.0001     0.0001     0.0002     0.0001     0.0001     0.0001     0.0002     0.0001     0.0001     0.0001     0.0002     0.0001     0.0001 
Remote access              0.0002     0.0003     0.0001     0.0001     0.0003     0.0003     0.0003     0.0003     0.0002     0.0002     0.0002     0.0002     0.0002     0.0001     0.0001     0.0001 
           Overlap                
Reduction                  0.0000     0.0000     0.0000     0.0000     0.0000     0.0000     0.0000     0.0000     0.0000     0.0000     0.0000     0.0000     0.0000     0.0000     0.0000     0.0000 
Remote access              0.0000     0.0000     0.0000     0.0000     0.0000     0.0000     0.0000     0.0000     0.0000     0.0000     0.0000     0.0000     0.0000     0.0000     0.0000     0.0000 


-------------------------------------------------------------------------
Name (number) and performance time of processors
omp.keldysh.ru(1) 0.933735
omp.keldysh.ru(2) 0.933667
omp.keldysh.ru(3) 0.951481
omp.keldysh.ru(4) 0.951813
omp.keldysh.ru(5) 0.933990
omp.keldysh.ru(6) 0.933985
omp.keldysh.ru(7) 0.951311
omp.keldysh.ru(8) 0.951612
omp.keldysh.ru(9) 0.953260
omp.keldysh.ru(10) 0.953238
omp.keldysh.ru(11) 0.950025
omp.keldysh.ru(12) 0.950037
omp.keldysh.ru(13) 0.954518
omp.keldysh.ru(14) 0.954520
omp.keldysh.ru(15) 0.952342
omp.keldysh.ru(16) 0.952323
min - omp.keldysh.ru(2) 0.933667; max - omp.keldysh.ru(14) 0.954520; mid - 0.947616
