Processor system=3*3*2
Statistics has been accumulated on DVM-system version 5.0, platform DVM
Analyzer is executing on DVM-system version 5.0, platform DVM
-------------------------------------------------------------------------
INTERVAL ( NLINE=5 SOURCE=distr3.f ) LEVEL=0  EXE_COUNT=2
--- The main characteristics --- 
Parallelization efficiency      0.0446 
Execution time                  0.0095 
Processors                          18
Threads amount                      18
Total time                      0.1719
Productive time                 0.0077 ( CPU= 0.0073 Sys= 0.0004 I/O= 0.0000 )
Lost  time                      0.1642 
   Insufficient parallelism     0.1062 ( User= 0.0999 Sys= 0.0063 )
   Communication                0.0076 ( Real_sync= 0.0000 Starts= 0.0000 )
   Idle time                    0.0504
Load imbalance                  0.0029
Synchronization                 0.0017
Time variation                  0.0035
Overlap                         0.0000
                  Nop   Communic    Synchro  Variation    Overlap 
I/O                 5     0.0000     0.0005     0.0025     0.0000 
Reduction           3     0.0048     0.0002     0.0001     0.0000 
Redistribution      3     0.0028     0.0010     0.0008     0.0000 
--- The comparative characteristics --- 
                              Tmin N proc      Tmax N proc      Tmid
Lost time                   0.0090    16     0.0093     2     0.0091 
User insufficient par.      0.0031     7     0.0082    16     0.0055 
Sys.insufficient par.       0.0003    18     0.0004     1     0.0004 
Idle time                   0.0000    16     0.0054     2     0.0028 
Communication               0.0004    15     0.0005    18     0.0004 
Synchronization             0.0000     1     0.0002    18     0.0001 
Variation                   0.0001     1     0.0003     3     0.0002 
Overlap                     0.0000     1     0.0000    16     0.0000 
Load imbalance              0.0000    16     0.0003     2     0.0002 
Execution time              0.0042     2     0.0095    16     0.0067 
User CPU time               0.0002     2     0.0006    16     0.0004 
Sys. CPU time               0.0000    18     0.0000    16     0.0000 
I/O time                    0.0000    17     0.0000     1     0.0000 
Processors                      18     1         18    18         18 
                      Communic          Synchro        Variation          Overlap  
I/O             Tmin    0.0000     1     0.0000    14     0.0000     1     0.0000     1 
I/O             Tmax    0.0000    18     0.0000    18     0.0002    18     0.0000    18 
I/O             Tmid    0.0000           0.0000           0.0001           0.0000       
Reduction       Tmin    0.0002    15     0.0000    16     0.0000    16     0.0000     1 
Reduction       Tmax    0.0003     3     0.0000    18     0.0000    18     0.0000    16 
Reduction       Tmid    0.0003           0.0000           0.0000           0.0000       
Redistribution  Tmin    0.0001     3     0.0000     1     0.0000    11     0.0000     1 
Redistribution  Tmax    0.0002    18     0.0001    18     0.0001     3     0.0000    18 
Redistribution  Tmid    0.0002           0.0001           0.0000           0.0000       
--- The execution characteristics --- 
                                1          2          3          4          5          6          7          8          9         10         11         12         13         14         15         16         17         18 
Lost time                  0.0092     0.0093     0.0091     0.0090     0.0091     0.0091     0.0093     0.0091     0.0091     0.0091     0.0092     0.0091     0.0093     0.0090     0.0092     0.0090     0.0092     0.0090 
User insufficient par.     0.0037     0.0031     0.0063     0.0078     0.0060     0.0060     0.0031     0.0053     0.0067     0.0067     0.0042     0.0056     0.0031     0.0075     0.0049     0.0082     0.0045     0.0071 
Sys.insufficient par.      0.0004     0.0003     0.0004     0.0004     0.0004     0.0004     0.0003     0.0003     0.0003     0.0004     0.0004     0.0004     0.0003     0.0003     0.0004     0.0004     0.0003     0.0003 
Idle time                  0.0047     0.0054     0.0020     0.0004     0.0023     0.0023     0.0054     0.0031     0.0016     0.0016     0.0043     0.0027     0.0054     0.0008     0.0035     0.0000     0.0039     0.0012 
Communication              0.0004     0.0004     0.0004     0.0004     0.0004     0.0004     0.0004     0.0004     0.0004     0.0004     0.0004     0.0004     0.0004     0.0004     0.0004     0.0004     0.0005     0.0005 
Synchronization            0.0000     0.0001     0.0001     0.0001     0.0001     0.0001     0.0001     0.0001     0.0001     0.0001     0.0001     0.0001     0.0001     0.0001     0.0001     0.0001     0.0001     0.0002 
Variation                  0.0001     0.0002     0.0003     0.0002     0.0002     0.0002     0.0002     0.0002     0.0002     0.0002     0.0002     0.0002     0.0002     0.0002     0.0002     0.0002     0.0002     0.0002 
Overlap                    0.0000     0.0000     0.0000     0.0000     0.0000     0.0000     0.0000     0.0000     0.0000     0.0000     0.0000     0.0000     0.0000     0.0000     0.0000     0.0000     0.0000     0.0000 
Load imbalance             0.0003     0.0003     0.0001     0.0000     0.0001     0.0001     0.0003     0.0002     0.0001     0.0001     0.0002     0.0001     0.0003     0.0001     0.0002     0.0000     0.0002     0.0001 
Execution time             0.0049     0.0042     0.0076     0.0092     0.0072     0.0072     0.0042     0.0064     0.0080     0.0080     0.0053     0.0068     0.0042     0.0088     0.0060     0.0095     0.0057     0.0084 
User CPU time              0.0003     0.0002     0.0004     0.0005     0.0004     0.0004     0.0003     0.0004     0.0005     0.0005     0.0003     0.0004     0.0003     0.0005     0.0004     0.0006     0.0004     0.0005 
Sys. CPU time              0.0000     0.0000     0.0000     0.0000     0.0000     0.0000     0.0000     0.0000     0.0000     0.0000     0.0000     0.0000     0.0000     0.0000     0.0000     0.0000     0.0000     0.0000 
I/O time                   0.0000     0.0000     0.0000     0.0000     0.0000     0.0000     0.0000     0.0000     0.0000     0.0000     0.0000     0.0000     0.0000     0.0000     0.0000     0.0000     0.0000     0.0000 
Processors                     18         18         18         18         18         18         18         18         18         18         18         18         18         18         18         18         18         18 
           Communication          
Reduction                  0.0003     0.0003     0.0003     0.0003     0.0003     0.0003     0.0003     0.0003     0.0003     0.0003     0.0002     0.0002     0.0003     0.0003     0.0002     0.0002     0.0003     0.0003 
Redistribution             0.0001     0.0002     0.0001     0.0001     0.0001     0.0001     0.0002     0.0001     0.0001     0.0001     0.0002     0.0002     0.0002     0.0002     0.0002     0.0002     0.0002     0.0002 
           Synchronization        
I/O                        0.0000     0.0000     0.0000     0.0000     0.0000     0.0000     0.0000     0.0000     0.0000     0.0000     0.0000     0.0000     0.0000     0.0000     0.0000     0.0000     0.0000     0.0000 
Reduction                  0.0000     0.0000     0.0000     0.0000     0.0000     0.0000     0.0000     0.0000     0.0000     0.0000     0.0000     0.0000     0.0000     0.0000     0.0000     0.0000     0.0000     0.0000 
Redistribution             0.0000     0.0001     0.0001     0.0001     0.0001     0.0001     0.0001     0.0001     0.0001     0.0001     0.0001     0.0000     0.0001     0.0001     0.0000     0.0000     0.0001     0.0001 
           Variation              
I/O                        0.0000     0.0002     0.0002     0.0001     0.0002     0.0001     0.0002     0.0002     0.0001     0.0001     0.0001     0.0001     0.0001     0.0001     0.0001     0.0001     0.0002     0.0002 
Reduction                  0.0000     0.0000     0.0000     0.0000     0.0000     0.0000     0.0000     0.0000     0.0000     0.0000     0.0000     0.0000     0.0000     0.0000     0.0000     0.0000     0.0000     0.0000 
Redistribution             0.0001     0.0000     0.0001     0.0001     0.0001     0.0000     0.0001     0.0001     0.0001     0.0000     0.0000     0.0000     0.0000     0.0000     0.0000     0.0000     0.0000     0.0000 
           Overlap                
Reduction                  0.0000     0.0000     0.0000     0.0000     0.0000     0.0000     0.0000     0.0000     0.0000     0.0000     0.0000     0.0000     0.0000     0.0000     0.0000     0.0000     0.0000     0.0000 


-------------------------------------------------------------------------
Name (number) and performance time of processors
omp.keldysh.ru(1) 0.934015
omp.keldysh.ru(2) 0.933949
omp.keldysh.ru(3) 0.933890
omp.keldysh.ru(4) 0.933963
omp.keldysh.ru(5) 0.954862
omp.keldysh.ru(6) 0.954845
omp.keldysh.ru(7) 0.956246
omp.keldysh.ru(8) 0.956237
omp.keldysh.ru(9) 0.957193
omp.keldysh.ru(10) 0.957167
omp.keldysh.ru(11) 0.958766
omp.keldysh.ru(12) 0.958763
omp.keldysh.ru(13) 0.956461
omp.keldysh.ru(14) 0.956416
omp.keldysh.ru(15) 0.955820
omp.keldysh.ru(16) 0.955797
omp.keldysh.ru(17) 0.955977
omp.keldysh.ru(18) 0.955543
min - omp.keldysh.ru(3) 0.933890; max - omp.keldysh.ru(11) 0.958766; mid - 0.951439
