Processor system=3*1*3*2
Statistics has been accumulated on DVM-system version 5.0, platform DVM
Analyzer is executing on DVM-system version 5.0, platform DVM
-------------------------------------------------------------------------
INTERVAL ( NLINE=5 SOURCE=parallel4.f ) LEVEL=0  EXE_COUNT=2
--- The main characteristics --- 
Parallelization efficiency      0.0692 
Execution time                  0.0056 
Processors                          18
Threads amount                      18
Total time                      0.1007
Productive time                 0.0070 ( CPU= 0.0067 Sys= 0.0003 I/O= 0.0000 )
Lost  time                      0.0937 
   Insufficient parallelism     0.0816 ( User= 0.0763 Sys= 0.0052 )
   Communication                0.0107 ( Real_sync= 0.0000 Starts= 0.0000 )
   Idle time                    0.0015
Load imbalance                  0.0006
Synchronization                 0.0016
Time variation                  0.0043
Overlap                         0.0000
                  Nop   Communic    Synchro  Variation    Overlap 
I/O                 8     0.0000     0.0012     0.0039     0.0000 
Reduction           5     0.0107     0.0004     0.0004     0.0000 
--- The comparative characteristics --- 
                              Tmin N proc      Tmax N proc      Tmid
Lost time                   0.0052    16     0.0052     9     0.0052 
User insufficient par.      0.0039     4     0.0044    11     0.0042 
Sys.insufficient par.       0.0002    17     0.0004     1     0.0003 
Idle time                   0.0000     2     0.0005     9     0.0001 
Communication               0.0004     1     0.0007    17     0.0006 
Synchronization             0.0000     2     0.0001     4     0.0001 
Variation                   0.0001     1     0.0003     4     0.0002 
Overlap                     0.0000     1     0.0000    16     0.0000 
Load imbalance              0.0000    16     0.0001     9     0.0000 
Execution time              0.0051     9     0.0056     2     0.0055 
User CPU time               0.0003     9     0.0004    16     0.0004 
Sys. CPU time               0.0000    17     0.0000     7     0.0000 
I/O time                    0.0000    15     0.0000     1     0.0000 
Processors                      18     1         18    18         18 
                      Communic          Synchro        Variation          Overlap  
I/O             Tmin    0.0000     1     0.0000     2     0.0000     1     0.0000     1 
I/O             Tmax    0.0000    18     0.0001     4     0.0003     4     0.0000    18 
I/O             Tmid    0.0000           0.0001           0.0002           0.0000       
Reduction       Tmin    0.0004     1     0.0000     5     0.0000    11     0.0000     1 
Reduction       Tmax    0.0007    17     0.0000    15     0.0000    15     0.0000    16 
Reduction       Tmid    0.0006           0.0000           0.0000           0.0000       
--- The execution characteristics --- 
                                1          2          3          4          5          6          7          8          9         10         11         12         13         14         15         16         17         18 
Lost time                  0.0052     0.0052     0.0052     0.0052     0.0052     0.0052     0.0052     0.0052     0.0052     0.0052     0.0052     0.0052     0.0052     0.0052     0.0052     0.0052     0.0052     0.0052 
User insufficient par.     0.0043     0.0043     0.0043     0.0039     0.0039     0.0043     0.0043     0.0043     0.0039     0.0043     0.0044     0.0043     0.0043     0.0043     0.0043     0.0043     0.0042     0.0042 
Sys.insufficient par.      0.0004     0.0003     0.0003     0.0003     0.0003     0.0003     0.0003     0.0003     0.0003     0.0003     0.0003     0.0003     0.0003     0.0003     0.0003     0.0003     0.0002     0.0003 
Idle time                  0.0000     0.0000     0.0000     0.0004     0.0004     0.0000     0.0000     0.0000     0.0005     0.0000     0.0000     0.0000     0.0000     0.0000     0.0000     0.0000     0.0000     0.0000 
Communication              0.0004     0.0006     0.0006     0.0006     0.0006     0.0006     0.0006     0.0006     0.0005     0.0006     0.0005     0.0006     0.0006     0.0006     0.0006     0.0006     0.0007     0.0007 
Synchronization            0.0001     0.0000     0.0001     0.0001     0.0001     0.0001     0.0001     0.0001     0.0001     0.0001     0.0001     0.0001     0.0001     0.0001     0.0001     0.0001     0.0001     0.0001 
Variation                  0.0001     0.0002     0.0003     0.0003     0.0002     0.0002     0.0002     0.0002     0.0002     0.0003     0.0002     0.0002     0.0003     0.0002     0.0003     0.0003     0.0003     0.0003 
Overlap                    0.0000     0.0000     0.0000     0.0000     0.0000     0.0000     0.0000     0.0000     0.0000     0.0000     0.0000     0.0000     0.0000     0.0000     0.0000     0.0000     0.0000     0.0000 
Load imbalance             0.0000     0.0000     0.0000     0.0000     0.0001     0.0000     0.0000     0.0000     0.0001     0.0000     0.0000     0.0000     0.0000     0.0000     0.0000     0.0000     0.0000     0.0000 
Execution time             0.0056     0.0056     0.0056     0.0052     0.0052     0.0056     0.0056     0.0056     0.0051     0.0056     0.0056     0.0056     0.0056     0.0056     0.0056     0.0056     0.0056     0.0056 
User CPU time              0.0004     0.0004     0.0004     0.0004     0.0003     0.0004     0.0004     0.0004     0.0003     0.0004     0.0004     0.0004     0.0004     0.0004     0.0004     0.0004     0.0004     0.0004 
Sys. CPU time              0.0000     0.0000     0.0000     0.0000     0.0000     0.0000     0.0000     0.0000     0.0000     0.0000     0.0000     0.0000     0.0000     0.0000     0.0000     0.0000     0.0000     0.0000 
I/O time                   0.0000     0.0000     0.0000     0.0000     0.0000     0.0000     0.0000     0.0000     0.0000     0.0000     0.0000     0.0000     0.0000     0.0000     0.0000     0.0000     0.0000     0.0000 
Processors                     18         18         18         18         18         18         18         18         18         18         18         18         18         18         18         18         18         18 
           Communication          
Reduction                  0.0004     0.0006     0.0006     0.0006     0.0006     0.0006     0.0006     0.0006     0.0005     0.0006     0.0005     0.0006     0.0006     0.0006     0.0006     0.0006     0.0007     0.0007 
           Synchronization        
I/O                        0.0000     0.0000     0.0001     0.0001     0.0000     0.0001     0.0001     0.0001     0.0001     0.0001     0.0000     0.0000     0.0001     0.0000     0.0001     0.0001     0.0001     0.0001 
Reduction                  0.0000     0.0000     0.0000     0.0000     0.0000     0.0000     0.0000     0.0000     0.0000     0.0000     0.0000     0.0000     0.0000     0.0000     0.0000     0.0000     0.0000     0.0000 
           Variation              
I/O                        0.0000     0.0002     0.0002     0.0003     0.0002     0.0002     0.0002     0.0002     0.0002     0.0003     0.0002     0.0002     0.0002     0.0002     0.0002     0.0003     0.0003     0.0003 
Reduction                  0.0000     0.0000     0.0000     0.0000     0.0000     0.0000     0.0000     0.0000     0.0000     0.0000     0.0000     0.0000     0.0000     0.0000     0.0000     0.0000     0.0000     0.0000 
           Overlap                
Reduction                  0.0000     0.0000     0.0000     0.0000     0.0000     0.0000     0.0000     0.0000     0.0000     0.0000     0.0000     0.0000     0.0000     0.0000     0.0000     0.0000     0.0000     0.0000 


-------------------------------------------------------------------------
Name (number) and performance time of processors
omp.keldysh.ru(1) 0.933760
omp.keldysh.ru(2) 0.933686
omp.keldysh.ru(3) 0.956092
omp.keldysh.ru(4) 0.956143
omp.keldysh.ru(5) 0.955483
omp.keldysh.ru(6) 0.955454
omp.keldysh.ru(7) 0.951513
omp.keldysh.ru(8) 0.951506
omp.keldysh.ru(9) 0.954018
omp.keldysh.ru(10) 0.954043
omp.keldysh.ru(11) 0.954078
omp.keldysh.ru(12) 0.954082
omp.keldysh.ru(13) 0.954573
omp.keldysh.ru(14) 0.954572
omp.keldysh.ru(15) 0.952319
omp.keldysh.ru(16) 0.952604
omp.keldysh.ru(17) 0.953959
omp.keldysh.ru(18) 0.953945
min - omp.keldysh.ru(2) 0.933686; max - omp.keldysh.ru(4) 0.956143; mid - 0.951768
