Processor system=2*7*1*1
Statistics has been accumulated on DVM-system version 5.0, platform DVM
Analyzer is executing on DVM-system version 5.0, platform DVM
-------------------------------------------------------------------------
INTERVAL ( NLINE=8 SOURCE=sha42.f ) LEVEL=0  EXE_COUNT=1
--- The main characteristics --- 
Parallelization efficiency      0.0609 
Execution time                  0.0175 
Processors                          14
Threads amount                      14
Total time                      0.2444
Productive time                 0.0149 ( CPU= 0.0143 Sys= 0.0006 I/O= 0.0000 )
Lost  time                      0.2295 
   Insufficient parallelism     0.1936 ( User= 0.1861 Sys= 0.0074 )
   Communication                0.0106 ( Real_sync= 0.0000 Starts= 0.0000 )
   Idle time                    0.0253
Load imbalance                  0.0024
Synchronization                 0.1558
Time variation                  0.1580
Overlap                         0.0115
                  Nop   Communic    Synchro  Variation    Overlap 
I/O                 6     0.0000     0.0658     0.0680     0.0000 
Reduction           4     0.0106     0.0439     0.0439     0.0000 
Shadow              4     0.0000     0.0461     0.0461     0.0115 
--- The comparative characteristics --- 
                              Tmin N proc      Tmax N proc      Tmid
Lost time                   0.0162     7     0.0167     9     0.0164 
User insufficient par.      0.0093     9     0.0154     6     0.0133 
Sys.insufficient par.       0.0004    10     0.0008     1     0.0005 
Idle time                   0.0000     6     0.0054    10     0.0018 
Communication               0.0002     7     0.0016    11     0.0008 
Synchronization             0.0002     1     0.0286     9     0.0111 
Variation                   0.0002     1     0.0288     9     0.0113 
Overlap                     0.0000     9     0.0016     1     0.0008 
Load imbalance              0.0000     7     0.0005     9     0.0002 
Execution time              0.0121    10     0.0175     6     0.0156 
User CPU time               0.0007     9     0.0012     6     0.0010 
Sys. CPU time               0.0000    10     0.0000     1     0.0000 
I/O time                    0.0000     8     0.0000     1     0.0000 
Processors                      14     1         14    14         14 
                      Communic          Synchro        Variation          Overlap  
I/O             Tmin    0.0000     1     0.0001     1     0.0000     1     0.0000     1 
I/O             Tmax    0.0000    14     0.0122     9     0.0123     9     0.0000    14 
I/O             Tmid    0.0000           0.0047           0.0049           0.0000       
Reduction       Tmin    0.0002     7     0.0001     1     0.0001     1     0.0000     2 
Reduction       Tmax    0.0016    11     0.0081     9     0.0081     9     0.0000     7 
Reduction       Tmid    0.0008           0.0031           0.0031           0.0000       
Shadow          Tmin    0.0000     1     0.0001     1     0.0001     1     0.0000     9 
Shadow          Tmax    0.0000    14     0.0083     9     0.0083     9     0.0016     1 
Shadow          Tmid    0.0000           0.0033           0.0033           0.0008       
--- The execution characteristics --- 
                                1          2          3          4          5          6          7          8          9         10         11         12         13         14 
Lost time                  0.0162     0.0162     0.0162     0.0162     0.0162     0.0162     0.0162     0.0162     0.0167     0.0167     0.0167     0.0164     0.0166     0.0166 
User insufficient par.     0.0152     0.0154     0.0153     0.0154     0.0154     0.0154     0.0154     0.0154     0.0093     0.0094     0.0097     0.0135     0.0112     0.0101 
Sys.insufficient par.      0.0008     0.0005     0.0006     0.0005     0.0006     0.0006     0.0006     0.0006     0.0004     0.0004     0.0004     0.0005     0.0004     0.0005 
Idle time                  0.0000     0.0000     0.0000     0.0000     0.0000     0.0000     0.0000     0.0000     0.0054     0.0054     0.0050     0.0016     0.0034     0.0046 
Communication              0.0002     0.0003     0.0003     0.0003     0.0002     0.0002     0.0002     0.0002     0.0016     0.0016     0.0016     0.0008     0.0015     0.0015 
Synchronization            0.0002     0.0013     0.0013     0.0011     0.0013     0.0016     0.0006     0.0005     0.0286     0.0282     0.0262     0.0132     0.0262     0.0255 
Variation                  0.0002     0.0014     0.0015     0.0013     0.0015     0.0017     0.0008     0.0006     0.0288     0.0284     0.0264     0.0134     0.0263     0.0257 
Overlap                    0.0016     0.0014     0.0013     0.0013     0.0013     0.0012     0.0015     0.0016     0.0000     0.0000     0.0000     0.0002     0.0000     0.0000 
Load imbalance             0.0000     0.0000     0.0000     0.0000     0.0000     0.0000     0.0000     0.0000     0.0005     0.0005     0.0005     0.0002     0.0003     0.0004 
Execution time             0.0174     0.0174     0.0174     0.0174     0.0174     0.0175     0.0175     0.0175     0.0121     0.0121     0.0125     0.0159     0.0140     0.0129 
User CPU time              0.0012     0.0012     0.0012     0.0012     0.0012     0.0012     0.0012     0.0012     0.0007     0.0007     0.0007     0.0010     0.0009     0.0008 
Sys. CPU time              0.0000     0.0000     0.0000     0.0000     0.0000     0.0000     0.0000     0.0000     0.0000     0.0000     0.0000     0.0000     0.0000     0.0000 
I/O time                   0.0000     0.0000     0.0000     0.0000     0.0000     0.0000     0.0000     0.0000     0.0000     0.0000     0.0000     0.0000     0.0000     0.0000 
Processors                     14         14         14         14         14         14         14         14         14         14         14         14         14         14 
           Communication          
Reduction                  0.0002     0.0003     0.0003     0.0003     0.0002     0.0002     0.0002     0.0002     0.0016     0.0016     0.0016     0.0008     0.0015     0.0015 
           Synchronization        
I/O                        0.0001     0.0005     0.0005     0.0003     0.0005     0.0006     0.0002     0.0001     0.0122     0.0120     0.0111     0.0057     0.0111     0.0108 
Reduction                  0.0001     0.0003     0.0003     0.0002     0.0003     0.0004     0.0001     0.0001     0.0081     0.0080     0.0075     0.0038     0.0074     0.0073 
Shadow                     0.0001     0.0005     0.0005     0.0005     0.0005     0.0006     0.0003     0.0002     0.0083     0.0082     0.0077     0.0037     0.0076     0.0074 
           Variation              
I/O                        0.0000     0.0007     0.0007     0.0005     0.0007     0.0008     0.0004     0.0003     0.0123     0.0122     0.0112     0.0059     0.0113     0.0110 
Reduction                  0.0001     0.0003     0.0003     0.0002     0.0003     0.0004     0.0001     0.0001     0.0081     0.0080     0.0075     0.0038     0.0074     0.0073 
Shadow                     0.0001     0.0005     0.0005     0.0005     0.0005     0.0006     0.0003     0.0002     0.0083     0.0082     0.0077     0.0037     0.0076     0.0074 
           Overlap                
Reduction                  0.0000     0.0000     0.0000     0.0000     0.0000     0.0000     0.0000     0.0000     0.0000     0.0000     0.0000     0.0000     0.0000     0.0000 
Shadow                     0.0016     0.0014     0.0013     0.0013     0.0013     0.0012     0.0015     0.0016     0.0000     0.0000     0.0000     0.0002     0.0000     0.0000 


-------------------------------------------------------------------------
Name (number) and performance time of processors
omp.keldysh.ru(1) 0.935481
omp.keldysh.ru(2) 0.935423
omp.keldysh.ru(3) 0.962963
omp.keldysh.ru(4) 0.962922
omp.keldysh.ru(5) 0.960976
omp.keldysh.ru(6) 0.960949
omp.keldysh.ru(7) 0.960055
omp.keldysh.ru(8) 0.960047
omp.keldysh.ru(9) 0.959898
omp.keldysh.ru(10) 0.960195
omp.keldysh.ru(11) 0.959789
omp.keldysh.ru(12) 0.959759
omp.keldysh.ru(13) 0.961541
omp.keldysh.ru(14) 0.961542
min - omp.keldysh.ru(2) 0.935423; max - omp.keldysh.ru(3) 0.962963; mid - 0.957253
