Processor system=1*7*1*2
Statistics has been accumulated on DVM-system version 5.0, platform DVM
Analyzer is executing on DVM-system version 5.0, platform DVM
-------------------------------------------------------------------------
INTERVAL ( NLINE=8 SOURCE=sha42.f ) LEVEL=0  EXE_COUNT=1
--- The main characteristics --- 
Parallelization efficiency      0.0594 
Execution time                  0.0175 
Processors                          14
Threads amount                      14
Total time                      0.2451
Productive time                 0.0146 ( CPU= 0.0140 Sys= 0.0006 I/O= 0.0000 )
Lost  time                      0.2306 
   Insufficient parallelism     0.1894 ( User= 0.1818 Sys= 0.0076 )
   Communication                0.0104 ( Real_sync= 0.0000 Starts= 0.0000 )
   Idle time                    0.0307
Load imbalance                  0.0028
Synchronization                 0.1665
Time variation                  0.1681
Overlap                         0.0117
                  Nop   Communic    Synchro  Variation    Overlap 
I/O                 6     0.0000     0.0712     0.0729     0.0000 
Reduction           4     0.0104     0.0474     0.0474     0.0000 
Shadow              4     0.0000     0.0478     0.0478     0.0117 
--- The comparative characteristics --- 
                              Tmin N proc      Tmax N proc      Tmid
Lost time                   0.0163     3     0.0167     9     0.0165 
User insufficient par.      0.0098     9     0.0155     3     0.0130 
Sys.insufficient par.       0.0004    13     0.0007     1     0.0005 
Idle time                   0.0000     3     0.0050     9     0.0022 
Communication               0.0002     3     0.0015     9     0.0007 
Synchronization             0.0003     4     0.0276     9     0.0119 
Variation                   0.0005     4     0.0277     9     0.0120 
Overlap                     0.0000     9     0.0016     4     0.0008 
Load imbalance              0.0000     3     0.0005     9     0.0002 
Execution time              0.0125     9     0.0175     3     0.0153 
User CPU time               0.0008     9     0.0012     3     0.0010 
Sys. CPU time               0.0000    13     0.0001     8     0.0000 
I/O time                    0.0000     8     0.0000     1     0.0000 
Processors                      14     1         14    14         14 
                      Communic          Synchro        Variation          Overlap  
I/O             Tmin    0.0000     1     0.0001     4     0.0003     4     0.0000     1 
I/O             Tmax    0.0000    14     0.0118     9     0.0119     9     0.0000    14 
I/O             Tmid    0.0000           0.0051           0.0052           0.0000       
Reduction       Tmin    0.0002     3     0.0001     4     0.0001     4     0.0000     1 
Reduction       Tmax    0.0015     9     0.0079     9     0.0079     9     0.0000     4 
Reduction       Tmid    0.0007           0.0034           0.0034           0.0000       
Shadow          Tmin    0.0000     1     0.0001     4     0.0001     4     0.0000     9 
Shadow          Tmax    0.0000    14     0.0079     9     0.0079     9     0.0016     4 
Shadow          Tmid    0.0000           0.0034           0.0034           0.0008       
--- The execution characteristics --- 
                                1          2          3          4          5          6          7          8          9         10         11         12         13         14 
Lost time                  0.0163     0.0163     0.0163     0.0163     0.0163     0.0163     0.0163     0.0163     0.0167     0.0166     0.0167     0.0166     0.0166     0.0167 
User insufficient par.     0.0145     0.0154     0.0155     0.0152     0.0145     0.0147     0.0147     0.0145     0.0098     0.0112     0.0104     0.0108     0.0110     0.0098 
Sys.insufficient par.      0.0007     0.0006     0.0006     0.0006     0.0006     0.0005     0.0005     0.0007     0.0004     0.0005     0.0005     0.0005     0.0004     0.0005 
Idle time                  0.0009     0.0000     0.0000     0.0003     0.0009     0.0009     0.0009     0.0009     0.0050     0.0035     0.0044     0.0041     0.0038     0.0050 
Communication              0.0002     0.0003     0.0002     0.0002     0.0003     0.0002     0.0002     0.0002     0.0015     0.0015     0.0015     0.0013     0.0014     0.0014 
Synchronization            0.0008     0.0009     0.0005     0.0003     0.0018     0.0013     0.0010     0.0013     0.0276     0.0274     0.0274     0.0241     0.0263     0.0258 
Variation                  0.0008     0.0011     0.0006     0.0005     0.0019     0.0014     0.0011     0.0014     0.0277     0.0275     0.0275     0.0242     0.0265     0.0259 
Overlap                    0.0014     0.0015     0.0016     0.0016     0.0012     0.0014     0.0015     0.0014     0.0000     0.0000     0.0000     0.0000     0.0000     0.0000 
Load imbalance             0.0001     0.0000     0.0000     0.0000     0.0001     0.0001     0.0001     0.0001     0.0005     0.0003     0.0004     0.0004     0.0004     0.0004 
Execution time             0.0166     0.0175     0.0175     0.0172     0.0166     0.0166     0.0166     0.0166     0.0125     0.0140     0.0131     0.0134     0.0137     0.0125 
User CPU time              0.0011     0.0012     0.0012     0.0012     0.0011     0.0011     0.0011     0.0011     0.0008     0.0009     0.0008     0.0008     0.0008     0.0008 
Sys. CPU time              0.0000     0.0000     0.0000     0.0000     0.0000     0.0000     0.0000     0.0001     0.0000     0.0000     0.0000     0.0000     0.0000     0.0000 
I/O time                   0.0000     0.0000     0.0000     0.0000     0.0000     0.0000     0.0000     0.0000     0.0000     0.0000     0.0000     0.0000     0.0000     0.0000 
Processors                     14         14         14         14         14         14         14         14         14         14         14         14         14         14 
           Communication          
Reduction                  0.0002     0.0003     0.0002     0.0002     0.0003     0.0002     0.0002     0.0002     0.0015     0.0015     0.0015     0.0013     0.0014     0.0014 
           Synchronization        
I/O                        0.0004     0.0004     0.0002     0.0001     0.0007     0.0006     0.0005     0.0006     0.0118     0.0117     0.0117     0.0102     0.0112     0.0110 
Reduction                  0.0002     0.0002     0.0001     0.0001     0.0005     0.0004     0.0003     0.0003     0.0079     0.0078     0.0078     0.0069     0.0075     0.0074 
Shadow                     0.0002     0.0003     0.0002     0.0001     0.0005     0.0004     0.0002     0.0004     0.0079     0.0079     0.0079     0.0069     0.0076     0.0074 
           Variation              
I/O                        0.0003     0.0005     0.0003     0.0003     0.0009     0.0007     0.0007     0.0007     0.0119     0.0118     0.0118     0.0104     0.0114     0.0111 
Reduction                  0.0002     0.0002     0.0001     0.0001     0.0005     0.0004     0.0003     0.0003     0.0079     0.0078     0.0078     0.0069     0.0075     0.0074 
Shadow                     0.0002     0.0003     0.0002     0.0001     0.0005     0.0004     0.0002     0.0004     0.0079     0.0079     0.0079     0.0069     0.0076     0.0074 
           Overlap                
Reduction                  0.0000     0.0000     0.0000     0.0000     0.0000     0.0000     0.0000     0.0000     0.0000     0.0000     0.0000     0.0000     0.0000     0.0000 
Shadow                     0.0014     0.0015     0.0016     0.0016     0.0012     0.0014     0.0015     0.0014     0.0000     0.0000     0.0000     0.0000     0.0000     0.0000 


-------------------------------------------------------------------------
Name (number) and performance time of processors
omp.keldysh.ru(1) 0.935493
omp.keldysh.ru(2) 0.935423
omp.keldysh.ru(3) 0.962999
omp.keldysh.ru(4) 0.963009
omp.keldysh.ru(5) 0.958194
omp.keldysh.ru(6) 0.958198
omp.keldysh.ru(7) 0.959729
omp.keldysh.ru(8) 0.959725
omp.keldysh.ru(9) 0.960285
omp.keldysh.ru(10) 0.960279
omp.keldysh.ru(11) 0.961798
omp.keldysh.ru(12) 0.961767
omp.keldysh.ru(13) 0.959900
omp.keldysh.ru(14) 0.959613
min - omp.keldysh.ru(2) 0.935423; max - omp.keldysh.ru(4) 0.963009; mid - 0.956887
