Processor system=1*2*3*3
Statistics has been accumulated on DVM-system version 5.0, platform DVM
Analyzer is executing on DVM-system version 5.0, platform DVM
-------------------------------------------------------------------------
INTERVAL ( NLINE=5 SOURCE=parallel4.f ) LEVEL=0  EXE_COUNT=2
--- The main characteristics --- 
Parallelization efficiency      0.0528 
Execution time                  0.0100 
Processors                          18
Threads amount                      18
Total time                      0.1791
Productive time                 0.0095 ( CPU= 0.0091 Sys= 0.0003 I/O= 0.0000 )
Lost  time                      0.1697 
   Insufficient parallelism     0.1239 ( User= 0.1184 Sys= 0.0055 )
   Communication                0.0117 ( Real_sync= 0.0000 Starts= 0.0000 )
   Idle time                    0.0341
Load imbalance                  0.0020
Synchronization                 0.0015
Time variation                  0.0034
Overlap                         0.0000
                  Nop   Communic    Synchro  Variation    Overlap 
I/O                 8     0.0000     0.0012     0.0030     0.0000 
Reduction           5     0.0117     0.0003     0.0003     0.0000 
--- The comparative characteristics --- 
                              Tmin N proc      Tmax N proc      Tmid
Lost time                   0.0093    14     0.0095     7     0.0094 
User insufficient par.      0.0054    17     0.0084    13     0.0066 
Sys.insufficient par.       0.0003    17     0.0004     1     0.0003 
Idle time                   0.0000    13     0.0031     7     0.0019 
Communication               0.0006     2     0.0008    17     0.0006 
Synchronization             0.0000    12     0.0001    18     0.0001 
Variation                   0.0000     1     0.0002    18     0.0002 
Overlap                     0.0000     1     0.0000    18     0.0000 
Load imbalance              0.0000    14     0.0002     1     0.0001 
Execution time              0.0069     7     0.0100    13     0.0081 
User CPU time               0.0004     1     0.0006    14     0.0005 
Sys. CPU time               0.0000    17     0.0000    12     0.0000 
I/O time                    0.0000    17     0.0000     1     0.0000 
Processors                      18     1         18    18         18 
                      Communic          Synchro        Variation          Overlap  
I/O             Tmin    0.0000     1     0.0000     1     0.0000     1     0.0000     1 
I/O             Tmax    0.0000    18     0.0001    18     0.0002    18     0.0000    18 
I/O             Tmid    0.0000           0.0001           0.0002           0.0000       
Reduction       Tmin    0.0006     2     0.0000    12     0.0000    12     0.0000     1 
Reduction       Tmax    0.0008    17     0.0000     9     0.0000     9     0.0000    18 
Reduction       Tmid    0.0006           0.0000           0.0000           0.0000       
--- The execution characteristics --- 
                                1          2          3          4          5          6          7          8          9         10         11         12         13         14         15         16         17         18 
Lost time                  0.0095     0.0094     0.0094     0.0094     0.0094     0.0095     0.0095     0.0095     0.0093     0.0094     0.0095     0.0095     0.0094     0.0093     0.0095     0.0094     0.0095     0.0094 
User insufficient par.     0.0055     0.0066     0.0065     0.0069     0.0062     0.0062     0.0055     0.0055     0.0080     0.0080     0.0055     0.0055     0.0084     0.0084     0.0055     0.0076     0.0054     0.0072 
Sys.insufficient par.      0.0004     0.0003     0.0003     0.0003     0.0003     0.0003     0.0003     0.0003     0.0003     0.0003     0.0003     0.0003     0.0003     0.0003     0.0003     0.0003     0.0003     0.0003 
Idle time                  0.0031     0.0019     0.0019     0.0016     0.0023     0.0023     0.0031     0.0030     0.0004     0.0004     0.0030     0.0030     0.0000     0.0000     0.0030     0.0008     0.0031     0.0012 
Communication              0.0006     0.0006     0.0007     0.0006     0.0006     0.0006     0.0006     0.0006     0.0006     0.0007     0.0007     0.0007     0.0007     0.0006     0.0006     0.0007     0.0008     0.0007 
Synchronization            0.0001     0.0001     0.0001     0.0001     0.0001     0.0001     0.0001     0.0001     0.0001     0.0001     0.0001     0.0000     0.0001     0.0001     0.0001     0.0001     0.0001     0.0001 
Variation                  0.0000     0.0002     0.0002     0.0002     0.0002     0.0002     0.0002     0.0002     0.0002     0.0002     0.0002     0.0002     0.0002     0.0002     0.0002     0.0002     0.0002     0.0002 
Overlap                    0.0000     0.0000     0.0000     0.0000     0.0000     0.0000     0.0000     0.0000     0.0000     0.0000     0.0000     0.0000     0.0000     0.0000     0.0000     0.0000     0.0000     0.0000 
Load imbalance             0.0002     0.0001     0.0001     0.0001     0.0001     0.0001     0.0002     0.0002     0.0000     0.0000     0.0002     0.0002     0.0000     0.0000     0.0002     0.0001     0.0002     0.0001 
Execution time             0.0069     0.0080     0.0080     0.0084     0.0076     0.0076     0.0069     0.0069     0.0096     0.0096     0.0069     0.0069     0.0100     0.0099     0.0069     0.0092     0.0069     0.0088 
User CPU time              0.0004     0.0005     0.0005     0.0005     0.0005     0.0005     0.0004     0.0004     0.0006     0.0006     0.0005     0.0005     0.0006     0.0006     0.0005     0.0005     0.0004     0.0005 
Sys. CPU time              0.0000     0.0000     0.0000     0.0000     0.0000     0.0000     0.0000     0.0000     0.0000     0.0000     0.0000     0.0000     0.0000     0.0000     0.0000     0.0000     0.0000     0.0000 
I/O time                   0.0000     0.0000     0.0000     0.0000     0.0000     0.0000     0.0000     0.0000     0.0000     0.0000     0.0000     0.0000     0.0000     0.0000     0.0000     0.0000     0.0000     0.0000 
Processors                     18         18         18         18         18         18         18         18         18         18         18         18         18         18         18         18         18         18 
           Communication          
Reduction                  0.0006     0.0006     0.0007     0.0006     0.0006     0.0006     0.0006     0.0006     0.0006     0.0007     0.0007     0.0007     0.0007     0.0006     0.0006     0.0007     0.0008     0.0007 
           Synchronization        
I/O                        0.0000     0.0001     0.0001     0.0001     0.0001     0.0001     0.0001     0.0001     0.0001     0.0001     0.0000     0.0000     0.0001     0.0000     0.0001     0.0001     0.0001     0.0001 
Reduction                  0.0000     0.0000     0.0000     0.0000     0.0000     0.0000     0.0000     0.0000     0.0000     0.0000     0.0000     0.0000     0.0000     0.0000     0.0000     0.0000     0.0000     0.0000 
           Variation              
I/O                        0.0000     0.0002     0.0002     0.0002     0.0002     0.0002     0.0002     0.0002     0.0002     0.0002     0.0002     0.0002     0.0002     0.0002     0.0002     0.0002     0.0002     0.0002 
Reduction                  0.0000     0.0000     0.0000     0.0000     0.0000     0.0000     0.0000     0.0000     0.0000     0.0000     0.0000     0.0000     0.0000     0.0000     0.0000     0.0000     0.0000     0.0000 
           Overlap                
Reduction                  0.0000     0.0000     0.0000     0.0000     0.0000     0.0000     0.0000     0.0000     0.0000     0.0000     0.0000     0.0000     0.0000     0.0000     0.0000     0.0000     0.0000     0.0000 


-------------------------------------------------------------------------
Name (number) and performance time of processors
omp.keldysh.ru(1) 0.933916
omp.keldysh.ru(2) 0.933876
omp.keldysh.ru(3) 0.953971
omp.keldysh.ru(4) 0.953980
omp.keldysh.ru(5) 0.951583
omp.keldysh.ru(6) 0.951627
omp.keldysh.ru(7) 0.954887
omp.keldysh.ru(8) 0.954852
omp.keldysh.ru(9) 0.933975
omp.keldysh.ru(10) 0.934002
omp.keldysh.ru(11) 0.954208
omp.keldysh.ru(12) 0.953912
omp.keldysh.ru(13) 0.951088
omp.keldysh.ru(14) 0.951060
omp.keldysh.ru(15) 0.955806
omp.keldysh.ru(16) 0.955808
omp.keldysh.ru(17) 0.953578
omp.keldysh.ru(18) 0.953588
min - omp.keldysh.ru(2) 0.933876; max - omp.keldysh.ru(16) 0.955808; mid - 0.949206
