Processor system=3*1*2*3
Statistics has been accumulated on DVM-system version 5.0, platform DVM
Analyzer is executing on DVM-system version 5.0, platform DVM
-------------------------------------------------------------------------
INTERVAL ( NLINE=5 SOURCE=realign44.f ) LEVEL=0  EXE_COUNT=2
--- The main characteristics --- 
Parallelization efficiency      0.0535 
Execution time                  0.0100 
Processors                          18
Threads amount                      18
Total time                      0.1803
Productive time                 0.0097 ( CPU= 0.0092 Sys= 0.0004 I/O= 0.0000 )
Lost  time                      0.1707 
   Insufficient parallelism     0.1223 ( User= 0.1152 Sys= 0.0071 )
   Communication                0.0088 ( Real_sync= 0.0000 Starts= 0.0000 )
   Idle time                    0.0396
Load imbalance                  0.0030
Synchronization                 0.0046
Time variation                  0.0088
Overlap                         0.0000
                  Nop   Communic    Synchro  Variation    Overlap 
I/O                 6     0.0000     0.0005     0.0033     0.0000 
Reduction           5     0.0077     0.0000     0.0001     0.0000 
Redistribution      5     0.0011     0.0041     0.0053     0.0000 
--- The comparative characteristics --- 
                              Tmin N proc      Tmax N proc      Tmid
Lost time                   0.0093     8     0.0096    18     0.0095 
User insufficient par.      0.0055    18     0.0085     8     0.0064 
Sys.insufficient par.       0.0003    18     0.0006     1     0.0004 
Idle time                   0.0000     8     0.0031     7     0.0022 
Communication               0.0002     1     0.0008    18     0.0005 
Synchronization             0.0001     1     0.0004    17     0.0003 
Variation                   0.0001     1     0.0008    17     0.0005 
Overlap                     0.0000    11     0.0000    16     0.0000 
Load imbalance              0.0000     8     0.0003    18     0.0002 
Execution time              0.0069     7     0.0100     8     0.0078 
User CPU time               0.0004    18     0.0007     8     0.0005 
Sys. CPU time               0.0000    18     0.0000     2     0.0000 
I/O time                    0.0000    11     0.0000     1     0.0000 
Processors                      18     1         18    18         18 
                      Communic          Synchro        Variation          Overlap  
I/O             Tmin    0.0000     1     0.0000     4     0.0000     1     0.0000     1 
I/O             Tmax    0.0000    18     0.0001    17     0.0002    17     0.0000    18 
I/O             Tmid    0.0000           0.0000           0.0002           0.0000       
Reduction       Tmin    0.0001     2     0.0000     1     0.0000     6     0.0000    11 
Reduction       Tmax    0.0008    18     0.0000    18     0.0000    18     0.0000    16 
Reduction       Tmid    0.0004           0.0000           0.0000           0.0000       
Redistribution  Tmin    0.0000    13     0.0001     1     0.0000     2     0.0000     1 
Redistribution  Tmax    0.0003     8     0.0004    17     0.0006    17     0.0000    18 
Redistribution  Tmid    0.0001           0.0002           0.0003           0.0000       
--- The execution characteristics --- 
                                1          2          3          4          5          6          7          8          9         10         11         12         13         14         15         16         17         18 
Lost time                  0.0095     0.0094     0.0095     0.0095     0.0094     0.0095     0.0095     0.0093     0.0095     0.0095     0.0094     0.0096     0.0096     0.0096     0.0094     0.0094     0.0095     0.0096 
User insufficient par.     0.0063     0.0063     0.0056     0.0056     0.0067     0.0056     0.0056     0.0085     0.0070     0.0056     0.0070     0.0056     0.0056     0.0056     0.0081     0.0077     0.0072     0.0055 
Sys.insufficient par.      0.0006     0.0005     0.0004     0.0004     0.0004     0.0004     0.0004     0.0004     0.0004     0.0004     0.0004     0.0004     0.0003     0.0003     0.0004     0.0004     0.0003     0.0003 
Idle time                  0.0023     0.0023     0.0031     0.0030     0.0020     0.0031     0.0031     0.0000     0.0016     0.0031     0.0016     0.0031     0.0031     0.0030     0.0004     0.0008     0.0012     0.0030 
Communication              0.0002     0.0003     0.0005     0.0004     0.0004     0.0006     0.0004     0.0003     0.0005     0.0005     0.0004     0.0005     0.0006     0.0006     0.0006     0.0006     0.0008     0.0008 
Synchronization            0.0001     0.0002     0.0003     0.0002     0.0002     0.0003     0.0002     0.0002     0.0003     0.0002     0.0002     0.0002     0.0003     0.0003     0.0002     0.0003     0.0004     0.0004 
Variation                  0.0001     0.0002     0.0005     0.0004     0.0004     0.0006     0.0004     0.0002     0.0006     0.0004     0.0004     0.0006     0.0007     0.0005     0.0006     0.0006     0.0008     0.0008 
Overlap                    0.0000     0.0000     0.0000     0.0000     0.0000     0.0000     0.0000     0.0000     0.0000     0.0000     0.0000     0.0000     0.0000     0.0000     0.0000     0.0000     0.0000     0.0000 
Load imbalance             0.0002     0.0001     0.0002     0.0002     0.0001     0.0002     0.0002     0.0000     0.0002     0.0002     0.0001     0.0002     0.0002     0.0002     0.0001     0.0001     0.0002     0.0003 
Execution time             0.0077     0.0077     0.0070     0.0070     0.0081     0.0070     0.0069     0.0100     0.0085     0.0070     0.0085     0.0070     0.0070     0.0070     0.0096     0.0092     0.0089     0.0070 
User CPU time              0.0005     0.0006     0.0004     0.0005     0.0006     0.0004     0.0005     0.0007     0.0005     0.0005     0.0006     0.0004     0.0004     0.0004     0.0006     0.0006     0.0005     0.0004 
Sys. CPU time              0.0000     0.0000     0.0000     0.0000     0.0000     0.0000     0.0000     0.0000     0.0000     0.0000     0.0000     0.0000     0.0000     0.0000     0.0000     0.0000     0.0000     0.0000 
I/O time                   0.0000     0.0000     0.0000     0.0000     0.0000     0.0000     0.0000     0.0000     0.0000     0.0000     0.0000     0.0000     0.0000     0.0000     0.0000     0.0000     0.0000     0.0000 
Processors                     18         18         18         18         18         18         18         18         18         18         18         18         18         18         18         18         18         18 
           Communication          
Reduction                  0.0001     0.0001     0.0005     0.0003     0.0003     0.0006     0.0003     0.0001     0.0005     0.0004     0.0004     0.0005     0.0006     0.0004     0.0006     0.0006     0.0008     0.0008 
Redistribution             0.0001     0.0002     0.0000     0.0001     0.0001     0.0000     0.0001     0.0003     0.0000     0.0001     0.0001     0.0000     0.0000     0.0001     0.0000     0.0000     0.0000     0.0000 
           Synchronization        
I/O                        0.0000     0.0000     0.0000     0.0000     0.0000     0.0000     0.0000     0.0000     0.0000     0.0000     0.0000     0.0000     0.0000     0.0000     0.0000     0.0000     0.0001     0.0000 
Reduction                  0.0000     0.0000     0.0000     0.0000     0.0000     0.0000     0.0000     0.0000     0.0000     0.0000     0.0000     0.0000     0.0000     0.0000     0.0000     0.0000     0.0000     0.0000 
Redistribution             0.0001     0.0002     0.0002     0.0002     0.0002     0.0003     0.0002     0.0002     0.0002     0.0002     0.0002     0.0002     0.0003     0.0003     0.0002     0.0002     0.0004     0.0004 
           Variation              
I/O                        0.0000     0.0002     0.0002     0.0002     0.0002     0.0002     0.0002     0.0002     0.0002     0.0002     0.0002     0.0002     0.0002     0.0002     0.0002     0.0002     0.0002     0.0002 
Reduction                  0.0000     0.0000     0.0000     0.0000     0.0000     0.0000     0.0000     0.0000     0.0000     0.0000     0.0000     0.0000     0.0000     0.0000     0.0000     0.0000     0.0000     0.0000 
Redistribution             0.0000     0.0000     0.0003     0.0002     0.0002     0.0004     0.0002     0.0000     0.0004     0.0002     0.0002     0.0004     0.0005     0.0003     0.0004     0.0004     0.0006     0.0006 
           Overlap                
Reduction                  0.0000     0.0000     0.0000     0.0000     0.0000     0.0000     0.0000     0.0000     0.0000     0.0000     0.0000     0.0000     0.0000     0.0000     0.0000     0.0000     0.0000     0.0000 


-------------------------------------------------------------------------
Name (number) and performance time of processors
omp.keldysh.ru(1) 0.935333
omp.keldysh.ru(2) 0.935261
omp.keldysh.ru(3) 0.956074
omp.keldysh.ru(4) 0.956041
omp.keldysh.ru(5) 0.953898
omp.keldysh.ru(6) 0.953894
omp.keldysh.ru(7) 0.952308
omp.keldysh.ru(8) 0.952327
omp.keldysh.ru(9) 0.952289
omp.keldysh.ru(10) 0.952288
omp.keldysh.ru(11) 0.955960
omp.keldysh.ru(12) 0.956218
omp.keldysh.ru(13) 0.953529
omp.keldysh.ru(14) 0.953521
omp.keldysh.ru(15) 0.954645
omp.keldysh.ru(16) 0.954934
omp.keldysh.ru(17) 0.952209
omp.keldysh.ru(18) 0.952219
min - omp.keldysh.ru(2) 0.935261; max - omp.keldysh.ru(12) 0.956218; mid - 0.951830
