Processor system=2*1*2*4
Statistics has been accumulated on DVM-system version 5.0, platform DVM
Analyzer is executing on DVM-system version 5.0, platform DVM
-------------------------------------------------------------------------
INTERVAL ( NLINE=7 SOURCE=sc42.f ) LEVEL=0  EXE_COUNT=1
--- The main characteristics --- 
Parallelization efficiency      0.1366 
Execution time                  2.9790 
Processors                          16
Threads amount                      16
Total time                     47.6639
Productive time                 6.5133 ( CPU= 6.5015 Sys= 0.0117 I/O= 0.0000 )
Lost  time                     41.1506 
   Insufficient parallelism    38.1403 ( User= 37.9639 Sys= 0.1764 )
   Communication                2.9463 ( Real_sync= 0.0000 Starts= 0.0000 )
   Idle time                    0.0641
Load imbalance                  0.2136
Synchronization                 0.1024
Time variation                  0.1050
Overlap                         0.0000
                  Nop   Communic    Synchro  Variation    Overlap 
I/O                11     0.0000     0.0712     0.0738     0.0000 
Reduction           9     2.9463     0.0312     0.0312     0.0000 
--- The comparative characteristics --- 
                              Tmin N proc      Tmax N proc      Tmid
Lost time                   2.5586     1     2.6115    13     2.5719 
User insufficient par.      1.8565    13     2.5460     7     2.3727 
Sys.insufficient par.       0.0030    16     0.0124     1     0.0110 
Idle time                   0.0000     7     0.0143    16     0.0040 
Communication               0.0005     4     0.7418    13     0.1841 
Synchronization             0.0010    11     0.0205    16     0.0064 
Variation                   0.0011    11     0.0207    16     0.0066 
Overlap                     0.0000     1     0.0000     3     0.0000 
Load imbalance              0.0000     1     0.0530    13     0.0133 
Execution time              2.9647    16     2.9790     7     2.9750 
User CPU time               0.3667    13     0.4196     1     0.4063 
Sys. CPU time               0.0002    16     0.0008    11     0.0007 
I/O time                    0.0000    13     0.0000     1     0.0000 
Processors                      16     1         16    16         16 
                      Communic          Synchro        Variation          Overlap  
I/O             Tmin    0.0000     1     0.0005    11     0.0007    11     0.0000     1 
I/O             Tmax    0.0000    16     0.0169    16     0.0170    16     0.0000    16 
I/O             Tmid    0.0000           0.0045           0.0046           0.0000       
Reduction       Tmin    0.0005     4     0.0004     3     0.0004    15     0.0000     1 
Reduction       Tmax    0.7418    13     0.0036     8     0.0036     8     0.0000     3 
Reduction       Tmid    0.1841           0.0019           0.0019           0.0000       
--- The execution characteristics --- 
                                1          2          3          4          5          6          7          8          9         10         11         12         13         14         15         16 
Lost time                  2.5586     2.5588     2.5592     2.5596     2.5586     2.5588     2.5587     2.5588     2.5592     2.5593     2.5588     2.5595     2.6115     2.6103     2.6103     2.6105 
User insufficient par.     2.5446     2.5376     2.5427     2.5413     2.5459     2.5418     2.5460     2.5400     2.5451     2.5383     2.5442     2.5364     1.8565     1.8642     1.8675     1.8718 
Sys.insufficient par.      0.0124     0.0120     0.0121     0.0114     0.0121     0.0122     0.0121     0.0115     0.0122     0.0118     0.0123     0.0099     0.0116     0.0088     0.0112     0.0030 
Idle time                  0.0000     0.0046     0.0034     0.0063     0.0000     0.0042     0.0000     0.0059     0.0000     0.0050     0.0000     0.0073     0.0016     0.0077     0.0038     0.0143 
Communication              0.0016     0.0046     0.0010     0.0005     0.0006     0.0006     0.0007     0.0013     0.0020     0.0042     0.0023     0.0060     0.7418     0.7296     0.7279     0.7216 
Synchronization            0.0016     0.0081     0.0015     0.0107     0.0012     0.0078     0.0012     0.0105     0.0015     0.0085     0.0010     0.0125     0.0018     0.0119     0.0020     0.0205 
Variation                  0.0015     0.0083     0.0017     0.0109     0.0014     0.0080     0.0014     0.0107     0.0017     0.0086     0.0011     0.0126     0.0020     0.0121     0.0021     0.0207 
Overlap                    0.0000     0.0000     0.0000     0.0000     0.0000     0.0000     0.0000     0.0000     0.0000     0.0000     0.0000     0.0000     0.0000     0.0000     0.0000     0.0000 
Load imbalance             0.0000     0.0002     0.0006     0.0010     0.0000     0.0003     0.0002     0.0003     0.0007     0.0007     0.0002     0.0009     0.0530     0.0517     0.0518     0.0520 
Execution time             2.9790     2.9744     2.9756     2.9727     2.9790     2.9748     2.9790     2.9730     2.9790     2.9740     2.9790     2.9717     2.9774     2.9713     2.9752     2.9647 
User CPU time              0.4196     0.4194     0.4190     0.4187     0.4196     0.4194     0.4195     0.4194     0.4190     0.4189     0.4194     0.4188     0.3667     0.3681     0.3679     0.3683 
Sys. CPU time              0.0008     0.0008     0.0008     0.0008     0.0008     0.0008     0.0008     0.0008     0.0008     0.0008     0.0008     0.0007     0.0008     0.0006     0.0007     0.0002 
I/O time                   0.0000     0.0000     0.0000     0.0000     0.0000     0.0000     0.0000     0.0000     0.0000     0.0000     0.0000     0.0000     0.0000     0.0000     0.0000     0.0000 
Processors                     16         16         16         16         16         16         16         16         16         16         16         16         16         16         16         16 
           Communication          
Reduction                  0.0016     0.0046     0.0010     0.0005     0.0006     0.0006     0.0007     0.0013     0.0020     0.0042     0.0023     0.0060     0.7418     0.7296     0.7279     0.7216 
           Synchronization        
I/O                        0.0010     0.0050     0.0011     0.0071     0.0006     0.0047     0.0008     0.0069     0.0010     0.0053     0.0005     0.0088     0.0012     0.0087     0.0016     0.0169 
Reduction                  0.0006     0.0032     0.0004     0.0036     0.0006     0.0032     0.0004     0.0036     0.0006     0.0032     0.0004     0.0036     0.0006     0.0032     0.0004     0.0036 
           Variation              
I/O                        0.0010     0.0051     0.0013     0.0073     0.0008     0.0049     0.0010     0.0071     0.0011     0.0055     0.0007     0.0090     0.0014     0.0089     0.0017     0.0170 
Reduction                  0.0006     0.0032     0.0004     0.0036     0.0006     0.0032     0.0004     0.0036     0.0006     0.0032     0.0004     0.0036     0.0006     0.0032     0.0004     0.0036 
           Overlap                
Reduction                  0.0000     0.0000     0.0000     0.0000     0.0000     0.0000     0.0000     0.0000     0.0000     0.0000     0.0000     0.0000     0.0000     0.0000     0.0000     0.0000 


-------------------------------------------------------------------------
Name (number) and performance time of processors
omp.keldysh.ru(1) 0.933888
omp.keldysh.ru(2) 0.933824
omp.keldysh.ru(3) 0.952249
omp.keldysh.ru(4) 0.952250
omp.keldysh.ru(5) 0.958123
omp.keldysh.ru(6) 0.957811
omp.keldysh.ru(7) 0.957283
omp.keldysh.ru(8) 0.957278
omp.keldysh.ru(9) 0.956526
omp.keldysh.ru(10) 0.956520
omp.keldysh.ru(11) 0.958343
omp.keldysh.ru(12) 0.958333
omp.keldysh.ru(13) 0.958768
omp.keldysh.ru(14) 0.958751
omp.keldysh.ru(15) 0.957344
omp.keldysh.ru(16) 0.957348
min - omp.keldysh.ru(2) 0.933824; max - omp.keldysh.ru(13) 0.958768; mid - 0.954040
