Processor system=1*6*3*1
Statistics has been accumulated on DVM-system version 5.0, platform DVM
Analyzer is executing on DVM-system version 5.0, platform DVM
-------------------------------------------------------------------------
INTERVAL ( NLINE=8 SOURCE=red42.f ) LEVEL=0  EXE_COUNT=2
--- The main characteristics --- 
Parallelization efficiency      0.0413 
Execution time                  0.0122 
Processors                          18
Threads amount                      18
Total time                      0.2188
Productive time                 0.0090 ( CPU= 0.0081 Sys= 0.0009 I/O= 0.0000 )
Lost  time                      0.2098 
   Insufficient parallelism     0.1537 ( User= 0.1380 Sys= 0.0158 )
   Communication                0.0044 ( Real_sync= 0.0000 Starts= 0.0000 )
   Idle time                    0.0516
Load imbalance                  0.0029
Synchronization                 0.0905
Time variation                  0.0929
Overlap                         0.0000
                  Nop   Communic    Synchro  Variation    Overlap 
I/O                17     0.0000     0.0333     0.0357     0.0000 
Reduction          15     0.0044     0.0285     0.0285     0.0000 
Remote access      37     0.0000     0.0287     0.0288     0.0000 
--- The comparative characteristics --- 
                              Tmin N proc      Tmax N proc      Tmid
Lost time                   0.0115    15     0.0119    17     0.0117 
User insufficient par.      0.0039    17     0.0103    15     0.0077 
Sys.insufficient par.       0.0007    17     0.0011     1     0.0009 
Idle time                   0.0000    15     0.0070    17     0.0029 
Communication               0.0002     1     0.0003    17     0.0002 
Synchronization             0.0000    15     0.0257    17     0.0050 
Variation                   0.0002    15     0.0258    17     0.0052 
Overlap                     0.0000     3     0.0000     2     0.0000 
Load imbalance              0.0000    15     0.0004    17     0.0002 
Execution time              0.0052    17     0.0122    15     0.0093 
User CPU time               0.0002    17     0.0006    15     0.0005 
Sys. CPU time               0.0000    17     0.0001     2     0.0000 
I/O time                    0.0000    16     0.0000     1     0.0000 
Processors                      18     1         18    18         18 
                      Communic          Synchro        Variation          Overlap  
I/O             Tmin    0.0000     1     0.0000    15     0.0002    15     0.0000     1 
I/O             Tmax    0.0000    18     0.0095    17     0.0096    17     0.0000    18 
I/O             Tmid    0.0000           0.0019           0.0020           0.0000       
Reduction       Tmin    0.0002     1     0.0000    15     0.0000    15     0.0000     3 
Reduction       Tmax    0.0003    17     0.0080    17     0.0080    17     0.0000     2 
Reduction       Tmid    0.0002           0.0016           0.0016           0.0000       
Remote access   Tmin    0.0000     1     0.0000    15     0.0000    15     0.0000     1 
Remote access   Tmax    0.0000    18     0.0082    17     0.0082    17     0.0000    15 
Remote access   Tmid    0.0000           0.0016           0.0016           0.0000       
--- The execution characteristics --- 
                                1          2          3          4          5          6          7          8          9         10         11         12         13         14         15         16         17         18 
Lost time                  0.0118     0.0116     0.0117     0.0115     0.0116     0.0116     0.0117     0.0116     0.0116     0.0117     0.0116     0.0116     0.0117     0.0118     0.0115     0.0115     0.0119     0.0118 
User insufficient par.     0.0051     0.0092     0.0074     0.0097     0.0089     0.0089     0.0071     0.0078     0.0086     0.0067     0.0085     0.0082     0.0063     0.0053     0.0103     0.0100     0.0039     0.0061 
Sys.insufficient par.      0.0011     0.0009     0.0009     0.0009     0.0009     0.0009     0.0009     0.0009     0.0009     0.0009     0.0009     0.0009     0.0009     0.0009     0.0009     0.0009     0.0007     0.0008 
Idle time                  0.0054     0.0012     0.0031     0.0008     0.0016     0.0016     0.0035     0.0027     0.0019     0.0039     0.0019     0.0023     0.0043     0.0054     0.0000     0.0004     0.0070     0.0047 
Communication              0.0002     0.0003     0.0003     0.0003     0.0002     0.0002     0.0003     0.0002     0.0002     0.0002     0.0002     0.0002     0.0002     0.0003     0.0003     0.0003     0.0003     0.0003 
Synchronization            0.0085     0.0070     0.0020     0.0019     0.0017     0.0018     0.0012     0.0012     0.0023     0.0023     0.0029     0.0029     0.0037     0.0036     0.0000     0.0000     0.0257     0.0217 
Variation                  0.0084     0.0071     0.0021     0.0021     0.0018     0.0019     0.0014     0.0014     0.0025     0.0025     0.0031     0.0030     0.0038     0.0037     0.0002     0.0002     0.0258     0.0218 
Overlap                    0.0000     0.0000     0.0000     0.0000     0.0000     0.0000     0.0000     0.0000     0.0000     0.0000     0.0000     0.0000     0.0000     0.0000     0.0000     0.0000     0.0000     0.0000 
Load imbalance             0.0003     0.0001     0.0002     0.0000     0.0001     0.0001     0.0002     0.0002     0.0001     0.0002     0.0001     0.0001     0.0002     0.0003     0.0000     0.0000     0.0004     0.0003 
Execution time             0.0068     0.0110     0.0090     0.0114     0.0106     0.0106     0.0087     0.0094     0.0102     0.0083     0.0102     0.0098     0.0079     0.0068     0.0122     0.0118     0.0052     0.0075 
User CPU time              0.0003     0.0005     0.0004     0.0006     0.0005     0.0005     0.0004     0.0005     0.0005     0.0004     0.0005     0.0005     0.0004     0.0003     0.0006     0.0006     0.0002     0.0004 
Sys. CPU time              0.0000     0.0001     0.0001     0.0000     0.0001     0.0001     0.0001     0.0001     0.0001     0.0001     0.0001     0.0001     0.0001     0.0001     0.0001     0.0001     0.0000     0.0000 
I/O time                   0.0000     0.0000     0.0000     0.0000     0.0000     0.0000     0.0000     0.0000     0.0000     0.0000     0.0000     0.0000     0.0000     0.0000     0.0000     0.0000     0.0000     0.0000 
Processors                     18         18         18         18         18         18         18         18         18         18         18         18         18         18         18         18         18         18 
           Communication          
Reduction                  0.0002     0.0003     0.0003     0.0003     0.0002     0.0002     0.0003     0.0002     0.0002     0.0002     0.0002     0.0002     0.0002     0.0003     0.0003     0.0003     0.0003     0.0003 
           Synchronization        
I/O                        0.0032     0.0026     0.0007     0.0007     0.0006     0.0006     0.0005     0.0004     0.0009     0.0009     0.0011     0.0010     0.0013     0.0013     0.0000     0.0000     0.0095     0.0080 
Reduction                  0.0026     0.0022     0.0006     0.0006     0.0005     0.0006     0.0004     0.0004     0.0007     0.0007     0.0010     0.0009     0.0012     0.0012     0.0000     0.0000     0.0080     0.0068 
Remote access              0.0028     0.0022     0.0006     0.0006     0.0005     0.0006     0.0004     0.0004     0.0007     0.0007     0.0009     0.0009     0.0011     0.0011     0.0000     0.0000     0.0082     0.0069 
           Variation              
I/O                        0.0030     0.0027     0.0009     0.0009     0.0008     0.0008     0.0006     0.0006     0.0010     0.0010     0.0012     0.0012     0.0015     0.0015     0.0002     0.0002     0.0096     0.0081 
Reduction                  0.0026     0.0022     0.0006     0.0006     0.0005     0.0006     0.0004     0.0004     0.0007     0.0007     0.0010     0.0009     0.0012     0.0012     0.0000     0.0000     0.0080     0.0068 
Remote access              0.0028     0.0022     0.0006     0.0006     0.0005     0.0006     0.0004     0.0004     0.0007     0.0007     0.0009     0.0009     0.0011     0.0011     0.0000     0.0000     0.0082     0.0069 
           Overlap                
Reduction                  0.0000     0.0000     0.0000     0.0000     0.0000     0.0000     0.0000     0.0000     0.0000     0.0000     0.0000     0.0000     0.0000     0.0000     0.0000     0.0000     0.0000     0.0000 
Remote access              0.0000     0.0000     0.0000     0.0000     0.0000     0.0000     0.0000     0.0000     0.0000     0.0000     0.0000     0.0000     0.0000     0.0000     0.0000     0.0000     0.0000     0.0000 


-------------------------------------------------------------------------
Name (number) and performance time of processors
omp.keldysh.ru(1) 0.935541
omp.keldysh.ru(2) 0.935434
omp.keldysh.ru(3) 0.957745
omp.keldysh.ru(4) 0.957755
omp.keldysh.ru(5) 0.959707
omp.keldysh.ru(6) 0.959709
omp.keldysh.ru(7) 0.958732
omp.keldysh.ru(8) 0.958705
omp.keldysh.ru(9) 0.960542
omp.keldysh.ru(10) 0.960602
omp.keldysh.ru(11) 0.959787
omp.keldysh.ru(12) 0.959771
omp.keldysh.ru(13) 0.959199
omp.keldysh.ru(14) 0.958862
omp.keldysh.ru(15) 0.959179
omp.keldysh.ru(16) 0.959168
omp.keldysh.ru(17) 0.956701
omp.keldysh.ru(18) 0.956676
min - omp.keldysh.ru(2) 0.935434; max - omp.keldysh.ru(10) 0.960602; mid - 0.956323
