Processor system=2*2*1*4
Statistics has been accumulated on DVM-system version 5.0, platform DVM
Analyzer is executing on DVM-system version 5.0, platform DVM
-------------------------------------------------------------------------
INTERVAL ( NLINE=7 SOURCE=sh42.f ) LEVEL=0  EXE_COUNT=1
--- The main characteristics --- 
Parallelization efficiency      0.0513 
Execution time                  0.1995 
Processors                          16
Threads amount                      16
Total time                      3.1918
Productive time                 0.1636 ( CPU= 0.1619 Sys= 0.0017 I/O= 0.0000 )
Lost  time                      3.0281 
   Insufficient parallelism     2.4545 ( User= 2.4280 Sys= 0.0266 )
   Communication                0.0043 ( Real_sync= 0.0000 Starts= 0.0000 )
   Idle time                    0.5693
Load imbalance                  0.0357
Synchronization                 2.4049
Time variation                  2.4066
Overlap                         0.0000
                  Nop   Communic    Synchro  Variation    Overlap 
I/O                11     0.0000     1.1672     1.1690     0.0000 
Reduction           9     0.0043     0.6210     0.6209     0.0000 
Shadow              9     0.0000     0.6167     0.6167     0.0000 
--- The comparative characteristics --- 
                              Tmin N proc      Tmax N proc      Tmid
Lost time                   0.1870     4     0.1954    13     0.1893 
User insufficient par.      0.0603    13     0.1851     4     0.1517 
Sys.insufficient par.       0.0011    16     0.0022    12     0.0017 
Idle time                   0.0000     4     0.1332    13     0.0356 
Communication               0.0002     1     0.0004    14     0.0003 
Synchronization             0.0008     7     0.5773    13     0.1503 
Variation                   0.0009     7     0.5774    13     0.1504 
Overlap                     0.0000     1     0.0000     7     0.0000 
Load imbalance              0.0000     4     0.0083    13     0.0022 
Execution time              0.0663    13     0.1995     4     0.1639 
User CPU time               0.0040    13     0.0123     4     0.0101 
Sys. CPU time               0.0001    16     0.0001    12     0.0001 
I/O time                    0.0000    16     0.0000     1     0.0000 
Processors                      16     1         16    16         16 
                      Communic          Synchro        Variation          Overlap  
I/O             Tmin    0.0000     1     0.0003     7     0.0005     7     0.0000     1 
I/O             Tmax    0.0000    16     0.2813    13     0.2815    13     0.0000    16 
I/O             Tmid    0.0000           0.0730           0.0731           0.0000       
Reduction       Tmin    0.0002     1     0.0002     7     0.0002     7     0.0000     1 
Reduction       Tmax    0.0004    14     0.1492    13     0.1492    13     0.0000     3 
Reduction       Tmid    0.0003           0.0388           0.0388           0.0000       
Shadow          Tmin    0.0000     1     0.0002     7     0.0002     7     0.0000     1 
Shadow          Tmax    0.0000    16     0.1468    13     0.1468    13     0.0000     7 
Shadow          Tmid    0.0000           0.0385           0.0385           0.0000       
--- The execution characteristics --- 
                                1          2          3          4          5          6          7          8          9         10         11         12         13         14         15         16 
Lost time                  0.1872     0.1872     0.1871     0.1870     0.1872     0.1871     0.1871     0.1871     0.1871     0.1872     0.1881     0.1881     0.1954     0.1951     0.1951     0.1951 
User insufficient par.     0.1825     0.1828     0.1840     0.1851     0.1831     0.1846     0.1845     0.1834     0.1843     0.1826     0.1695     0.1685     0.0603     0.0638     0.0646     0.0643 
Sys.insufficient par.      0.0019     0.0015     0.0017     0.0017     0.0019     0.0019     0.0019     0.0020     0.0017     0.0017     0.0015     0.0022     0.0015     0.0012     0.0012     0.0011 
Idle time                  0.0027     0.0026     0.0012     0.0000     0.0019     0.0004     0.0004     0.0015     0.0007     0.0027     0.0168     0.0172     0.1332     0.1297     0.1289     0.1294 
Communication              0.0002     0.0003     0.0002     0.0002     0.0002     0.0002     0.0002     0.0002     0.0003     0.0003     0.0002     0.0002     0.0004     0.0004     0.0004     0.0004 
Synchronization            0.0137     0.0064     0.0037     0.0025     0.0037     0.0044     0.0008     0.0021     0.0041     0.0071     0.0567     0.0664     0.5773     0.5547     0.5494     0.5519 
Variation                  0.0135     0.0065     0.0038     0.0027     0.0039     0.0045     0.0009     0.0022     0.0043     0.0073     0.0568     0.0665     0.5774     0.5548     0.5496     0.5520 
Overlap                    0.0000     0.0000     0.0000     0.0000     0.0000     0.0000     0.0000     0.0000     0.0000     0.0000     0.0000     0.0000     0.0000     0.0000     0.0000     0.0000 
Load imbalance             0.0002     0.0002     0.0001     0.0000     0.0001     0.0000     0.0000     0.0001     0.0000     0.0002     0.0011     0.0011     0.0083     0.0081     0.0081     0.0081 
Execution time             0.1968     0.1968     0.1983     0.1995     0.1976     0.1991     0.1991     0.1979     0.1987     0.1968     0.1827     0.1823     0.0663     0.0698     0.0705     0.0701 
User CPU time              0.0122     0.0122     0.0123     0.0123     0.0122     0.0123     0.0123     0.0122     0.0123     0.0122     0.0113     0.0112     0.0040     0.0043     0.0043     0.0043 
Sys. CPU time              0.0001     0.0001     0.0001     0.0001     0.0001     0.0001     0.0001     0.0001     0.0001     0.0001     0.0001     0.0001     0.0001     0.0001     0.0001     0.0001 
I/O time                   0.0000     0.0000     0.0000     0.0000     0.0000     0.0000     0.0000     0.0000     0.0000     0.0000     0.0000     0.0000     0.0000     0.0000     0.0000     0.0000 
Processors                     16         16         16         16         16         16         16         16         16         16         16         16         16         16         16         16 
           Communication          
Reduction                  0.0002     0.0003     0.0002     0.0002     0.0002     0.0002     0.0002     0.0002     0.0003     0.0003     0.0002     0.0002     0.0004     0.0004     0.0004     0.0004 
           Synchronization        
I/O                        0.0055     0.0029     0.0013     0.0011     0.0013     0.0015     0.0003     0.0007     0.0018     0.0026     0.0276     0.0306     0.2813     0.2706     0.2685     0.2696 
Reduction                  0.0039     0.0018     0.0008     0.0007     0.0012     0.0015     0.0002     0.0005     0.0013     0.0018     0.0141     0.0165     0.1492     0.1433     0.1418     0.1425 
Shadow                     0.0043     0.0017     0.0015     0.0008     0.0013     0.0014     0.0002     0.0009     0.0010     0.0027     0.0150     0.0193     0.1468     0.1408     0.1392     0.1398 
           Variation              
I/O                        0.0053     0.0031     0.0015     0.0012     0.0014     0.0017     0.0005     0.0009     0.0019     0.0028     0.0277     0.0307     0.2815     0.2707     0.2686     0.2697 
Reduction                  0.0039     0.0018     0.0008     0.0007     0.0012     0.0015     0.0002     0.0005     0.0013     0.0018     0.0141     0.0165     0.1492     0.1433     0.1418     0.1425 
Shadow                     0.0043     0.0017     0.0015     0.0008     0.0013     0.0014     0.0002     0.0009     0.0010     0.0027     0.0150     0.0193     0.1468     0.1408     0.1392     0.1398 
           Overlap                
Reduction                  0.0000     0.0000     0.0000     0.0000     0.0000     0.0000     0.0000     0.0000     0.0000     0.0000     0.0000     0.0000     0.0000     0.0000     0.0000     0.0000 
Shadow                     0.0000     0.0000     0.0000     0.0000     0.0000     0.0000     0.0000     0.0000     0.0000     0.0000     0.0000     0.0000     0.0000     0.0000     0.0000     0.0000 


-------------------------------------------------------------------------
Name (number) and performance time of processors
omp.keldysh.ru(1) 0.935344
omp.keldysh.ru(2) 0.935275
omp.keldysh.ru(3) 0.953564
omp.keldysh.ru(4) 0.953594
omp.keldysh.ru(5) 0.947878
omp.keldysh.ru(6) 0.947834
omp.keldysh.ru(7) 0.955145
omp.keldysh.ru(8) 0.955112
omp.keldysh.ru(9) 0.955076
omp.keldysh.ru(10) 0.955077
omp.keldysh.ru(11) 0.955686
omp.keldysh.ru(12) 0.955956
omp.keldysh.ru(13) 0.952512
omp.keldysh.ru(14) 0.952490
omp.keldysh.ru(15) 0.954837
omp.keldysh.ru(16) 0.954819
min - omp.keldysh.ru(2) 0.935275; max - omp.keldysh.ru(12) 0.955956; mid - 0.951262
