Processor system=1*1*2*7
Statistics has been accumulated on DVM-system version 5.0, platform DVM
Analyzer is executing on DVM-system version 5.0, platform DVM
-------------------------------------------------------------------------
INTERVAL ( NLINE=7 SOURCE=acr42.f ) LEVEL=0  EXE_COUNT=1
--- The main characteristics --- 
Parallelization efficiency      0.0644 
Execution time                  0.6646 
Processors                          14
Threads amount                      14
Total time                      9.3050
Productive time                 0.5988 ( CPU= 0.5949 Sys= 0.0039 I/O= 0.0000 )
Lost  time                      8.7062 
   Insufficient parallelism     7.7850 ( User= 7.7335 Sys= 0.0516 )
   Communication                0.0044 ( Real_sync= 0.0000 Starts= 0.0000 )
   Idle time                    0.9167
Load imbalance                  0.0656
Synchronization                 5.5594
Time variation                  5.5615
Overlap                         0.0021
                  Nop   Communic    Synchro  Variation    Overlap 
I/O                11     0.0000     1.8123     1.8144     0.0000 
Reduction           9     0.0044     0.9296     0.9295     0.0000 
Shadow             27     0.0000     2.8175     2.8175     0.0021 
--- The comparative characteristics --- 
                              Tmin N proc      Tmax N proc      Tmid
Lost time                   0.6172     7     0.6279    10     0.6219 
User insufficient par.      0.4750    11     0.6121     7     0.5524 
Sys.insufficient par.       0.0020    14     0.0051     1     0.0037 
Idle time                   0.0000     7     0.1503    12     0.0655 
Communication               0.0002     1     0.0004    11     0.0003 
Synchronization             0.0029     7     0.9559    11     0.3971 
Variation                   0.0031     7     0.9561    11     0.3973 
Overlap                     0.0000     9     0.0004     8     0.0001 
Load imbalance              0.0000     7     0.0107    10     0.0047 
Execution time              0.5144    12     0.6646     7     0.5992 
User CPU time               0.0365    11     0.0471     7     0.0425 
Sys. CPU time               0.0001    14     0.0004     2     0.0003 
I/O time                    0.0000    14     0.0000     1     0.0000 
Processors                      14     1         14    14         14 
                      Communic          Synchro        Variation          Overlap  
I/O             Tmin    0.0000     1     0.0005     7     0.0006     1     0.0000     1 
I/O             Tmax    0.0000    14     0.3107    11     0.3108    11     0.0000    14 
I/O             Tmid    0.0000           0.1295           0.1296           0.0000       
Reduction       Tmin    0.0002     1     0.0004     7     0.0004     7     0.0000     2 
Reduction       Tmax    0.0004    11     0.1594    11     0.1594    11     0.0000     7 
Reduction       Tmid    0.0003           0.0664           0.0664           0.0000       
Shadow          Tmin    0.0000     1     0.0020     7     0.0020     7     0.0000     9 
Shadow          Tmax    0.0000    14     0.4859    11     0.4859    11     0.0004     8 
Shadow          Tmid    0.0000           0.2013           0.2013           0.0001       
--- The execution characteristics --- 
                                1          2          3          4          5          6          7          8          9         10         11         12         13         14 
Lost time                  0.6173     0.6175     0.6173     0.6173     0.6175     0.6175     0.6172     0.6174     0.6278     0.6279     0.6279     0.6279     0.6278     0.6278 
User insufficient par.     0.6105     0.6085     0.6108     0.6108     0.6079     0.6079     0.6121     0.6090     0.4771     0.4751     0.4750     0.4753     0.4765     0.4770 
Sys.insufficient par.      0.0051     0.0049     0.0048     0.0048     0.0049     0.0048     0.0048     0.0048     0.0022     0.0021     0.0023     0.0020     0.0020     0.0020 
Idle time                  0.0015     0.0038     0.0014     0.0014     0.0045     0.0045     0.0000     0.0034     0.1481     0.1503     0.1502     0.1503     0.1489     0.1485 
Communication              0.0002     0.0003     0.0002     0.0002     0.0003     0.0002     0.0003     0.0003     0.0004     0.0004     0.0004     0.0004     0.0004     0.0004 
Synchronization            0.0045     0.0070     0.0077     0.0085     0.0090     0.0080     0.0029     0.0038     0.8985     0.9331     0.9559     0.9298     0.8972     0.8934 
Variation                  0.0044     0.0072     0.0079     0.0087     0.0091     0.0081     0.0031     0.0040     0.8987     0.9333     0.9561     0.9300     0.8974     0.8936 
Overlap                    0.0002     0.0001     0.0003     0.0002     0.0003     0.0003     0.0004     0.0004     0.0000     0.0000     0.0000     0.0000     0.0000     0.0000 
Load imbalance             0.0001     0.0003     0.0001     0.0001     0.0003     0.0003     0.0000     0.0002     0.0106     0.0107     0.0107     0.0107     0.0106     0.0106 
Execution time             0.6632     0.6609     0.6632     0.6632     0.6602     0.6602     0.6646     0.6613     0.5165     0.5144     0.5144     0.5144     0.5158     0.5161 
User CPU time              0.0470     0.0468     0.0470     0.0470     0.0468     0.0468     0.0471     0.0468     0.0367     0.0365     0.0365     0.0366     0.0367     0.0367 
Sys. CPU time              0.0004     0.0004     0.0004     0.0004     0.0004     0.0004     0.0004     0.0004     0.0002     0.0002     0.0002     0.0002     0.0002     0.0001 
I/O time                   0.0000     0.0000     0.0000     0.0000     0.0000     0.0000     0.0000     0.0000     0.0000     0.0000     0.0000     0.0000     0.0000     0.0000 
Processors                     14         14         14         14         14         14         14         14         14         14         14         14         14         14 
           Communication          
Reduction                  0.0002     0.0003     0.0002     0.0002     0.0003     0.0002     0.0003     0.0003     0.0004     0.0004     0.0004     0.0004     0.0004     0.0004 
           Synchronization        
I/O                        0.0008     0.0013     0.0016     0.0016     0.0023     0.0022     0.0005     0.0006     0.2948     0.3039     0.3107     0.3029     0.2951     0.2941 
Reduction                  0.0008     0.0012     0.0016     0.0016     0.0011     0.0009     0.0004     0.0004     0.1511     0.1557     0.1594     0.1552     0.1503     0.1501 
Shadow                     0.0030     0.0046     0.0046     0.0053     0.0056     0.0049     0.0020     0.0027     0.4526     0.4735     0.4859     0.4717     0.4519     0.4493 
           Variation              
I/O                        0.0006     0.0014     0.0018     0.0018     0.0025     0.0024     0.0007     0.0008     0.2950     0.3040     0.3108     0.3031     0.2952     0.2943 
Reduction                  0.0008     0.0012     0.0016     0.0016     0.0011     0.0009     0.0004     0.0004     0.1511     0.1557     0.1594     0.1552     0.1503     0.1501 
Shadow                     0.0030     0.0046     0.0046     0.0053     0.0056     0.0049     0.0020     0.0027     0.4526     0.4735     0.4859     0.4717     0.4519     0.4493 
           Overlap                
Reduction                  0.0000     0.0000     0.0000     0.0000     0.0000     0.0000     0.0000     0.0000     0.0000     0.0000     0.0000     0.0000     0.0000     0.0000 
Shadow                     0.0002     0.0001     0.0003     0.0002     0.0003     0.0003     0.0004     0.0004     0.0000     0.0000     0.0000     0.0000     0.0000     0.0000 


-------------------------------------------------------------------------
Name (number) and performance time of processors
omp.keldysh.ru(1) 0.933738
omp.keldysh.ru(2) 0.933640
omp.keldysh.ru(3) 0.960011
omp.keldysh.ru(4) 0.960013
omp.keldysh.ru(5) 0.933880
omp.keldysh.ru(6) 0.933860
omp.keldysh.ru(7) 0.958479
omp.keldysh.ru(8) 0.958778
omp.keldysh.ru(9) 0.959528
omp.keldysh.ru(10) 0.959508
omp.keldysh.ru(11) 0.960622
omp.keldysh.ru(12) 0.960598
omp.keldysh.ru(13) 0.957653
omp.keldysh.ru(14) 0.957639
min - omp.keldysh.ru(2) 0.933640; max - omp.keldysh.ru(11) 0.960622; mid - 0.951996
