Processor system=6*3
Statistics has been accumulated on DVM-system version 5.0, platform DVM
Analyzer is executing on DVM-system version 5.0, platform DVM
-------------------------------------------------------------------------
INTERVAL ( NLINE=8 SOURCE=red22.f ) LEVEL=0  EXE_COUNT=2
--- The main characteristics --- 
Parallelization efficiency      0.0012 
Execution time                  1.0110 
Processors                          18
Threads amount                      18
Total time                     18.1979
Productive time                 0.0219 ( CPU= 0.0209 Sys= 0.0009 I/O= 0.0002 )
Lost  time                     18.1760 
   Insufficient parallelism     0.2166 ( User= 0.1980 Sys= 0.0186 )
   Communication               16.4860 ( Real_sync= 0.0000 Starts= 0.0000 )
   Idle time                    1.4733
Load imbalance                  0.0414
Synchronization                36.0622
Time variation                 32.0930
Overlap                         0.0000
                  Nop   Communic    Synchro  Variation    Overlap 
I/O                17     0.0000    14.2714    14.2674     0.0000 
Reduction          15    10.4297    11.6837    12.4806     0.0000 
Remote access      37     6.0563    10.1071     5.3450     0.0000 
--- The comparative characteristics --- 
                              Tmin N proc      Tmax N proc      Tmid
Lost time                   1.0075    17     1.0107    12     1.0098 
User insufficient par.      0.0028    12     0.0215     1     0.0110 
Sys.insufficient par.       0.0006    18     0.0047     1     0.0010 
Idle time                   0.0000    13     0.1311     6     0.0819 
Communication               0.8659     6     1.0009    13     0.9159 
Synchronization             0.2821     7     2.8425    11     2.0035 
Variation                   0.3120     7     2.4710     2     1.7829 
Overlap                     0.0000     2     0.0000     7     0.0000 
Load imbalance              0.0000    17     0.0032    12     0.0023 
Execution time              0.8799     6     1.0110    13     0.9291 
User CPU time               0.0003    12     0.0035    17     0.0012 
Sys. CPU time               0.0000    18     0.0001     2     0.0000 
I/O time                    0.0000    18     0.0002     1     0.0000 
Processors                      18     1         18    18         18 
                      Communic          Synchro        Variation          Overlap  
I/O             Tmin    0.0000     1     0.1330     7     0.1330     7     0.0000     1 
I/O             Tmax    0.0000    18     1.1182     2     1.1182     2     0.0000    18 
I/O             Tmid    0.0000           0.7929           0.7926           0.0000       
Reduction       Tmin    0.3423    17     0.0730     7     0.1100     7     0.0000     1 
Reduction       Tmax    0.9550    16     0.9271     2     0.9852     2     0.0000     7 
Reduction       Tmid    0.5794           0.6491           0.6934           0.0000       
Remote access   Tmin    0.0410    16     0.0760     7     0.0690     7     0.0000     2 
Remote access   Tmax    0.5411    17     0.7973    11     0.3675     2     0.0000    13 
Remote access   Tmid    0.3365           0.5615           0.2969           0.0000       
--- The execution characteristics --- 
                                1          2          3          4          5          6          7          8          9         10         11         12         13         14         15         16         17         18 
Lost time                  1.0083     1.0106     1.0102     1.0076     1.0101     1.0101     1.0101     1.0106     1.0089     1.0089     1.0106     1.0107     1.0104     1.0106     1.0102     1.0104     1.0075     1.0102 
User insufficient par.     0.0215     0.0044     0.0112     0.0207     0.0123     0.0123     0.0123     0.0040     0.0146     0.0149     0.0048     0.0028     0.0086     0.0045     0.0118     0.0076     0.0184     0.0112 
Sys.insufficient par.      0.0047     0.0009     0.0009     0.0008     0.0008     0.0008     0.0008     0.0008     0.0009     0.0008     0.0008     0.0009     0.0008     0.0009     0.0009     0.0008     0.0007     0.0006 
Idle time                  0.0190     0.1086     0.1102     0.0110     0.1220     0.1311     0.0480     0.1308     0.1094     0.0110     0.1081     0.1192     0.0000     0.1083     0.1097     0.0060     0.1050     0.1160 
Communication              0.9631     0.8967     0.8878     0.9751     0.8750     0.8659     0.9491     0.8750     0.8840     0.9821     0.8969     0.8879     1.0009     0.8968     0.8879     0.9960     0.8835     0.8824 
Synchronization            1.1689     2.8422     2.5162     0.8905     2.7221     2.5510     0.2821     2.8205     2.2656     0.8931     2.8425     2.5730     0.5213     2.8424     2.5730     0.6008     2.5898     2.5672 
Variation                  1.1548     2.4710     2.1772     0.9115     2.3227     2.2702     0.3120     2.4489     1.9521     0.9428     2.4708     2.2920     0.4684     2.4708     2.2920     0.6188     2.2311     2.2860 
Overlap                    0.0000     0.0000     0.0000     0.0000     0.0000     0.0000     0.0000     0.0000     0.0000     0.0000     0.0000     0.0000     0.0000     0.0000     0.0000     0.0000     0.0000     0.0000 
Load imbalance             0.0010     0.0031     0.0027     0.0001     0.0026     0.0027     0.0027     0.0031     0.0014     0.0014     0.0031     0.0032     0.0029     0.0031     0.0027     0.0029     0.0000     0.0027 
Execution time             0.9920     0.9024     0.9007     1.0000     0.8890     0.8799     0.9630     0.8802     0.9016     1.0000     0.9029     0.8918     1.0110     0.9027     0.9013     1.0050     0.9060     0.8950 
User CPU time              0.0025     0.0004     0.0007     0.0033     0.0008     0.0008     0.0008     0.0003     0.0021     0.0021     0.0004     0.0003     0.0006     0.0004     0.0008     0.0005     0.0035     0.0007 
Sys. CPU time              0.0000     0.0001     0.0001     0.0000     0.0000     0.0000     0.0000     0.0000     0.0000     0.0000     0.0000     0.0001     0.0000     0.0001     0.0000     0.0000     0.0000     0.0000 
I/O time                   0.0002     0.0000     0.0000     0.0000     0.0000     0.0000     0.0000     0.0000     0.0000     0.0000     0.0000     0.0000     0.0000     0.0000     0.0000     0.0000     0.0000     0.0000 
Processors                     18         18         18         18         18         18         18         18         18         18         18         18         18         18         18         18         18         18 
           Communication          
Reduction                  0.9209     0.3952     0.3661     0.9132     0.3526     0.4463     0.8701     0.3733     0.4598     0.9182     0.3952     0.4681     0.9279     0.3951     0.4681     0.9550     0.3423     0.4624 
Remote access              0.0422     0.5015     0.5217     0.0620     0.5223     0.4197     0.0789     0.5017     0.4242     0.0640     0.5017     0.4198     0.0729     0.5017     0.4198     0.0410     0.5411     0.4200 
           Synchronization        
I/O                        0.4398     1.1182     1.0333     0.3428     1.0654     1.0113     0.1330     1.0962     0.9148     0.3489     1.1182     1.0333     0.1758     1.1182     1.0333     0.2170     1.0444     1.0274 
Reduction                  0.4207     0.9271     0.7808     0.2898     0.9032     0.8244     0.0730     0.9271     0.7339     0.2691     0.9271     0.8244     0.1987     0.9270     0.8243     0.2019     0.8068     0.8244 
Remote access              0.3084     0.7970     0.7021     0.2579     0.7535     0.7153     0.0760     0.7972     0.6168     0.2750     0.7973     0.7153     0.1468     0.7972     0.7153     0.1819     0.7386     0.7155 
           Variation              
I/O                        0.4357     1.1182     1.0333     0.3428     1.0654     1.0114     0.1330     1.0962     0.9148     0.3489     1.1182     1.0333     0.1758     1.1182     1.0333     0.2170     1.0444     1.0274 
Reduction                  0.3808     0.9852     0.8914     0.3008     0.9543     0.8914     0.1100     0.9852     0.7728     0.3109     0.9852     0.8913     0.1468     0.9852     0.8914     0.1890     0.9174     0.8913 
Remote access              0.3383     0.3675     0.2525     0.2678     0.3030     0.3675     0.0690     0.3674     0.2645     0.2829     0.3674     0.3674     0.1457     0.3673     0.3673     0.2128     0.2693     0.3673 
           Overlap                
Reduction                  0.0000     0.0000     0.0000     0.0000     0.0000     0.0000     0.0000     0.0000     0.0000     0.0000     0.0000     0.0000     0.0000     0.0000     0.0000     0.0000     0.0000     0.0000 
Remote access              0.0000     0.0000     0.0000     0.0000     0.0000     0.0000     0.0000     0.0000     0.0000     0.0000     0.0000     0.0000     0.0000     0.0000     0.0000     0.0000     0.0000     0.0000 


-------------------------------------------------------------------------
Name (number) and performance time of processors
omp.keldysh.ru(1) 9.135799
omp.keldysh.ru(2) 0.896219
omp.keldysh.ru(3) 5.576179
omp.keldysh.ru(4) 5.615540
omp.keldysh.ru(5) 5.043869
omp.keldysh.ru(6) 0.935882
omp.keldysh.ru(7) 9.141535
omp.keldysh.ru(8) 0.913669
omp.keldysh.ru(9) 5.570663
omp.keldysh.ru(10) 5.612511
omp.keldysh.ru(11) 0.935292
omp.keldysh.ru(12) 0.935303
omp.keldysh.ru(13) 9.165272
omp.keldysh.ru(14) 0.936100
omp.keldysh.ru(15) 0.874314
omp.keldysh.ru(16) 5.082946
omp.keldysh.ru(17) 5.032786
omp.keldysh.ru(18) 0.896362
min - omp.keldysh.ru(15) 0.874314; max - omp.keldysh.ru(13) 9.165272; mid - 4.016680
