Processor system=3*1*3*2
Statistics has been accumulated on DVM-system version 5.0, platform DVM
Analyzer is executing on DVM-system version 5.0, platform DVM
-------------------------------------------------------------------------
INTERVAL ( NLINE=8 SOURCE=sha42.f ) LEVEL=0  EXE_COUNT=2
--- The main characteristics --- 
Parallelization efficiency      0.0459 
Execution time                  0.0209 
Processors                          18
Threads amount                      18
Total time                      0.3771
Productive time                 0.0173 ( CPU= 0.0166 Sys= 0.0006 I/O= 0.0000 )
Lost  time                      0.3597 
   Insufficient parallelism     0.2945 ( User= 0.2830 Sys= 0.0114 )
   Communication                0.0107 ( Real_sync= 0.0000 Starts= 0.0000 )
   Idle time                    0.0546
Load imbalance                  0.0029
Synchronization                 0.1133
Time variation                  0.1155
Overlap                         0.0157
                  Nop   Communic    Synchro  Variation    Overlap 
I/O                 6     0.0000     0.0466     0.0488     0.0000 
Reduction           5     0.0107     0.0322     0.0322     0.0000 
Shadow              5     0.0000     0.0345     0.0345     0.0157 
--- The comparative characteristics --- 
                              Tmin N proc      Tmax N proc      Tmid
Lost time                   0.0198     1     0.0203    17     0.0200 
User insufficient par.      0.0102    18     0.0184     1     0.0157 
Sys.insufficient par.       0.0005    17     0.0009     1     0.0006 
Idle time                   0.0000     1     0.0078    17     0.0030 
Communication               0.0003    15     0.0018    17     0.0006 
Synchronization             0.0002    16     0.0289    17     0.0063 
Variation                   0.0003    16     0.0291    17     0.0064 
Overlap                     0.0000    17     0.0018    16     0.0009 
Load imbalance              0.0000     1     0.0005    17     0.0002 
Execution time              0.0131    17     0.0209     1     0.0179 
User CPU time               0.0006    18     0.0011     1     0.0009 
Sys. CPU time               0.0000    17     0.0000    16     0.0000 
I/O time                    0.0000    14     0.0000     1     0.0000 
Processors                      18     1         18    18         18 
                      Communic          Synchro        Variation          Overlap  
I/O             Tmin    0.0000     1     0.0001    16     0.0002    16     0.0000     1 
I/O             Tmax    0.0000    18     0.0122    17     0.0123    17     0.0000    18 
I/O             Tmid    0.0000           0.0026           0.0027           0.0000       
Reduction       Tmin    0.0003    15     0.0000    16     0.0000    16     0.0000     1 
Reduction       Tmax    0.0018    17     0.0083    17     0.0083    17     0.0000    16 
Reduction       Tmid    0.0006           0.0018           0.0018           0.0000       
Shadow          Tmin    0.0000     1     0.0001    16     0.0001    16     0.0000    17 
Shadow          Tmax    0.0000    18     0.0085    17     0.0085    17     0.0018    16 
Shadow          Tmid    0.0000           0.0019           0.0019           0.0009       
--- The execution characteristics --- 
                                1          2          3          4          5          6          7          8          9         10         11         12         13         14         15         16         17         18 
Lost time                  0.0198     0.0200     0.0200     0.0200     0.0199     0.0199     0.0200     0.0199     0.0201     0.0201     0.0199     0.0199     0.0199     0.0199     0.0199     0.0199     0.0203     0.0203 
User insufficient par.     0.0184     0.0149     0.0157     0.0161     0.0168     0.0169     0.0159     0.0172     0.0138     0.0138     0.0179     0.0176     0.0172     0.0173     0.0164     0.0166     0.0102     0.0102 
Sys.insufficient par.      0.0009     0.0007     0.0006     0.0006     0.0007     0.0006     0.0006     0.0006     0.0006     0.0006     0.0006     0.0006     0.0006     0.0006     0.0007     0.0007     0.0005     0.0006 
Idle time                  0.0000     0.0039     0.0033     0.0028     0.0020     0.0020     0.0031     0.0017     0.0052     0.0052     0.0009     0.0012     0.0014     0.0015     0.0025     0.0022     0.0078     0.0078 
Communication              0.0005     0.0006     0.0004     0.0004     0.0004     0.0004     0.0004     0.0004     0.0005     0.0005     0.0005     0.0005     0.0006     0.0005     0.0003     0.0003     0.0018     0.0017 
Synchronization            0.0064     0.0045     0.0012     0.0014     0.0036     0.0048     0.0038     0.0030     0.0079     0.0085     0.0017     0.0016     0.0031     0.0033     0.0007     0.0002     0.0289     0.0286 
Variation                  0.0063     0.0046     0.0013     0.0015     0.0037     0.0049     0.0039     0.0032     0.0080     0.0087     0.0019     0.0017     0.0032     0.0034     0.0009     0.0003     0.0291     0.0288 
Overlap                    0.0003     0.0008     0.0014     0.0014     0.0009     0.0006     0.0009     0.0010     0.0004     0.0002     0.0013     0.0013     0.0010     0.0009     0.0016     0.0018     0.0000     0.0000 
Load imbalance             0.0000     0.0002     0.0002     0.0001     0.0001     0.0001     0.0002     0.0001     0.0003     0.0003     0.0000     0.0001     0.0001     0.0001     0.0001     0.0001     0.0005     0.0005 
Execution time             0.0209     0.0170     0.0176     0.0181     0.0190     0.0190     0.0179     0.0192     0.0158     0.0158     0.0200     0.0198     0.0195     0.0195     0.0184     0.0187     0.0131     0.0131 
User CPU time              0.0011     0.0009     0.0009     0.0009     0.0010     0.0010     0.0009     0.0010     0.0008     0.0008     0.0011     0.0010     0.0010     0.0010     0.0010     0.0010     0.0006     0.0006 
Sys. CPU time              0.0000     0.0000     0.0000     0.0000     0.0000     0.0000     0.0000     0.0000     0.0000     0.0000     0.0000     0.0000     0.0000     0.0000     0.0000     0.0000     0.0000     0.0000 
I/O time                   0.0000     0.0000     0.0000     0.0000     0.0000     0.0000     0.0000     0.0000     0.0000     0.0000     0.0000     0.0000     0.0000     0.0000     0.0000     0.0000     0.0000     0.0000 
Processors                     18         18         18         18         18         18         18         18         18         18         18         18         18         18         18         18         18         18 
           Communication          
Reduction                  0.0005     0.0006     0.0004     0.0004     0.0004     0.0004     0.0004     0.0004     0.0005     0.0005     0.0005     0.0005     0.0006     0.0005     0.0003     0.0003     0.0018     0.0017 
           Synchronization        
I/O                        0.0026     0.0019     0.0004     0.0005     0.0015     0.0020     0.0015     0.0012     0.0033     0.0034     0.0006     0.0006     0.0012     0.0013     0.0003     0.0001     0.0122     0.0121 
Reduction                  0.0019     0.0013     0.0003     0.0003     0.0010     0.0014     0.0011     0.0009     0.0023     0.0024     0.0004     0.0004     0.0009     0.0009     0.0002     0.0000     0.0083     0.0082 
Shadow                     0.0020     0.0012     0.0005     0.0006     0.0010     0.0014     0.0012     0.0009     0.0024     0.0027     0.0007     0.0006     0.0010     0.0011     0.0003     0.0001     0.0085     0.0084 
           Variation              
I/O                        0.0025     0.0021     0.0005     0.0006     0.0017     0.0021     0.0016     0.0014     0.0034     0.0036     0.0007     0.0007     0.0014     0.0014     0.0004     0.0002     0.0123     0.0122 
Reduction                  0.0019     0.0013     0.0003     0.0003     0.0010     0.0014     0.0011     0.0009     0.0023     0.0024     0.0004     0.0004     0.0009     0.0009     0.0002     0.0000     0.0083     0.0082 
Shadow                     0.0020     0.0012     0.0005     0.0006     0.0010     0.0014     0.0012     0.0009     0.0024     0.0027     0.0007     0.0006     0.0010     0.0011     0.0003     0.0001     0.0085     0.0084 
           Overlap                
Reduction                  0.0000     0.0000     0.0000     0.0000     0.0000     0.0000     0.0000     0.0000     0.0000     0.0000     0.0000     0.0000     0.0000     0.0000     0.0000     0.0000     0.0000     0.0000 
Shadow                     0.0003     0.0008     0.0014     0.0014     0.0009     0.0006     0.0009     0.0010     0.0004     0.0002     0.0013     0.0013     0.0010     0.0009     0.0016     0.0018     0.0000     0.0000 


-------------------------------------------------------------------------
Name (number) and performance time of processors
omp.keldysh.ru(1) 0.935394
omp.keldysh.ru(2) 0.935322
omp.keldysh.ru(3) 0.960159
omp.keldysh.ru(4) 0.960437
omp.keldysh.ru(5) 0.958668
omp.keldysh.ru(6) 0.958655
omp.keldysh.ru(7) 0.960710
omp.keldysh.ru(8) 0.960609
omp.keldysh.ru(9) 0.959277
omp.keldysh.ru(10) 0.959288
omp.keldysh.ru(11) 0.955959
omp.keldysh.ru(12) 0.955945
omp.keldysh.ru(13) 0.956597
omp.keldysh.ru(14) 0.956922
omp.keldysh.ru(15) 0.935372
omp.keldysh.ru(16) 0.935370
omp.keldysh.ru(17) 0.958294
omp.keldysh.ru(18) 0.958268
min - omp.keldysh.ru(2) 0.935322; max - omp.keldysh.ru(7) 0.960710; mid - 0.953403
