Processor system=6*3*1
Statistics has been accumulated on DVM-system version 5.0, platform DVM
Analyzer is executing on DVM-system version 5.0, platform DVM
-------------------------------------------------------------------------
INTERVAL ( NLINE=9 SOURCE=jac3d.f ) LEVEL=0  EXE_COUNT=2
--- The main characteristics --- 
Parallelization efficiency      0.5647 
Execution time                  9.4785 
Processors                          18
Threads amount                      18
Total time                    170.6127
Productive time                96.3480 ( CPU= 93.3312 Sys= 3.0145 I/O= 0.0023 )
Lost  time                     74.2648 
   Insufficient parallelism    52.2582 ( User= 0.9736 Sys= 51.2846 )
   Communication               21.9831 ( Real_sync= 0.0093 Starts= 0.0000 )
   Idle time                    0.0235
Load imbalance                  7.7565
Synchronization                39.2852
Time variation                 49.2615
Overlap                         0.0010
                  Nop   Communic  Real_sync    Synchro  Variation    Overlap 
I/O               107     0.0000     0.0000    25.6021    25.5817     0.0000 
Reduction         100    16.9477     0.0000     0.0077     0.0077     0.0003 
Shadow            100     4.8775     0.0000    13.6755    23.6722     0.0008 
--- The comparative characteristics --- 
                              Tmin N proc      Tmax N proc      Tmid
Lost time                   3.6950     9     5.1716    18     4.1258 
User insufficient par.      0.0378     2     0.0768    16     0.0541 
Sys.insufficient par.       1.0872     3     4.2365    15     2.8491 
Idle time                   0.0000     8     0.0055     3     0.0013 
Communication               0.1257     8     3.8803     3     1.2213 
Real synchronization        0.0000     5     0.0020     3     0.0005 
Synchronization             0.0021    15     6.3100     3     2.1825 
Variation                   0.0016    15     8.3389     3     2.7368 
Overlap                     0.0000     1     0.0008    15     0.0001 
Load imbalance              0.0000     9     1.4767    18     0.4309 
Execution time              9.4730     3     9.4785     8     9.4772 
User CPU time               4.2243    18     5.5792     9     5.1851 
Sys. CPU time               0.0638     3     0.2491    15     0.1675 
I/O time                    0.0000    14     0.0013     1     0.0001 
Processors                      18     1         18    18         18 
                      Communic        Real_sync          Synchro        Variation          Overlap  
I/O             Tmin    0.0000     1     0.0000     1     0.0010    15     0.0011    15     0.0000     1 
I/O             Tmax    0.0000    18     0.0000    18     4.9140     3     4.9133     3     0.0000    18 
I/O             Tmid    0.0000           0.0000           1.4223           1.4212           0.0000       
Reduction       Tmin    0.0011     7     0.0000     1     0.0000    17     0.0000    17     0.0000     1 
Reduction       Tmax    3.8150     3     0.0000    18     0.0006     7     0.0006     7     0.0001    17 
Reduction       Tmid    0.9415           0.0000           0.0004           0.0004           0.0000       
Shadow          Tmin    0.0318     3     0.0000     1     0.0005    15     0.0000    15     0.0000     1 
Shadow          Tmax    1.5101    18     0.0000    18     1.6126    18     3.4255     3     0.0008    15 
Shadow          Tmid    0.2710           0.0000           0.7597           1.3151           0.0000       
--- The execution characteristics --- 
                                1          2          3          4          5          6          7          8          9         10         11         12         13         14         15         16         17         18 
Lost time                  4.2020     4.0689     5.0378     4.7525     3.7799     3.7286     4.0591     3.7376     3.6950     3.7149     3.7311     3.7113     3.6950     3.7546     4.4343     3.9015     5.0892     5.1716 
User insufficient par.     0.0753     0.0378     0.0648     0.0734     0.0427     0.0490     0.0598     0.0444     0.0428     0.0457     0.0419     0.0513     0.0465     0.0436     0.0604     0.0768     0.0569     0.0604 
Sys.insufficient par.      1.1848     1.1929     1.0872     3.9471     3.6074     3.4843     3.6327     3.5674     3.4725     3.4919     3.5510     3.4670     3.4745     3.5845     4.2365     1.5827     1.3166     1.4037 
Idle time                  0.0015     0.0035     0.0055     0.0003     0.0001     0.0001     0.0000     0.0000     0.0024     0.0001     0.0000     0.0001     0.0001     0.0000     0.0000     0.0007     0.0050     0.0041 
Communication              2.9405     2.8347     3.8803     0.7317     0.1296     0.1953     0.3666     0.1257     0.1773     0.1773     0.1382     0.1929     0.1739     0.1265     0.1374     2.2412     3.7106     3.7034 
Real synchronization       0.0015     0.0015     0.0020     0.0003     0.0000     0.0001     0.0000     0.0000     0.0000     0.0001     0.0000     0.0001     0.0001     0.0000     0.0000     0.0008     0.0016     0.0013 
Synchronization            5.4302     5.2072     6.3100     0.8392     0.7904     1.0205     0.6807     0.8773     1.0122     0.9943     0.8506     1.0294     1.0174     0.8117     0.0021     3.6948     4.6298     4.0873 
Variation                  7.3622     7.1463     8.3389     1.0790     1.0223     1.3483     0.5605     1.1817     1.3364     1.3219     1.1120     1.3683     1.3499     1.0707     0.0016     4.3928     5.1857     4.0831 
Overlap                    0.0000     0.0000     0.0001     0.0000     0.0000     0.0000     0.0000     0.0000     0.0000     0.0000     0.0000     0.0000     0.0000     0.0000     0.0008     0.0000     0.0001     0.0000 
Load imbalance             0.5083     0.3739     1.3428     1.0575     0.0849     0.0336     0.3641     0.0426     0.0000     0.0199     0.0361     0.0163     0.0000     0.0596     0.7394     0.2066     1.3942     1.4767 
Execution time             9.4770     9.4750     9.4730     9.4782     9.4784     9.4784     9.4785     9.4785     9.4761     9.4784     9.4785     9.4784     9.4784     9.4785     9.4785     9.4777     9.4734     9.4744 
User CPU time              5.2068     5.3394     4.3768     4.4938     5.4864     5.5449     5.2057     5.5311     5.5792     5.5582     5.5385     5.5633     5.5791     5.5130     4.7949     5.4839     4.3119     4.2243 
Sys. CPU time              0.0684     0.0701     0.0638     0.2321     0.2122     0.2049     0.2136     0.2098     0.2042     0.2054     0.2088     0.2039     0.2043     0.2108     0.2491     0.0930     0.0774     0.0825 
I/O time                   0.0013     0.0000     0.0001     0.0001     0.0000     0.0001     0.0001     0.0000     0.0000     0.0000     0.0000     0.0000     0.0000     0.0000     0.0001     0.0001     0.0001     0.0001 
Processors                     18         18         18         18         18         18         18         18         18         18         18         18         18         18         18         18         18         18 
           Communication          
Reduction                  2.8799     2.7673     3.8150     0.6176     0.0274     0.1118     0.0011     0.0469     0.0959     0.1020     0.0366     0.1121     0.0953     0.0328     0.0197     1.3869     2.6280     2.1714 
Shadow                     0.0349     0.0425     0.0318     0.1092     0.1021     0.0821     0.3651     0.0785     0.0806     0.0744     0.1012     0.0794     0.0775     0.0934     0.1170     0.8415     1.0563     1.5101 
           Real synchronization   
           Synchronization        
I/O                        4.0403     3.8537     4.9140     0.7583     0.3473     0.5196     0.1698     0.4397     0.4946     0.4941     0.3766     0.5177     0.5068     0.3627     0.0010     2.2988     3.0327     2.4745 
Reduction                  0.0003     0.0003     0.0001     0.0004     0.0006     0.0006     0.0006     0.0006     0.0006     0.0006     0.0006     0.0005     0.0005     0.0006     0.0005     0.0001     0.0000     0.0002 
Shadow                     1.3895     1.3532     1.3959     0.0805     0.4425     0.5004     0.5103     0.4370     0.5170     0.4997     0.4734     0.5111     0.5102     0.4485     0.0005     1.3959     1.5971     1.6126 
           Variation              
I/O                        4.0183     3.8540     4.9133     0.7578     0.3478     0.5198     0.1700     0.4401     0.4949     0.4944     0.3771     0.5180     0.5071     0.3632     0.0011     2.2979     3.0325     2.4743 
Reduction                  0.0003     0.0003     0.0001     0.0004     0.0006     0.0006     0.0006     0.0006     0.0006     0.0006     0.0006     0.0005     0.0005     0.0006     0.0006     0.0002     0.0000     0.0002 
Shadow                     3.3435     3.2919     3.4255     0.3208     0.6739     0.8279     0.3899     0.7410     0.8409     0.8269     0.7344     0.8498     0.8423     0.7069     0.0000     2.0948     2.1531     1.6085 
           Overlap                
Reduction                  0.0000     0.0000     0.0001     0.0000     0.0000     0.0000     0.0000     0.0000     0.0000     0.0000     0.0000     0.0000     0.0000     0.0000     0.0000     0.0000     0.0001     0.0000 
Shadow                     0.0000     0.0000     0.0000     0.0000     0.0000     0.0000     0.0000     0.0000     0.0000     0.0000     0.0000     0.0000     0.0000     0.0000     0.0008     0.0000     0.0000     0.0000 


-------------------------------------------------------------------------
Name (number) and performance time of processors
omp.keldysh.ru(1) 0.935392
omp.keldysh.ru(2) 0.935322
omp.keldysh.ru(3) 0.957733
omp.keldysh.ru(4) 0.961174
omp.keldysh.ru(5) 0.960043
omp.keldysh.ru(6) 0.960056
omp.keldysh.ru(7) 0.958281
omp.keldysh.ru(8) 0.958559
omp.keldysh.ru(9) 0.957954
omp.keldysh.ru(10) 0.957981
omp.keldysh.ru(11) 0.957090
omp.keldysh.ru(12) 0.957101
omp.keldysh.ru(13) 0.958065
omp.keldysh.ru(14) 0.958072
omp.keldysh.ru(15) 0.957904
omp.keldysh.ru(16) 0.957881
omp.keldysh.ru(17) 0.935365
omp.keldysh.ru(18) 0.935379
min - omp.keldysh.ru(2) 0.935322; max - omp.keldysh.ru(4) 0.961174; mid - 0.953297
