Processor system=2*7*1
Statistics has been accumulated on DVM-system version 5.0, platform DVM
Analyzer is executing on DVM-system version 5.0, platform DVM
-------------------------------------------------------------------------
INTERVAL ( NLINE=7 SOURCE=f_sor3d.f ) LEVEL=0  EXE_COUNT=1
--- The main characteristics --- 
Parallelization efficiency      0.2825 
Execution time                 11.9139 
Processors                          14
Threads amount                      14
Total time                    166.7949
Productive time                47.1189 ( CPU= 46.7242 Sys= 0.3941 I/O= 0.0006 )
Lost  time                    119.6760 
   Insufficient parallelism     5.4134 ( User= 0.2818 Sys= 5.1316 )
   Communication              114.2540 ( Real_sync= 0.0030 Starts= 0.0000 )
   Idle time                    0.0086
Load imbalance                  2.6154
Synchronization                 3.5869
Time variation                  4.0955
Overlap                         0.0007
                  Nop   Communic  Real_sync    Synchro  Variation    Overlap 
I/O               107     0.0000     0.0000     0.0131     0.0927     0.0000 
Reduction         100    55.3844     0.0000     0.0054     0.0053     0.0004 
Shadow            102    58.7457     0.0000     3.5684     3.9975     0.0003 
--- The comparative characteristics --- 
                              Tmin N proc      Tmax N proc      Tmid
Lost time                   8.3615     3     8.7663    14     8.5483 
User insufficient par.      0.0170     9     0.0231     6     0.0201 
Sys.insufficient par.       0.2266    14     0.5486     8     0.3665 
Idle time                   0.0000     4     0.0020    13     0.0006 
Communication               7.8994     8     8.5177    14     8.1610 
Real synchronization        0.0000     4     0.0005     9     0.0002 
Synchronization             0.1217    13     0.5094     1     0.2562 
Variation                   0.1753     6     0.4325     2     0.2925 
Overlap                     0.0000     2     0.0004     8     0.0001 
Load imbalance              0.0000     3     0.4048    14     0.1868 
Execution time             11.9119    13    11.9139     4    11.9133 
User CPU time               3.1302    14     3.5224     5     3.3374 
Sys. CPU time               0.0174    14     0.0422     8     0.0282 
I/O time                    0.0000    10     0.0005     1     0.0000 
Processors                      14     1         14    14         14 
                      Communic        Real_sync          Synchro        Variation          Overlap  
I/O             Tmin    0.0000     1     0.0000     1     0.0002     3     0.0000     1     0.0000     1 
I/O             Tmax    0.0000    14     0.0000    14     0.0016    14     0.0077    14     0.0000    14 
I/O             Tmid    0.0000           0.0000           0.0009           0.0066           0.0000       
Reduction       Tmin    0.0011    14     0.0000     1     0.0000     8     0.0000     8     0.0000     2 
Reduction       Tmax    7.9430     1     0.0000    14     0.0006    13     0.0006    13     0.0001     8 
Reduction       Tmid    3.9560           0.0000           0.0004           0.0004           0.0000       
Shadow          Tmin    0.3679     1     0.0000     1     0.1195    13     0.1673     6     0.0000     2 
Shadow          Tmax    8.5105    14     0.0000    14     0.5089     1     0.4253     2     0.0003     8 
Shadow          Tmid    4.1961           0.0000           0.2549           0.2855           0.0000       
--- The execution characteristics --- 
                                1          2          3          4          5          6          7          8          9         10         11         12         13         14 
Lost time                  8.6752     8.4219     8.3615     8.3680     8.3626     8.3734     8.4726     8.4689     8.6954     8.6521     8.6671     8.6878     8.7032     8.7663 
User insufficient par.     0.0193     0.0214     0.0222     0.0219     0.0216     0.0231     0.0196     0.0209     0.0170     0.0187     0.0184     0.0189     0.0188     0.0200 
Sys.insufficient par.      0.3443     0.4153     0.4317     0.4026     0.3765     0.3457     0.2611     0.5486     0.4245     0.4000     0.2927     0.3468     0.3152     0.2266 
Idle time                  0.0001     0.0000     0.0000     0.0000     0.0001     0.0000     0.0000     0.0000     0.0020     0.0005     0.0013     0.0005     0.0020     0.0020 
Communication              8.3116     7.9851     7.9076     7.9435     7.9645     8.0045     8.1919     7.8994     8.2519     8.2328     8.3546     8.3216     8.3673     8.5177 
Real synchronization       0.0001     0.0000     0.0000     0.0000     0.0000     0.0000     0.0000     0.0000     0.0005     0.0005     0.0005     0.0005     0.0005     0.0005 
Synchronization            0.5094     0.3930     0.3557     0.3271     0.2996     0.2746     0.2680     0.1737     0.2176     0.2001     0.1680     0.1416     0.1217     0.1367 
Variation                  0.4020     0.4325     0.3386     0.2796     0.2222     0.1753     0.1762     0.3933     0.4047     0.3519     0.2933     0.2380     0.1909     0.1969 
Overlap                    0.0001     0.0000     0.0001     0.0000     0.0001     0.0000     0.0000     0.0004     0.0000     0.0000     0.0000     0.0000     0.0000     0.0000 
Load imbalance             0.3142     0.0604     0.0000     0.0065     0.0011     0.0118     0.1111     0.1074     0.3339     0.2906     0.3056     0.3263     0.3417     0.4048 
Execution time            11.9139    11.9139    11.9139    11.9139    11.9139    11.9139    11.9139    11.9139    11.9119    11.9134    11.9126    11.9134    11.9119    11.9119 
User CPU time              3.2122     3.4601     3.5192     3.5150     3.5224     3.5140     3.4213     3.4028     3.1858     3.2311     3.2243     3.1994     3.1864     3.1302 
Sys. CPU time              0.0260     0.0319     0.0332     0.0310     0.0289     0.0266     0.0201     0.0422     0.0326     0.0308     0.0225     0.0267     0.0242     0.0174 
I/O time                   0.0005     0.0000     0.0000     0.0000     0.0000     0.0000     0.0000     0.0000     0.0000     0.0000     0.0000     0.0000     0.0000     0.0000 
Processors                     14         14         14         14         14         14         14         14         14         14         14         14         14         14 
           Communication          
Reduction                  7.9430     6.8005     5.6556     4.5098     3.3622     2.2232     1.1085     6.8457     5.6772     4.5345     3.3845     2.2399     1.0987     0.0011 
Shadow                     0.3679     1.1842     2.2518     3.4337     4.6017     5.7810     7.0832     1.0531     2.5686     3.6924     4.8791     6.0758     7.2626     8.5105 
           Real synchronization   
           Synchronization        
I/O                        0.0003     0.0007     0.0002     0.0007     0.0002     0.0013     0.0015     0.0002     0.0010     0.0011     0.0011     0.0014     0.0016     0.0016 
Reduction                  0.0002     0.0004     0.0001     0.0004     0.0001     0.0006     0.0006     0.0000     0.0004     0.0004     0.0005     0.0005     0.0006     0.0006 
Shadow                     0.5089     0.3919     0.3555     0.3259     0.2993     0.2727     0.2659     0.1734     0.2161     0.1986     0.1664     0.1397     0.1195     0.1344 
           Variation              
I/O                        0.0000     0.0069     0.0063     0.0069     0.0064     0.0075     0.0076     0.0064     0.0072     0.0073     0.0073     0.0076     0.0077     0.0077 
Reduction                  0.0002     0.0004     0.0001     0.0004     0.0001     0.0006     0.0006     0.0000     0.0004     0.0004     0.0005     0.0005     0.0006     0.0006 
Shadow                     0.4018     0.4253     0.3322     0.2723     0.2158     0.1673     0.1679     0.3869     0.3971     0.3442     0.2856     0.2299     0.1827     0.1886 
           Overlap                
Reduction                  0.0000     0.0000     0.0001     0.0000     0.0001     0.0000     0.0000     0.0001     0.0000     0.0000     0.0000     0.0000     0.0000     0.0000 
Shadow                     0.0000     0.0000     0.0000     0.0000     0.0000     0.0000     0.0000     0.0003     0.0000     0.0000     0.0000     0.0000     0.0000     0.0000 


-------------------------------------------------------------------------
Name (number) and performance time of processors
omp.keldysh.ru(1) 0.933993
omp.keldysh.ru(2) 0.933876
omp.keldysh.ru(3) 0.933924
omp.keldysh.ru(4) 0.933958
omp.keldysh.ru(5) 0.957882
omp.keldysh.ru(6) 0.957881
omp.keldysh.ru(7) 0.955710
omp.keldysh.ru(8) 0.955714
omp.keldysh.ru(9) 0.959963
omp.keldysh.ru(10) 0.959772
omp.keldysh.ru(11) 0.958964
omp.keldysh.ru(12) 0.958964
omp.keldysh.ru(13) 0.957406
omp.keldysh.ru(14) 0.957390
min - omp.keldysh.ru(2) 0.933876; max - omp.keldysh.ru(9) 0.959963; mid - 0.951100
