Processor system=1*3*2*3
Statistics has been accumulated on DVM-system version 5.0, platform DVM
Analyzer is executing on DVM-system version 5.0, platform DVM
-------------------------------------------------------------------------
INTERVAL ( NLINE=5 SOURCE=prf41.f ) LEVEL=0  EXE_COUNT=2
--- The main characteristics --- 
Parallelization efficiency      0.0481 
Execution time                  0.0341 
Processors                          18
Threads amount                      18
Total time                      0.6135
Productive time                 0.0295 ( CPU= 0.0066 Sys= 0.0228 I/O= 0.0000 )
Lost  time                      0.5840 
   Insufficient parallelism     0.4610 ( User= 0.0723 Sys= 0.3887 )
   Communication                0.1196 ( Real_sync= 0.0000 Starts= 0.0000 )
   Idle time                    0.0034
Load imbalance                  0.0028
Synchronization                 0.1459
Time variation                  0.1086
Overlap                         0.1172
                  Nop   Communic    Synchro  Variation    Overlap 
I/O                12     0.0000     0.0170     0.0192     0.0000 
Reduction          22     0.0327     0.0005     0.0005     0.0000 
Remote access     180     0.0869     0.1284     0.0888     0.1171 
--- The comparative characteristics --- 
                              Tmin N proc      Tmax N proc      Tmid
Lost time                   0.0323    16     0.0329    17     0.0324 
User insufficient par.      0.0027     5     0.0043     8     0.0040 
Sys.insufficient par.       0.0142    17     0.0237    16     0.0216 
Idle time                   0.0000     2     0.0016     9     0.0002 
Communication               0.0044    16     0.0146    17     0.0066 
Synchronization             0.0021    15     0.0172    17     0.0081 
Variation                   0.0011    15     0.0165    17     0.0060 
Overlap                     0.0040    17     0.0085    15     0.0065 
Load imbalance              0.0000    16     0.0006    17     0.0002 
Execution time              0.0325     9     0.0341    11     0.0339 
User CPU time               0.0003     5     0.0004     8     0.0004 
Sys. CPU time               0.0008    17     0.0014    16     0.0013 
I/O time                    0.0000     9     0.0000     1     0.0000 
Processors                      18     1         18    18         18 
                      Communic          Synchro        Variation          Overlap  
I/O             Tmin    0.0000     1     0.0001    15     0.0002    15     0.0000     1 
I/O             Tmax    0.0000    18     0.0026    17     0.0027    17     0.0000    18 
I/O             Tmid    0.0000           0.0009           0.0011           0.0000       
Reduction       Tmin    0.0004    15     0.0000    12     0.0000    12     0.0000     1 
Reduction       Tmax    0.0055    17     0.0000    18     0.0000    18     0.0000    11 
Reduction       Tmid    0.0018           0.0000           0.0000           0.0000       
Remote access   Tmin    0.0038    16     0.0020    15     0.0008    15     0.0039    17 
Remote access   Tmax    0.0091    17     0.0146    17     0.0138    17     0.0085    15 
Remote access   Tmid    0.0048           0.0071           0.0049           0.0065       
--- The execution characteristics --- 
                                1          2          3          4          5          6          7          8          9         10         11         12         13         14         15         16         17         18 
Lost time                  0.0325     0.0324     0.0324     0.0324     0.0325     0.0324     0.0324     0.0324     0.0325     0.0324     0.0324     0.0323     0.0323     0.0323     0.0323     0.0323     0.0329     0.0328 
User insufficient par.     0.0042     0.0042     0.0042     0.0042     0.0027     0.0042     0.0042     0.0043     0.0027     0.0042     0.0042     0.0042     0.0042     0.0042     0.0042     0.0042     0.0040     0.0040 
Sys.insufficient par.      0.0217     0.0216     0.0219     0.0222     0.0223     0.0227     0.0217     0.0217     0.0223     0.0225     0.0226     0.0233     0.0228     0.0227     0.0235     0.0237     0.0142     0.0151 
Idle time                  0.0000     0.0000     0.0000     0.0000     0.0016     0.0000     0.0000     0.0000     0.0016     0.0000     0.0000     0.0000     0.0000     0.0000     0.0000     0.0000     0.0000     0.0000 
Communication              0.0065     0.0067     0.0062     0.0060     0.0060     0.0055     0.0064     0.0064     0.0058     0.0056     0.0056     0.0048     0.0053     0.0055     0.0045     0.0044     0.0146     0.0137 
Synchronization            0.0114     0.0115     0.0094     0.0092     0.0088     0.0055     0.0102     0.0103     0.0074     0.0068     0.0068     0.0027     0.0065     0.0066     0.0021     0.0030     0.0172     0.0105 
Variation                  0.0078     0.0080     0.0067     0.0068     0.0063     0.0040     0.0069     0.0069     0.0048     0.0045     0.0042     0.0012     0.0045     0.0044     0.0011     0.0021     0.0165     0.0119 
Overlap                    0.0052     0.0052     0.0060     0.0061     0.0062     0.0075     0.0053     0.0053     0.0066     0.0068     0.0068     0.0084     0.0068     0.0067     0.0085     0.0083     0.0040     0.0073 
Load imbalance             0.0002     0.0002     0.0001     0.0001     0.0002     0.0001     0.0001     0.0001     0.0002     0.0001     0.0001     0.0000     0.0001     0.0001     0.0000     0.0000     0.0006     0.0006 
Execution time             0.0341     0.0341     0.0341     0.0341     0.0325     0.0341     0.0341     0.0341     0.0325     0.0341     0.0341     0.0341     0.0341     0.0341     0.0341     0.0341     0.0340     0.0340 
User CPU time              0.0004     0.0004     0.0004     0.0004     0.0003     0.0004     0.0004     0.0004     0.0003     0.0004     0.0004     0.0004     0.0004     0.0004     0.0004     0.0004     0.0003     0.0003 
Sys. CPU time              0.0013     0.0013     0.0013     0.0013     0.0013     0.0013     0.0013     0.0013     0.0013     0.0013     0.0013     0.0014     0.0013     0.0013     0.0014     0.0014     0.0008     0.0009 
I/O time                   0.0000     0.0000     0.0000     0.0000     0.0000     0.0000     0.0000     0.0000     0.0000     0.0000     0.0000     0.0000     0.0000     0.0000     0.0000     0.0000     0.0000     0.0000 
Processors                     18         18         18         18         18         18         18         18         18         18         18         18         18         18         18         18         18         18 
           Communication          
Reduction                  0.0022     0.0021     0.0017     0.0018     0.0017     0.0013     0.0019     0.0018     0.0012     0.0012     0.0011     0.0005     0.0012     0.0012     0.0004     0.0005     0.0055     0.0052 
Remote access              0.0044     0.0046     0.0045     0.0042     0.0043     0.0042     0.0046     0.0046     0.0046     0.0044     0.0045     0.0044     0.0041     0.0042     0.0041     0.0038     0.0091     0.0085 
           Synchronization        
I/O                        0.0012     0.0012     0.0010     0.0011     0.0010     0.0006     0.0011     0.0011     0.0008     0.0008     0.0007     0.0001     0.0008     0.0008     0.0001     0.0004     0.0026     0.0016 
Reduction                  0.0000     0.0000     0.0000     0.0000     0.0000     0.0000     0.0000     0.0000     0.0000     0.0000     0.0000     0.0000     0.0000     0.0000     0.0000     0.0000     0.0000     0.0000 
Remote access              0.0101     0.0102     0.0083     0.0081     0.0077     0.0048     0.0091     0.0091     0.0066     0.0060     0.0061     0.0026     0.0057     0.0058     0.0020     0.0026     0.0146     0.0088 
           Variation              
I/O                        0.0012     0.0014     0.0012     0.0012     0.0012     0.0007     0.0013     0.0013     0.0009     0.0009     0.0008     0.0003     0.0009     0.0009     0.0002     0.0005     0.0027     0.0017 
Reduction                  0.0000     0.0000     0.0000     0.0000     0.0000     0.0000     0.0000     0.0000     0.0000     0.0000     0.0000     0.0000     0.0000     0.0000     0.0000     0.0000     0.0000     0.0000 
Remote access              0.0066     0.0066     0.0055     0.0055     0.0051     0.0033     0.0056     0.0056     0.0038     0.0036     0.0034     0.0009     0.0036     0.0035     0.0008     0.0016     0.0138     0.0101 
           Overlap                
Reduction                  0.0000     0.0000     0.0000     0.0000     0.0000     0.0000     0.0000     0.0000     0.0000     0.0000     0.0000     0.0000     0.0000     0.0000     0.0000     0.0000     0.0000     0.0000 
Remote access              0.0052     0.0052     0.0060     0.0061     0.0062     0.0075     0.0053     0.0053     0.0066     0.0068     0.0068     0.0084     0.0068     0.0067     0.0085     0.0083     0.0039     0.0073 


-------------------------------------------------------------------------
Name (number) and performance time of processors
omp.keldysh.ru(1) 0.935491
omp.keldysh.ru(2) 0.935410
omp.keldysh.ru(3) 0.935880
omp.keldysh.ru(4) 0.935900
omp.keldysh.ru(5) 0.955809
omp.keldysh.ru(6) 0.955801
omp.keldysh.ru(7) 0.957533
omp.keldysh.ru(8) 0.957545
omp.keldysh.ru(9) 0.955666
omp.keldysh.ru(10) 0.955660
omp.keldysh.ru(11) 0.954233
omp.keldysh.ru(12) 0.954211
omp.keldysh.ru(13) 0.935386
omp.keldysh.ru(14) 0.935389
omp.keldysh.ru(15) 0.954849
omp.keldysh.ru(16) 0.954851
omp.keldysh.ru(17) 0.955820
omp.keldysh.ru(18) 0.956117
min - omp.keldysh.ru(13) 0.935386; max - omp.keldysh.ru(8) 0.957545; mid - 0.948975
