Processor system=2*7
Statistics has been accumulated on DVM-system version 5.0, platform DVM
Analyzer is executing on DVM-system version 5.0, platform DVM
-------------------------------------------------------------------------
INTERVAL ( NLINE=7 SOURCE=d_sor2d.f ) LEVEL=0  EXE_COUNT=1
--- The main characteristics --- 
Parallelization efficiency      0.1272 
Execution time                  9.1333 
Processors                          14
Threads amount                      14
Total time                    127.8666
Productive time                16.2660 ( CPU= 16.2390 Sys= 0.0268 I/O= 0.0003 )
Lost  time                    111.6006 
   Insufficient parallelism     0.4684 ( User= 0.1169 Sys= 0.3515 )
   Communication              111.0877 ( Real_sync= 0.0065 Starts= 0.0000 )
   Idle time                    0.0444
Load imbalance                  0.1210
Synchronization                55.6169
Time variation                111.0258
Overlap                         0.0036
                  Nop   Communic  Real_sync    Synchro  Variation    Overlap 
I/O                49     0.0000     0.0000     0.0076     0.0392     0.0000 
Reduction          42    55.4389     0.0000     0.0071     0.0070     0.0001 
Shadow            123    55.5648     0.0000    55.6023   110.9796     0.0035 
--- The comparative characteristics --- 
                              Tmin N proc      Tmax N proc      Tmid
Lost time                   7.9628     4     7.9822    14     7.9715 
User insufficient par.      0.0061    10     0.0110     1     0.0084 
Sys.insufficient par.       0.0212     1     0.0300     8     0.0251 
Idle time                   0.0000     1     0.0068    10     0.0032 
Communication               7.9244     8     7.9475    14     7.9348 
Real synchronization        0.0000     2     0.0011    10     0.0005 
Synchronization             0.0184    14     7.9351     1     3.9726 
Variation                   0.0141    14    15.8462     1     7.9304 
Overlap                     0.0000     2     0.0010     4     0.0003 
Load imbalance              0.0000     4     0.0194    14     0.0086 
Execution time              9.1265    10     9.1333     1     9.1302 
User CPU time               1.1493    14     1.1686     6     1.1599 
Sys. CPU time               0.0014     1     0.0023     8     0.0019 
I/O time                    0.0000     5     0.0002     1     0.0000 
Processors                      14     1         14    14         14 
                      Communic        Real_sync          Synchro        Variation          Overlap  
I/O             Tmin    0.0000     1     0.0000     1     0.0003     5     0.0000     1     0.0000     1 
I/O             Tmax    0.0000    14     0.0000    14     0.0007    12     0.0032    12     0.0000    14 
I/O             Tmid    0.0000           0.0000           0.0005           0.0028           0.0000       
Reduction       Tmin    0.0012    14     0.0000     1     0.0003    14     0.0003    14     0.0000     2 
Reduction       Tmax    7.9210     1     0.0000    14     0.0006    13     0.0006    13     0.0001     8 
Reduction       Tmid    3.9599           0.0000           0.0005           0.0005           0.0000       
Shadow          Tmin    0.0139     1     0.0000     1     0.0175    14     0.0108    14     0.0000     2 
Shadow          Tmax    7.9326    14     0.0000    14     7.9343     1    15.8457     1     0.0010     4 
Shadow          Tmid    3.9689           0.0000           3.9716           7.9271           0.0002       
--- The execution characteristics --- 
                                1          2          3          4          5          6          7          8          9         10         11         12         13         14 
Lost time                  7.9670     7.9634     7.9639     7.9628     7.9644     7.9628     7.9638     7.9650     7.9803     7.9818     7.9814     7.9810     7.9805     7.9822 
User insufficient par.     0.0110     0.0064     0.0090     0.0077     0.0062     0.0086     0.0106     0.0095     0.0072     0.0061     0.0095     0.0068     0.0079     0.0104 
Sys.insufficient par.      0.0212     0.0235     0.0278     0.0272     0.0265     0.0246     0.0258     0.0300     0.0243     0.0236     0.0241     0.0241     0.0263     0.0226 
Idle time                  0.0000     0.0047     0.0019     0.0035     0.0051     0.0023     0.0000     0.0012     0.0049     0.0068     0.0026     0.0053     0.0042     0.0018 
Communication              7.9349     7.9288     7.9252     7.9244     7.9266     7.9273     7.9274     7.9244     7.9437     7.9453     7.9452     7.9448     7.9420     7.9475 
Real synchronization       0.0000     0.0000     0.0000     0.0000     0.0000     0.0000     0.0000     0.0000     0.0011     0.0011     0.0011     0.0011     0.0011     0.0011 
Synchronization            7.9351     6.8055     5.6685     4.5358     3.4048     2.2708     1.1432     6.7954     5.6728     4.5421     3.4094     2.2756     1.1394     0.0184 
Variation                 15.8462    13.5919    11.3223     9.0575     6.7936     4.5276     2.2656    13.5931    11.3324     9.0696     6.8039     4.5376     2.2706     0.0141 
Overlap                    0.0003     0.0000     0.0010     0.0010     0.0002     0.0009     0.0000     0.0001     0.0000     0.0000     0.0000     0.0000     0.0000     0.0000 
Load imbalance             0.0044     0.0005     0.0011     0.0000     0.0016     0.0000     0.0010     0.0022     0.0174     0.0190     0.0186     0.0182     0.0176     0.0194 
Execution time             9.1333     9.1287     9.1314     9.1298     9.1283     9.1310     9.1333     9.1322     9.1284     9.1265     9.1307     9.1280     9.1292     9.1315 
User CPU time              1.1647     1.1681     1.1673     1.1684     1.1669     1.1686     1.1675     1.1660     1.1512     1.1497     1.1500     1.1504     1.1509     1.1493 
Sys. CPU time              0.0014     0.0018     0.0021     0.0021     0.0020     0.0019     0.0020     0.0023     0.0019     0.0018     0.0019     0.0018     0.0020     0.0017 
I/O time                   0.0002     0.0000     0.0000     0.0000     0.0000     0.0000     0.0000     0.0000     0.0000     0.0000     0.0000     0.0000     0.0000     0.0000 
Processors                     14         14         14         14         14         14         14         14         14         14         14         14         14         14 
           Communication          
Reduction                  7.9210     6.7884     5.6564     4.5233     3.3916     2.2583     1.1267     6.7928     5.6599     4.5293     3.3963     2.2637     1.1299     0.0012 
Shadow                     0.0139     1.1403     2.2686     3.4009     4.5348     5.6688     6.8006     1.1314     2.2700     3.4021     4.5352     5.6673     6.7983     7.9326 
           Real synchronization   
           Synchronization        
I/O                        0.0004     0.0005     0.0003     0.0005     0.0003     0.0005     0.0005     0.0003     0.0007     0.0007     0.0007     0.0007     0.0007     0.0006 
Reduction                  0.0005     0.0006     0.0004     0.0006     0.0004     0.0005     0.0005     0.0003     0.0006     0.0006     0.0006     0.0006     0.0006     0.0003 
Shadow                     7.9343     6.8044     5.6677     4.5346     3.4042     2.2698     1.1422     6.7947     5.6715     4.5408     3.4081     2.2743     1.1380     0.0175 
           Variation              
I/O                        0.0000     0.0030     0.0028     0.0030     0.0028     0.0029     0.0030     0.0028     0.0032     0.0032     0.0032     0.0032     0.0032     0.0030 
Reduction                  0.0005     0.0006     0.0004     0.0006     0.0004     0.0005     0.0005     0.0003     0.0006     0.0006     0.0006     0.0006     0.0006     0.0003 
Shadow                    15.8457    13.5883    11.3191     9.0539     6.7904     4.5241     2.2620    13.5900    11.3286     9.0658     6.8001     4.5338     2.2668     0.0108 
           Overlap                
Reduction                  0.0000     0.0000     0.0000     0.0000     0.0000     0.0000     0.0000     0.0001     0.0000     0.0000     0.0000     0.0000     0.0000     0.0000 
Shadow                     0.0003     0.0000     0.0010     0.0010     0.0002     0.0009     0.0000     0.0000     0.0000     0.0000     0.0000     0.0000     0.0000     0.0000 


-------------------------------------------------------------------------
Name (number) and performance time of processors
omp.keldysh.ru(1) 0.935483
omp.keldysh.ru(2) 0.935073
omp.keldysh.ru(3) 0.956148
omp.keldysh.ru(4) 0.956136
omp.keldysh.ru(5) 0.956245
omp.keldysh.ru(6) 0.956237
omp.keldysh.ru(7) 0.957548
omp.keldysh.ru(8) 0.957532
omp.keldysh.ru(9) 0.955630
omp.keldysh.ru(10) 0.955625
omp.keldysh.ru(11) 0.954321
omp.keldysh.ru(12) 0.954307
omp.keldysh.ru(13) 0.954487
omp.keldysh.ru(14) 0.954477
min - omp.keldysh.ru(2) 0.935073; max - omp.keldysh.ru(7) 0.957548; mid - 0.952804
