Processor system=2*1*2*4
Statistics has been accumulated on DVM-system version 5.0, platform DVM
Analyzer is executing on DVM-system version 5.0, platform DVM
-------------------------------------------------------------------------
INTERVAL ( NLINE=7 SOURCE=rem43.f ) LEVEL=0  EXE_COUNT=1
--- The main characteristics --- 
Parallelization efficiency      0.0510 
Execution time                  0.3970 
Processors                          16
Threads amount                      16
Total time                      6.3517
Productive time                 0.3238 ( CPU= 0.0149 Sys= 0.3089 I/O= 0.0000 )
Lost  time                      6.0279 
   Insufficient parallelism     4.8365 ( User= 0.2032 Sys= 4.6333 )
   Communication                1.1668 ( Real_sync= 0.0000 Starts= 0.0000 )
   Idle time                    0.0246
Load imbalance                  0.0409
Synchronization                 1.3004
Time variation                  0.8499
Overlap                         0.0004
                  Nop   Communic    Synchro  Variation    Overlap 
I/O                16     0.0000     0.0040     0.0072     0.0000 
Reduction           7     0.0091     0.0004     0.0004     0.0000 
Remote access    4155     1.1577     1.2961     0.8424     0.0004 
--- The comparative characteristics --- 
                              Tmin N proc      Tmax N proc      Tmid
Lost time                   0.3742     7     0.3837    14     0.3767 
User insufficient par.      0.0097    14     0.0141     9     0.0127 
Sys.insufficient par.       0.1892    14     0.3265     8     0.2896 
Idle time                   0.0000    16     0.0023     6     0.0015 
Communication               0.0315     7     0.1825    14     0.0729 
Synchronization             0.0186     7     0.1896    13     0.0813 
Variation                   0.0119     2     0.1236    13     0.0531 
Overlap                     0.0000    15     0.0001     2     0.0000 
Load imbalance              0.0000     7     0.0095    14     0.0026 
Execution time              0.3947     6     0.3970    16     0.3954 
User CPU time               0.0007    14     0.0010     7     0.0009 
Sys. CPU time               0.0126    14     0.0218     8     0.0193 
I/O time                    0.0000    10     0.0000     1     0.0000 
Processors                      16     1         16    16         16 
                      Communic          Synchro        Variation          Overlap  
I/O             Tmin    0.0000     1     0.0001     1     0.0000     1     0.0000     1 
I/O             Tmax    0.0000    16     0.0005    13     0.0007    13     0.0000    16 
I/O             Tmid    0.0000           0.0002           0.0004           0.0000       
Reduction       Tmin    0.0003    12     0.0000     3     0.0000     3     0.0000     7 
Reduction       Tmax    0.0011    13     0.0000    14     0.0000    14     0.0000     4 
Reduction       Tmid    0.0006           0.0000           0.0000           0.0000       
Remote access   Tmin    0.0309     7     0.0184     7     0.0115     2     0.0000     4 
Remote access   Tmax    0.1815    14     0.1890    13     0.1229    13     0.0001     2 
Remote access   Tmid    0.0724           0.0810           0.0527           0.0000       
--- The execution characteristics --- 
                                1          2          3          4          5          6          7          8          9         10         11         12         13         14         15         16 
Lost time                  0.3745     0.3746     0.3746     0.3746     0.3742     0.3742     0.3742     0.3742     0.3746     0.3746     0.3746     0.3747     0.3836     0.3837     0.3836     0.3835 
User insufficient par.     0.0122     0.0129     0.0132     0.0134     0.0139     0.0136     0.0141     0.0138     0.0141     0.0139     0.0124     0.0124     0.0109     0.0097     0.0109     0.0119 
Sys.insufficient par.      0.3232     0.3218     0.3213     0.3207     0.3262     0.3260     0.3264     0.3265     0.3207     0.3206     0.3213     0.3209     0.1894     0.1892     0.1895     0.1899 
Idle time                  0.0023     0.0015     0.0016     0.0012     0.0022     0.0023     0.0022     0.0023     0.0004     0.0004     0.0022     0.0022     0.0008     0.0023     0.0008     0.0000 
Communication              0.0369     0.0384     0.0385     0.0394     0.0318     0.0323     0.0315     0.0317     0.0394     0.0397     0.0387     0.0392     0.1825     0.1825     0.1823     0.1818 
Synchronization            0.0431     0.0430     0.0626     0.0632     0.0610     0.0601     0.0186     0.0189     0.0458     0.0455     0.0446     0.0445     0.1896     0.1881     0.1866     0.1851 
Variation                  0.0126     0.0119     0.0331     0.0330     0.0737     0.0726     0.0319     0.0316     0.0158     0.0152     0.0155     0.0150     0.1236     0.1228     0.1213     0.1205 
Overlap                    0.0001     0.0001     0.0000     0.0000     0.0000     0.0000     0.0001     0.0001     0.0000     0.0000     0.0000     0.0000     0.0000     0.0000     0.0000     0.0000 
Load imbalance             0.0004     0.0004     0.0004     0.0004     0.0000     0.0001     0.0000     0.0000     0.0004     0.0004     0.0005     0.0005     0.0094     0.0095     0.0094     0.0093 
Execution time             0.3947     0.3954     0.3954     0.3958     0.3948     0.3947     0.3948     0.3947     0.3966     0.3966     0.3948     0.3948     0.3962     0.3947     0.3962     0.3970 
User CPU time              0.0009     0.0010     0.0010     0.0010     0.0010     0.0010     0.0010     0.0010     0.0010     0.0010     0.0009     0.0009     0.0008     0.0007     0.0008     0.0009 
Sys. CPU time              0.0215     0.0214     0.0214     0.0214     0.0217     0.0217     0.0218     0.0218     0.0214     0.0214     0.0214     0.0214     0.0126     0.0126     0.0126     0.0127 
I/O time                   0.0000     0.0000     0.0000     0.0000     0.0000     0.0000     0.0000     0.0000     0.0000     0.0000     0.0000     0.0000     0.0000     0.0000     0.0000     0.0000 
Processors                     16         16         16         16         16         16         16         16         16         16         16         16         16         16         16         16 
           Communication          
Reduction                  0.0003     0.0003     0.0003     0.0003     0.0006     0.0006     0.0006     0.0006     0.0003     0.0003     0.0003     0.0003     0.0011     0.0011     0.0011     0.0010 
Remote access              0.0366     0.0380     0.0382     0.0391     0.0312     0.0317     0.0309     0.0311     0.0391     0.0394     0.0384     0.0389     0.1814     0.1815     0.1812     0.1807 
           Synchronization        
I/O                        0.0001     0.0001     0.0002     0.0002     0.0003     0.0003     0.0001     0.0001     0.0001     0.0001     0.0001     0.0001     0.0005     0.0005     0.0005     0.0005 
Reduction                  0.0000     0.0000     0.0000     0.0000     0.0000     0.0000     0.0000     0.0000     0.0000     0.0000     0.0000     0.0000     0.0000     0.0000     0.0000     0.0000 
Remote access              0.0430     0.0429     0.0625     0.0630     0.0607     0.0598     0.0184     0.0187     0.0457     0.0453     0.0445     0.0444     0.1890     0.1875     0.1861     0.1846 
           Variation              
I/O                        0.0000     0.0003     0.0004     0.0004     0.0005     0.0005     0.0004     0.0004     0.0003     0.0003     0.0003     0.0003     0.0007     0.0007     0.0007     0.0007 
Reduction                  0.0000     0.0000     0.0000     0.0000     0.0000     0.0000     0.0000     0.0000     0.0000     0.0000     0.0000     0.0000     0.0000     0.0000     0.0000     0.0000 
Remote access              0.0125     0.0115     0.0328     0.0326     0.0732     0.0720     0.0315     0.0313     0.0154     0.0148     0.0151     0.0147     0.1229     0.1220     0.1205     0.1198 
           Overlap                
Reduction                  0.0000     0.0000     0.0000     0.0000     0.0000     0.0000     0.0000     0.0000     0.0000     0.0000     0.0000     0.0000     0.0000     0.0000     0.0000     0.0000 
Remote access              0.0001     0.0001     0.0000     0.0000     0.0000     0.0000     0.0001     0.0001     0.0000     0.0000     0.0000     0.0000     0.0000     0.0000     0.0000     0.0000 


-------------------------------------------------------------------------
Name (number) and performance time of processors
omp.keldysh.ru(1) 0.935387
omp.keldysh.ru(2) 0.935319
omp.keldysh.ru(3) 0.961463
omp.keldysh.ru(4) 0.961531
omp.keldysh.ru(5) 0.960029
omp.keldysh.ru(6) 0.960020
omp.keldysh.ru(7) 0.958616
omp.keldysh.ru(8) 0.958616
omp.keldysh.ru(9) 0.961001
omp.keldysh.ru(10) 0.961006
omp.keldysh.ru(11) 0.958026
omp.keldysh.ru(12) 0.958352
omp.keldysh.ru(13) 0.961129
omp.keldysh.ru(14) 0.961153
omp.keldysh.ru(15) 0.935445
omp.keldysh.ru(16) 0.935362
min - omp.keldysh.ru(2) 0.935319; max - omp.keldysh.ru(4) 0.961531; mid - 0.953904
