Processor system=2*3*3
Statistics has been accumulated on DVM-system version 5.0, platform DVM
Analyzer is executing on DVM-system version 5.0, platform DVM
-------------------------------------------------------------------------
INTERVAL ( NLINE=7 SOURCE=rem31.f ) LEVEL=0  EXE_COUNT=2
--- The main characteristics --- 
Parallelization efficiency      0.0389 
Execution time                  0.0641 
Processors                          18
Threads amount                      18
Total time                      1.1537
Productive time                 0.0449 ( CPU= 0.0144 Sys= 0.0305 I/O= 0.0000 )
Lost  time                      1.1088 
   Insufficient parallelism     0.6631 ( User= 0.1448 Sys= 0.5183 )
   Communication                0.4049 ( Real_sync= 0.0000 Starts= 0.0000 )
   Idle time                    0.0408
Load imbalance                  0.0059
Synchronization                 0.3569
Time variation                  0.2094
Overlap                         0.0001
                  Nop   Communic    Synchro  Variation    Overlap 
I/O                16     0.0000     0.0025     0.0060     0.0000 
Reduction           6     0.0019     0.0001     0.0001     0.0000 
Remote access    1864     0.4031     0.3544     0.2033     0.0001 
--- The comparative characteristics --- 
                              Tmin N proc      Tmax N proc      Tmid
Lost time                   0.0613     9     0.0624    18     0.0616 
User insufficient par.      0.0054     8     0.0103    12     0.0080 
Sys.insufficient par.       0.0173    17     0.0334     9     0.0288 
Idle time                   0.0000    12     0.0054     8     0.0023 
Communication               0.0169     9     0.0359    17     0.0225 
Synchronization             0.0124    15     0.0336    17     0.0198 
Variation                   0.0069    15     0.0163     1     0.0116 
Overlap                     0.0000     3     0.0000     6     0.0000 
Load imbalance              0.0000     9     0.0011    18     0.0003 
Execution time              0.0587     8     0.0641    12     0.0618 
User CPU time               0.0006    18     0.0010    12     0.0008 
Sys. CPU time               0.0010    17     0.0020     9     0.0017 
I/O time                    0.0000    17     0.0000     1     0.0000 
Processors                      18     1         18    18         18 
                      Communic          Synchro        Variation          Overlap  
I/O             Tmin    0.0000     1     0.0001     6     0.0001     1     0.0000     1 
I/O             Tmax    0.0000    18     0.0002    17     0.0004    17     0.0000    18 
I/O             Tmid    0.0000           0.0001           0.0003           0.0000       
Reduction       Tmin    0.0001    15     0.0000    13     0.0000    13     0.0000     1 
Reduction       Tmax    0.0003    17     0.0000    18     0.0000    18     0.0000    13 
Reduction       Tmid    0.0001           0.0000           0.0000           0.0000       
Remote access   Tmin    0.0168     9     0.0123    15     0.0066    15     0.0000     3 
Remote access   Tmax    0.0356    17     0.0334    17     0.0162     1     0.0000     6 
Remote access   Tmid    0.0224           0.0197           0.0113           0.0000       
--- The execution characteristics --- 
                                1          2          3          4          5          6          7          8          9         10         11         12         13         14         15         16         17         18 
Lost time                  0.0617     0.0615     0.0614     0.0616     0.0615     0.0614     0.0615     0.0616     0.0613     0.0616     0.0617     0.0614     0.0615     0.0615     0.0615     0.0615     0.0623     0.0624 
User insufficient par.     0.0062     0.0087     0.0090     0.0080     0.0092     0.0095     0.0070     0.0054     0.0090     0.0081     0.0055     0.0103     0.0097     0.0096     0.0075     0.0078     0.0084     0.0060 
Sys.insufficient par.      0.0292     0.0291     0.0307     0.0294     0.0300     0.0314     0.0314     0.0318     0.0334     0.0281     0.0286     0.0302     0.0289     0.0288     0.0309     0.0305     0.0173     0.0186 
Idle time                  0.0043     0.0015     0.0016     0.0023     0.0012     0.0012     0.0039     0.0054     0.0019     0.0020     0.0047     0.0000     0.0004     0.0004     0.0031     0.0027     0.0007     0.0035 
Communication              0.0220     0.0222     0.0202     0.0218     0.0212     0.0193     0.0192     0.0190     0.0169     0.0235     0.0230     0.0208     0.0225     0.0228     0.0200     0.0204     0.0359     0.0343 
Synchronization            0.0253     0.0254     0.0206     0.0223     0.0191     0.0140     0.0158     0.0157     0.0142     0.0221     0.0205     0.0174     0.0173     0.0174     0.0124     0.0131     0.0336     0.0308 
Variation                  0.0163     0.0160     0.0151     0.0141     0.0115     0.0094     0.0113     0.0108     0.0129     0.0120     0.0108     0.0109     0.0084     0.0081     0.0069     0.0072     0.0141     0.0136 
Overlap                    0.0000     0.0000     0.0000     0.0000     0.0000     0.0000     0.0000     0.0000     0.0000     0.0000     0.0000     0.0000     0.0000     0.0000     0.0000     0.0000     0.0000     0.0000 
Load imbalance             0.0004     0.0002     0.0002     0.0003     0.0002     0.0001     0.0002     0.0003     0.0000     0.0004     0.0005     0.0001     0.0002     0.0002     0.0002     0.0002     0.0010     0.0011 
Execution time             0.0598     0.0625     0.0625     0.0618     0.0629     0.0629     0.0602     0.0587     0.0622     0.0621     0.0594     0.0641     0.0637     0.0637     0.0610     0.0614     0.0633     0.0606 
User CPU time              0.0007     0.0009     0.0009     0.0008     0.0009     0.0009     0.0008     0.0007     0.0009     0.0008     0.0007     0.0010     0.0009     0.0009     0.0008     0.0008     0.0008     0.0006 
Sys. CPU time              0.0017     0.0017     0.0018     0.0017     0.0018     0.0018     0.0018     0.0019     0.0020     0.0017     0.0017     0.0018     0.0017     0.0017     0.0018     0.0018     0.0010     0.0011 
I/O time                   0.0000     0.0000     0.0000     0.0000     0.0000     0.0000     0.0000     0.0000     0.0000     0.0000     0.0000     0.0000     0.0000     0.0000     0.0000     0.0000     0.0000     0.0000 
Processors                     18         18         18         18         18         18         18         18         18         18         18         18         18         18         18         18         18         18 
           Communication          
Reduction                  0.0001     0.0001     0.0001     0.0001     0.0001     0.0001     0.0001     0.0001     0.0001     0.0001     0.0001     0.0001     0.0001     0.0001     0.0001     0.0001     0.0003     0.0003 
Remote access              0.0219     0.0221     0.0201     0.0217     0.0211     0.0193     0.0192     0.0189     0.0168     0.0234     0.0229     0.0207     0.0224     0.0227     0.0200     0.0203     0.0356     0.0340 
           Synchronization        
I/O                        0.0001     0.0002     0.0002     0.0002     0.0001     0.0001     0.0001     0.0001     0.0002     0.0001     0.0001     0.0001     0.0001     0.0001     0.0001     0.0001     0.0002     0.0002 
Reduction                  0.0000     0.0000     0.0000     0.0000     0.0000     0.0000     0.0000     0.0000     0.0000     0.0000     0.0000     0.0000     0.0000     0.0000     0.0000     0.0000     0.0000     0.0000 
Remote access              0.0252     0.0252     0.0204     0.0221     0.0190     0.0139     0.0157     0.0156     0.0140     0.0219     0.0204     0.0173     0.0172     0.0173     0.0123     0.0130     0.0334     0.0305 
           Variation              
I/O                        0.0001     0.0004     0.0004     0.0004     0.0003     0.0003     0.0003     0.0003     0.0004     0.0004     0.0003     0.0003     0.0003     0.0003     0.0003     0.0003     0.0004     0.0004 
Reduction                  0.0000     0.0000     0.0000     0.0000     0.0000     0.0000     0.0000     0.0000     0.0000     0.0000     0.0000     0.0000     0.0000     0.0000     0.0000     0.0000     0.0000     0.0000 
Remote access              0.0162     0.0156     0.0147     0.0137     0.0112     0.0091     0.0110     0.0105     0.0125     0.0116     0.0105     0.0106     0.0080     0.0077     0.0066     0.0069     0.0136     0.0132 
           Overlap                
Reduction                  0.0000     0.0000     0.0000     0.0000     0.0000     0.0000     0.0000     0.0000     0.0000     0.0000     0.0000     0.0000     0.0000     0.0000     0.0000     0.0000     0.0000     0.0000 
Remote access              0.0000     0.0000     0.0000     0.0000     0.0000     0.0000     0.0000     0.0000     0.0000     0.0000     0.0000     0.0000     0.0000     0.0000     0.0000     0.0000     0.0000     0.0000 


-------------------------------------------------------------------------
Name (number) and performance time of processors
omp.keldysh.ru(1) 0.935462
omp.keldysh.ru(2) 0.935352
omp.keldysh.ru(3) 0.959405
omp.keldysh.ru(4) 0.959411
omp.keldysh.ru(5) 0.960179
omp.keldysh.ru(6) 0.960130
omp.keldysh.ru(7) 0.960363
omp.keldysh.ru(8) 0.960682
omp.keldysh.ru(9) 0.960942
omp.keldysh.ru(10) 0.960939
omp.keldysh.ru(11) 0.959255
omp.keldysh.ru(12) 0.959252
omp.keldysh.ru(13) 0.935492
omp.keldysh.ru(14) 0.935463
omp.keldysh.ru(15) 0.953672
omp.keldysh.ru(16) 0.953663
omp.keldysh.ru(17) 0.958921
omp.keldysh.ru(18) 0.958972
min - omp.keldysh.ru(2) 0.935352; max - omp.keldysh.ru(9) 0.960942; mid - 0.953753
