Processor system=4*4
Statistics has been accumulated on DVM-system version 5.0, platform DVM
Analyzer is executing on DVM-system version 5.0, platform DVM
-------------------------------------------------------------------------
INTERVAL ( NLINE=7 SOURCE=acr21.f ) LEVEL=0  EXE_COUNT=1
--- The main characteristics --- 
Parallelization efficiency      0.1306 
Execution time                  0.0189 
Processors                          16
Threads amount                      16
Total time                      0.3029
Productive time                 0.0396 ( CPU= 0.0370 Sys= 0.0026 I/O= 0.0000 )
Lost  time                      0.2634 
   Insufficient parallelism     0.1545 ( User= 0.1158 Sys= 0.0387 )
   Communication                0.1086 ( Real_sync= 0.0000 Starts= 0.0000 )
   Idle time                    0.0002
Load imbalance                  0.0050
Synchronization                 0.0719
Time variation                  0.1150
Overlap                         0.0059
                  Nop   Communic    Synchro  Variation    Overlap 
I/O                17     0.0000     0.0006     0.0041     0.0000 
Reduction          45     0.0530     0.0009     0.0008     0.0001 
Shadow            111     0.0556     0.0705     0.1101     0.0058 
--- The comparative characteristics --- 
                              Tmin N proc      Tmax N proc      Tmid
Lost time                   0.0161     6     0.0171    14     0.0165 
User insufficient par.      0.0060    14     0.0076     5     0.0072 
Sys.insufficient par.       0.0017    14     0.0027     1     0.0024 
Idle time                   0.0000    14     0.0000     9     0.0000 
Communication               0.0060     6     0.0094    14     0.0068 
Synchronization             0.0018    12     0.0070     1     0.0045 
Variation                   0.0025    16     0.0122     1     0.0072 
Overlap                     0.0000    13     0.0006     6     0.0004 
Load imbalance              0.0000     6     0.0010    14     0.0003 
Execution time              0.0189     9     0.0189    14     0.0189 
User CPU time               0.0017    14     0.0026     6     0.0023 
Sys. CPU time               0.0001    14     0.0002     9     0.0002 
I/O time                    0.0000     3     0.0000     1     0.0000 
Processors                      16     1         16    16         16 
                      Communic          Synchro        Variation          Overlap  
I/O             Tmin    0.0000     1     0.0000    12     0.0000     1     0.0000     1 
I/O             Tmax    0.0000    16     0.0001    14     0.0003    14     0.0000    16 
I/O             Tmid    0.0000           0.0000           0.0003           0.0000       
Reduction       Tmin    0.0009    12     0.0000    11     0.0000    11     0.0000     1 
Reduction       Tmax    0.0058     1     0.0001     2     0.0001     2     0.0000    16 
Reduction       Tmid    0.0033           0.0001           0.0001           0.0000       
Shadow          Tmin    0.0006     1     0.0017    12     0.0021    16     0.0000    13 
Shadow          Tmax    0.0063    16     0.0069     1     0.0122     1     0.0006     6 
Shadow          Tmid    0.0035           0.0044           0.0069           0.0004       
--- The execution characteristics --- 
                                1          2          3          4          5          6          7          8          9         10         11         12         13         14         15         16 
Lost time                  0.0165     0.0163     0.0164     0.0163     0.0163     0.0161     0.0163     0.0162     0.0164     0.0162     0.0163     0.0163     0.0169     0.0171     0.0170     0.0167 
User insufficient par.     0.0073     0.0075     0.0075     0.0074     0.0076     0.0076     0.0076     0.0076     0.0075     0.0075     0.0076     0.0075     0.0065     0.0060     0.0063     0.0068 
Sys.insufficient par.      0.0027     0.0025     0.0024     0.0025     0.0026     0.0026     0.0026     0.0026     0.0026     0.0025     0.0025     0.0025     0.0021     0.0017     0.0020     0.0023 
Idle time                  0.0000     0.0000     0.0000     0.0000     0.0000     0.0000     0.0000     0.0000     0.0000     0.0000     0.0000     0.0000     0.0000     0.0000     0.0000     0.0000 
Communication              0.0064     0.0063     0.0064     0.0064     0.0061     0.0060     0.0060     0.0060     0.0062     0.0062     0.0062     0.0063     0.0083     0.0094     0.0088     0.0076 
Synchronization            0.0070     0.0057     0.0050     0.0042     0.0056     0.0043     0.0034     0.0025     0.0050     0.0035     0.0026     0.0018     0.0069     0.0067     0.0048     0.0027 
Variation                  0.0122     0.0105     0.0087     0.0071     0.0106     0.0083     0.0064     0.0045     0.0091     0.0065     0.0045     0.0026     0.0094     0.0073     0.0048     0.0025 
Overlap                    0.0004     0.0004     0.0004     0.0003     0.0006     0.0006     0.0006     0.0005     0.0005     0.0005     0.0005     0.0004     0.0000     0.0000     0.0000     0.0001 
Load imbalance             0.0003     0.0002     0.0002     0.0002     0.0002     0.0000     0.0001     0.0000     0.0002     0.0001     0.0002     0.0001     0.0008     0.0010     0.0009     0.0006 
Execution time             0.0189     0.0189     0.0189     0.0189     0.0189     0.0189     0.0189     0.0189     0.0189     0.0189     0.0189     0.0189     0.0189     0.0189     0.0189     0.0189 
User CPU time              0.0023     0.0025     0.0024     0.0025     0.0024     0.0026     0.0025     0.0026     0.0024     0.0025     0.0024     0.0025     0.0018     0.0017     0.0018     0.0020 
Sys. CPU time              0.0002     0.0002     0.0002     0.0002     0.0002     0.0002     0.0002     0.0002     0.0002     0.0002     0.0002     0.0002     0.0001     0.0001     0.0001     0.0002 
I/O time                   0.0000     0.0000     0.0000     0.0000     0.0000     0.0000     0.0000     0.0000     0.0000     0.0000     0.0000     0.0000     0.0000     0.0000     0.0000     0.0000 
Processors                     16         16         16         16         16         16         16         16         16         16         16         16         16         16         16         16 
           Communication          
Reduction                  0.0058     0.0048     0.0040     0.0031     0.0049     0.0037     0.0027     0.0018     0.0042     0.0028     0.0018     0.0009     0.0047     0.0038     0.0026     0.0013 
Shadow                     0.0006     0.0015     0.0024     0.0033     0.0012     0.0023     0.0033     0.0042     0.0020     0.0034     0.0044     0.0054     0.0036     0.0056     0.0061     0.0063 
           Synchronization        
I/O                        0.0000     0.0000     0.0000     0.0000     0.0000     0.0000     0.0000     0.0000     0.0000     0.0000     0.0000     0.0000     0.0001     0.0001     0.0001     0.0000 
Reduction                  0.0001     0.0001     0.0000     0.0001     0.0001     0.0001     0.0001     0.0001     0.0001     0.0000     0.0000     0.0000     0.0001     0.0001     0.0001     0.0000 
Shadow                     0.0069     0.0056     0.0050     0.0042     0.0056     0.0042     0.0033     0.0025     0.0049     0.0035     0.0026     0.0017     0.0067     0.0066     0.0047     0.0026 
           Variation              
I/O                        0.0000     0.0003     0.0003     0.0003     0.0003     0.0003     0.0003     0.0003     0.0003     0.0003     0.0003     0.0003     0.0003     0.0003     0.0003     0.0003 
Reduction                  0.0001     0.0001     0.0000     0.0001     0.0001     0.0001     0.0000     0.0000     0.0001     0.0000     0.0000     0.0000     0.0001     0.0001     0.0000     0.0000 
Shadow                     0.0122     0.0102     0.0084     0.0067     0.0103     0.0080     0.0061     0.0042     0.0088     0.0062     0.0042     0.0023     0.0090     0.0069     0.0045     0.0021 
           Overlap                
Reduction                  0.0000     0.0000     0.0000     0.0000     0.0000     0.0000     0.0000     0.0000     0.0000     0.0000     0.0000     0.0000     0.0000     0.0000     0.0000     0.0000 
Shadow                     0.0004     0.0004     0.0004     0.0003     0.0006     0.0006     0.0006     0.0005     0.0005     0.0005     0.0005     0.0004     0.0000     0.0000     0.0000     0.0001 


-------------------------------------------------------------------------
Name (number) and performance time of processors
omp.keldysh.ru(1) 0.935432
omp.keldysh.ru(2) 0.935240
omp.keldysh.ru(3) 0.953475
omp.keldysh.ru(4) 0.953490
omp.keldysh.ru(5) 0.952978
omp.keldysh.ru(6) 0.952690
omp.keldysh.ru(7) 0.956495
omp.keldysh.ru(8) 0.956500
omp.keldysh.ru(9) 0.955656
omp.keldysh.ru(10) 0.955651
omp.keldysh.ru(11) 0.948644
omp.keldysh.ru(12) 0.948652
omp.keldysh.ru(13) 0.955132
omp.keldysh.ru(14) 0.955135
omp.keldysh.ru(15) 0.952901
omp.keldysh.ru(16) 0.952880
min - omp.keldysh.ru(2) 0.935240; max - omp.keldysh.ru(8) 0.956500; mid - 0.951309
