Processor system=1*6*1*3
Statistics has been accumulated on DVM-system version 5.0, platform DVM
Analyzer is executing on DVM-system version 5.0, platform DVM
-------------------------------------------------------------------------
INTERVAL ( NLINE=7 SOURCE=reda41.f ) LEVEL=0  EXE_COUNT=2
--- The main characteristics --- 
Parallelization efficiency      0.0397 
Execution time                  0.0093 
Processors                          18
Threads amount                      18
Total time                      0.1681
Productive time                 0.0067 ( CPU= 0.0062 Sys= 0.0005 I/O= 0.0000 )
Lost  time                      0.1615 
   Insufficient parallelism     0.1028 ( User= 0.0945 Sys= 0.0083 )
   Communication                0.0073 ( Real_sync= 0.0000 Starts= 0.0000 )
   Idle time                    0.0514
Load imbalance                  0.0028
Synchronization                 0.0072
Time variation                  0.0066
Overlap                         0.0001
                  Nop   Communic    Synchro  Variation    Overlap 
I/O                 6     0.0000     0.0011     0.0038     0.0000 
Reduction           5     0.0034     0.0008     0.0005     0.0001 
Remote access      22     0.0039     0.0053     0.0022     0.0000 
--- The comparative characteristics --- 
                              Tmin N proc      Tmax N proc      Tmid
Lost time                   0.0088    16     0.0091    11     0.0090 
User insufficient par.      0.0025    11     0.0080    16     0.0053 
Sys.insufficient par.       0.0004    17     0.0006     1     0.0005 
Idle time                   0.0000    16     0.0058    11     0.0029 
Communication               0.0003     1     0.0007    17     0.0004 
Synchronization             0.0002     1     0.0006    17     0.0004 
Variation                   0.0002     1     0.0005     2     0.0004 
Overlap                     0.0000    17     0.0000     7     0.0000 
Load imbalance              0.0000    16     0.0003    11     0.0002 
Execution time              0.0035    11     0.0093    16     0.0065 
User CPU time               0.0002    11     0.0005    16     0.0003 
Sys. CPU time               0.0000    17     0.0000     7     0.0000 
I/O time                    0.0000    14     0.0000     1     0.0000 
Processors                      18     1         18    18         18 
                      Communic          Synchro        Variation          Overlap  
I/O             Tmin    0.0000     1     0.0000    15     0.0001     1     0.0000     1 
I/O             Tmax    0.0000    18     0.0001     2     0.0003     2     0.0000    18 
I/O             Tmid    0.0000           0.0001           0.0002           0.0000       
Reduction       Tmin    0.0002     1     0.0000    12     0.0000    11     0.0000    17 
Reduction       Tmax    0.0002    17     0.0001     2     0.0001     1     0.0000     9 
Reduction       Tmid    0.0002           0.0000           0.0000           0.0000       
Remote access   Tmin    0.0001     1     0.0001     1     0.0001     1     0.0000     2 
Remote access   Tmax    0.0005    17     0.0005    17     0.0002     2     0.0000    11 
Remote access   Tmid    0.0002           0.0003           0.0001           0.0000       
--- The execution characteristics --- 
                                1          2          3          4          5          6          7          8          9         10         11         12         13         14         15         16         17         18 
Lost time                  0.0089     0.0089     0.0091     0.0088     0.0089     0.0091     0.0090     0.0090     0.0090     0.0089     0.0091     0.0090     0.0089     0.0091     0.0089     0.0088     0.0090     0.0089 
User insufficient par.     0.0057     0.0057     0.0032     0.0076     0.0069     0.0025     0.0039     0.0050     0.0043     0.0065     0.0025     0.0054     0.0061     0.0035     0.0062     0.0080     0.0045     0.0071 
Sys.insufficient par.      0.0006     0.0005     0.0004     0.0005     0.0004     0.0005     0.0005     0.0005     0.0005     0.0004     0.0005     0.0004     0.0005     0.0005     0.0005     0.0005     0.0004     0.0004 
Idle time                  0.0024     0.0023     0.0051     0.0004     0.0012     0.0058     0.0043     0.0031     0.0039     0.0016     0.0058     0.0027     0.0019     0.0047     0.0020     0.0000     0.0035     0.0008 
Communication              0.0003     0.0004     0.0004     0.0004     0.0003     0.0003     0.0003     0.0004     0.0004     0.0004     0.0004     0.0004     0.0004     0.0004     0.0004     0.0004     0.0007     0.0006 
Synchronization            0.0002     0.0006     0.0005     0.0005     0.0004     0.0004     0.0003     0.0004     0.0004     0.0004     0.0004     0.0003     0.0004     0.0004     0.0003     0.0003     0.0006     0.0005 
Variation                  0.0002     0.0005     0.0005     0.0005     0.0004     0.0004     0.0004     0.0004     0.0004     0.0004     0.0003     0.0004     0.0004     0.0004     0.0003     0.0003     0.0003     0.0003 
Overlap                    0.0000     0.0000     0.0000     0.0000     0.0000     0.0000     0.0000     0.0000     0.0000     0.0000     0.0000     0.0000     0.0000     0.0000     0.0000     0.0000     0.0000     0.0000 
Load imbalance             0.0001     0.0001     0.0003     0.0000     0.0001     0.0003     0.0002     0.0001     0.0002     0.0001     0.0003     0.0001     0.0001     0.0003     0.0001     0.0000     0.0002     0.0001 
Execution time             0.0070     0.0070     0.0043     0.0089     0.0082     0.0036     0.0051     0.0062     0.0054     0.0078     0.0035     0.0066     0.0074     0.0047     0.0074     0.0093     0.0058     0.0086 
User CPU time              0.0004     0.0004     0.0002     0.0005     0.0004     0.0002     0.0003     0.0004     0.0003     0.0004     0.0002     0.0004     0.0004     0.0002     0.0004     0.0005     0.0003     0.0004 
Sys. CPU time              0.0000     0.0000     0.0000     0.0000     0.0000     0.0000     0.0000     0.0000     0.0000     0.0000     0.0000     0.0000     0.0000     0.0000     0.0000     0.0000     0.0000     0.0000 
I/O time                   0.0000     0.0000     0.0000     0.0000     0.0000     0.0000     0.0000     0.0000     0.0000     0.0000     0.0000     0.0000     0.0000     0.0000     0.0000     0.0000     0.0000     0.0000 
Processors                     18         18         18         18         18         18         18         18         18         18         18         18         18         18         18         18         18         18 
           Communication          
Reduction                  0.0002     0.0002     0.0002     0.0002     0.0002     0.0002     0.0002     0.0002     0.0002     0.0002     0.0002     0.0002     0.0002     0.0002     0.0002     0.0002     0.0002     0.0002 
Remote access              0.0001     0.0002     0.0002     0.0002     0.0002     0.0002     0.0002     0.0002     0.0002     0.0002     0.0002     0.0002     0.0002     0.0002     0.0002     0.0002     0.0005     0.0004 
           Synchronization        
I/O                        0.0001     0.0001     0.0001     0.0001     0.0001     0.0001     0.0001     0.0000     0.0001     0.0000     0.0000     0.0001     0.0001     0.0001     0.0000     0.0000     0.0001     0.0000 
Reduction                  0.0000     0.0001     0.0001     0.0001     0.0001     0.0001     0.0000     0.0000     0.0001     0.0000     0.0001     0.0000     0.0000     0.0000     0.0000     0.0000     0.0001     0.0001 
Remote access              0.0001     0.0004     0.0004     0.0003     0.0003     0.0003     0.0002     0.0003     0.0003     0.0003     0.0003     0.0003     0.0003     0.0003     0.0002     0.0002     0.0005     0.0004 
           Variation              
I/O                        0.0001     0.0003     0.0002     0.0002     0.0002     0.0002     0.0002     0.0002     0.0002     0.0002     0.0002     0.0002     0.0002     0.0002     0.0002     0.0002     0.0002     0.0002 
Reduction                  0.0001     0.0000     0.0000     0.0000     0.0000     0.0000     0.0000     0.0000     0.0000     0.0000     0.0000     0.0000     0.0000     0.0000     0.0000     0.0000     0.0000     0.0000 
Remote access              0.0001     0.0002     0.0002     0.0002     0.0001     0.0001     0.0001     0.0002     0.0001     0.0001     0.0001     0.0001     0.0001     0.0001     0.0001     0.0001     0.0001     0.0001 
           Overlap                
Reduction                  0.0000     0.0000     0.0000     0.0000     0.0000     0.0000     0.0000     0.0000     0.0000     0.0000     0.0000     0.0000     0.0000     0.0000     0.0000     0.0000     0.0000     0.0000 
Remote access              0.0000     0.0000     0.0000     0.0000     0.0000     0.0000     0.0000     0.0000     0.0000     0.0000     0.0000     0.0000     0.0000     0.0000     0.0000     0.0000     0.0000     0.0000 


-------------------------------------------------------------------------
Name (number) and performance time of processors
omp.keldysh.ru(1) 0.935569
omp.keldysh.ru(2) 0.935142
omp.keldysh.ru(3) 0.958016
omp.keldysh.ru(4) 0.958025
omp.keldysh.ru(5) 0.956402
omp.keldysh.ru(6) 0.956379
omp.keldysh.ru(7) 0.955919
omp.keldysh.ru(8) 0.955902
omp.keldysh.ru(9) 0.955768
omp.keldysh.ru(10) 0.955762
omp.keldysh.ru(11) 0.953872
omp.keldysh.ru(12) 0.953819
omp.keldysh.ru(13) 0.935465
omp.keldysh.ru(14) 0.935450
omp.keldysh.ru(15) 0.958799
omp.keldysh.ru(16) 0.958791
omp.keldysh.ru(17) 0.935449
omp.keldysh.ru(18) 0.935421
min - omp.keldysh.ru(2) 0.935142; max - omp.keldysh.ru(15) 0.958799; mid - 0.949442
