Processor system=2*2*4
Statistics has been accumulated on DVM-system version 5.0, platform DVM
Analyzer is executing on DVM-system version 5.0, platform DVM
-------------------------------------------------------------------------
INTERVAL ( NLINE=12 SOURCE=distrgen3.f ) LEVEL=0  EXE_COUNT=1
--- The main characteristics --- 
Parallelization efficiency      0.0591 
Execution time                  0.0136 
Processors                          16
Threads amount                      16
Total time                      0.2171
Productive time                 0.0128 ( CPU= 0.0108 Sys= 0.0020 I/O= 0.0000 )
Lost  time                      0.2042 
   Insufficient parallelism     0.1345 ( User= 0.1049 Sys= 0.0296 )
   Communication                0.0325 ( Real_sync= 0.0000 Starts= 0.0000 )
   Idle time                    0.0373
Load imbalance                  0.0021
Synchronization                 0.0186
Time variation                  0.0217
Overlap                         0.0000
                  Nop   Communic    Synchro  Variation    Overlap 
I/O                10     0.0000     0.0023     0.0045     0.0000 
Reduction           9     0.0105     0.0010     0.0010     0.0000 
Redistribution     21     0.0220     0.0153     0.0162     0.0000 
--- The comparative characteristics --- 
                              Tmin N proc      Tmax N proc      Tmid
Lost time                   0.0126     4     0.0129    10     0.0128 
User insufficient par.      0.0045    10     0.0084    16     0.0066 
Sys.insufficient par.       0.0014    14     0.0021    12     0.0018 
Idle time                   0.0000    16     0.0046    10     0.0023 
Communication               0.0016     9     0.0030    14     0.0020 
Synchronization             0.0006    12     0.0019    13     0.0012 
Variation                   0.0008    12     0.0019     2     0.0014 
Overlap                     0.0000     3     0.0000    15     0.0000 
Load imbalance              0.0000     4     0.0003    10     0.0001 
Execution time              0.0089     5     0.0136    16     0.0112 
User CPU time               0.0005    10     0.0008     4     0.0007 
Sys. CPU time               0.0001    14     0.0001    12     0.0001 
I/O time                    0.0000    15     0.0000     1     0.0000 
Processors                      16     1         16    16         16 
                      Communic          Synchro        Variation          Overlap  
I/O             Tmin    0.0000     1     0.0001    12     0.0002     1     0.0000     1 
I/O             Tmax    0.0000    16     0.0002    13     0.0004    13     0.0000    16 
I/O             Tmid    0.0000           0.0001           0.0003           0.0000       
Reduction       Tmin    0.0004    10     0.0000    12     0.0000    12     0.0000     3 
Reduction       Tmax    0.0008    15     0.0001    14     0.0001    13     0.0000    15 
Reduction       Tmid    0.0007           0.0001           0.0001           0.0000       
Redistribution  Tmin    0.0009     1     0.0005    12     0.0006    10     0.0000     1 
Redistribution  Tmax    0.0023    14     0.0015    13     0.0014     2     0.0000    16 
Redistribution  Tmid    0.0014           0.0010           0.0010           0.0000       
--- The execution characteristics --- 
                                1          2          3          4          5          6          7          8          9         10         11         12         13         14         15         16 
Lost time                  0.0128     0.0127     0.0127     0.0126     0.0129     0.0127     0.0129     0.0128     0.0127     0.0129     0.0128     0.0127     0.0127     0.0129     0.0127     0.0127 
User insufficient par.     0.0052     0.0074     0.0074     0.0082     0.0046     0.0070     0.0046     0.0060     0.0078     0.0045     0.0056     0.0067     0.0080     0.0057     0.0079     0.0084 
Sys.insufficient par.      0.0020     0.0018     0.0019     0.0019     0.0020     0.0020     0.0020     0.0020     0.0021     0.0020     0.0020     0.0021     0.0014     0.0014     0.0014     0.0015 
Idle time                  0.0039     0.0016     0.0016     0.0008     0.0046     0.0020     0.0046     0.0031     0.0012     0.0046     0.0035     0.0023     0.0004     0.0027     0.0004     0.0000 
Communication              0.0017     0.0019     0.0018     0.0018     0.0017     0.0018     0.0017     0.0017     0.0016     0.0017     0.0016     0.0016     0.0030     0.0030     0.0030     0.0028 
Synchronization            0.0012     0.0014     0.0010     0.0010     0.0012     0.0012     0.0009     0.0009     0.0010     0.0010     0.0007     0.0006     0.0019     0.0018     0.0015     0.0013 
Variation                  0.0017     0.0019     0.0014     0.0015     0.0016     0.0015     0.0012     0.0013     0.0012     0.0011     0.0009     0.0008     0.0017     0.0015     0.0013     0.0011 
Overlap                    0.0000     0.0000     0.0000     0.0000     0.0000     0.0000     0.0000     0.0000     0.0000     0.0000     0.0000     0.0000     0.0000     0.0000     0.0000     0.0000 
Load imbalance             0.0002     0.0001     0.0001     0.0000     0.0002     0.0001     0.0002     0.0001     0.0000     0.0003     0.0002     0.0001     0.0001     0.0003     0.0001     0.0000 
Execution time             0.0097     0.0120     0.0120     0.0128     0.0089     0.0116     0.0090     0.0105     0.0124     0.0089     0.0100     0.0112     0.0132     0.0108     0.0132     0.0136 
User CPU time              0.0006     0.0007     0.0008     0.0008     0.0006     0.0007     0.0006     0.0007     0.0008     0.0005     0.0006     0.0007     0.0007     0.0006     0.0007     0.0008 
Sys. CPU time              0.0001     0.0001     0.0001     0.0001     0.0001     0.0001     0.0001     0.0001     0.0001     0.0001     0.0001     0.0001     0.0001     0.0001     0.0001     0.0001 
I/O time                   0.0000     0.0000     0.0000     0.0000     0.0000     0.0000     0.0000     0.0000     0.0000     0.0000     0.0000     0.0000     0.0000     0.0000     0.0000     0.0000 
Processors                     16         16         16         16         16         16         16         16         16         16         16         16         16         16         16         16 
           Communication          
Reduction                  0.0008     0.0008     0.0008     0.0008     0.0006     0.0005     0.0006     0.0006     0.0004     0.0004     0.0005     0.0005     0.0008     0.0007     0.0008     0.0008 
Redistribution             0.0009     0.0011     0.0011     0.0010     0.0011     0.0012     0.0010     0.0011     0.0011     0.0013     0.0012     0.0011     0.0022     0.0023     0.0022     0.0020 
           Synchronization        
I/O                        0.0002     0.0002     0.0001     0.0001     0.0002     0.0002     0.0001     0.0001     0.0002     0.0002     0.0001     0.0001     0.0002     0.0002     0.0001     0.0001 
Reduction                  0.0001     0.0001     0.0000     0.0000     0.0001     0.0001     0.0000     0.0000     0.0001     0.0001     0.0000     0.0000     0.0001     0.0001     0.0000     0.0000 
Redistribution             0.0009     0.0010     0.0009     0.0009     0.0009     0.0009     0.0008     0.0008     0.0007     0.0007     0.0006     0.0005     0.0015     0.0015     0.0014     0.0012 
           Variation              
I/O                        0.0002     0.0004     0.0002     0.0002     0.0004     0.0004     0.0002     0.0002     0.0003     0.0004     0.0002     0.0002     0.0004     0.0004     0.0002     0.0002 
Reduction                  0.0001     0.0001     0.0000     0.0000     0.0001     0.0001     0.0000     0.0000     0.0001     0.0001     0.0000     0.0000     0.0001     0.0001     0.0000     0.0000 
Redistribution             0.0014     0.0014     0.0012     0.0013     0.0011     0.0010     0.0010     0.0011     0.0008     0.0006     0.0007     0.0006     0.0012     0.0010     0.0010     0.0009 
           Overlap                
Reduction                  0.0000     0.0000     0.0000     0.0000     0.0000     0.0000     0.0000     0.0000     0.0000     0.0000     0.0000     0.0000     0.0000     0.0000     0.0000     0.0000 


-------------------------------------------------------------------------
Name (number) and performance time of processors
omp.keldysh.ru(1) 0.934045
omp.keldysh.ru(2) 0.933976
omp.keldysh.ru(3) 0.951877
omp.keldysh.ru(4) 0.951903
omp.keldysh.ru(5) 0.952804
omp.keldysh.ru(6) 0.952792
omp.keldysh.ru(7) 0.954266
omp.keldysh.ru(8) 0.954265
omp.keldysh.ru(9) 0.953101
omp.keldysh.ru(10) 0.953108
omp.keldysh.ru(11) 0.951456
omp.keldysh.ru(12) 0.951461
omp.keldysh.ru(13) 0.955175
omp.keldysh.ru(14) 0.955173
omp.keldysh.ru(15) 0.956079
omp.keldysh.ru(16) 0.955759
min - omp.keldysh.ru(2) 0.933976; max - omp.keldysh.ru(15) 0.956079; mid - 0.951077
