Processor system=1*3*6
Statistics has been accumulated on DVM-system version 5.0, platform DVM
Analyzer is executing on DVM-system version 5.0, platform DVM
-------------------------------------------------------------------------
INTERVAL ( NLINE=12 SOURCE=distrmix3.f ) LEVEL=0  EXE_COUNT=2
--- The main characteristics --- 
Parallelization efficiency      0.0582 
Execution time                  0.0147 
Processors                          18
Threads amount                      18
Total time                      0.2648
Productive time                 0.0154 ( CPU= 0.0133 Sys= 0.0021 I/O= 0.0000 )
Lost  time                      0.2494 
   Insufficient parallelism     0.1646 ( User= 0.1282 Sys= 0.0364 )
   Communication                0.0402 ( Real_sync= 0.0000 Starts= 0.0000 )
   Idle time                    0.0446
Load imbalance                  0.0025
Synchronization                 0.0150
Time variation                  0.0210
Overlap                         0.0000
                  Nop   Communic    Synchro  Variation    Overlap 
I/O                12     0.0000     0.0020     0.0048     0.0000 
Reduction          10     0.0157     0.0013     0.0013     0.0000 
Remote access       5     0.0000     0.0007     0.0006     0.0000 
Redistribution     20     0.0245     0.0110     0.0142     0.0000 
--- The comparative characteristics --- 
                              Tmin N proc      Tmax N proc      Tmid
Lost time                   0.0137     1     0.0141    17     0.0139 
User insufficient par.      0.0048    10     0.0095    11     0.0071 
Sys.insufficient par.       0.0015    17     0.0022     1     0.0020 
Idle time                   0.0000    11     0.0050    10     0.0025 
Communication               0.0019    15     0.0034    17     0.0022 
Synchronization             0.0004    15     0.0016    17     0.0008 
Variation                   0.0007    16     0.0016    17     0.0012 
Overlap                     0.0000     1     0.0000    18     0.0000 
Load imbalance              0.0000     1     0.0003    17     0.0001 
Execution time              0.0097    10     0.0147    11     0.0122 
User CPU time               0.0006    17     0.0009     1     0.0007 
Sys. CPU time               0.0001    17     0.0001     4     0.0001 
I/O time                    0.0000     5     0.0000     1     0.0000 
Processors                      18     1         18    18         18 
                      Communic          Synchro        Variation          Overlap  
I/O             Tmin    0.0000     1     0.0001    16     0.0001     1     0.0000     1 
I/O             Tmax    0.0000    18     0.0002     7     0.0003     7     0.0000    18 
I/O             Tmid    0.0000           0.0001           0.0003           0.0000       
Reduction       Tmin    0.0006    15     0.0000    16     0.0000    16     0.0000     1 
Reduction       Tmax    0.0012    17     0.0001     1     0.0001     1     0.0000    18 
Reduction       Tmid    0.0009           0.0001           0.0001           0.0000       
Remote access   Tmin    0.0000     1     0.0000     1     0.0000    14     0.0000     1 
Remote access   Tmax    0.0000    18     0.0001    17     0.0001    17     0.0000    18 
Remote access   Tmid    0.0000           0.0000           0.0000           0.0000       
Redistribution  Tmin    0.0011     1     0.0002    15     0.0003    15     0.0000     1 
Redistribution  Tmax    0.0022    17     0.0013    18     0.0011    18     0.0000    18 
Redistribution  Tmid    0.0014           0.0006           0.0008           0.0000       
--- The execution characteristics --- 
                                1          2          3          4          5          6          7          8          9         10         11         12         13         14         15         16         17         18 
Lost time                  0.0137     0.0138     0.0137     0.0137     0.0138     0.0138     0.0139     0.0139     0.0139     0.0140     0.0137     0.0139     0.0138     0.0138     0.0139     0.0140     0.0141     0.0139 
User insufficient par.     0.0092     0.0069     0.0092     0.0088     0.0080     0.0080     0.0055     0.0066     0.0063     0.0048     0.0095     0.0073     0.0077     0.0077     0.0050     0.0048     0.0053     0.0078 
Sys.insufficient par.      0.0022     0.0021     0.0021     0.0021     0.0021     0.0020     0.0020     0.0021     0.0021     0.0021     0.0020     0.0020     0.0021     0.0021     0.0021     0.0021     0.0015     0.0016 
Idle time                  0.0004     0.0027     0.0004     0.0008     0.0016     0.0016     0.0043     0.0031     0.0035     0.0050     0.0000     0.0023     0.0019     0.0019     0.0050     0.0050     0.0039     0.0012 
Communication              0.0020     0.0021     0.0021     0.0021     0.0022     0.0022     0.0021     0.0021     0.0021     0.0021     0.0023     0.0022     0.0020     0.0021     0.0019     0.0021     0.0034     0.0034 
Synchronization            0.0008     0.0008     0.0009     0.0008     0.0008     0.0008     0.0008     0.0008     0.0007     0.0007     0.0008     0.0007     0.0007     0.0007     0.0004     0.0004     0.0016     0.0015 
Variation                  0.0011     0.0012     0.0014     0.0011     0.0012     0.0012     0.0013     0.0013     0.0011     0.0011     0.0011     0.0011     0.0011     0.0010     0.0007     0.0007     0.0016     0.0015 
Overlap                    0.0000     0.0000     0.0000     0.0000     0.0000     0.0000     0.0000     0.0000     0.0000     0.0000     0.0000     0.0000     0.0000     0.0000     0.0000     0.0000     0.0000     0.0000 
Load imbalance             0.0000     0.0001     0.0000     0.0000     0.0001     0.0001     0.0002     0.0001     0.0002     0.0003     0.0000     0.0001     0.0001     0.0001     0.0002     0.0003     0.0003     0.0002 
Execution time             0.0143     0.0120     0.0143     0.0139     0.0132     0.0131     0.0104     0.0116     0.0112     0.0097     0.0147     0.0124     0.0128     0.0128     0.0097     0.0097     0.0108     0.0135 
User CPU time              0.0009     0.0008     0.0009     0.0008     0.0008     0.0008     0.0007     0.0007     0.0007     0.0006     0.0009     0.0007     0.0008     0.0008     0.0006     0.0006     0.0006     0.0007 
Sys. CPU time              0.0001     0.0001     0.0001     0.0001     0.0001     0.0001     0.0001     0.0001     0.0001     0.0001     0.0001     0.0001     0.0001     0.0001     0.0001     0.0001     0.0001     0.0001 
I/O time                   0.0000     0.0000     0.0000     0.0000     0.0000     0.0000     0.0000     0.0000     0.0000     0.0000     0.0000     0.0000     0.0000     0.0000     0.0000     0.0000     0.0000     0.0000 
Processors                     18         18         18         18         18         18         18         18         18         18         18         18         18         18         18         18         18         18 
           Communication          
Reduction                  0.0008     0.0008     0.0009     0.0008     0.0010     0.0009     0.0009     0.0008     0.0008     0.0008     0.0009     0.0009     0.0008     0.0008     0.0006     0.0007     0.0012     0.0012 
Redistribution             0.0011     0.0012     0.0012     0.0012     0.0013     0.0012     0.0012     0.0012     0.0013     0.0013     0.0014     0.0013     0.0012     0.0014     0.0013     0.0014     0.0022     0.0021 
           Synchronization        
I/O                        0.0001     0.0001     0.0001     0.0001     0.0001     0.0001     0.0002     0.0002     0.0001     0.0001     0.0001     0.0001     0.0001     0.0001     0.0001     0.0001     0.0001     0.0001 
Reduction                  0.0001     0.0001     0.0001     0.0001     0.0000     0.0001     0.0001     0.0001     0.0001     0.0001     0.0001     0.0000     0.0001     0.0001     0.0001     0.0000     0.0001     0.0001 
Remote access              0.0000     0.0000     0.0000     0.0000     0.0000     0.0000     0.0000     0.0000     0.0000     0.0000     0.0000     0.0000     0.0000     0.0000     0.0000     0.0000     0.0001     0.0001 
Redistribution             0.0005     0.0006     0.0007     0.0006     0.0007     0.0006     0.0005     0.0005     0.0005     0.0006     0.0006     0.0006     0.0005     0.0005     0.0002     0.0003     0.0013     0.0013 
           Variation              
I/O                        0.0001     0.0003     0.0003     0.0002     0.0002     0.0002     0.0003     0.0003     0.0003     0.0002     0.0003     0.0002     0.0003     0.0003     0.0003     0.0002     0.0003     0.0003 
Reduction                  0.0001     0.0001     0.0001     0.0001     0.0000     0.0001     0.0001     0.0001     0.0001     0.0001     0.0001     0.0000     0.0001     0.0001     0.0001     0.0000     0.0001     0.0001 
Remote access              0.0000     0.0000     0.0000     0.0000     0.0000     0.0000     0.0000     0.0000     0.0000     0.0000     0.0000     0.0000     0.0000     0.0000     0.0000     0.0000     0.0001     0.0001 
Redistribution             0.0009     0.0008     0.0009     0.0008     0.0009     0.0009     0.0009     0.0008     0.0008     0.0008     0.0008     0.0008     0.0007     0.0006     0.0003     0.0004     0.0011     0.0011 
           Overlap                
Reduction                  0.0000     0.0000     0.0000     0.0000     0.0000     0.0000     0.0000     0.0000     0.0000     0.0000     0.0000     0.0000     0.0000     0.0000     0.0000     0.0000     0.0000     0.0000 


-------------------------------------------------------------------------
Name (number) and performance time of processors
omp.keldysh.ru(1) 0.934017
omp.keldysh.ru(2) 0.933916
omp.keldysh.ru(3) 0.955880
omp.keldysh.ru(4) 0.955912
omp.keldysh.ru(5) 0.956383
omp.keldysh.ru(6) 0.956370
omp.keldysh.ru(7) 0.955946
omp.keldysh.ru(8) 0.955953
omp.keldysh.ru(9) 0.953515
omp.keldysh.ru(10) 0.953527
omp.keldysh.ru(11) 0.956177
omp.keldysh.ru(12) 0.956184
omp.keldysh.ru(13) 0.950230
omp.keldysh.ru(14) 0.949916
omp.keldysh.ru(15) 0.953166
omp.keldysh.ru(16) 0.953187
omp.keldysh.ru(17) 0.951629
omp.keldysh.ru(18) 0.951624
min - omp.keldysh.ru(2) 0.933916; max - omp.keldysh.ru(5) 0.956383; mid - 0.951863
