Processor system=3*1*6*1
Statistics has been accumulated on DVM-system version 5.0, platform DVM
Analyzer is executing on DVM-system version 5.0, platform DVM
-------------------------------------------------------------------------
INTERVAL ( NLINE=8 SOURCE=red41.f ) LEVEL=0  EXE_COUNT=2
--- The main characteristics --- 
Parallelization efficiency      0.0674 
Execution time                  0.0119 
Processors                          18
Threads amount                      18
Total time                      0.2147
Productive time                 0.0145 ( CPU= 0.0134 Sys= 0.0010 I/O= 0.0000 )
Lost  time                      0.2002 
   Insufficient parallelism     0.1376 ( User= 0.1196 Sys= 0.0181 )
   Communication                0.0196 ( Real_sync= 0.0000 Starts= 0.0000 )
   Idle time                    0.0430
Load imbalance                  0.0043
Synchronization                 0.0133
Time variation                  0.0125
Overlap                         0.0000
                  Nop   Communic    Synchro  Variation    Overlap 
I/O                17     0.0000     0.0014     0.0046     0.0000 
Reduction          15     0.0158     0.0023     0.0007     0.0000 
Remote access      37     0.0037     0.0096     0.0071     0.0000 
--- The comparative characteristics --- 
                              Tmin N proc      Tmax N proc      Tmid
Lost time                   0.0109    18     0.0113     7     0.0111 
User insufficient par.      0.0045    15     0.0090    18     0.0066 
Sys.insufficient par.       0.0008    17     0.0013    18     0.0010 
Idle time                   0.0000    18     0.0046    14     0.0024 
Communication               0.0005    11     0.0020    17     0.0011 
Synchronization             0.0004    18     0.0013    17     0.0007 
Variation                   0.0003    18     0.0009     2     0.0007 
Overlap                     0.0000     2     0.0000    12     0.0000 
Load imbalance              0.0000    18     0.0004     7     0.0002 
Execution time              0.0073    14     0.0119    18     0.0095 
User CPU time               0.0006     7     0.0010    18     0.0007 
Sys. CPU time               0.0000    17     0.0001    18     0.0001 
I/O time                    0.0000    17     0.0000     1     0.0000 
Processors                      18     1         18    18         18 
                      Communic          Synchro        Variation          Overlap  
I/O             Tmin    0.0000     1     0.0000    18     0.0000     1     0.0000     1 
I/O             Tmax    0.0000    18     0.0001     2     0.0003     2     0.0000    18 
I/O             Tmid    0.0000           0.0001           0.0003           0.0000       
Reduction       Tmin    0.0003    18     0.0000    18     0.0000    10     0.0000     1 
Reduction       Tmax    0.0013    17     0.0002    17     0.0001     1     0.0000    12 
Reduction       Tmid    0.0009           0.0001           0.0000           0.0000       
Remote access   Tmin    0.0001     2     0.0003    11     0.0001    18     0.0000     2 
Remote access   Tmax    0.0007    17     0.0010    17     0.0005     4     0.0000    18 
Remote access   Tmid    0.0002           0.0005           0.0004           0.0000       
--- The execution characteristics --- 
                                1          2          3          4          5          6          7          8          9         10         11         12         13         14         15         16         17         18 
Lost time                  0.0111     0.0112     0.0111     0.0111     0.0111     0.0111     0.0113     0.0113     0.0112     0.0110     0.0109     0.0111     0.0112     0.0112     0.0112     0.0110     0.0112     0.0109 
User insufficient par.     0.0076     0.0052     0.0078     0.0067     0.0074     0.0074     0.0046     0.0046     0.0063     0.0085     0.0089     0.0063     0.0056     0.0045     0.0045     0.0082     0.0065     0.0090 
Sys.insufficient par.      0.0012     0.0010     0.0010     0.0009     0.0010     0.0010     0.0009     0.0009     0.0010     0.0010     0.0012     0.0011     0.0010     0.0010     0.0010     0.0010     0.0008     0.0013 
Idle time                  0.0012     0.0039     0.0012     0.0023     0.0016     0.0016     0.0046     0.0046     0.0027     0.0004     0.0004     0.0031     0.0035     0.0046     0.0046     0.0008     0.0019     0.0000 
Communication              0.0011     0.0011     0.0012     0.0012     0.0011     0.0011     0.0012     0.0011     0.0012     0.0012     0.0005     0.0005     0.0012     0.0011     0.0011     0.0011     0.0020     0.0006 
Synchronization            0.0006     0.0008     0.0009     0.0009     0.0008     0.0008     0.0008     0.0008     0.0008     0.0008     0.0004     0.0004     0.0008     0.0007     0.0006     0.0007     0.0013     0.0004 
Variation                  0.0005     0.0009     0.0009     0.0009     0.0008     0.0008     0.0008     0.0008     0.0008     0.0007     0.0005     0.0005     0.0007     0.0007     0.0006     0.0006     0.0007     0.0003 
Overlap                    0.0000     0.0000     0.0000     0.0000     0.0000     0.0000     0.0000     0.0000     0.0000     0.0000     0.0000     0.0000     0.0000     0.0000     0.0000     0.0000     0.0000     0.0000 
Load imbalance             0.0002     0.0003     0.0002     0.0002     0.0002     0.0002     0.0004     0.0004     0.0003     0.0002     0.0000     0.0002     0.0003     0.0004     0.0004     0.0002     0.0003     0.0000 
Execution time             0.0108     0.0080     0.0108     0.0096     0.0104     0.0104     0.0073     0.0073     0.0092     0.0115     0.0115     0.0088     0.0084     0.0073     0.0073     0.0112     0.0100     0.0119 
User CPU time              0.0008     0.0007     0.0008     0.0007     0.0008     0.0008     0.0006     0.0006     0.0007     0.0008     0.0009     0.0008     0.0007     0.0006     0.0006     0.0008     0.0007     0.0010 
Sys. CPU time              0.0001     0.0001     0.0001     0.0001     0.0001     0.0001     0.0001     0.0001     0.0001     0.0001     0.0001     0.0001     0.0001     0.0001     0.0001     0.0001     0.0000     0.0001 
I/O time                   0.0000     0.0000     0.0000     0.0000     0.0000     0.0000     0.0000     0.0000     0.0000     0.0000     0.0000     0.0000     0.0000     0.0000     0.0000     0.0000     0.0000     0.0000 
Processors                     18         18         18         18         18         18         18         18         18         18         18         18         18         18         18         18         18         18 
           Communication          
Reduction                  0.0008     0.0010     0.0010     0.0010     0.0010     0.0009     0.0010     0.0010     0.0010     0.0010     0.0004     0.0004     0.0010     0.0009     0.0009     0.0009     0.0013     0.0003 
Remote access              0.0003     0.0001     0.0002     0.0001     0.0001     0.0001     0.0002     0.0002     0.0002     0.0002     0.0001     0.0001     0.0002     0.0002     0.0002     0.0002     0.0007     0.0003 
           Synchronization        
I/O                        0.0001     0.0001     0.0001     0.0001     0.0001     0.0001     0.0001     0.0001     0.0001     0.0000     0.0001     0.0000     0.0001     0.0001     0.0001     0.0001     0.0001     0.0000 
Reduction                  0.0001     0.0002     0.0002     0.0002     0.0001     0.0001     0.0001     0.0001     0.0001     0.0002     0.0001     0.0000     0.0001     0.0001     0.0001     0.0001     0.0002     0.0000 
Remote access              0.0003     0.0006     0.0006     0.0006     0.0006     0.0006     0.0006     0.0006     0.0006     0.0006     0.0003     0.0003     0.0005     0.0005     0.0005     0.0005     0.0010     0.0003 
           Variation              
I/O                        0.0000     0.0003     0.0003     0.0003     0.0003     0.0003     0.0003     0.0003     0.0003     0.0002     0.0002     0.0002     0.0003     0.0003     0.0003     0.0003     0.0003     0.0002 
Reduction                  0.0001     0.0001     0.0001     0.0001     0.0001     0.0000     0.0000     0.0000     0.0000     0.0000     0.0000     0.0000     0.0000     0.0000     0.0000     0.0000     0.0000     0.0000 
Remote access              0.0003     0.0005     0.0005     0.0005     0.0005     0.0005     0.0005     0.0005     0.0004     0.0004     0.0002     0.0002     0.0004     0.0004     0.0003     0.0003     0.0004     0.0001 
           Overlap                
Reduction                  0.0000     0.0000     0.0000     0.0000     0.0000     0.0000     0.0000     0.0000     0.0000     0.0000     0.0000     0.0000     0.0000     0.0000     0.0000     0.0000     0.0000     0.0000 
Remote access              0.0000     0.0000     0.0000     0.0000     0.0000     0.0000     0.0000     0.0000     0.0000     0.0000     0.0000     0.0000     0.0000     0.0000     0.0000     0.0000     0.0000     0.0000 


-------------------------------------------------------------------------
Name (number) and performance time of processors
omp.keldysh.ru(1) 0.933910
omp.keldysh.ru(2) 0.933842
omp.keldysh.ru(3) 0.953259
omp.keldysh.ru(4) 0.953321
omp.keldysh.ru(5) 0.953005
omp.keldysh.ru(6) 0.952991
omp.keldysh.ru(7) 0.956992
omp.keldysh.ru(8) 0.956983
omp.keldysh.ru(9) 0.952794
omp.keldysh.ru(10) 0.952774
omp.keldysh.ru(11) 0.933956
omp.keldysh.ru(12) 0.933949
omp.keldysh.ru(13) 0.954867
omp.keldysh.ru(14) 0.955139
omp.keldysh.ru(15) 0.953086
omp.keldysh.ru(16) 0.953084
omp.keldysh.ru(17) 0.950211
omp.keldysh.ru(18) 0.950238
min - omp.keldysh.ru(2) 0.933842; max - omp.keldysh.ru(7) 0.956992; mid - 0.949133
