Processor system=1*2*7*1
Statistics has been accumulated on DVM-system version 5.0, platform DVM
Analyzer is executing on DVM-system version 5.0, platform DVM
-------------------------------------------------------------------------
INTERVAL ( NLINE=7 SOURCE=sh42.f ) LEVEL=0  EXE_COUNT=1
--- The main characteristics --- 
Parallelization efficiency      0.0513 
Execution time                  0.1157 
Processors                          14
Threads amount                      14
Total time                      1.6195
Productive time                 0.0830 ( CPU= 0.0814 Sys= 0.0016 I/O= 0.0000 )
Lost  time                      1.5365 
   Insufficient parallelism     1.0793 ( User= 1.0578 Sys= 0.0215 )
   Communication                0.0042 ( Real_sync= 0.0000 Starts= 0.0000 )
   Idle time                    0.4530
Load imbalance                  0.0324
Synchronization                 2.0344
Time variation                  2.0373
Overlap                         0.0000
                  Nop   Communic    Synchro  Variation    Overlap 
I/O                11     0.0000     0.9641     0.9670     0.0000 
Reduction           9     0.0042     0.5426     0.5426     0.0000 
Shadow              9     0.0000     0.5277     0.5277     0.0000 
--- The comparative characteristics --- 
                              Tmin N proc      Tmax N proc      Tmid
Lost time                   0.1074     5     0.1129    11     0.1097 
User insufficient par.      0.0345    11     0.1054     5     0.0756 
Sys.insufficient par.       0.0010     9     0.0021     1     0.0015 
Idle time                   0.0000     5     0.0769    11     0.0324 
Communication               0.0002     1     0.0004    11     0.0003 
Synchronization             0.0013     1     0.3711    11     0.1453 
Variation                   0.0011     1     0.3713    11     0.1455 
Overlap                     0.0000     3     0.0000     5     0.0000 
Load imbalance              0.0000     5     0.0055    11     0.0023 
Execution time              0.0388    11     0.1157     5     0.0833 
User CPU time               0.0027    11     0.0081     5     0.0058 
Sys. CPU time               0.0001     9     0.0002     6     0.0001 
I/O time                    0.0000    12     0.0000     1     0.0000 
Processors                      14     1         14    14         14 
                      Communic          Synchro        Variation          Overlap  
I/O             Tmin    0.0000     1     0.0004     6     0.0004     1     0.0000     1 
I/O             Tmax    0.0000    14     0.1770    11     0.1773    11     0.0000    14 
I/O             Tmid    0.0000           0.0689           0.0691           0.0000       
Reduction       Tmin    0.0002     1     0.0003     1     0.0003     1     0.0000     3 
Reduction       Tmax    0.0004    11     0.0984    11     0.0984    11     0.0000     6 
Reduction       Tmid    0.0003           0.0388           0.0388           0.0000       
Shadow          Tmin    0.0000     1     0.0003     5     0.0003     5     0.0000     2 
Shadow          Tmax    0.0000    14     0.0956    11     0.0956    11     0.0000     5 
Shadow          Tmid    0.0000           0.0377           0.0377           0.0000       
--- The execution characteristics --- 
                                1          2          3          4          5          6          7          8          9         10         11         12         13         14 
Lost time                  0.1076     0.1076     0.1083     0.1083     0.1074     0.1075     0.1077     0.1077     0.1121     0.1121     0.1129     0.1121     0.1128     0.1124 
User insufficient par.     0.1026     0.1032     0.0937     0.0940     0.1054     0.1048     0.1020     0.1025     0.0458     0.0452     0.0345     0.0461     0.0359     0.0421 
Sys.insufficient par.      0.0021     0.0017     0.0018     0.0019     0.0017     0.0020     0.0018     0.0017     0.0010     0.0012     0.0012     0.0010     0.0012     0.0011 
Idle time                  0.0028     0.0024     0.0126     0.0122     0.0000     0.0004     0.0036     0.0032     0.0649     0.0653     0.0769     0.0646     0.0753     0.0688 
Communication              0.0002     0.0003     0.0002     0.0002     0.0003     0.0002     0.0002     0.0002     0.0004     0.0004     0.0004     0.0004     0.0004     0.0004 
Synchronization            0.0013     0.0019     0.0347     0.0348     0.0013     0.0014     0.0041     0.0030     0.3028     0.3365     0.3711     0.2961     0.3399     0.3055 
Variation                  0.0011     0.0022     0.0350     0.0351     0.0015     0.0016     0.0044     0.0033     0.3030     0.3367     0.3713     0.2963     0.3401     0.3057 
Overlap                    0.0000     0.0000     0.0000     0.0000     0.0000     0.0000     0.0000     0.0000     0.0000     0.0000     0.0000     0.0000     0.0000     0.0000 
Load imbalance             0.0002     0.0002     0.0009     0.0009     0.0000     0.0000     0.0003     0.0002     0.0046     0.0047     0.0055     0.0046     0.0054     0.0049 
Execution time             0.1128     0.1133     0.1031     0.1035     0.1157     0.1153     0.1120     0.1125     0.0507     0.0504     0.0388     0.0511     0.0404     0.0469 
User CPU time              0.0079     0.0079     0.0072     0.0072     0.0081     0.0081     0.0078     0.0079     0.0035     0.0035     0.0027     0.0035     0.0028     0.0032 
Sys. CPU time              0.0001     0.0001     0.0001     0.0001     0.0001     0.0002     0.0001     0.0001     0.0001     0.0001     0.0001     0.0001     0.0001     0.0001 
I/O time                   0.0000     0.0000     0.0000     0.0000     0.0000     0.0000     0.0000     0.0000     0.0000     0.0000     0.0000     0.0000     0.0000     0.0000 
Processors                     14         14         14         14         14         14         14         14         14         14         14         14         14         14 
           Communication          
Reduction                  0.0002     0.0003     0.0002     0.0002     0.0003     0.0002     0.0002     0.0002     0.0004     0.0004     0.0004     0.0004     0.0004     0.0004 
           Synchronization        
I/O                        0.0005     0.0008     0.0166     0.0166     0.0005     0.0004     0.0016     0.0011     0.1436     0.1581     0.1770     0.1400     0.1619     0.1455 
Reduction                  0.0003     0.0004     0.0086     0.0086     0.0004     0.0005     0.0012     0.0008     0.0812     0.0906     0.0984     0.0797     0.0903     0.0815 
Shadow                     0.0004     0.0008     0.0096     0.0096     0.0003     0.0005     0.0013     0.0012     0.0779     0.0878     0.0956     0.0764     0.0877     0.0785 
           Variation              
I/O                        0.0004     0.0010     0.0168     0.0168     0.0008     0.0006     0.0018     0.0013     0.1439     0.1583     0.1773     0.1402     0.1621     0.1457 
Reduction                  0.0003     0.0004     0.0086     0.0086     0.0004     0.0005     0.0012     0.0008     0.0812     0.0906     0.0984     0.0797     0.0903     0.0815 
Shadow                     0.0004     0.0008     0.0096     0.0096     0.0003     0.0005     0.0013     0.0012     0.0779     0.0878     0.0956     0.0764     0.0877     0.0785 
           Overlap                
Reduction                  0.0000     0.0000     0.0000     0.0000     0.0000     0.0000     0.0000     0.0000     0.0000     0.0000     0.0000     0.0000     0.0000     0.0000 
Shadow                     0.0000     0.0000     0.0000     0.0000     0.0000     0.0000     0.0000     0.0000     0.0000     0.0000     0.0000     0.0000     0.0000     0.0000 


-------------------------------------------------------------------------
Name (number) and performance time of processors
omp.keldysh.ru(1) 0.935321
omp.keldysh.ru(2) 0.935321
omp.keldysh.ru(3) 0.958584
omp.keldysh.ru(4) 0.958597
omp.keldysh.ru(5) 0.959588
omp.keldysh.ru(6) 0.959874
omp.keldysh.ru(7) 0.957437
omp.keldysh.ru(8) 0.957426
omp.keldysh.ru(9) 0.960405
omp.keldysh.ru(10) 0.960399
omp.keldysh.ru(11) 0.959058
omp.keldysh.ru(12) 0.959055
omp.keldysh.ru(13) 0.957303
omp.keldysh.ru(14) 0.957301
min - omp.keldysh.ru(2) 0.935321; max - omp.keldysh.ru(9) 0.960405; mid - 0.955405
