Processor system=3*1*3*2
Statistics has been accumulated on DVM-system version 5.0, platform DVM
Analyzer is executing on DVM-system version 5.0, platform DVM
-------------------------------------------------------------------------
INTERVAL ( NLINE=7 SOURCE=reda42.f ) LEVEL=0  EXE_COUNT=2
--- The main characteristics --- 
Parallelization efficiency      0.0506 
Execution time                  0.0054 
Processors                          18
Threads amount                      18
Total time                      0.0981
Productive time                 0.0050 ( CPU= 0.0046 Sys= 0.0004 I/O= 0.0000 )
Lost  time                      0.0931 
   Insufficient parallelism     0.0844 ( User= 0.0774 Sys= 0.0070 )
   Communication                0.0045 ( Real_sync= 0.0000 Starts= 0.0000 )
   Idle time                    0.0043
Load imbalance                  0.0003
Synchronization                 0.0165
Time variation                  0.0188
Overlap                         0.0007
                  Nop   Communic    Synchro  Variation    Overlap 
I/O                 6     0.0000     0.0050     0.0073     0.0000 
Reduction           5     0.0045     0.0037     0.0038     0.0007 
Remote access      22     0.0000     0.0077     0.0077     0.0000 
--- The comparative characteristics --- 
                              Tmin N proc      Tmax N proc      Tmid
Lost time                   0.0052     1     0.0052    18     0.0052 
User insufficient par.      0.0032    18     0.0046    12     0.0043 
Sys.insufficient par.       0.0003    18     0.0005     1     0.0004 
Idle time                   0.0000    13     0.0013    16     0.0002 
Communication               0.0002     1     0.0003    18     0.0002 
Synchronization             0.0001    12     0.0049    18     0.0009 
Variation                   0.0002    12     0.0050    18     0.0010 
Overlap                     0.0000    17     0.0001    12     0.0000 
Load imbalance              0.0000     7     0.0001    18     0.0000 
Execution time              0.0041    16     0.0054    13     0.0052 
User CPU time               0.0002    18     0.0003    12     0.0003 
Sys. CPU time               0.0000    18     0.0000    17     0.0000 
I/O time                    0.0000    11     0.0000     1     0.0000 
Processors                      18     1         18    18         18 
                      Communic          Synchro        Variation          Overlap  
I/O             Tmin    0.0000     1     0.0000    12     0.0001    12     0.0000     1 
I/O             Tmax    0.0000    18     0.0016    18     0.0018    18     0.0000    18 
I/O             Tmid    0.0000           0.0003           0.0004           0.0000       
Reduction       Tmin    0.0002     1     0.0000    12     0.0000    12     0.0000    17 
Reduction       Tmax    0.0003    18     0.0012    18     0.0012    18     0.0001    12 
Reduction       Tmid    0.0002           0.0002           0.0002           0.0000       
Remote access   Tmin    0.0000     1     0.0001    11     0.0001    11     0.0000     1 
Remote access   Tmax    0.0000    18     0.0021    18     0.0021    18     0.0000    12 
Remote access   Tmid    0.0000           0.0004           0.0004           0.0000       
--- The execution characteristics --- 
                                1          2          3          4          5          6          7          8          9         10         11         12         13         14         15         16         17         18 
Lost time                  0.0052     0.0052     0.0052     0.0052     0.0052     0.0052     0.0052     0.0052     0.0052     0.0052     0.0052     0.0052     0.0052     0.0052     0.0052     0.0052     0.0052     0.0052 
User insufficient par.     0.0044     0.0045     0.0033     0.0045     0.0045     0.0045     0.0045     0.0045     0.0045     0.0045     0.0045     0.0046     0.0045     0.0045     0.0045     0.0033     0.0045     0.0032 
Sys.insufficient par.      0.0005     0.0004     0.0004     0.0004     0.0004     0.0004     0.0004     0.0004     0.0004     0.0004     0.0004     0.0004     0.0004     0.0004     0.0004     0.0004     0.0004     0.0003 
Idle time                  0.0000     0.0000     0.0013     0.0000     0.0000     0.0000     0.0000     0.0000     0.0000     0.0000     0.0000     0.0000     0.0000     0.0000     0.0000     0.0013     0.0000     0.0013 
Communication              0.0002     0.0003     0.0003     0.0003     0.0003     0.0002     0.0002     0.0002     0.0003     0.0003     0.0002     0.0002     0.0003     0.0003     0.0002     0.0002     0.0002     0.0003 
Synchronization            0.0006     0.0008     0.0006     0.0006     0.0005     0.0004     0.0006     0.0006     0.0011     0.0011     0.0001     0.0001     0.0005     0.0005     0.0007     0.0007     0.0022     0.0049 
Variation                  0.0005     0.0009     0.0008     0.0008     0.0006     0.0006     0.0008     0.0008     0.0012     0.0012     0.0002     0.0002     0.0006     0.0006     0.0008     0.0008     0.0024     0.0050 
Overlap                    0.0000     0.0000     0.0000     0.0000     0.0001     0.0001     0.0000     0.0000     0.0000     0.0000     0.0001     0.0001     0.0001     0.0001     0.0000     0.0000     0.0000     0.0000 
Load imbalance             0.0000     0.0000     0.0001     0.0000     0.0000     0.0000     0.0000     0.0000     0.0000     0.0000     0.0000     0.0000     0.0000     0.0000     0.0000     0.0001     0.0000     0.0001 
Execution time             0.0054     0.0054     0.0041     0.0054     0.0054     0.0054     0.0054     0.0054     0.0054     0.0054     0.0054     0.0054     0.0054     0.0054     0.0054     0.0041     0.0054     0.0041 
User CPU time              0.0003     0.0003     0.0002     0.0003     0.0003     0.0003     0.0003     0.0003     0.0003     0.0003     0.0003     0.0003     0.0003     0.0003     0.0003     0.0002     0.0003     0.0002 
Sys. CPU time              0.0000     0.0000     0.0000     0.0000     0.0000     0.0000     0.0000     0.0000     0.0000     0.0000     0.0000     0.0000     0.0000     0.0000     0.0000     0.0000     0.0000     0.0000 
I/O time                   0.0000     0.0000     0.0000     0.0000     0.0000     0.0000     0.0000     0.0000     0.0000     0.0000     0.0000     0.0000     0.0000     0.0000     0.0000     0.0000     0.0000     0.0000 
Processors                     18         18         18         18         18         18         18         18         18         18         18         18         18         18         18         18         18         18 
           Communication          
Reduction                  0.0002     0.0003     0.0003     0.0003     0.0003     0.0002     0.0002     0.0002     0.0003     0.0003     0.0002     0.0002     0.0003     0.0003     0.0002     0.0002     0.0002     0.0003 
           Synchronization        
I/O                        0.0002     0.0002     0.0002     0.0002     0.0001     0.0001     0.0002     0.0002     0.0003     0.0003     0.0000     0.0000     0.0001     0.0001     0.0002     0.0002     0.0007     0.0016 
Reduction                  0.0002     0.0002     0.0001     0.0001     0.0001     0.0001     0.0001     0.0001     0.0002     0.0002     0.0000     0.0000     0.0001     0.0001     0.0002     0.0002     0.0006     0.0012 
Remote access              0.0002     0.0004     0.0003     0.0003     0.0003     0.0002     0.0003     0.0003     0.0005     0.0005     0.0001     0.0001     0.0002     0.0002     0.0003     0.0003     0.0010     0.0021 
           Variation              
I/O                        0.0002     0.0003     0.0003     0.0003     0.0003     0.0003     0.0003     0.0003     0.0005     0.0005     0.0001     0.0001     0.0003     0.0003     0.0004     0.0003     0.0009     0.0018 
Reduction                  0.0002     0.0002     0.0001     0.0001     0.0001     0.0001     0.0001     0.0001     0.0002     0.0002     0.0000     0.0000     0.0001     0.0001     0.0002     0.0002     0.0006     0.0012 
Remote access              0.0002     0.0004     0.0003     0.0003     0.0003     0.0002     0.0003     0.0003     0.0005     0.0005     0.0001     0.0001     0.0003     0.0002     0.0003     0.0003     0.0010     0.0021 
           Overlap                
Reduction                  0.0000     0.0000     0.0000     0.0000     0.0001     0.0001     0.0000     0.0000     0.0000     0.0000     0.0001     0.0001     0.0001     0.0001     0.0000     0.0000     0.0000     0.0000 
Remote access              0.0000     0.0000     0.0000     0.0000     0.0000     0.0000     0.0000     0.0000     0.0000     0.0000     0.0000     0.0000     0.0000     0.0000     0.0000     0.0000     0.0000     0.0000 


-------------------------------------------------------------------------
Name (number) and performance time of processors
omp.keldysh.ru(1) 0.934017
omp.keldysh.ru(2) 0.933914
omp.keldysh.ru(3) 0.959744
omp.keldysh.ru(4) 0.959799
omp.keldysh.ru(5) 0.959350
omp.keldysh.ru(6) 0.959396
omp.keldysh.ru(7) 0.958368
omp.keldysh.ru(8) 0.958040
omp.keldysh.ru(9) 0.957165
omp.keldysh.ru(10) 0.957167
omp.keldysh.ru(11) 0.957953
omp.keldysh.ru(12) 0.957955
omp.keldysh.ru(13) 0.957399
omp.keldysh.ru(14) 0.957388
omp.keldysh.ru(15) 0.958066
omp.keldysh.ru(16) 0.958051
omp.keldysh.ru(17) 0.933799
omp.keldysh.ru(18) 0.933785
min - omp.keldysh.ru(18) 0.933785; max - omp.keldysh.ru(4) 0.959799; mid - 0.952853
