Processor system=6*1*3*1
Statistics has been accumulated on DVM-system version 5.0, platform DVM
Analyzer is executing on DVM-system version 5.0, platform DVM
-------------------------------------------------------------------------
INTERVAL ( NLINE=7 SOURCE=sh42.f ) LEVEL=0  EXE_COUNT=2
--- The main characteristics --- 
Parallelization efficiency      0.0508 
Execution time                  0.2522 
Processors                          18
Threads amount                      18
Total time                      4.5391
Productive time                 0.2304 ( CPU= 0.2284 Sys= 0.0020 I/O= 0.0000 )
Lost  time                      4.3087 
   Insufficient parallelism     3.9168 ( User= 3.8830 Sys= 0.0338 )
   Communication                0.0047 ( Real_sync= 0.0000 Starts= 0.0000 )
   Idle time                    0.3872
Load imbalance                  0.0216
Synchronization                 1.7073
Time variation                  1.7093
Overlap                         0.0000
                  Nop   Communic    Synchro  Variation    Overlap 
I/O                12     0.0000     0.8208     0.8228     0.0000 
Reduction          10     0.0047     0.4370     0.4370     0.0000 
Shadow             10     0.0000     0.4495     0.4495     0.0000 
--- The comparative characteristics --- 
                              Tmin N proc      Tmax N proc      Tmid
Lost time                   0.2382     5     0.2483    18     0.2394 
User insufficient par.      0.0639    18     0.2363     9     0.2157 
Sys.insufficient par.       0.0011    17     0.0023    13     0.0019 
Idle time                   0.0000     3     0.1828    18     0.0215 
Communication               0.0002    14     0.0004    18     0.0003 
Synchronization             0.0004    16     0.7733    18     0.0949 
Variation                   0.0006    16     0.7735    18     0.0950 
Overlap                     0.0000     2     0.0000    15     0.0000 
Load imbalance              0.0000     5     0.0102    18     0.0012 
Execution time              0.0694    18     0.2522     5     0.2307 
User CPU time               0.0038    18     0.0139     9     0.0127 
Sys. CPU time               0.0001    17     0.0001    13     0.0001 
I/O time                    0.0000     6     0.0000     1     0.0000 
Processors                      18     1         18    18         18 
                      Communic          Synchro        Variation          Overlap  
I/O             Tmin    0.0000     1     0.0001    15     0.0002    15     0.0000     1 
I/O             Tmax    0.0000    18     0.3805    18     0.3807    18     0.0000    18 
I/O             Tmid    0.0000           0.0456           0.0457           0.0000       
Reduction       Tmin    0.0002    14     0.0001    15     0.0001    15     0.0000     1 
Reduction       Tmax    0.0004    18     0.1980    18     0.1980    18     0.0000    15 
Reduction       Tmid    0.0003           0.0243           0.0243           0.0000       
Shadow          Tmin    0.0000     1     0.0001    16     0.0001    16     0.0000     2 
Shadow          Tmax    0.0000    18     0.1948    18     0.1948    18     0.0000    16 
Shadow          Tmid    0.0000           0.0250           0.0250           0.0000       
--- The execution characteristics --- 
                                1          2          3          4          5          6          7          8          9         10         11         12         13         14         15         16         17         18 
Lost time                  0.2382     0.2384     0.2382     0.2382     0.2382     0.2382     0.2385     0.2386     0.2382     0.2383     0.2382     0.2383     0.2382     0.2382     0.2382     0.2382     0.2483     0.2483 
User insufficient par.     0.2358     0.2331     0.2359     0.2359     0.2357     0.2357     0.2302     0.2290     0.2363     0.2344     0.2362     0.2340     0.2356     0.2357     0.2358     0.2359     0.0641     0.0639 
Sys.insufficient par.      0.0021     0.0018     0.0021     0.0020     0.0023     0.0023     0.0015     0.0022     0.0016     0.0017     0.0017     0.0016     0.0023     0.0022     0.0021     0.0020     0.0011     0.0013 
Idle time                  0.0000     0.0032     0.0000     0.0000     0.0000     0.0000     0.0067     0.0071     0.0000     0.0020     0.0000     0.0024     0.0000     0.0000     0.0000     0.0001     0.1828     0.1828 
Communication              0.0002     0.0003     0.0002     0.0002     0.0002     0.0002     0.0002     0.0003     0.0002     0.0002     0.0003     0.0003     0.0002     0.0002     0.0003     0.0003     0.0004     0.0004 
Synchronization            0.0070     0.0157     0.0095     0.0102     0.0057     0.0060     0.0198     0.0291     0.0097     0.0108     0.0079     0.0099     0.0123     0.0106     0.0005     0.0004     0.7690     0.7733 
Variation                  0.0068     0.0159     0.0096     0.0103     0.0058     0.0061     0.0199     0.0292     0.0098     0.0109     0.0080     0.0100     0.0125     0.0107     0.0007     0.0006     0.7692     0.7735 
Overlap                    0.0000     0.0000     0.0000     0.0000     0.0000     0.0000     0.0000     0.0000     0.0000     0.0000     0.0000     0.0000     0.0000     0.0000     0.0000     0.0000     0.0000     0.0000 
Load imbalance             0.0000     0.0002     0.0000     0.0000     0.0000     0.0000     0.0004     0.0004     0.0000     0.0001     0.0000     0.0001     0.0000     0.0000     0.0000     0.0000     0.0102     0.0102 
Execution time             0.2521     0.2490     0.2522     0.2521     0.2522     0.2522     0.2455     0.2450     0.2521     0.2502     0.2521     0.2498     0.2521     0.2521     0.2521     0.2521     0.0694     0.0694 
User CPU time              0.0139     0.0137     0.0139     0.0139     0.0139     0.0139     0.0135     0.0135     0.0139     0.0138     0.0139     0.0138     0.0139     0.0139     0.0139     0.0139     0.0038     0.0038 
Sys. CPU time              0.0001     0.0001     0.0001     0.0001     0.0001     0.0001     0.0001     0.0001     0.0001     0.0001     0.0001     0.0001     0.0001     0.0001     0.0001     0.0001     0.0001     0.0001 
I/O time                   0.0000     0.0000     0.0000     0.0000     0.0000     0.0000     0.0000     0.0000     0.0000     0.0000     0.0000     0.0000     0.0000     0.0000     0.0000     0.0000     0.0000     0.0000 
Processors                     18         18         18         18         18         18         18         18         18         18         18         18         18         18         18         18         18         18 
           Communication          
Reduction                  0.0002     0.0003     0.0002     0.0002     0.0002     0.0002     0.0002     0.0003     0.0002     0.0002     0.0003     0.0003     0.0002     0.0002     0.0003     0.0003     0.0004     0.0004 
           Synchronization        
I/O                        0.0029     0.0062     0.0029     0.0034     0.0017     0.0018     0.0091     0.0117     0.0037     0.0041     0.0031     0.0038     0.0035     0.0035     0.0001     0.0002     0.3785     0.3805 
Reduction                  0.0019     0.0034     0.0024     0.0029     0.0014     0.0015     0.0052     0.0070     0.0027     0.0028     0.0021     0.0024     0.0033     0.0032     0.0001     0.0001     0.1967     0.1980 
Shadow                     0.0022     0.0061     0.0043     0.0039     0.0025     0.0027     0.0055     0.0104     0.0033     0.0040     0.0026     0.0037     0.0055     0.0039     0.0003     0.0001     0.1938     0.1948 
           Variation              
I/O                        0.0027     0.0063     0.0030     0.0035     0.0018     0.0020     0.0092     0.0119     0.0039     0.0042     0.0033     0.0039     0.0037     0.0036     0.0002     0.0003     0.3786     0.3807 
Reduction                  0.0019     0.0034     0.0024     0.0029     0.0014     0.0015     0.0052     0.0070     0.0027     0.0028     0.0021     0.0024     0.0033     0.0032     0.0001     0.0001     0.1967     0.1980 
Shadow                     0.0022     0.0061     0.0043     0.0039     0.0025     0.0027     0.0055     0.0104     0.0033     0.0040     0.0026     0.0037     0.0055     0.0039     0.0003     0.0001     0.1938     0.1948 
           Overlap                
Reduction                  0.0000     0.0000     0.0000     0.0000     0.0000     0.0000     0.0000     0.0000     0.0000     0.0000     0.0000     0.0000     0.0000     0.0000     0.0000     0.0000     0.0000     0.0000 
Shadow                     0.0000     0.0000     0.0000     0.0000     0.0000     0.0000     0.0000     0.0000     0.0000     0.0000     0.0000     0.0000     0.0000     0.0000     0.0000     0.0000     0.0000     0.0000 


-------------------------------------------------------------------------
Name (number) and performance time of processors
omp.keldysh.ru(1) 0.935441
omp.keldysh.ru(2) 0.935379
omp.keldysh.ru(3) 0.935369
omp.keldysh.ru(4) 0.935375
omp.keldysh.ru(5) 0.955780
omp.keldysh.ru(6) 0.955795
omp.keldysh.ru(7) 0.957800
omp.keldysh.ru(8) 0.957795
omp.keldysh.ru(9) 0.954749
omp.keldysh.ru(10) 0.954745
omp.keldysh.ru(11) 0.955198
omp.keldysh.ru(12) 0.955170
omp.keldysh.ru(13) 0.957276
omp.keldysh.ru(14) 0.957547
omp.keldysh.ru(15) 0.956948
omp.keldysh.ru(16) 0.956945
omp.keldysh.ru(17) 0.953120
omp.keldysh.ru(18) 0.953075
min - omp.keldysh.ru(3) 0.935369; max - omp.keldysh.ru(7) 0.957800; mid - 0.951306
