Processor system=1*4*1*4
Statistics has been accumulated on DVM-system version 5.0, platform DVM
Analyzer is executing on DVM-system version 5.0, platform DVM
-------------------------------------------------------------------------
INTERVAL ( NLINE=8 SOURCE=red43.f ) LEVEL=0  EXE_COUNT=1
--- The main characteristics --- 
Parallelization efficiency      0.0647 
Execution time                  0.0081 
Processors                          16
Threads amount                      16
Total time                      0.1292
Productive time                 0.0084 ( CPU= 0.0074 Sys= 0.0009 I/O= 0.0000 )
Lost  time                      0.1209 
   Insufficient parallelism     0.1007 ( User= 0.0861 Sys= 0.0146 )
   Communication                0.0200 ( Real_sync= 0.0000 Starts= 0.0000 )
   Idle time                    0.0001
Load imbalance                  0.0006
Synchronization                 0.0146
Time variation                  0.0091
Overlap                         0.0000
                  Nop   Communic    Synchro  Variation    Overlap 
I/O                16     0.0000     0.0018     0.0041     0.0000 
Reduction          14     0.0098     0.0023     0.0016     0.0000 
Remote access      36     0.0103     0.0105     0.0034     0.0000 
--- The comparative characteristics --- 
                              Tmin N proc      Tmax N proc      Tmid
Lost time                   0.0075     9     0.0076    13     0.0076 
User insufficient par.      0.0048    15     0.0056     9     0.0054 
Sys.insufficient par.       0.0007    13     0.0012     1     0.0009 
Idle time                   0.0000     4     0.0000     7     0.0000 
Communication               0.0009     1     0.0022    13     0.0013 
Synchronization             0.0002     4     0.0018    13     0.0009 
Variation                   0.0003     4     0.0009     5     0.0006 
Overlap                     0.0000     5     0.0000    12     0.0000 
Load imbalance              0.0000     9     0.0001    13     0.0000 
Execution time              0.0081     7     0.0081     4     0.0081 
User CPU time               0.0004    15     0.0005     9     0.0005 
Sys. CPU time               0.0000    13     0.0001     2     0.0001 
I/O time                    0.0000     2     0.0000     1     0.0000 
Processors                      16     1         16    16         16 
                      Communic          Synchro        Variation          Overlap  
I/O             Tmin    0.0000     1     0.0000    12     0.0001     1     0.0000     1 
I/O             Tmax    0.0000    16     0.0002    13     0.0004    13     0.0000    16 
I/O             Tmid    0.0000           0.0001           0.0003           0.0000       
Reduction       Tmin    0.0004     9     0.0000     4     0.0000    12     0.0000     5 
Reduction       Tmax    0.0010    15     0.0003    13     0.0002     1     0.0000    12 
Reduction       Tmid    0.0006           0.0001           0.0001           0.0000       
Remote access   Tmin    0.0004     7     0.0001     4     0.0001     4     0.0000     1 
Remote access   Tmax    0.0012    13     0.0013    13     0.0004     5     0.0000     3 
Remote access   Tmid    0.0006           0.0007           0.0002           0.0000       
--- The execution characteristics --- 
                                1          2          3          4          5          6          7          8          9         10         11         12         13         14         15         16 
Lost time                  0.0075     0.0075     0.0075     0.0075     0.0075     0.0075     0.0075     0.0075     0.0075     0.0075     0.0075     0.0075     0.0076     0.0076     0.0076     0.0076 
User insufficient par.     0.0055     0.0055     0.0056     0.0055     0.0056     0.0056     0.0056     0.0056     0.0056     0.0056     0.0056     0.0055     0.0048     0.0049     0.0048     0.0049 
Sys.insufficient par.      0.0012     0.0010     0.0010     0.0009     0.0009     0.0009     0.0010     0.0010     0.0009     0.0009     0.0009     0.0010     0.0007     0.0008     0.0007     0.0008 
Idle time                  0.0000     0.0000     0.0000     0.0000     0.0000     0.0000     0.0000     0.0000     0.0000     0.0000     0.0000     0.0000     0.0000     0.0000     0.0000     0.0000 
Communication              0.0009     0.0010     0.0010     0.0011     0.0010     0.0010     0.0010     0.0010     0.0009     0.0010     0.0010     0.0010     0.0022     0.0019     0.0022     0.0019 
Synchronization            0.0006     0.0006     0.0003     0.0002     0.0011     0.0010     0.0007     0.0007     0.0010     0.0010     0.0007     0.0007     0.0018     0.0016     0.0014     0.0012 
Variation                  0.0005     0.0007     0.0004     0.0003     0.0009     0.0008     0.0006     0.0005     0.0007     0.0007     0.0004     0.0004     0.0007     0.0006     0.0004     0.0003 
Overlap                    0.0000     0.0000     0.0000     0.0000     0.0000     0.0000     0.0000     0.0000     0.0000     0.0000     0.0000     0.0000     0.0000     0.0000     0.0000     0.0000 
Load imbalance             0.0000     0.0000     0.0000     0.0000     0.0000     0.0000     0.0000     0.0000     0.0000     0.0000     0.0000     0.0000     0.0001     0.0001     0.0001     0.0001 
Execution time             0.0081     0.0081     0.0081     0.0081     0.0081     0.0081     0.0081     0.0081     0.0081     0.0081     0.0081     0.0081     0.0081     0.0081     0.0081     0.0081 
User CPU time              0.0005     0.0005     0.0005     0.0005     0.0005     0.0005     0.0005     0.0005     0.0005     0.0005     0.0005     0.0005     0.0004     0.0004     0.0004     0.0004 
Sys. CPU time              0.0001     0.0001     0.0001     0.0001     0.0001     0.0001     0.0001     0.0001     0.0001     0.0001     0.0001     0.0001     0.0000     0.0001     0.0000     0.0001 
I/O time                   0.0000     0.0000     0.0000     0.0000     0.0000     0.0000     0.0000     0.0000     0.0000     0.0000     0.0000     0.0000     0.0000     0.0000     0.0000     0.0000 
Processors                     16         16         16         16         16         16         16         16         16         16         16         16         16         16         16         16 
           Communication          
Reduction                  0.0004     0.0005     0.0005     0.0005     0.0005     0.0006     0.0006     0.0006     0.0004     0.0005     0.0005     0.0005     0.0009     0.0009     0.0010     0.0009 
Remote access              0.0005     0.0005     0.0005     0.0006     0.0004     0.0004     0.0004     0.0004     0.0005     0.0006     0.0005     0.0005     0.0012     0.0011     0.0012     0.0010 
           Synchronization        
I/O                        0.0002     0.0002     0.0001     0.0000     0.0002     0.0002     0.0001     0.0000     0.0002     0.0002     0.0000     0.0000     0.0002     0.0002     0.0001     0.0001 
Reduction                  0.0002     0.0002     0.0001     0.0000     0.0002     0.0002     0.0001     0.0001     0.0002     0.0002     0.0001     0.0000     0.0003     0.0002     0.0002     0.0001 
Remote access              0.0003     0.0003     0.0001     0.0001     0.0007     0.0007     0.0006     0.0006     0.0007     0.0007     0.0006     0.0006     0.0013     0.0011     0.0012     0.0010 
           Variation              
I/O                        0.0001     0.0003     0.0002     0.0002     0.0003     0.0003     0.0002     0.0002     0.0003     0.0003     0.0002     0.0002     0.0004     0.0003     0.0002     0.0002 
Reduction                  0.0002     0.0002     0.0000     0.0000     0.0002     0.0002     0.0000     0.0000     0.0002     0.0001     0.0000     0.0000     0.0002     0.0001     0.0000     0.0000 
Remote access              0.0002     0.0002     0.0001     0.0001     0.0004     0.0003     0.0003     0.0003     0.0002     0.0002     0.0002     0.0002     0.0002     0.0001     0.0001     0.0001 
           Overlap                
Reduction                  0.0000     0.0000     0.0000     0.0000     0.0000     0.0000     0.0000     0.0000     0.0000     0.0000     0.0000     0.0000     0.0000     0.0000     0.0000     0.0000 
Remote access              0.0000     0.0000     0.0000     0.0000     0.0000     0.0000     0.0000     0.0000     0.0000     0.0000     0.0000     0.0000     0.0000     0.0000     0.0000     0.0000 


-------------------------------------------------------------------------
Name (number) and performance time of processors
omp.keldysh.ru(1) 0.933949
omp.keldysh.ru(2) 0.933869
omp.keldysh.ru(3) 0.958727
omp.keldysh.ru(4) 0.958732
omp.keldysh.ru(5) 0.953886
omp.keldysh.ru(6) 0.954201
omp.keldysh.ru(7) 0.956899
omp.keldysh.ru(8) 0.956906
omp.keldysh.ru(9) 0.954934
omp.keldysh.ru(10) 0.954943
omp.keldysh.ru(11) 0.955996
omp.keldysh.ru(12) 0.955995
omp.keldysh.ru(13) 0.957635
omp.keldysh.ru(14) 0.957646
omp.keldysh.ru(15) 0.954808
omp.keldysh.ru(16) 0.954791
min - omp.keldysh.ru(2) 0.933869; max - omp.keldysh.ru(4) 0.958732; mid - 0.953370
