Processor system=2*2*1*4
Statistics has been accumulated on DVM-system version 5.0, platform DVM
Analyzer is executing on DVM-system version 5.0, platform DVM
-------------------------------------------------------------------------
INTERVAL ( NLINE=7 SOURCE=reda42.f ) LEVEL=0  EXE_COUNT=1
--- The main characteristics --- 
Parallelization efficiency      0.0540 
Execution time                  0.0050 
Processors                          16
Threads amount                      16
Total time                      0.0795
Productive time                 0.0043 ( CPU= 0.0039 Sys= 0.0004 I/O= 0.0000 )
Lost  time                      0.0752 
   Insufficient parallelism     0.0644 ( User= 0.0587 Sys= 0.0058 )
   Communication                0.0044 ( Real_sync= 0.0000 Starts= 0.0000 )
   Idle time                    0.0065
Load imbalance                  0.0005
Synchronization                 0.0264
Time variation                  0.0283
Overlap                         0.0007
                  Nop   Communic    Synchro  Variation    Overlap 
I/O                 6     0.0000     0.0083     0.0102     0.0000 
Reduction           4     0.0044     0.0061     0.0061     0.0006 
Remote access      21     0.0000     0.0121     0.0121     0.0000 
--- The comparative characteristics --- 
                              Tmin N proc      Tmax N proc      Tmid
Lost time                   0.0047     1     0.0048    13     0.0047 
User insufficient par.      0.0025    15     0.0041    11     0.0037 
Sys.insufficient par.       0.0003    16     0.0005     1     0.0004 
Idle time                   0.0000     5     0.0016    13     0.0004 
Communication               0.0002     1     0.0004    13     0.0003 
Synchronization             0.0001     7     0.0056    13     0.0017 
Variation                   0.0003     7     0.0057    13     0.0018 
Overlap                     0.0000    13     0.0001     7     0.0000 
Load imbalance              0.0000    11     0.0001    13     0.0000 
Execution time              0.0034    13     0.0050     6     0.0046 
User CPU time               0.0002    15     0.0003    11     0.0002 
Sys. CPU time               0.0000    16     0.0000     2     0.0000 
I/O time                    0.0000    13     0.0000     1     0.0000 
Processors                      16     1         16    16         16 
                      Communic          Synchro        Variation          Overlap  
I/O             Tmin    0.0000     1     0.0000     7     0.0001     1     0.0000     1 
I/O             Tmax    0.0000    16     0.0018    14     0.0020    14     0.0000    16 
I/O             Tmid    0.0000           0.0005           0.0006           0.0000       
Reduction       Tmin    0.0002     1     0.0000     7     0.0000     7     0.0000    13 
Reduction       Tmax    0.0004    13     0.0013    13     0.0013    13     0.0001     7 
Reduction       Tmid    0.0003           0.0004           0.0004           0.0000       
Remote access   Tmin    0.0000     1     0.0001     7     0.0001     7     0.0000     2 
Remote access   Tmax    0.0000    16     0.0024    13     0.0024    13     0.0000     8 
Remote access   Tmid    0.0000           0.0008           0.0008           0.0000       
--- The execution characteristics --- 
                                1          2          3          4          5          6          7          8          9         10         11         12         13         14         15         16 
Lost time                  0.0047     0.0047     0.0047     0.0047     0.0047     0.0047     0.0047     0.0047     0.0047     0.0047     0.0047     0.0047     0.0048     0.0048     0.0048     0.0048 
User insufficient par.     0.0040     0.0040     0.0040     0.0041     0.0040     0.0040     0.0040     0.0041     0.0041     0.0041     0.0041     0.0041     0.0025     0.0025     0.0025     0.0026 
Sys.insufficient par.      0.0005     0.0004     0.0004     0.0004     0.0004     0.0004     0.0004     0.0004     0.0004     0.0004     0.0004     0.0004     0.0003     0.0003     0.0003     0.0003 
Idle time                  0.0000     0.0000     0.0000     0.0000     0.0000     0.0000     0.0000     0.0000     0.0000     0.0000     0.0000     0.0000     0.0016     0.0016     0.0016     0.0016 
Communication              0.0002     0.0003     0.0002     0.0002     0.0003     0.0003     0.0003     0.0003     0.0002     0.0002     0.0002     0.0002     0.0004     0.0004     0.0004     0.0004 
Synchronization            0.0004     0.0006     0.0004     0.0004     0.0003     0.0003     0.0001     0.0002     0.0004     0.0004     0.0006     0.0006     0.0056     0.0055     0.0052     0.0053 
Variation                  0.0003     0.0007     0.0005     0.0006     0.0004     0.0004     0.0003     0.0003     0.0005     0.0005     0.0008     0.0008     0.0057     0.0057     0.0053     0.0055 
Overlap                    0.0000     0.0000     0.0001     0.0000     0.0001     0.0001     0.0001     0.0001     0.0001     0.0001     0.0000     0.0000     0.0000     0.0000     0.0000     0.0000 
Load imbalance             0.0000     0.0000     0.0000     0.0000     0.0000     0.0000     0.0000     0.0000     0.0000     0.0000     0.0000     0.0000     0.0001     0.0001     0.0001     0.0001 
Execution time             0.0050     0.0050     0.0049     0.0050     0.0050     0.0050     0.0050     0.0050     0.0050     0.0050     0.0050     0.0049     0.0034     0.0034     0.0034     0.0034 
User CPU time              0.0003     0.0003     0.0003     0.0003     0.0003     0.0003     0.0003     0.0003     0.0003     0.0003     0.0003     0.0003     0.0002     0.0002     0.0002     0.0002 
Sys. CPU time              0.0000     0.0000     0.0000     0.0000     0.0000     0.0000     0.0000     0.0000     0.0000     0.0000     0.0000     0.0000     0.0000     0.0000     0.0000     0.0000 
I/O time                   0.0000     0.0000     0.0000     0.0000     0.0000     0.0000     0.0000     0.0000     0.0000     0.0000     0.0000     0.0000     0.0000     0.0000     0.0000     0.0000 
Processors                     16         16         16         16         16         16         16         16         16         16         16         16         16         16         16         16 
           Communication          
Reduction                  0.0002     0.0003     0.0002     0.0002     0.0003     0.0003     0.0003     0.0003     0.0002     0.0002     0.0002     0.0002     0.0004     0.0004     0.0004     0.0004 
           Synchronization        
I/O                        0.0001     0.0001     0.0001     0.0001     0.0000     0.0000     0.0000     0.0000     0.0001     0.0001     0.0002     0.0002     0.0018     0.0018     0.0017     0.0018 
Reduction                  0.0001     0.0001     0.0001     0.0001     0.0000     0.0000     0.0000     0.0000     0.0001     0.0001     0.0001     0.0001     0.0013     0.0013     0.0012     0.0013 
Remote access              0.0001     0.0004     0.0002     0.0002     0.0002     0.0002     0.0001     0.0001     0.0002     0.0002     0.0003     0.0003     0.0024     0.0024     0.0023     0.0023 
           Variation              
I/O                        0.0001     0.0003     0.0002     0.0002     0.0002     0.0002     0.0001     0.0001     0.0002     0.0002     0.0003     0.0003     0.0020     0.0020     0.0018     0.0019 
Reduction                  0.0001     0.0001     0.0001     0.0001     0.0000     0.0000     0.0000     0.0000     0.0001     0.0001     0.0002     0.0001     0.0013     0.0013     0.0012     0.0013 
Remote access              0.0001     0.0004     0.0002     0.0002     0.0002     0.0002     0.0001     0.0001     0.0002     0.0002     0.0003     0.0003     0.0024     0.0024     0.0023     0.0023 
           Overlap                
Reduction                  0.0000     0.0000     0.0001     0.0000     0.0001     0.0001     0.0001     0.0001     0.0001     0.0001     0.0000     0.0000     0.0000     0.0000     0.0000     0.0000 
Remote access              0.0000     0.0000     0.0000     0.0000     0.0000     0.0000     0.0000     0.0000     0.0000     0.0000     0.0000     0.0000     0.0000     0.0000     0.0000     0.0000 


-------------------------------------------------------------------------
Name (number) and performance time of processors
omp.keldysh.ru(1) 0.933993
omp.keldysh.ru(2) 0.933940
omp.keldysh.ru(3) 0.946966
omp.keldysh.ru(4) 0.946955
omp.keldysh.ru(5) 0.955068
omp.keldysh.ru(6) 0.955046
omp.keldysh.ru(7) 0.957130
omp.keldysh.ru(8) 0.957108
omp.keldysh.ru(9) 0.953211
omp.keldysh.ru(10) 0.953470
omp.keldysh.ru(11) 0.954990
omp.keldysh.ru(12) 0.954982
omp.keldysh.ru(13) 0.952841
omp.keldysh.ru(14) 0.952853
omp.keldysh.ru(15) 0.950963
omp.keldysh.ru(16) 0.950960
min - omp.keldysh.ru(2) 0.933940; max - omp.keldysh.ru(7) 0.957130; mid - 0.950655
