Processor system=1*3*2*3
Statistics has been accumulated on DVM-system version 5.0, platform DVM
Analyzer is executing on DVM-system version 5.0, platform DVM
-------------------------------------------------------------------------
INTERVAL ( NLINE=8 SOURCE=sha43.f ) LEVEL=0  EXE_COUNT=2
--- The main characteristics --- 
Parallelization efficiency      0.0773 
Execution time                  0.0098 
Processors                          18
Threads amount                      18
Total time                      0.1770
Productive time                 0.0137 ( CPU= 0.0125 Sys= 0.0012 I/O= 0.0000 )
Lost  time                      0.1633 
   Insufficient parallelism     0.1265 ( User= 0.1059 Sys= 0.0206 )
   Communication                0.0336 ( Real_sync= 0.0000 Starts= 0.0000 )
   Idle time                    0.0032
Load imbalance                  0.0018
Synchronization                 0.0260
Time variation                  0.0219
Overlap                         0.0000
                  Nop   Communic    Synchro  Variation    Overlap 
I/O                 6     0.0000     0.0064     0.0089     0.0000 
Reduction           5     0.0158     0.0036     0.0036     0.0000 
Shadow              5     0.0177     0.0159     0.0094     0.0000 
--- The comparative characteristics --- 
                              Tmin N proc      Tmax N proc      Tmid
Lost time                   0.0090     9     0.0092    17     0.0091 
User insufficient par.      0.0048    12     0.0063     8     0.0059 
Sys.insufficient par.       0.0008    17     0.0014     8     0.0011 
Idle time                   0.0000     2     0.0014    10     0.0002 
Communication               0.0012     8     0.0031    18     0.0019 
Synchronization             0.0002     9     0.0038    17     0.0014 
Variation                   0.0004     9     0.0024     2     0.0012 
Overlap                     0.0000     1     0.0000     9     0.0000 
Load imbalance              0.0000     9     0.0003    17     0.0001 
Execution time              0.0084    10     0.0098     2     0.0097 
User CPU time               0.0005    17     0.0008     9     0.0007 
Sys. CPU time               0.0000    17     0.0001     8     0.0001 
I/O time                    0.0000     5     0.0000     1     0.0000 
Processors                      18     1         18    18         18 
                      Communic          Synchro        Variation          Overlap  
I/O             Tmin    0.0000     1     0.0001     9     0.0001     1     0.0000     1 
I/O             Tmax    0.0000    18     0.0009    17     0.0010    17     0.0000    18 
I/O             Tmid    0.0000           0.0004           0.0005           0.0000       
Reduction       Tmin    0.0004     8     0.0000     6     0.0000    18     0.0000     1 
Reduction       Tmax    0.0012     6     0.0005     2     0.0005     2     0.0000    18 
Reduction       Tmid    0.0009           0.0002           0.0002           0.0000       
Shadow          Tmin    0.0007    16     0.0002     9     0.0002     9     0.0000     1 
Shadow          Tmax    0.0020    17     0.0024    17     0.0009     2     0.0000     9 
Shadow          Tmid    0.0010           0.0009           0.0005           0.0000       
--- The execution characteristics --- 
                                1          2          3          4          5          6          7          8          9         10         11         12         13         14         15         16         17         18 
Lost time                  0.0091     0.0091     0.0091     0.0091     0.0091     0.0091     0.0090     0.0090     0.0090     0.0090     0.0090     0.0091     0.0090     0.0090     0.0090     0.0090     0.0092     0.0092 
User insufficient par.     0.0058     0.0061     0.0060     0.0060     0.0061     0.0059     0.0061     0.0063     0.0062     0.0049     0.0062     0.0048     0.0060     0.0063     0.0063     0.0063     0.0054     0.0053 
Sys.insufficient par.      0.0012     0.0011     0.0010     0.0010     0.0010     0.0011     0.0014     0.0014     0.0013     0.0014     0.0013     0.0013     0.0011     0.0011     0.0011     0.0011     0.0008     0.0009 
Idle time                  0.0000     0.0000     0.0000     0.0000     0.0000     0.0000     0.0000     0.0000     0.0001     0.0014     0.0001     0.0014     0.0001     0.0001     0.0000     0.0000     0.0000     0.0000 
Communication              0.0021     0.0019     0.0021     0.0020     0.0020     0.0022     0.0016     0.0012     0.0014     0.0013     0.0014     0.0016     0.0018     0.0016     0.0017     0.0017     0.0030     0.0031 
Synchronization            0.0011     0.0027     0.0011     0.0011     0.0026     0.0011     0.0005     0.0019     0.0002     0.0004     0.0021     0.0005     0.0008     0.0024     0.0006     0.0008     0.0038     0.0022 
Variation                  0.0007     0.0024     0.0008     0.0009     0.0024     0.0008     0.0006     0.0020     0.0004     0.0005     0.0022     0.0006     0.0008     0.0023     0.0006     0.0008     0.0024     0.0007 
Overlap                    0.0000     0.0000     0.0000     0.0000     0.0000     0.0000     0.0000     0.0000     0.0000     0.0000     0.0000     0.0000     0.0000     0.0000     0.0000     0.0000     0.0000     0.0000 
Load imbalance             0.0002     0.0001     0.0001     0.0001     0.0001     0.0002     0.0000     0.0000     0.0000     0.0001     0.0000     0.0001     0.0001     0.0000     0.0000     0.0000     0.0003     0.0003 
Execution time             0.0098     0.0098     0.0098     0.0098     0.0098     0.0098     0.0098     0.0098     0.0097     0.0084     0.0098     0.0084     0.0098     0.0098     0.0098     0.0098     0.0098     0.0098 
User CPU time              0.0006     0.0007     0.0007     0.0007     0.0007     0.0006     0.0007     0.0008     0.0008     0.0007     0.0007     0.0006     0.0007     0.0008     0.0008     0.0008     0.0005     0.0006 
Sys. CPU time              0.0001     0.0001     0.0001     0.0001     0.0001     0.0001     0.0001     0.0001     0.0001     0.0001     0.0001     0.0001     0.0001     0.0001     0.0001     0.0001     0.0000     0.0000 
I/O time                   0.0000     0.0000     0.0000     0.0000     0.0000     0.0000     0.0000     0.0000     0.0000     0.0000     0.0000     0.0000     0.0000     0.0000     0.0000     0.0000     0.0000     0.0000 
Processors                     18         18         18         18         18         18         18         18         18         18         18         18         18         18         18         18         18         18 
           Communication          
Reduction                  0.0012     0.0010     0.0011     0.0011     0.0010     0.0012     0.0006     0.0004     0.0005     0.0005     0.0006     0.0008     0.0010     0.0008     0.0009     0.0009     0.0010     0.0011 
Shadow                     0.0009     0.0009     0.0009     0.0009     0.0010     0.0010     0.0009     0.0008     0.0009     0.0009     0.0009     0.0008     0.0008     0.0008     0.0008     0.0007     0.0020     0.0020 
           Synchronization        
I/O                        0.0001     0.0009     0.0001     0.0001     0.0009     0.0001     0.0001     0.0009     0.0001     0.0001     0.0009     0.0001     0.0001     0.0009     0.0001     0.0001     0.0009     0.0001 
Reduction                  0.0001     0.0005     0.0000     0.0001     0.0005     0.0000     0.0001     0.0005     0.0000     0.0001     0.0005     0.0000     0.0001     0.0005     0.0000     0.0001     0.0005     0.0000 
Shadow                     0.0009     0.0013     0.0010     0.0009     0.0013     0.0010     0.0003     0.0005     0.0002     0.0002     0.0007     0.0004     0.0006     0.0010     0.0005     0.0006     0.0024     0.0021 
           Variation              
I/O                        0.0001     0.0010     0.0002     0.0003     0.0010     0.0002     0.0003     0.0010     0.0002     0.0003     0.0010     0.0002     0.0003     0.0010     0.0002     0.0003     0.0010     0.0002 
Reduction                  0.0001     0.0005     0.0000     0.0001     0.0005     0.0000     0.0001     0.0005     0.0000     0.0001     0.0005     0.0000     0.0001     0.0005     0.0000     0.0001     0.0005     0.0000 
Shadow                     0.0005     0.0009     0.0005     0.0006     0.0009     0.0005     0.0002     0.0005     0.0002     0.0002     0.0006     0.0004     0.0005     0.0008     0.0003     0.0004     0.0008     0.0005 
           Overlap                
Shadow                     0.0000     0.0000     0.0000     0.0000     0.0000     0.0000     0.0000     0.0000     0.0000     0.0000     0.0000     0.0000     0.0000     0.0000     0.0000     0.0000     0.0000     0.0000 


-------------------------------------------------------------------------
Name (number) and performance time of processors
omp.keldysh.ru(1) 0.935563
omp.keldysh.ru(2) 0.935388
omp.keldysh.ru(3) 0.959794
omp.keldysh.ru(4) 0.960059
omp.keldysh.ru(5) 0.959328
omp.keldysh.ru(6) 0.959282
omp.keldysh.ru(7) 0.956307
omp.keldysh.ru(8) 0.956315
omp.keldysh.ru(9) 0.957205
omp.keldysh.ru(10) 0.957227
omp.keldysh.ru(11) 0.960631
omp.keldysh.ru(12) 0.960981
omp.keldysh.ru(13) 0.956288
omp.keldysh.ru(14) 0.956292
omp.keldysh.ru(15) 0.957371
omp.keldysh.ru(16) 0.957565
omp.keldysh.ru(17) 0.960049
omp.keldysh.ru(18) 0.960037
min - omp.keldysh.ru(2) 0.935388; max - omp.keldysh.ru(12) 0.960981; mid - 0.955871
