Processor system=4*4*1
Statistics has been accumulated on DVM-system version 5.0, platform DVM
Analyzer is executing on DVM-system version 5.0, platform DVM
-------------------------------------------------------------------------
INTERVAL ( NLINE=8 SOURCE=red32.f ) LEVEL=0  EXE_COUNT=1
--- The main characteristics --- 
Parallelization efficiency      0.0734 
Execution time                  0.0105 
Processors                          16
Threads amount                      16
Total time                      0.1685
Productive time                 0.0124 ( CPU= 0.0115 Sys= 0.0009 I/O= 0.0000 )
Lost  time                      0.1561 
   Insufficient parallelism     0.1167 ( User= 0.1033 Sys= 0.0134 )
   Communication                0.0108 ( Real_sync= 0.0000 Starts= 0.0000 )
   Idle time                    0.0286
Load imbalance                  0.0021
Synchronization                 0.0071
Time variation                  0.0078
Overlap                         0.0001
                  Nop   Communic    Synchro  Variation    Overlap 
I/O                16     0.0000     0.0011     0.0044     0.0000 
Reduction          14     0.0078     0.0014     0.0008     0.0000 
Remote access      36     0.0030     0.0046     0.0026     0.0000 
--- The comparative characteristics --- 
                              Tmin N proc      Tmax N proc      Tmid
Lost time                   0.0096     8     0.0099    15     0.0098 
User insufficient par.      0.0054    15     0.0082     8     0.0065 
Sys.insufficient par.       0.0006    14     0.0011     1     0.0008 
Idle time                   0.0000     8     0.0027     5     0.0018 
Communication               0.0005     2     0.0012    14     0.0007 
Synchronization             0.0002     1     0.0007    14     0.0004 
Variation                   0.0002     1     0.0006     2     0.0005 
Overlap                     0.0000     2     0.0000     4     0.0000 
Load imbalance              0.0000     8     0.0002    15     0.0001 
Execution time              0.0079     5     0.0105     8     0.0087 
User CPU time               0.0006    15     0.0008     8     0.0007 
Sys. CPU time               0.0000    14     0.0001     2     0.0001 
I/O time                    0.0000    11     0.0000     1     0.0000 
Processors                      16     1         16    16         16 
                      Communic          Synchro        Variation          Overlap  
I/O             Tmin    0.0000     1     0.0000    12     0.0001     1     0.0000     1 
I/O             Tmax    0.0000    16     0.0001    13     0.0003    14     0.0000    16 
I/O             Tmid    0.0000           0.0001           0.0003           0.0000       
Reduction       Tmin    0.0002     1     0.0000     1     0.0000    11     0.0000     2 
Reduction       Tmax    0.0007    14     0.0001    14     0.0001     1     0.0000    11 
Reduction       Tmid    0.0005           0.0001           0.0000           0.0000       
Remote access   Tmin    0.0001     4     0.0001     1     0.0001     1     0.0000     2 
Remote access   Tmax    0.0004    14     0.0005    14     0.0002     2     0.0000     4 
Remote access   Tmid    0.0002           0.0003           0.0002           0.0000       
--- The execution characteristics --- 
                                1          2          3          4          5          6          7          8          9         10         11         12         13         14         15         16 
Lost time                  0.0098     0.0097     0.0097     0.0098     0.0098     0.0098     0.0097     0.0096     0.0097     0.0097     0.0098     0.0098     0.0098     0.0099     0.0099     0.0098 
User insufficient par.     0.0056     0.0075     0.0075     0.0058     0.0057     0.0057     0.0078     0.0082     0.0067     0.0067     0.0057     0.0057     0.0061     0.0061     0.0054     0.0069 
Sys.insufficient par.      0.0011     0.0009     0.0009     0.0009     0.0009     0.0008     0.0008     0.0009     0.0009     0.0008     0.0009     0.0008     0.0007     0.0006     0.0007     0.0008 
Idle time                  0.0026     0.0008     0.0008     0.0026     0.0027     0.0026     0.0004     0.0000     0.0016     0.0016     0.0026     0.0026     0.0019     0.0019     0.0027     0.0012 
Communication              0.0005     0.0005     0.0005     0.0005     0.0005     0.0006     0.0006     0.0006     0.0006     0.0006     0.0006     0.0006     0.0010     0.0012     0.0011     0.0009 
Synchronization            0.0002     0.0005     0.0004     0.0005     0.0004     0.0005     0.0004     0.0004     0.0004     0.0004     0.0003     0.0003     0.0006     0.0007     0.0007     0.0005 
Variation                  0.0002     0.0006     0.0006     0.0006     0.0006     0.0006     0.0005     0.0005     0.0005     0.0005     0.0004     0.0004     0.0005     0.0005     0.0004     0.0004 
Overlap                    0.0000     0.0000     0.0000     0.0000     0.0000     0.0000     0.0000     0.0000     0.0000     0.0000     0.0000     0.0000     0.0000     0.0000     0.0000     0.0000 
Load imbalance             0.0002     0.0000     0.0000     0.0002     0.0002     0.0001     0.0000     0.0000     0.0001     0.0001     0.0002     0.0002     0.0002     0.0002     0.0002     0.0001 
Execution time             0.0079     0.0098     0.0098     0.0079     0.0079     0.0079     0.0101     0.0105     0.0090     0.0090     0.0079     0.0079     0.0086     0.0086     0.0079     0.0094 
User CPU time              0.0007     0.0008     0.0008     0.0007     0.0007     0.0007     0.0008     0.0008     0.0008     0.0008     0.0007     0.0007     0.0007     0.0006     0.0006     0.0007 
Sys. CPU time              0.0001     0.0001     0.0001     0.0001     0.0001     0.0001     0.0001     0.0001     0.0001     0.0001     0.0001     0.0001     0.0000     0.0000     0.0000     0.0001 
I/O time                   0.0000     0.0000     0.0000     0.0000     0.0000     0.0000     0.0000     0.0000     0.0000     0.0000     0.0000     0.0000     0.0000     0.0000     0.0000     0.0000 
Processors                     16         16         16         16         16         16         16         16         16         16         16         16         16         16         16         16 
           Communication          
Reduction                  0.0002     0.0004     0.0004     0.0004     0.0004     0.0004     0.0005     0.0005     0.0004     0.0004     0.0004     0.0004     0.0007     0.0007     0.0007     0.0006 
Remote access              0.0002     0.0001     0.0001     0.0001     0.0001     0.0001     0.0001     0.0001     0.0001     0.0002     0.0002     0.0002     0.0003     0.0004     0.0004     0.0003 
           Synchronization        
I/O                        0.0001     0.0001     0.0001     0.0001     0.0001     0.0001     0.0001     0.0001     0.0001     0.0001     0.0000     0.0000     0.0001     0.0001     0.0001     0.0001 
Reduction                  0.0000     0.0001     0.0001     0.0001     0.0001     0.0001     0.0001     0.0001     0.0001     0.0001     0.0001     0.0001     0.0001     0.0001     0.0001     0.0001 
Remote access              0.0001     0.0003     0.0003     0.0003     0.0003     0.0003     0.0003     0.0002     0.0002     0.0003     0.0002     0.0002     0.0004     0.0005     0.0005     0.0003 
           Variation              
I/O                        0.0001     0.0003     0.0003     0.0003     0.0003     0.0003     0.0003     0.0003     0.0003     0.0003     0.0002     0.0002     0.0003     0.0003     0.0003     0.0003 
Reduction                  0.0001     0.0001     0.0001     0.0001     0.0001     0.0001     0.0001     0.0000     0.0000     0.0000     0.0000     0.0000     0.0000     0.0000     0.0000     0.0000 
Remote access              0.0001     0.0002     0.0002     0.0002     0.0002     0.0002     0.0002     0.0002     0.0002     0.0002     0.0001     0.0001     0.0001     0.0001     0.0001     0.0001 
           Overlap                
Reduction                  0.0000     0.0000     0.0000     0.0000     0.0000     0.0000     0.0000     0.0000     0.0000     0.0000     0.0000     0.0000     0.0000     0.0000     0.0000     0.0000 
Remote access              0.0000     0.0000     0.0000     0.0000     0.0000     0.0000     0.0000     0.0000     0.0000     0.0000     0.0000     0.0000     0.0000     0.0000     0.0000     0.0000 


-------------------------------------------------------------------------
Name (number) and performance time of processors
omp.keldysh.ru(1) 0.933933
omp.keldysh.ru(2) 0.933861
omp.keldysh.ru(3) 0.959923
omp.keldysh.ru(4) 0.959964
omp.keldysh.ru(5) 0.956786
omp.keldysh.ru(6) 0.956818
omp.keldysh.ru(7) 0.957722
omp.keldysh.ru(8) 0.957700
omp.keldysh.ru(9) 0.958257
omp.keldysh.ru(10) 0.958242
omp.keldysh.ru(11) 0.957844
omp.keldysh.ru(12) 0.958146
omp.keldysh.ru(13) 0.934017
omp.keldysh.ru(14) 0.934033
omp.keldysh.ru(15) 0.957790
omp.keldysh.ru(16) 0.957805
min - omp.keldysh.ru(2) 0.933861; max - omp.keldysh.ru(4) 0.959964; mid - 0.952053
