Processor system=4*1*4
Statistics has been accumulated on DVM-system version 5.0, platform DVM
Analyzer is executing on DVM-system version 5.0, platform DVM
-------------------------------------------------------------------------
INTERVAL ( NLINE=8 SOURCE=adi3d.f ) LEVEL=0  EXE_COUNT=1
--- The main characteristics --- 
Parallelization efficiency      0.7849 
Execution time                 14.5257 
Processors                          16
Threads amount                      16
Total time                    232.4112
Productive time               182.4187 ( CPU= 181.4187 Sys= 0.9994 I/O= 0.0006 )
Lost  time                     49.9925 
   Insufficient parallelism    15.7710 ( User= 0.7709 Sys= 15.0000 )
   Communication               34.1696 ( Real_sync= 0.0025 Starts= 0.0000 )
   Idle time                    0.0520
Load imbalance                 10.4286
Synchronization                72.7950
Time variation                 72.1870
Overlap                         0.0107
                  Nop   Communic  Real_sync    Synchro  Variation    Overlap 
I/O               107     0.0000     0.0000     0.0174     0.1153     0.0000 
Reduction         100     7.9590     0.0000     0.0058     0.0058     0.0005 
Shadow            504    26.1502     0.0000    72.7718    72.0659     0.0101 
--- The comparative characteristics --- 
                              Tmin N proc      Tmax N proc      Tmid
Lost time                   2.4728     5     4.3267    16     3.1245 
User insufficient par.      0.0352    14     0.0611     8     0.0482 
Sys.insufficient par.       0.5632     4     1.2962    10     0.9375 
Idle time                   0.0000    10     0.0063    16     0.0032 
Communication               1.2330     6     3.5833    16     2.1356 
Real synchronization        0.0000    10     0.0006    16     0.0002 
Synchronization             0.2710    14    10.2139     1     4.5497 
Variation                   0.4878    14     9.7666     4     4.5117 
Overlap                     0.0000     4     0.0044    14     0.0007 
Load imbalance              0.0000     5     1.8539    16     0.6518 
Execution time             14.5194    16    14.5257    10    14.5225 
User CPU time              10.1525    16    11.9748     5    11.3387 
Sys. CPU time               0.0375     4     0.0864    10     0.0625 
I/O time                    0.0000    15     0.0005     1     0.0000 
Processors                      16     1         16    16         16 
                      Communic        Real_sync          Synchro        Variation          Overlap  
I/O             Tmin    0.0000     1     0.0000     1     0.0002     5     0.0000     1     0.0000     1 
I/O             Tmax    0.0000    16     0.0000    16     0.0017    12     0.0082    16     0.0000    16 
I/O             Tmid    0.0000           0.0000           0.0011           0.0072           0.0000       
Reduction       Tmin    0.0016    12     0.0000     1     0.0000     5     0.0000     5     0.0000     4 
Reduction       Tmax    1.7604     1     0.0000    16     0.0006    16     0.0005    16     0.0002     5 
Reduction       Tmid    0.4974           0.0000           0.0004           0.0004           0.0000       
Shadow          Tmin    0.4704     5     0.0000     1     0.2694    14     0.4796    14     0.0000     4 
Shadow          Tmax    3.4253    16     0.0000    16    10.2132     1     9.7586     4     0.0044    14 
Shadow          Tmid    1.6344           0.0000           4.5482           4.5041           0.0006       
--- The execution characteristics --- 
                                1          2          3          4          5          6          7          8          9         10         11         12         13         14         15         16 
Lost time                  3.0449     2.8941     3.0862     3.3195     2.4728     2.5074     2.6722     2.8090     2.6161     2.5861     2.5968     2.7238     4.0874     4.0737     4.1757     4.3267 
User insufficient par.     0.0510     0.0494     0.0462     0.0531     0.0598     0.0481     0.0448     0.0611     0.0538     0.0478     0.0512     0.0568     0.0363     0.0352     0.0372     0.0390 
Sys.insufficient par.      0.5729     0.6101     0.5980     0.5632     1.1717     1.2240     1.2170     1.1776     1.2563     1.2962     1.2321     1.1926     0.6983     0.7540     0.7380     0.6980 
Idle time                  0.0000     0.0020     0.0047     0.0035     0.0023     0.0023     0.0051     0.0000     0.0039     0.0000     0.0016     0.0043     0.0063     0.0063     0.0033     0.0063 
Communication              2.4209     2.2326     2.4373     2.6997     1.2389     1.2330     1.4053     1.5703     1.3021     1.2422     1.3119     1.4701     3.3465     3.2781     3.3972     3.5833 
Real synchronization       0.0000     0.0000     0.0000     0.0000     0.0000     0.0000     0.0000     0.0000     0.0000     0.0000     0.0000     0.0000     0.0006     0.0006     0.0006     0.0006 
Synchronization           10.2139    10.0009     9.9653    10.0767     6.0993     5.7924     5.8716     5.9798     1.9671     1.7488     1.7518     1.8645     0.4719     0.2710     0.3120     0.4081 
Variation                  9.7366     9.6341     9.6224     9.7666     5.9651     5.8369     5.9069     6.0457     1.8827     1.7852     1.8122     1.9523     0.5973     0.4878     0.5202     0.6350 
Overlap                    0.0001     0.0000     0.0003     0.0000     0.0003     0.0001     0.0001     0.0001     0.0002     0.0002     0.0003     0.0000     0.0014     0.0044     0.0018     0.0013 
Load imbalance             0.5726     0.4214     0.6135     0.8468     0.0000     0.0346     0.1995     0.3362     0.1433     0.1133     0.1240     0.2510     1.6146     1.6009     1.7030     1.8539 
Execution time            14.5257    14.5237    14.5210    14.5222    14.5234    14.5234    14.5206    14.5257    14.5218    14.5257    14.5241    14.5214    14.5194    14.5194    14.5224    14.5194 
User CPU time             11.4426    11.5909    11.3996    11.1686    11.9748    11.9367    11.7723    11.6382    11.8259    11.8532    11.8468    11.7224    10.3918    10.4017    10.3008    10.1525 
Sys. CPU time              0.0377     0.0407     0.0399     0.0375     0.0781     0.0816     0.0811     0.0785     0.0837     0.0864     0.0821     0.0795     0.0465     0.0503     0.0492     0.0465 
I/O time                   0.0005     0.0000     0.0000     0.0000     0.0000     0.0000     0.0000     0.0000     0.0000     0.0000     0.0000     0.0000     0.0000     0.0000     0.0000     0.0000 
Processors                     16         16         16         16         16         16         16         16         16         16         16         16         16         16         16         16 
           Communication          
Reduction                  1.7604     1.1411     0.7132     0.4281     0.7684     0.4690     0.2892     0.1393     0.3676     0.2182     0.0909     0.0016     0.7007     0.4347     0.2877     0.1490 
Shadow                     0.6601     1.0911     1.7238     2.2712     0.4704     0.7640     1.1160     1.4309     0.9342     1.0240     1.1987     1.4683     2.6370     2.8345     3.1007     3.4253 
           Real synchronization   
           Synchronization        
I/O                        0.0005     0.0010     0.0003     0.0011     0.0002     0.0007     0.0010     0.0017     0.0006     0.0016     0.0016     0.0017     0.0013     0.0012     0.0014     0.0017 
Reduction                  0.0002     0.0004     0.0001     0.0004     0.0000     0.0003     0.0003     0.0006     0.0002     0.0005     0.0005     0.0004     0.0004     0.0004     0.0005     0.0006 
Shadow                    10.2132     9.9996     9.9650    10.0752     6.0990     5.7913     5.8703     5.9775     1.9664     1.7467     1.7496     1.8624     0.4702     0.2694     0.3101     0.4058 
           Variation              
I/O                        0.0000     0.0075     0.0068     0.0076     0.0068     0.0073     0.0075     0.0082     0.0071     0.0081     0.0081     0.0082     0.0079     0.0078     0.0080     0.0082 
Reduction                  0.0002     0.0004     0.0001     0.0004     0.0000     0.0003     0.0003     0.0005     0.0002     0.0005     0.0005     0.0004     0.0004     0.0004     0.0005     0.0005 
Shadow                     9.7364     9.6261     9.6155     9.7586     5.9583     5.8293     5.8990     6.0369     1.8754     1.7765     1.8035     1.9436     0.5891     0.4796     0.5117     0.6263 
           Overlap                
Reduction                  0.0000     0.0000     0.0002     0.0000     0.0002     0.0000     0.0000     0.0000     0.0001     0.0000     0.0000     0.0000     0.0000     0.0000     0.0000     0.0000 
Shadow                     0.0000     0.0000     0.0001     0.0000     0.0001     0.0001     0.0001     0.0001     0.0001     0.0002     0.0003     0.0000     0.0014     0.0044     0.0018     0.0013 


-------------------------------------------------------------------------
Name (number) and performance time of processors
omp.keldysh.ru(1) 0.934451
omp.keldysh.ru(2) 0.934117
omp.keldysh.ru(3) 0.958163
omp.keldysh.ru(4) 0.958076
omp.keldysh.ru(5) 0.934093
omp.keldysh.ru(6) 0.934037
omp.keldysh.ru(7) 0.953600
omp.keldysh.ru(8) 0.953774
omp.keldysh.ru(9) 0.957935
omp.keldysh.ru(10) 0.957879
omp.keldysh.ru(11) 0.958005
omp.keldysh.ru(12) 0.958080
omp.keldysh.ru(13) 0.957949
omp.keldysh.ru(14) 0.957776
omp.keldysh.ru(15) 0.957436
omp.keldysh.ru(16) 0.957559
min - omp.keldysh.ru(6) 0.934037; max - omp.keldysh.ru(3) 0.958163; mid - 0.951433
