Processor system=3*2*3*1
Statistics has been accumulated on DVM-system version 5.0, platform DVM
Analyzer is executing on DVM-system version 5.0, platform DVM
-------------------------------------------------------------------------
INTERVAL ( NLINE=8 SOURCE=sha41.f ) LEVEL=0  EXE_COUNT=2
--- The main characteristics --- 
Parallelization efficiency      0.0777 
Execution time                  0.0101 
Processors                          18
Threads amount                      18
Total time                      0.1812
Productive time                 0.0141 ( CPU= 0.0124 Sys= 0.0017 I/O= 0.0000 )
Lost  time                      0.1672 
   Insufficient parallelism     0.1193 ( User= 0.0902 Sys= 0.0291 )
   Communication                0.0445 ( Real_sync= 0.0000 Starts= 0.0000 )
   Idle time                    0.0033
Load imbalance                  0.0022
Synchronization                 0.0205
Time variation                  0.0181
Overlap                         0.0001
                  Nop   Communic    Synchro  Variation    Overlap 
I/O                 6     0.0000     0.0006     0.0034     0.0000 
Reduction           5     0.0158     0.0000     0.0000     0.0000 
Shadow              5     0.0288     0.0199     0.0147     0.0000 
--- The comparative characteristics --- 
                              Tmin N proc      Tmax N proc      Tmid
Lost time                   0.0092    12     0.0095    18     0.0093 
User insufficient par.      0.0039    11     0.0053    15     0.0050 
Sys.insufficient par.       0.0010    18     0.0024     8     0.0016 
Idle time                   0.0000    16     0.0014     9     0.0002 
Communication               0.0016    11     0.0039    18     0.0025 
Synchronization             0.0000    11     0.0029    18     0.0011 
Variation                   0.0003     8     0.0013     5     0.0010 
Overlap                     0.0000     1     0.0000    11     0.0000 
Load imbalance              0.0000    12     0.0003    18     0.0001 
Execution time              0.0087     9     0.0101    16     0.0099 
User CPU time               0.0005    18     0.0008    12     0.0007 
Sys. CPU time               0.0001    18     0.0001     8     0.0001 
I/O time                    0.0000     3     0.0000     1     0.0000 
Processors                      18     1         18    18         18 
                      Communic          Synchro        Variation          Overlap  
I/O             Tmin    0.0000     1     0.0000     1     0.0000     1     0.0000     1 
I/O             Tmax    0.0000    18     0.0001    18     0.0002    18     0.0000    18 
I/O             Tmid    0.0000           0.0000           0.0002           0.0000       
Reduction       Tmin    0.0001     8     0.0000     1     0.0000    15     0.0000     1 
Reduction       Tmax    0.0012    17     0.0000    18     0.0000    18     0.0000    18 
Reduction       Tmid    0.0009           0.0000           0.0000           0.0000       
Shadow          Tmin    0.0012    12     0.0000    11     0.0001     8     0.0000     1 
Shadow          Tmax    0.0029    18     0.0028    18     0.0011     5     0.0000    11 
Shadow          Tmid    0.0016           0.0011           0.0008           0.0000       
--- The execution characteristics --- 
                                1          2          3          4          5          6          7          8          9         10         11         12         13         14         15         16         17         18 
Lost time                  0.0094     0.0093     0.0093     0.0093     0.0093     0.0093     0.0093     0.0092     0.0093     0.0093     0.0092     0.0092     0.0093     0.0092     0.0092     0.0092     0.0094     0.0095 
User insufficient par.     0.0052     0.0052     0.0052     0.0052     0.0053     0.0053     0.0053     0.0052     0.0039     0.0052     0.0039     0.0052     0.0052     0.0052     0.0053     0.0053     0.0046     0.0045 
Sys.insufficient par.      0.0015     0.0017     0.0014     0.0013     0.0016     0.0014     0.0019     0.0024     0.0020     0.0019     0.0024     0.0020     0.0013     0.0017     0.0014     0.0013     0.0011     0.0010 
Idle time                  0.0000     0.0001     0.0001     0.0001     0.0000     0.0000     0.0000     0.0000     0.0014     0.0001     0.0014     0.0001     0.0000     0.0000     0.0000     0.0000     0.0000     0.0000 
Communication              0.0027     0.0023     0.0026     0.0028     0.0024     0.0026     0.0021     0.0016     0.0020     0.0021     0.0016     0.0019     0.0028     0.0023     0.0025     0.0026     0.0037     0.0039 
Synchronization            0.0014     0.0009     0.0014     0.0016     0.0010     0.0013     0.0007     0.0001     0.0006     0.0008     0.0000     0.0006     0.0013     0.0009     0.0012     0.0013     0.0026     0.0029 
Variation                  0.0009     0.0012     0.0011     0.0011     0.0013     0.0011     0.0010     0.0003     0.0009     0.0011     0.0003     0.0009     0.0011     0.0012     0.0011     0.0011     0.0013     0.0011 
Overlap                    0.0000     0.0000     0.0000     0.0000     0.0000     0.0000     0.0000     0.0000     0.0000     0.0000     0.0000     0.0000     0.0000     0.0000     0.0000     0.0000     0.0000     0.0000 
Load imbalance             0.0002     0.0001     0.0001     0.0002     0.0001     0.0001     0.0001     0.0000     0.0001     0.0001     0.0001     0.0000     0.0001     0.0001     0.0001     0.0001     0.0003     0.0003 
Execution time             0.0100     0.0100     0.0100     0.0100     0.0101     0.0101     0.0101     0.0101     0.0087     0.0100     0.0087     0.0100     0.0101     0.0101     0.0101     0.0101     0.0100     0.0100 
User CPU time              0.0006     0.0007     0.0007     0.0007     0.0007     0.0007     0.0007     0.0007     0.0007     0.0007     0.0007     0.0008     0.0007     0.0007     0.0007     0.0007     0.0006     0.0005 
Sys. CPU time              0.0001     0.0001     0.0001     0.0001     0.0001     0.0001     0.0001     0.0001     0.0001     0.0001     0.0001     0.0001     0.0001     0.0001     0.0001     0.0001     0.0001     0.0001 
I/O time                   0.0000     0.0000     0.0000     0.0000     0.0000     0.0000     0.0000     0.0000     0.0000     0.0000     0.0000     0.0000     0.0000     0.0000     0.0000     0.0000     0.0000     0.0000 
Processors                     18         18         18         18         18         18         18         18         18         18         18         18         18         18         18         18         18         18 
           Communication          
Reduction                  0.0010     0.0010     0.0010     0.0010     0.0011     0.0010     0.0008     0.0001     0.0008     0.0010     0.0001     0.0007     0.0010     0.0010     0.0010     0.0010     0.0012     0.0010 
Shadow                     0.0016     0.0013     0.0016     0.0018     0.0013     0.0016     0.0013     0.0015     0.0012     0.0012     0.0015     0.0012     0.0018     0.0013     0.0016     0.0016     0.0026     0.0029 
           Synchronization        
I/O                        0.0000     0.0000     0.0000     0.0000     0.0000     0.0000     0.0000     0.0000     0.0000     0.0000     0.0000     0.0000     0.0000     0.0000     0.0000     0.0000     0.0000     0.0001 
Shadow                     0.0014     0.0009     0.0014     0.0015     0.0010     0.0012     0.0007     0.0001     0.0006     0.0007     0.0000     0.0006     0.0013     0.0009     0.0011     0.0013     0.0026     0.0028 
           Variation              
I/O                        0.0000     0.0002     0.0002     0.0002     0.0002     0.0002     0.0002     0.0002     0.0002     0.0002     0.0002     0.0002     0.0002     0.0002     0.0002     0.0002     0.0002     0.0002 
Reduction                  0.0000     0.0000     0.0000     0.0000     0.0000     0.0000     0.0000     0.0000     0.0000     0.0000     0.0000     0.0000     0.0000     0.0000     0.0000     0.0000     0.0000     0.0000 
Shadow                     0.0009     0.0010     0.0009     0.0010     0.0011     0.0009     0.0008     0.0001     0.0007     0.0009     0.0001     0.0007     0.0009     0.0010     0.0009     0.0009     0.0011     0.0009 
           Overlap                
Reduction                  0.0000     0.0000     0.0000     0.0000     0.0000     0.0000     0.0000     0.0000     0.0000     0.0000     0.0000     0.0000     0.0000     0.0000     0.0000     0.0000     0.0000     0.0000 
Shadow                     0.0000     0.0000     0.0000     0.0000     0.0000     0.0000     0.0000     0.0000     0.0000     0.0000     0.0000     0.0000     0.0000     0.0000     0.0000     0.0000     0.0000     0.0000 


-------------------------------------------------------------------------
Name (number) and performance time of processors
omp.keldysh.ru(1) 0.935535
omp.keldysh.ru(2) 0.935402
omp.keldysh.ru(3) 0.935356
omp.keldysh.ru(4) 0.935335
omp.keldysh.ru(5) 0.956436
omp.keldysh.ru(6) 0.956420
omp.keldysh.ru(7) 0.956391
omp.keldysh.ru(8) 0.956390
omp.keldysh.ru(9) 0.960723
omp.keldysh.ru(10) 0.960732
omp.keldysh.ru(11) 0.959878
omp.keldysh.ru(12) 0.959891
omp.keldysh.ru(13) 0.956395
omp.keldysh.ru(14) 0.956376
omp.keldysh.ru(15) 0.959743
omp.keldysh.ru(16) 0.959985
omp.keldysh.ru(17) 0.951061
omp.keldysh.ru(18) 0.951048
min - omp.keldysh.ru(4) 0.935335; max - omp.keldysh.ru(10) 0.960732; mid - 0.952394
