Processor system=2*2*2*2
Statistics has been accumulated on DVM-system version 5.0, platform DVM
Analyzer is executing on DVM-system version 5.0, platform DVM
-------------------------------------------------------------------------
INTERVAL ( NLINE=7 SOURCE=sh42.f ) LEVEL=0  EXE_COUNT=1
--- The main characteristics --- 
Parallelization efficiency      0.0517 
Execution time                  0.1999 
Processors                          16
Threads amount                      16
Total time                      3.1986
Productive time                 0.1655 ( CPU= 0.1637 Sys= 0.0018 I/O= 0.0000 )
Lost  time                      3.0331 
   Insufficient parallelism     2.4826 ( User= 2.4558 Sys= 0.0268 )
   Communication                0.0046 ( Real_sync= 0.0000 Starts= 0.0000 )
   Idle time                    0.5458
Load imbalance                  0.0342
Synchronization                 2.3569
Time variation                  2.3588
Overlap                         0.0000
                  Nop   Communic    Synchro  Variation    Overlap 
I/O                11     0.0000     1.1409     1.1429     0.0000 
Reduction           9     0.0046     0.6068     0.6068     0.0000 
Shadow              9     0.0000     0.6092     0.6091     0.0000 
--- The comparative characteristics --- 
                              Tmin N proc      Tmax N proc      Tmid
Lost time                   0.1874     7     0.1956    15     0.1896 
User insufficient par.      0.0631    13     0.1852     7     0.1535 
Sys.insufficient par.       0.0010    16     0.0021    10     0.0017 
Idle time                   0.0000     7     0.1309    15     0.0341 
Communication               0.0002     1     0.0004    13     0.0003 
Synchronization             0.0007     7     0.5712    15     0.1473 
Variation                   0.0008     7     0.5714    15     0.1474 
Overlap                     0.0000     1     0.0000     8     0.0000 
Load imbalance              0.0000     7     0.0082    13     0.0021 
Execution time              0.0690    15     0.1999     7     0.1658 
User CPU time               0.0042    13     0.0123     7     0.0102 
Sys. CPU time               0.0001    16     0.0001    10     0.0001 
I/O time                    0.0000     5     0.0000     1     0.0000 
Processors                      16     1         16    16         16 
                      Communic          Synchro        Variation          Overlap  
I/O             Tmin    0.0000     1     0.0001     7     0.0003     7     0.0000     1 
I/O             Tmax    0.0000    16     0.2785    15     0.2786    15     0.0000    16 
I/O             Tmid    0.0000           0.0713           0.0714           0.0000       
Reduction       Tmin    0.0002     1     0.0001     7     0.0001     7     0.0000     1 
Reduction       Tmax    0.0004    13     0.1477    15     0.1477    15     0.0000     7 
Reduction       Tmid    0.0003           0.0379           0.0379           0.0000       
Shadow          Tmin    0.0000     1     0.0002     8     0.0002     8     0.0000     1 
Shadow          Tmax    0.0000    16     0.1450    15     0.1450    15     0.0000     8 
Shadow          Tmid    0.0000           0.0381           0.0381           0.0000       
--- The execution characteristics --- 
                                1          2          3          4          5          6          7          8          9         10         11         12         13         14         15         16 
Lost time                  0.1877     0.1877     0.1875     0.1875     0.1875     0.1875     0.1874     0.1875     0.1878     0.1879     0.1875     0.1875     0.1956     0.1956     0.1956     0.1956 
User insufficient par.     0.1822     0.1824     0.1846     0.1848     0.1846     0.1846     0.1852     0.1847     0.1807     0.1784     0.1846     0.1846     0.0631     0.0643     0.0631     0.0640 
Sys.insufficient par.      0.0017     0.0015     0.0019     0.0017     0.0019     0.0020     0.0019     0.0019     0.0016     0.0021     0.0019     0.0019     0.0013     0.0011     0.0013     0.0010 
Idle time                  0.0036     0.0036     0.0007     0.0007     0.0007     0.0007     0.0000     0.0007     0.0051     0.0071     0.0007     0.0007     0.1309     0.1298     0.1309     0.1302 
Communication              0.0002     0.0003     0.0002     0.0002     0.0002     0.0002     0.0003     0.0003     0.0003     0.0003     0.0003     0.0003     0.0004     0.0004     0.0004     0.0004 
Synchronization            0.0178     0.0166     0.0031     0.0037     0.0024     0.0027     0.0007     0.0007     0.0146     0.0227     0.0024     0.0026     0.5710     0.5638     0.5712     0.5611 
Variation                  0.0176     0.0167     0.0032     0.0039     0.0026     0.0028     0.0008     0.0008     0.0147     0.0228     0.0026     0.0027     0.5711     0.5640     0.5714     0.5612 
Overlap                    0.0000     0.0000     0.0000     0.0000     0.0000     0.0000     0.0000     0.0000     0.0000     0.0000     0.0000     0.0000     0.0000     0.0000     0.0000     0.0000 
Load imbalance             0.0002     0.0002     0.0000     0.0000     0.0000     0.0000     0.0000     0.0000     0.0003     0.0004     0.0000     0.0000     0.0082     0.0081     0.0082     0.0081 
Execution time             0.1963     0.1963     0.1993     0.1992     0.1992     0.1992     0.1999     0.1992     0.1948     0.1928     0.1992     0.1992     0.0691     0.0702     0.0690     0.0697 
User CPU time              0.0121     0.0122     0.0123     0.0123     0.0123     0.0123     0.0123     0.0123     0.0120     0.0119     0.0123     0.0123     0.0042     0.0043     0.0042     0.0043 
Sys. CPU time              0.0001     0.0001     0.0001     0.0001     0.0001     0.0001     0.0001     0.0001     0.0001     0.0001     0.0001     0.0001     0.0001     0.0001     0.0001     0.0001 
I/O time                   0.0000     0.0000     0.0000     0.0000     0.0000     0.0000     0.0000     0.0000     0.0000     0.0000     0.0000     0.0000     0.0000     0.0000     0.0000     0.0000 
Processors                     16         16         16         16         16         16         16         16         16         16         16         16         16         16         16         16 
           Communication          
Reduction                  0.0002     0.0003     0.0002     0.0002     0.0002     0.0002     0.0003     0.0003     0.0003     0.0003     0.0003     0.0003     0.0004     0.0004     0.0004     0.0004 
           Synchronization        
I/O                        0.0072     0.0071     0.0008     0.0013     0.0006     0.0007     0.0001     0.0002     0.0069     0.0096     0.0005     0.0007     0.2785     0.2746     0.2785     0.2737 
Reduction                  0.0044     0.0042     0.0005     0.0007     0.0005     0.0006     0.0001     0.0002     0.0033     0.0055     0.0004     0.0005     0.1477     0.1456     0.1477     0.1449 
Shadow                     0.0062     0.0053     0.0018     0.0017     0.0014     0.0014     0.0004     0.0002     0.0043     0.0075     0.0014     0.0014     0.1448     0.1436     0.1450     0.1425 
           Variation              
I/O                        0.0070     0.0072     0.0009     0.0014     0.0007     0.0008     0.0003     0.0004     0.0070     0.0098     0.0007     0.0008     0.2786     0.2748     0.2786     0.2738 
Reduction                  0.0044     0.0042     0.0005     0.0007     0.0005     0.0006     0.0001     0.0002     0.0033     0.0055     0.0004     0.0005     0.1477     0.1456     0.1477     0.1449 
Shadow                     0.0062     0.0053     0.0018     0.0017     0.0014     0.0014     0.0004     0.0002     0.0043     0.0075     0.0014     0.0014     0.1448     0.1436     0.1450     0.1425 
           Overlap                
Reduction                  0.0000     0.0000     0.0000     0.0000     0.0000     0.0000     0.0000     0.0000     0.0000     0.0000     0.0000     0.0000     0.0000     0.0000     0.0000     0.0000 
Shadow                     0.0000     0.0000     0.0000     0.0000     0.0000     0.0000     0.0000     0.0000     0.0000     0.0000     0.0000     0.0000     0.0000     0.0000     0.0000     0.0000 


-------------------------------------------------------------------------
Name (number) and performance time of processors
omp.keldysh.ru(1) 0.935409
omp.keldysh.ru(2) 0.935322
omp.keldysh.ru(3) 0.959925
omp.keldysh.ru(4) 0.959958
omp.keldysh.ru(5) 0.957297
omp.keldysh.ru(6) 0.957304
omp.keldysh.ru(7) 0.958831
omp.keldysh.ru(8) 0.959127
omp.keldysh.ru(9) 0.960799
omp.keldysh.ru(10) 0.960809
omp.keldysh.ru(11) 0.961611
omp.keldysh.ru(12) 0.961615
omp.keldysh.ru(13) 0.959916
omp.keldysh.ru(14) 0.959921
omp.keldysh.ru(15) 0.957833
omp.keldysh.ru(16) 0.957832
min - omp.keldysh.ru(2) 0.935322; max - omp.keldysh.ru(12) 0.961615; mid - 0.956469
