Processor system=1*6*3
Statistics has been accumulated on DVM-system version 5.0, platform DVM
Analyzer is executing on DVM-system version 5.0, platform DVM
-------------------------------------------------------------------------
INTERVAL ( NLINE=8 SOURCE=red32.f ) LEVEL=0  EXE_COUNT=2
--- The main characteristics --- 
Parallelization efficiency      0.0496 
Execution time                  0.0119 
Processors                          18
Threads amount                      18
Total time                      0.2133
Productive time                 0.0106 ( CPU= 0.0096 Sys= 0.0009 I/O= 0.0000 )
Lost  time                      0.2027 
   Insufficient parallelism     0.1511 ( User= 0.1346 Sys= 0.0165 )
   Communication                0.0200 ( Real_sync= 0.0000 Starts= 0.0000 )
   Idle time                    0.0317
Load imbalance                  0.0017
Synchronization                 0.0130
Time variation                  0.0112
Overlap                         0.0000
                  Nop   Communic    Synchro  Variation    Overlap 
I/O                17     0.0000     0.0023     0.0056     0.0000 
Reduction          15     0.0128     0.0026     0.0020     0.0000 
Remote access      37     0.0072     0.0081     0.0036     0.0000 
--- The comparative characteristics --- 
                              Tmin N proc      Tmax N proc      Tmid
Lost time                   0.0112     1     0.0113    18     0.0113 
User insufficient par.      0.0065    18     0.0091     3     0.0075 
Sys.insufficient par.       0.0007    17     0.0011     1     0.0009 
Idle time                   0.0000     3     0.0027     7     0.0018 
Communication               0.0010     1     0.0015    17     0.0011 
Synchronization             0.0003     1     0.0011    17     0.0007 
Variation                   0.0002     1     0.0009     5     0.0006 
Overlap                     0.0000     4     0.0000    18     0.0000 
Load imbalance              0.0000     3     0.0002    18     0.0001 
Execution time              0.0092     7     0.0119     3     0.0101 
User CPU time               0.0005    18     0.0006     3     0.0005 
Sys. CPU time               0.0000    17     0.0001     2     0.0001 
I/O time                    0.0000     7     0.0000     1     0.0000 
Processors                      18     1         18    18         18 
                      Communic          Synchro        Variation          Overlap  
I/O             Tmin    0.0000     1     0.0001    16     0.0000     1     0.0000     1 
I/O             Tmax    0.0000    18     0.0002    17     0.0004    17     0.0000    18 
I/O             Tmid    0.0000           0.0001           0.0003           0.0000       
Reduction       Tmin    0.0006     1     0.0001    16     0.0001    18     0.0000     1 
Reduction       Tmax    0.0008    17     0.0002    17     0.0002     2     0.0000    18 
Reduction       Tmid    0.0007           0.0001           0.0001           0.0000       
Remote access   Tmin    0.0002     4     0.0001     1     0.0001    18     0.0000     4 
Remote access   Tmax    0.0007    17     0.0007    17     0.0004     4     0.0000     3 
Remote access   Tmid    0.0004           0.0005           0.0002           0.0000       
--- The execution characteristics --- 
                                1          2          3          4          5          6          7          8          9         10         11         12         13         14         15         16         17         18 
Lost time                  0.0112     0.0113     0.0112     0.0112     0.0113     0.0113     0.0113     0.0113     0.0112     0.0112     0.0113     0.0113     0.0113     0.0112     0.0112     0.0113     0.0112     0.0113 
User insufficient par.     0.0090     0.0066     0.0091     0.0081     0.0067     0.0067     0.0067     0.0067     0.0088     0.0088     0.0067     0.0067     0.0067     0.0077     0.0077     0.0073     0.0082     0.0065 
Sys.insufficient par.      0.0011     0.0010     0.0010     0.0009     0.0009     0.0009     0.0009     0.0009     0.0009     0.0009     0.0009     0.0009     0.0009     0.0009     0.0009     0.0009     0.0007     0.0008 
Idle time                  0.0000     0.0026     0.0000     0.0012     0.0026     0.0026     0.0027     0.0026     0.0004     0.0004     0.0026     0.0027     0.0027     0.0016     0.0016     0.0020     0.0008     0.0026 
Communication              0.0010     0.0011     0.0011     0.0010     0.0010     0.0011     0.0011     0.0011     0.0011     0.0011     0.0011     0.0011     0.0011     0.0010     0.0010     0.0011     0.0015     0.0013 
Synchronization            0.0003     0.0005     0.0004     0.0008     0.0009     0.0008     0.0007     0.0009     0.0007     0.0007     0.0009     0.0007     0.0007     0.0009     0.0006     0.0006     0.0011     0.0007 
Variation                  0.0002     0.0007     0.0005     0.0008     0.0009     0.0007     0.0007     0.0008     0.0006     0.0006     0.0007     0.0006     0.0006     0.0007     0.0005     0.0005     0.0007     0.0004 
Overlap                    0.0000     0.0000     0.0000     0.0000     0.0000     0.0000     0.0000     0.0000     0.0000     0.0000     0.0000     0.0000     0.0000     0.0000     0.0000     0.0000     0.0000     0.0000 
Load imbalance             0.0000     0.0001     0.0000     0.0001     0.0001     0.0001     0.0001     0.0001     0.0000     0.0000     0.0001     0.0001     0.0001     0.0001     0.0001     0.0001     0.0001     0.0002 
Execution time             0.0118     0.0092     0.0119     0.0107     0.0092     0.0092     0.0092     0.0092     0.0114     0.0114     0.0092     0.0092     0.0092     0.0103     0.0103     0.0099     0.0111     0.0092 
User CPU time              0.0006     0.0005     0.0006     0.0006     0.0005     0.0005     0.0005     0.0005     0.0006     0.0006     0.0005     0.0005     0.0005     0.0006     0.0006     0.0005     0.0006     0.0005 
Sys. CPU time              0.0001     0.0001     0.0001     0.0001     0.0001     0.0001     0.0001     0.0001     0.0001     0.0001     0.0001     0.0001     0.0001     0.0001     0.0001     0.0001     0.0000     0.0000 
I/O time                   0.0000     0.0000     0.0000     0.0000     0.0000     0.0000     0.0000     0.0000     0.0000     0.0000     0.0000     0.0000     0.0000     0.0000     0.0000     0.0000     0.0000     0.0000 
Processors                     18         18         18         18         18         18         18         18         18         18         18         18         18         18         18         18         18         18 
           Communication          
Reduction                  0.0006     0.0006     0.0007     0.0008     0.0007     0.0008     0.0008     0.0007     0.0008     0.0008     0.0007     0.0007     0.0007     0.0006     0.0006     0.0007     0.0008     0.0008 
Remote access              0.0004     0.0005     0.0005     0.0002     0.0003     0.0003     0.0003     0.0004     0.0004     0.0003     0.0004     0.0004     0.0004     0.0004     0.0004     0.0004     0.0007     0.0005 
           Synchronization        
I/O                        0.0001     0.0002     0.0001     0.0001     0.0002     0.0001     0.0001     0.0002     0.0001     0.0001     0.0002     0.0001     0.0001     0.0002     0.0001     0.0001     0.0002     0.0001 
Reduction                  0.0001     0.0002     0.0001     0.0001     0.0002     0.0001     0.0001     0.0002     0.0001     0.0001     0.0002     0.0001     0.0001     0.0002     0.0001     0.0001     0.0002     0.0001 
Remote access              0.0001     0.0002     0.0002     0.0005     0.0005     0.0005     0.0005     0.0005     0.0005     0.0004     0.0005     0.0005     0.0005     0.0005     0.0005     0.0004     0.0007     0.0005 
           Variation              
I/O                        0.0000     0.0004     0.0003     0.0003     0.0004     0.0003     0.0003     0.0004     0.0003     0.0003     0.0004     0.0003     0.0003     0.0004     0.0003     0.0003     0.0004     0.0003 
Reduction                  0.0001     0.0002     0.0001     0.0001     0.0002     0.0001     0.0001     0.0002     0.0001     0.0001     0.0002     0.0001     0.0001     0.0002     0.0001     0.0001     0.0002     0.0001 
Remote access              0.0001     0.0001     0.0001     0.0004     0.0003     0.0003     0.0003     0.0003     0.0003     0.0002     0.0002     0.0002     0.0002     0.0002     0.0001     0.0001     0.0001     0.0001 
           Overlap                
Reduction                  0.0000     0.0000     0.0000     0.0000     0.0000     0.0000     0.0000     0.0000     0.0000     0.0000     0.0000     0.0000     0.0000     0.0000     0.0000     0.0000     0.0000     0.0000 
Remote access              0.0000     0.0000     0.0000     0.0000     0.0000     0.0000     0.0000     0.0000     0.0000     0.0000     0.0000     0.0000     0.0000     0.0000     0.0000     0.0000     0.0000     0.0000 


-------------------------------------------------------------------------
Name (number) and performance time of processors
omp.keldysh.ru(1) 0.933840
omp.keldysh.ru(2) 0.933786
omp.keldysh.ru(3) 0.957920
omp.keldysh.ru(4) 0.958329
omp.keldysh.ru(5) 0.958227
omp.keldysh.ru(6) 0.958219
omp.keldysh.ru(7) 0.956545
omp.keldysh.ru(8) 0.956547
omp.keldysh.ru(9) 0.956693
omp.keldysh.ru(10) 0.956675
omp.keldysh.ru(11) 0.957882
omp.keldysh.ru(12) 0.957871
omp.keldysh.ru(13) 0.958781
omp.keldysh.ru(14) 0.958806
omp.keldysh.ru(15) 0.933970
omp.keldysh.ru(16) 0.933925
omp.keldysh.ru(17) 0.956291
omp.keldysh.ru(18) 0.956538
min - omp.keldysh.ru(2) 0.933786; max - omp.keldysh.ru(14) 0.958806; mid - 0.952269
