Processor system=1*3*2*3
Statistics has been accumulated on DVM-system version 5.0, platform DVM
Analyzer is executing on DVM-system version 5.0, platform DVM
-------------------------------------------------------------------------
INTERVAL ( NLINE=8 SOURCE=sha41.f ) LEVEL=0  EXE_COUNT=2
--- The main characteristics --- 
Parallelization efficiency      0.0613 
Execution time                  0.0124 
Processors                          18
Threads amount                      18
Total time                      0.2224
Productive time                 0.0136 ( CPU= 0.0126 Sys= 0.0010 I/O= 0.0000 )
Lost  time                      0.2087 
   Insufficient parallelism     0.1303 ( User= 0.1122 Sys= 0.0181 )
   Communication                0.0383 ( Real_sync= 0.0000 Starts= 0.0000 )
   Idle time                    0.0401
Load imbalance                  0.0025
Synchronization                 0.0180
Time variation                  0.0102
Overlap                         0.0000
                  Nop   Communic    Synchro  Variation    Overlap 
I/O                 6     0.0000     0.0006     0.0034     0.0000 
Reduction           5     0.0081     0.0001     0.0001     0.0000 
Shadow              5     0.0302     0.0173     0.0067     0.0000 
--- The comparative characteristics --- 
                              Tmin N proc      Tmax N proc      Tmid
Lost time                   0.0115    11     0.0118    17     0.0116 
User insufficient par.      0.0040    17     0.0084     5     0.0062 
Sys.insufficient par.       0.0007    18     0.0013    11     0.0010 
Idle time                   0.0000     5     0.0039     6     0.0022 
Communication               0.0016     8     0.0032    18     0.0021 
Synchronization             0.0000     8     0.0025    18     0.0010 
Variation                   0.0002     8     0.0007     5     0.0006 
Overlap                     0.0000     1     0.0000     8     0.0000 
Load imbalance              0.0000    11     0.0004    17     0.0001 
Execution time              0.0085     6     0.0124     5     0.0101 
User CPU time               0.0005    17     0.0008     5     0.0007 
Sys. CPU time               0.0000    18     0.0001    11     0.0001 
I/O time                    0.0000    14     0.0000     1     0.0000 
Processors                      18     1         18    18         18 
                      Communic          Synchro        Variation          Overlap  
I/O             Tmin    0.0000     1     0.0000     8     0.0000     1     0.0000     1 
I/O             Tmax    0.0000    18     0.0001    17     0.0002    17     0.0000    18 
I/O             Tmid    0.0000           0.0000           0.0002           0.0000       
Reduction       Tmin    0.0000     8     0.0000     5     0.0000    10     0.0000     1 
Reduction       Tmax    0.0006    17     0.0000    18     0.0000    18     0.0000     5 
Reduction       Tmid    0.0005           0.0000           0.0000           0.0000       
Shadow          Tmin    0.0014    12     0.0000     8     0.0000     8     0.0000     1 
Shadow          Tmax    0.0027    18     0.0024    18     0.0005     2     0.0000     8 
Shadow          Tmid    0.0017           0.0010           0.0004           0.0000       
--- The execution characteristics --- 
                                1          2          3          4          5          6          7          8          9         10         11         12         13         14         15         16         17         18 
Lost time                  0.0116     0.0116     0.0117     0.0116     0.0115     0.0117     0.0116     0.0116     0.0116     0.0115     0.0115     0.0116     0.0115     0.0116     0.0115     0.0115     0.0118     0.0117 
User insufficient par.     0.0066     0.0065     0.0048     0.0073     0.0084     0.0047     0.0061     0.0056     0.0053     0.0071     0.0071     0.0059     0.0078     0.0047     0.0064     0.0077     0.0040     0.0061 
Sys.insufficient par.      0.0010     0.0010     0.0009     0.0009     0.0010     0.0009     0.0011     0.0013     0.0011     0.0011     0.0013     0.0011     0.0009     0.0011     0.0009     0.0009     0.0008     0.0007 
Idle time                  0.0019     0.0019     0.0039     0.0011     0.0000     0.0039     0.0025     0.0030     0.0033     0.0014     0.0014     0.0027     0.0006     0.0039     0.0022     0.0009     0.0039     0.0017 
Communication              0.0021     0.0020     0.0022     0.0023     0.0020     0.0022     0.0020     0.0016     0.0020     0.0020     0.0017     0.0018     0.0022     0.0020     0.0020     0.0020     0.0031     0.0032 
Synchronization            0.0011     0.0009     0.0011     0.0012     0.0007     0.0011     0.0007     0.0000     0.0008     0.0008     0.0002     0.0006     0.0011     0.0008     0.0010     0.0010     0.0024     0.0025 
Variation                  0.0004     0.0007     0.0006     0.0006     0.0007     0.0006     0.0006     0.0002     0.0006     0.0006     0.0003     0.0006     0.0006     0.0007     0.0006     0.0006     0.0007     0.0006 
Overlap                    0.0000     0.0000     0.0000     0.0000     0.0000     0.0000     0.0000     0.0000     0.0000     0.0000     0.0000     0.0000     0.0000     0.0000     0.0000     0.0000     0.0000     0.0000 
Load imbalance             0.0002     0.0001     0.0002     0.0001     0.0000     0.0002     0.0002     0.0001     0.0001     0.0001     0.0000     0.0001     0.0001     0.0002     0.0001     0.0000     0.0004     0.0002 
Execution time             0.0104     0.0104     0.0085     0.0112     0.0124     0.0085     0.0099     0.0093     0.0091     0.0110     0.0110     0.0096     0.0118     0.0085     0.0101     0.0115     0.0085     0.0107 
User CPU time              0.0007     0.0007     0.0006     0.0007     0.0008     0.0006     0.0007     0.0007     0.0007     0.0008     0.0008     0.0007     0.0008     0.0007     0.0008     0.0008     0.0005     0.0006 
Sys. CPU time              0.0001     0.0001     0.0001     0.0001     0.0001     0.0001     0.0001     0.0001     0.0001     0.0001     0.0001     0.0001     0.0001     0.0001     0.0001     0.0001     0.0000     0.0000 
I/O time                   0.0000     0.0000     0.0000     0.0000     0.0000     0.0000     0.0000     0.0000     0.0000     0.0000     0.0000     0.0000     0.0000     0.0000     0.0000     0.0000     0.0000     0.0000 
Processors                     18         18         18         18         18         18         18         18         18         18         18         18         18         18         18         18         18         18 
           Communication          
Reduction                  0.0005     0.0006     0.0005     0.0005     0.0005     0.0005     0.0005     0.0000     0.0005     0.0005     0.0002     0.0004     0.0005     0.0005     0.0005     0.0005     0.0006     0.0005 
Shadow                     0.0015     0.0015     0.0017     0.0017     0.0015     0.0017     0.0015     0.0016     0.0015     0.0016     0.0015     0.0014     0.0017     0.0014     0.0015     0.0016     0.0026     0.0027 
           Synchronization        
I/O                        0.0000     0.0000     0.0000     0.0000     0.0000     0.0000     0.0000     0.0000     0.0000     0.0000     0.0000     0.0000     0.0001     0.0000     0.0000     0.0000     0.0001     0.0001 
Reduction                  0.0000     0.0000     0.0000     0.0000     0.0000     0.0000     0.0000     0.0000     0.0000     0.0000     0.0000     0.0000     0.0000     0.0000     0.0000     0.0000     0.0000     0.0000 
Shadow                     0.0011     0.0009     0.0011     0.0012     0.0007     0.0011     0.0006     0.0000     0.0007     0.0008     0.0001     0.0006     0.0010     0.0008     0.0009     0.0010     0.0023     0.0024 
           Variation              
I/O                        0.0000     0.0002     0.0002     0.0002     0.0002     0.0002     0.0002     0.0002     0.0002     0.0002     0.0002     0.0002     0.0002     0.0002     0.0002     0.0002     0.0002     0.0002 
Reduction                  0.0000     0.0000     0.0000     0.0000     0.0000     0.0000     0.0000     0.0000     0.0000     0.0000     0.0000     0.0000     0.0000     0.0000     0.0000     0.0000     0.0000     0.0000 
Shadow                     0.0004     0.0005     0.0004     0.0004     0.0005     0.0004     0.0004     0.0000     0.0004     0.0004     0.0001     0.0004     0.0004     0.0005     0.0004     0.0004     0.0005     0.0004 
           Overlap                
Reduction                  0.0000     0.0000     0.0000     0.0000     0.0000     0.0000     0.0000     0.0000     0.0000     0.0000     0.0000     0.0000     0.0000     0.0000     0.0000     0.0000     0.0000     0.0000 
Shadow                     0.0000     0.0000     0.0000     0.0000     0.0000     0.0000     0.0000     0.0000     0.0000     0.0000     0.0000     0.0000     0.0000     0.0000     0.0000     0.0000     0.0000     0.0000 


-------------------------------------------------------------------------
Name (number) and performance time of processors
omp.keldysh.ru(1) 0.935396
omp.keldysh.ru(2) 0.935302
omp.keldysh.ru(3) 0.957169
omp.keldysh.ru(4) 0.957170
omp.keldysh.ru(5) 0.956736
omp.keldysh.ru(6) 0.956970
omp.keldysh.ru(7) 0.954388
omp.keldysh.ru(8) 0.954386
omp.keldysh.ru(9) 0.955926
omp.keldysh.ru(10) 0.955932
omp.keldysh.ru(11) 0.935281
omp.keldysh.ru(12) 0.935276
omp.keldysh.ru(13) 0.955845
omp.keldysh.ru(14) 0.955842
omp.keldysh.ru(15) 0.956105
omp.keldysh.ru(16) 0.956103
omp.keldysh.ru(17) 0.948663
omp.keldysh.ru(18) 0.948582
min - omp.keldysh.ru(12) 0.935276; max - omp.keldysh.ru(4) 0.957170; mid - 0.950615
