Processor system=1*2*3*3
Statistics has been accumulated on DVM-system version 5.0, platform DVM
Analyzer is executing on DVM-system version 5.0, platform DVM
-------------------------------------------------------------------------
INTERVAL ( NLINE=7 SOURCE=acr42.f ) LEVEL=0  EXE_COUNT=2
--- The main characteristics --- 
Parallelization efficiency      0.0530 
Execution time                  0.8758 
Processors                          18
Threads amount                      18
Total time                     15.7638
Productive time                 0.8359 ( CPU= 0.8300 Sys= 0.0058 I/O= 0.0000 )
Lost  time                     14.9279 
   Insufficient parallelism    14.2102 ( User= 14.1106 Sys= 0.0996 )
   Communication                0.0049 ( Real_sync= 0.0000 Starts= 0.0000 )
   Idle time                    0.7127
Load imbalance                  0.0397
Synchronization                 4.4763
Time variation                  4.4779
Overlap                         0.0044
                  Nop   Communic    Synchro  Variation    Overlap 
I/O                12     0.0000     1.4092     1.4109     0.0000 
Reduction          10     0.0049     0.7092     0.7091     0.0000 
Shadow             28     0.0000     2.3579     2.3579     0.0044 
--- The comparative characteristics --- 
                              Tmin N proc      Tmax N proc      Tmid
Lost time                   0.8271    16     0.8445    18     0.8293 
User insufficient par.      0.5289    18     0.8200    16     0.7839 
Sys.insufficient par.       0.0023    17     0.0071     5     0.0055 
Idle time                   0.0000    16     0.3127    18     0.0396 
Communication               0.0002    16     0.0004    18     0.0003 
Synchronization             0.0002    15     1.9070    18     0.2487 
Variation                   0.0003    15     1.9070    18     0.2488 
Overlap                     0.0000    17     0.0007    15     0.0002 
Load imbalance              0.0000    16     0.0174    18     0.0022 
Execution time              0.5630    18     0.8758    16     0.8362 
User CPU time               0.0311    18     0.0482    16     0.0461 
Sys. CPU time               0.0001    17     0.0004     5     0.0003 
I/O time                    0.0000    12     0.0000     1     0.0000 
Processors                      18     1         18    18         18 
                      Communic          Synchro        Variation          Overlap  
I/O             Tmin    0.0000     1     0.0000    15     0.0002    15     0.0000     1 
I/O             Tmax    0.0000    18     0.6297    18     0.6298    18     0.0000    18 
I/O             Tmid    0.0000           0.0783           0.0784           0.0000       
Reduction       Tmin    0.0002    16     0.0000    15     0.0000    15     0.0000     1 
Reduction       Tmax    0.0004    18     0.3169    18     0.3169    18     0.0000    12 
Reduction       Tmid    0.0003           0.0394           0.0394           0.0000       
Shadow          Tmin    0.0000     1     0.0001    15     0.0001    15     0.0000    17 
Shadow          Tmax    0.0000    18     0.9604    18     0.9604    18     0.0007    15 
Shadow          Tmid    0.0000           0.1310           0.1310           0.0002       
--- The execution characteristics --- 
                                1          2          3          4          5          6          7          8          9         10         11         12         13         14         15         16         17         18 
Lost time                  0.8280     0.8280     0.8272     0.8273     0.8272     0.8273     0.8273     0.8273     0.8271     0.8273     0.8271     0.8272     0.8282     0.8282     0.8272     0.8271     0.8443     0.8445 
User insufficient par.     0.8076     0.8076     0.8184     0.8174     0.8191     0.8174     0.8174     0.8178     0.8199     0.8176     0.8195     0.8186     0.8061     0.8059     0.8188     0.8200     0.5325     0.5289 
Sys.insufficient par.      0.0043     0.0042     0.0066     0.0065     0.0071     0.0069     0.0059     0.0054     0.0066     0.0070     0.0070     0.0067     0.0033     0.0035     0.0070     0.0069     0.0023     0.0025 
Idle time                  0.0160     0.0160     0.0019     0.0031     0.0008     0.0027     0.0038     0.0038     0.0004     0.0023     0.0004     0.0016     0.0185     0.0184     0.0012     0.0000     0.3091     0.3127 
Communication              0.0003     0.0003     0.0003     0.0003     0.0002     0.0002     0.0003     0.0003     0.0002     0.0002     0.0003     0.0003     0.0003     0.0003     0.0002     0.0002     0.0004     0.0004 
Synchronization            0.0863     0.0905     0.0241     0.0330     0.0214     0.0305     0.0388     0.0391     0.0301     0.0334     0.0289     0.0273     0.0980     0.1043     0.0002     0.0057     1.8780     1.9070 
Variation                  0.0860     0.0906     0.0242     0.0331     0.0215     0.0306     0.0389     0.0392     0.0302     0.0335     0.0290     0.0274     0.0981     0.1044     0.0003     0.0058     1.8781     1.9070 
Overlap                    0.0002     0.0002     0.0002     0.0002     0.0002     0.0003     0.0002     0.0002     0.0003     0.0003     0.0003     0.0003     0.0002     0.0002     0.0007     0.0005     0.0000     0.0000 
Load imbalance             0.0009     0.0009     0.0001     0.0002     0.0000     0.0002     0.0002     0.0002     0.0000     0.0001     0.0000     0.0001     0.0010     0.0010     0.0001     0.0000     0.0172     0.0174 
Execution time             0.8598     0.8598     0.8738     0.8727     0.8750     0.8730     0.8720     0.8720     0.8754     0.8734     0.8754     0.8742     0.8573     0.8573     0.8746     0.8758     0.5666     0.5630 
User CPU time              0.0475     0.0475     0.0481     0.0481     0.0482     0.0481     0.0481     0.0481     0.0482     0.0481     0.0482     0.0482     0.0474     0.0474     0.0482     0.0482     0.0313     0.0311 
Sys. CPU time              0.0002     0.0002     0.0004     0.0004     0.0004     0.0004     0.0003     0.0003     0.0004     0.0004     0.0004     0.0004     0.0002     0.0002     0.0004     0.0004     0.0001     0.0001 
I/O time                   0.0000     0.0000     0.0000     0.0000     0.0000     0.0000     0.0000     0.0000     0.0000     0.0000     0.0000     0.0000     0.0000     0.0000     0.0000     0.0000     0.0000     0.0000 
Processors                     18         18         18         18         18         18         18         18         18         18         18         18         18         18         18         18         18         18 
           Communication          
Reduction                  0.0003     0.0003     0.0003     0.0003     0.0002     0.0002     0.0003     0.0003     0.0002     0.0002     0.0003     0.0003     0.0003     0.0003     0.0002     0.0002     0.0004     0.0004 
           Synchronization        
I/O                        0.0268     0.0278     0.0027     0.0041     0.0021     0.0033     0.0065     0.0069     0.0038     0.0040     0.0033     0.0033     0.0312     0.0332     0.0000     0.0004     0.6201     0.6297 
Reduction                  0.0110     0.0118     0.0023     0.0028     0.0019     0.0025     0.0035     0.0035     0.0031     0.0035     0.0030     0.0029     0.0132     0.0145     0.0000     0.0003     0.3124     0.3169 
Shadow                     0.0485     0.0509     0.0191     0.0261     0.0173     0.0247     0.0288     0.0287     0.0232     0.0258     0.0226     0.0211     0.0536     0.0565     0.0001     0.0050     0.9455     0.9604 
           Variation              
I/O                        0.0264     0.0279     0.0028     0.0043     0.0022     0.0034     0.0066     0.0070     0.0039     0.0042     0.0034     0.0034     0.0313     0.0334     0.0002     0.0005     0.6202     0.6298 
Reduction                  0.0110     0.0118     0.0023     0.0028     0.0019     0.0025     0.0035     0.0035     0.0031     0.0035     0.0030     0.0029     0.0132     0.0145     0.0000     0.0003     0.3124     0.3169 
Shadow                     0.0485     0.0509     0.0191     0.0261     0.0173     0.0247     0.0288     0.0287     0.0232     0.0258     0.0226     0.0211     0.0536     0.0565     0.0001     0.0050     0.9455     0.9604 
           Overlap                
Reduction                  0.0000     0.0000     0.0000     0.0000     0.0000     0.0000     0.0000     0.0000     0.0000     0.0000     0.0000     0.0000     0.0000     0.0000     0.0000     0.0000     0.0000     0.0000 
Shadow                     0.0002     0.0002     0.0002     0.0002     0.0002     0.0003     0.0002     0.0002     0.0003     0.0003     0.0003     0.0003     0.0002     0.0002     0.0007     0.0005     0.0000     0.0000 


-------------------------------------------------------------------------
Name (number) and performance time of processors
omp.keldysh.ru(1) 0.933953
omp.keldysh.ru(2) 0.933868
omp.keldysh.ru(3) 0.954800
omp.keldysh.ru(4) 0.954812
omp.keldysh.ru(5) 0.953357
omp.keldysh.ru(6) 0.953357
omp.keldysh.ru(7) 0.949729
omp.keldysh.ru(8) 0.949746
omp.keldysh.ru(9) 0.954215
omp.keldysh.ru(10) 0.954205
omp.keldysh.ru(11) 0.956883
omp.keldysh.ru(12) 0.957181
omp.keldysh.ru(13) 0.954129
omp.keldysh.ru(14) 0.954072
omp.keldysh.ru(15) 0.957075
omp.keldysh.ru(16) 0.957057
omp.keldysh.ru(17) 0.933981
omp.keldysh.ru(18) 0.933965
min - omp.keldysh.ru(2) 0.933868; max - omp.keldysh.ru(12) 0.957181; mid - 0.949799
