Processor system=3*1*3*2
Statistics has been accumulated on DVM-system version 5.0, platform DVM
Analyzer is executing on DVM-system version 5.0, platform DVM
-------------------------------------------------------------------------
INTERVAL ( NLINE=7 SOURCE=reda43.f ) LEVEL=0  EXE_COUNT=2
--- The main characteristics --- 
Parallelization efficiency      0.0498 
Execution time                  0.0055 
Processors                          18
Threads amount                      18
Total time                      0.0992
Productive time                 0.0049 ( CPU= 0.0044 Sys= 0.0005 I/O= 0.0000 )
Lost  time                      0.0943 
   Insufficient parallelism     0.0764 ( User= 0.0678 Sys= 0.0085 )
   Communication                0.0142 ( Real_sync= 0.0000 Starts= 0.0000 )
   Idle time                    0.0037
Load imbalance                  0.0004
Synchronization                 0.0072
Time variation                  0.0055
Overlap                         0.0001
                  Nop   Communic    Synchro  Variation    Overlap 
I/O                 6     0.0000     0.0011     0.0031     0.0000 
Reduction           5     0.0096     0.0008     0.0004     0.0001 
Remote access      22     0.0046     0.0053     0.0020     0.0000 
--- The comparative characteristics --- 
                              Tmin N proc      Tmax N proc      Tmid
Lost time                   0.0052    16     0.0053    18     0.0052 
User insufficient par.      0.0023    18     0.0040    16     0.0038 
Sys.insufficient par.       0.0004    17     0.0006     1     0.0005 
Idle time                   0.0000    15     0.0016     2     0.0002 
Communication               0.0007    16     0.0011    17     0.0008 
Synchronization             0.0001     1     0.0006    17     0.0004 
Variation                   0.0001     1     0.0004     3     0.0003 
Overlap                     0.0000    17     0.0000    15     0.0000 
Load imbalance              0.0000    16     0.0001    18     0.0000 
Execution time              0.0039     2     0.0055    15     0.0053 
User CPU time               0.0002    18     0.0003    16     0.0002 
Sys. CPU time               0.0000    17     0.0000     7     0.0000 
I/O time                    0.0000     7     0.0000     1     0.0000 
Processors                      18     1         18    18         18 
                      Communic          Synchro        Variation          Overlap  
I/O             Tmin    0.0000     1     0.0000     7     0.0000     1     0.0000     1 
I/O             Tmax    0.0000    18     0.0001     2     0.0002     2     0.0000    18 
I/O             Tmid    0.0000           0.0001           0.0002           0.0000       
Reduction       Tmin    0.0005     1     0.0000    16     0.0000    10     0.0000    17 
Reduction       Tmax    0.0006     5     0.0001     4     0.0000     2     0.0000    15 
Reduction       Tmid    0.0005           0.0000           0.0000           0.0000       
Remote access   Tmin    0.0002     3     0.0000     1     0.0000     1     0.0000     2 
Remote access   Tmax    0.0005    17     0.0005    17     0.0002     3     0.0000     1 
Remote access   Tmid    0.0003           0.0003           0.0001           0.0000       
--- The execution characteristics --- 
                                1          2          3          4          5          6          7          8          9         10         11         12         13         14         15         16         17         18 
Lost time                  0.0052     0.0053     0.0052     0.0052     0.0052     0.0052     0.0052     0.0052     0.0052     0.0052     0.0052     0.0052     0.0052     0.0052     0.0052     0.0052     0.0053     0.0053 
User insufficient par.     0.0038     0.0024     0.0040     0.0040     0.0039     0.0040     0.0040     0.0040     0.0039     0.0040     0.0040     0.0040     0.0039     0.0039     0.0040     0.0040     0.0037     0.0023 
Sys.insufficient par.      0.0006     0.0005     0.0005     0.0005     0.0005     0.0005     0.0005     0.0005     0.0005     0.0005     0.0005     0.0004     0.0004     0.0005     0.0005     0.0005     0.0004     0.0004 
Idle time                  0.0001     0.0016     0.0000     0.0000     0.0000     0.0000     0.0000     0.0000     0.0000     0.0000     0.0000     0.0000     0.0001     0.0001     0.0000     0.0000     0.0001     0.0016 
Communication              0.0007     0.0008     0.0007     0.0007     0.0008     0.0008     0.0007     0.0008     0.0008     0.0008     0.0008     0.0008     0.0008     0.0008     0.0007     0.0007     0.0011     0.0010 
Synchronization            0.0001     0.0003     0.0005     0.0005     0.0005     0.0005     0.0004     0.0004     0.0004     0.0004     0.0004     0.0004     0.0004     0.0004     0.0003     0.0003     0.0006     0.0006 
Variation                  0.0001     0.0003     0.0004     0.0004     0.0004     0.0004     0.0003     0.0003     0.0003     0.0003     0.0003     0.0003     0.0003     0.0003     0.0003     0.0003     0.0003     0.0003 
Overlap                    0.0000     0.0000     0.0000     0.0000     0.0000     0.0000     0.0000     0.0000     0.0000     0.0000     0.0000     0.0000     0.0000     0.0000     0.0000     0.0000     0.0000     0.0000 
Load imbalance             0.0000     0.0001     0.0000     0.0000     0.0000     0.0000     0.0000     0.0000     0.0000     0.0000     0.0000     0.0000     0.0000     0.0000     0.0000     0.0000     0.0000     0.0001 
Execution time             0.0054     0.0039     0.0055     0.0055     0.0055     0.0055     0.0055     0.0055     0.0055     0.0055     0.0055     0.0055     0.0054     0.0054     0.0055     0.0055     0.0054     0.0039 
User CPU time              0.0002     0.0002     0.0003     0.0003     0.0003     0.0003     0.0003     0.0003     0.0003     0.0003     0.0003     0.0003     0.0003     0.0003     0.0003     0.0003     0.0002     0.0002 
Sys. CPU time              0.0000     0.0000     0.0000     0.0000     0.0000     0.0000     0.0000     0.0000     0.0000     0.0000     0.0000     0.0000     0.0000     0.0000     0.0000     0.0000     0.0000     0.0000 
I/O time                   0.0000     0.0000     0.0000     0.0000     0.0000     0.0000     0.0000     0.0000     0.0000     0.0000     0.0000     0.0000     0.0000     0.0000     0.0000     0.0000     0.0000     0.0000 
Processors                     18         18         18         18         18         18         18         18         18         18         18         18         18         18         18         18         18         18 
           Communication          
Reduction                  0.0005     0.0005     0.0006     0.0006     0.0006     0.0006     0.0006     0.0006     0.0005     0.0005     0.0005     0.0005     0.0005     0.0005     0.0005     0.0005     0.0005     0.0005 
Remote access              0.0002     0.0003     0.0002     0.0002     0.0002     0.0002     0.0002     0.0002     0.0003     0.0002     0.0002     0.0002     0.0003     0.0003     0.0002     0.0002     0.0005     0.0005 
           Synchronization        
I/O                        0.0001     0.0001     0.0001     0.0001     0.0001     0.0001     0.0000     0.0001     0.0000     0.0000     0.0001     0.0001     0.0000     0.0001     0.0001     0.0001     0.0001     0.0001 
Reduction                  0.0000     0.0000     0.0001     0.0001     0.0001     0.0001     0.0001     0.0001     0.0001     0.0000     0.0000     0.0000     0.0000     0.0000     0.0000     0.0000     0.0000     0.0000 
Remote access              0.0000     0.0001     0.0003     0.0003     0.0003     0.0003     0.0003     0.0003     0.0003     0.0003     0.0003     0.0003     0.0003     0.0003     0.0002     0.0002     0.0005     0.0005 
           Variation              
I/O                        0.0000     0.0002     0.0002     0.0002     0.0002     0.0002     0.0002     0.0002     0.0002     0.0002     0.0002     0.0002     0.0002     0.0002     0.0002     0.0002     0.0002     0.0002 
Reduction                  0.0000     0.0000     0.0000     0.0000     0.0000     0.0000     0.0000     0.0000     0.0000     0.0000     0.0000     0.0000     0.0000     0.0000     0.0000     0.0000     0.0000     0.0000 
Remote access              0.0000     0.0001     0.0002     0.0002     0.0002     0.0002     0.0002     0.0001     0.0001     0.0001     0.0001     0.0001     0.0001     0.0001     0.0001     0.0001     0.0001     0.0001 
           Overlap                
Reduction                  0.0000     0.0000     0.0000     0.0000     0.0000     0.0000     0.0000     0.0000     0.0000     0.0000     0.0000     0.0000     0.0000     0.0000     0.0000     0.0000     0.0000     0.0000 
Remote access              0.0000     0.0000     0.0000     0.0000     0.0000     0.0000     0.0000     0.0000     0.0000     0.0000     0.0000     0.0000     0.0000     0.0000     0.0000     0.0000     0.0000     0.0000 


-------------------------------------------------------------------------
Name (number) and performance time of processors
omp.keldysh.ru(1) 0.935465
omp.keldysh.ru(2) 0.935376
omp.keldysh.ru(3) 0.955099
omp.keldysh.ru(4) 0.955128
omp.keldysh.ru(5) 0.953597
omp.keldysh.ru(6) 0.953589
omp.keldysh.ru(7) 0.951060
omp.keldysh.ru(8) 0.951027
omp.keldysh.ru(9) 0.955681
omp.keldysh.ru(10) 0.955677
omp.keldysh.ru(11) 0.954296
omp.keldysh.ru(12) 0.954615
omp.keldysh.ru(13) 0.953610
omp.keldysh.ru(14) 0.953605
omp.keldysh.ru(15) 0.953863
omp.keldysh.ru(16) 0.953835
omp.keldysh.ru(17) 0.954762
omp.keldysh.ru(18) 0.954754
min - omp.keldysh.ru(2) 0.935376; max - omp.keldysh.ru(9) 0.955681; mid - 0.951947
