Processor system=2*4*2*1
Statistics has been accumulated on DVM-system version 5.0, platform DVM
Analyzer is executing on DVM-system version 5.0, platform DVM
-------------------------------------------------------------------------
INTERVAL ( NLINE=7 SOURCE=sh42.f ) LEVEL=0  EXE_COUNT=1
--- The main characteristics --- 
Parallelization efficiency      0.0513 
Execution time                  0.1964 
Processors                          16
Threads amount                      16
Total time                      3.1421
Productive time                 0.1610 ( CPU= 0.1590 Sys= 0.0020 I/O= 0.0000 )
Lost  time                      2.9810 
   Insufficient parallelism     2.4156 ( User= 2.3852 Sys= 0.0304 )
   Communication                0.0050 ( Real_sync= 0.0000 Starts= 0.0000 )
   Idle time                    0.5605
Load imbalance                  0.0351
Synchronization                 2.3758
Time variation                  2.3777
Overlap                         0.0000
                  Nop   Communic    Synchro  Variation    Overlap 
I/O                11     0.0000     1.1610     1.1631     0.0000 
Reduction           9     0.0050     0.6096     0.6096     0.0000 
Shadow              9     0.0000     0.6051     0.6051     0.0000 
--- The comparative characteristics --- 
                              Tmin N proc      Tmax N proc      Tmid
Lost time                   0.1841     1     0.1926    13     0.1863 
User insufficient par.      0.0555    13     0.1817     5     0.1491 
Sys.insufficient par.       0.0012    15     0.0023     1     0.0019 
Idle time                   0.0000     6     0.1354    14     0.0350 
Communication               0.0002     1     0.0004    13     0.0003 
Synchronization             0.0009     7     0.5846    13     0.1485 
Variation                   0.0011     7     0.5847    13     0.1486 
Overlap                     0.0000     1     0.0000     7     0.0000 
Load imbalance              0.0000    10     0.0085    13     0.0022 
Execution time              0.0610    14     0.1964     6     0.1614 
User CPU time               0.0037    13     0.0121     5     0.0099 
Sys. CPU time               0.0001    15     0.0002     6     0.0001 
I/O time                    0.0000     5     0.0000     1     0.0000 
Processors                      16     1         16    16         16 
                      Communic          Synchro        Variation          Overlap  
I/O             Tmin    0.0000     1     0.0004     7     0.0005     7     0.0000     1 
I/O             Tmax    0.0000    16     0.2860    13     0.2861    13     0.0000    16 
I/O             Tmid    0.0000           0.0726           0.0727           0.0000       
Reduction       Tmin    0.0002     1     0.0002     7     0.0002     7     0.0000     1 
Reduction       Tmax    0.0004    13     0.1506    13     0.1506    13     0.0000    12 
Reduction       Tmid    0.0003           0.0381           0.0381           0.0000       
Shadow          Tmin    0.0000     1     0.0004     7     0.0004     7     0.0000     1 
Shadow          Tmax    0.0000    16     0.1481    14     0.1481    14     0.0000     5 
Shadow          Tmid    0.0000           0.0378           0.0378           0.0000       
--- The execution characteristics --- 
                                1          2          3          4          5          6          7          8          9         10         11         12         13         14         15         16 
Lost time                  0.1841     0.1842     0.1849     0.1849     0.1841     0.1841     0.1841     0.1842     0.1841     0.1841     0.1841     0.1841     0.1926     0.1926     0.1923     0.1923 
User insufficient par.     0.1815     0.1801     0.1703     0.1710     0.1817     0.1816     0.1816     0.1801     0.1816     0.1817     0.1816     0.1817     0.0555     0.0556     0.0598     0.0600 
Sys.insufficient par.      0.0023     0.0022     0.0020     0.0016     0.0021     0.0023     0.0022     0.0018     0.0022     0.0022     0.0023     0.0022     0.0014     0.0013     0.0012     0.0012 
Idle time                  0.0001     0.0016     0.0123     0.0121     0.0000     0.0000     0.0001     0.0020     0.0000     0.0000     0.0000     0.0000     0.1353     0.1354     0.1309     0.1307 
Communication              0.0002     0.0003     0.0003     0.0003     0.0003     0.0003     0.0003     0.0003     0.0003     0.0003     0.0003     0.0003     0.0004     0.0004     0.0004     0.0004 
Synchronization            0.0032     0.0042     0.0449     0.0362     0.0019     0.0019     0.0009     0.0025     0.0031     0.0040     0.0018     0.0032     0.5846     0.5846     0.5499     0.5489 
Variation                  0.0031     0.0043     0.0451     0.0363     0.0020     0.0020     0.0011     0.0026     0.0033     0.0041     0.0020     0.0033     0.5847     0.5847     0.5500     0.5490 
Overlap                    0.0000     0.0000     0.0000     0.0000     0.0000     0.0000     0.0000     0.0000     0.0000     0.0000     0.0000     0.0000     0.0000     0.0000     0.0000     0.0000 
Load imbalance             0.0000     0.0001     0.0008     0.0008     0.0000     0.0000     0.0000     0.0001     0.0000     0.0000     0.0000     0.0000     0.0085     0.0085     0.0082     0.0082 
Execution time             0.1963     0.1947     0.1841     0.1843     0.1964     0.1964     0.1963     0.1944     0.1964     0.1964     0.1964     0.1964     0.0610     0.0610     0.0654     0.0657 
User CPU time              0.0121     0.0120     0.0114     0.0114     0.0121     0.0121     0.0121     0.0120     0.0121     0.0121     0.0121     0.0121     0.0037     0.0037     0.0040     0.0040 
Sys. CPU time              0.0001     0.0001     0.0001     0.0001     0.0001     0.0002     0.0001     0.0001     0.0001     0.0001     0.0001     0.0001     0.0001     0.0001     0.0001     0.0001 
I/O time                   0.0000     0.0000     0.0000     0.0000     0.0000     0.0000     0.0000     0.0000     0.0000     0.0000     0.0000     0.0000     0.0000     0.0000     0.0000     0.0000 
Processors                     16         16         16         16         16         16         16         16         16         16         16         16         16         16         16         16 
           Communication          
Reduction                  0.0002     0.0003     0.0003     0.0003     0.0003     0.0003     0.0003     0.0003     0.0003     0.0003     0.0003     0.0003     0.0004     0.0004     0.0004     0.0004 
           Synchronization        
I/O                        0.0012     0.0015     0.0213     0.0182     0.0007     0.0007     0.0004     0.0011     0.0011     0.0013     0.0006     0.0009     0.2860     0.2860     0.2703     0.2700 
Reduction                  0.0011     0.0010     0.0110     0.0087     0.0006     0.0006     0.0002     0.0004     0.0008     0.0010     0.0006     0.0008     0.1506     0.1505     0.1411     0.1407 
Shadow                     0.0009     0.0018     0.0127     0.0093     0.0006     0.0006     0.0004     0.0010     0.0012     0.0017     0.0007     0.0015     0.1480     0.1481     0.1384     0.1382 
           Variation              
I/O                        0.0010     0.0016     0.0214     0.0184     0.0008     0.0008     0.0005     0.0013     0.0012     0.0014     0.0008     0.0010     0.2861     0.2861     0.2704     0.2701 
Reduction                  0.0011     0.0010     0.0110     0.0087     0.0006     0.0006     0.0002     0.0004     0.0008     0.0010     0.0006     0.0008     0.1506     0.1505     0.1411     0.1407 
Shadow                     0.0009     0.0018     0.0127     0.0093     0.0006     0.0006     0.0004     0.0010     0.0012     0.0017     0.0007     0.0015     0.1480     0.1481     0.1384     0.1382 
           Overlap                
Reduction                  0.0000     0.0000     0.0000     0.0000     0.0000     0.0000     0.0000     0.0000     0.0000     0.0000     0.0000     0.0000     0.0000     0.0000     0.0000     0.0000 
Shadow                     0.0000     0.0000     0.0000     0.0000     0.0000     0.0000     0.0000     0.0000     0.0000     0.0000     0.0000     0.0000     0.0000     0.0000     0.0000     0.0000 


-------------------------------------------------------------------------
Name (number) and performance time of processors
omp.keldysh.ru(1) 0.935464
omp.keldysh.ru(2) 0.935347
omp.keldysh.ru(3) 0.959568
omp.keldysh.ru(4) 0.959330
omp.keldysh.ru(5) 0.958210
omp.keldysh.ru(6) 0.958220
omp.keldysh.ru(7) 0.958539
omp.keldysh.ru(8) 0.958554
omp.keldysh.ru(9) 0.959904
omp.keldysh.ru(10) 0.959915
omp.keldysh.ru(11) 0.960191
omp.keldysh.ru(12) 0.960201
omp.keldysh.ru(13) 0.957995
omp.keldysh.ru(14) 0.958001
omp.keldysh.ru(15) 0.959741
omp.keldysh.ru(16) 0.959765
min - omp.keldysh.ru(2) 0.935347; max - omp.keldysh.ru(12) 0.960201; mid - 0.956184
