Processor system=3*1*3*2
Statistics has been accumulated on DVM-system version 5.0, platform DVM
Analyzer is executing on DVM-system version 5.0, platform DVM
-------------------------------------------------------------------------
INTERVAL ( NLINE=7 SOURCE=sc42.f ) LEVEL=0  EXE_COUNT=2
--- The main characteristics --- 
Parallelization efficiency      0.1641 
Execution time                  2.7196 
Processors                          18
Threads amount                      18
Total time                     48.9527
Productive time                 8.0312 ( CPU= 8.0213 Sys= 0.0099 I/O= 0.0000 )
Lost  time                     40.9215 
   Insufficient parallelism    34.7287 ( User= 34.5604 Sys= 0.1683 )
   Communication                6.1257 ( Real_sync= 0.0000 Starts= 0.0000 )
   Idle time                    0.0671
Load imbalance                  2.4606
Synchronization                 0.0505
Time variation                  0.0543
Overlap                         0.0000
                  Nop   Communic    Synchro  Variation    Overlap 
I/O                12     0.0000     0.0449     0.0487     0.0000 
Reduction          10     6.1257     0.0057     0.0056     0.0000 
--- The comparative characteristics --- 
                              Tmin N proc      Tmax N proc      Tmid
Lost time                   2.1367    10     2.4366    18     2.2734 
User insufficient par.      1.2176    18     2.1247     9     1.9200 
Sys.insufficient par.       0.0045    18     0.0138    10     0.0093 
Idle time                   0.0000    10     0.0089    18     0.0037 
Communication               0.0007     9     1.2057    18     0.3403 
Synchronization             0.0001     9     0.0089    18     0.0028 
Variation                   0.0003     9     0.0092    18     0.0030 
Overlap                     0.0000     1     0.0000     7     0.0000 
Load imbalance              0.0000    10     0.2999    18     0.1367 
Execution time              2.7107    18     2.7196    10     2.7159 
User CPU time               0.2827    18     0.5821    10     0.4456 
Sys. CPU time               0.0003    18     0.0008    10     0.0005 
I/O time                    0.0000     7     0.0000     1     0.0000 
Processors                      18     1         18    18         18 
                      Communic          Synchro        Variation          Overlap  
I/O             Tmin    0.0000     1     0.0001     9     0.0003     9     0.0000     1 
I/O             Tmax    0.0000    18     0.0083    18     0.0086    18     0.0000    18 
I/O             Tmid    0.0000           0.0025           0.0027           0.0000       
Reduction       Tmin    0.0007     9     0.0000     7     0.0000     7     0.0000     1 
Reduction       Tmax    1.2057    18     0.0006    10     0.0006    10     0.0000     7 
Reduction       Tmid    0.3403           0.0003           0.0003           0.0000       
--- The execution characteristics --- 
                                1          2          3          4          5          6          7          8          9         10         11         12         13         14         15         16         17         18 
Lost time                  2.3221     2.3212     2.2356     2.2345     2.3219     2.3208     2.2291     2.2260     2.1390     2.1367     2.2260     2.2236     2.3217     2.3210     2.2353     2.2349     2.4356     2.4366 
User insufficient par.     1.9417     1.9350     2.0270     2.0255     1.9424     1.9362     2.0364     2.0337     2.1247     2.1223     2.0334     2.0324     1.9387     1.9335     2.0317     2.0295     1.2189     1.2176 
Sys.insufficient par.      0.0083     0.0071     0.0108     0.0106     0.0079     0.0072     0.0101     0.0099     0.0137     0.0138     0.0102     0.0100     0.0079     0.0072     0.0109     0.0106     0.0075     0.0045 
Idle time                  0.0041     0.0067     0.0024     0.0012     0.0041     0.0073     0.0015     0.0035     0.0000     0.0000     0.0032     0.0009     0.0041     0.0064     0.0027     0.0030     0.0070     0.0089 
Communication              0.3679     0.3723     0.1954     0.1972     0.3674     0.3701     0.1811     0.1789     0.0007     0.0007     0.1793     0.1803     0.3709     0.3739     0.1901     0.1918     1.2022     1.2057 
Synchronization            0.0027     0.0053     0.0007     0.0022     0.0027     0.0052     0.0009     0.0029     0.0001     0.0012     0.0007     0.0028     0.0026     0.0052     0.0004     0.0021     0.0038     0.0089 
Variation                  0.0027     0.0055     0.0009     0.0025     0.0029     0.0054     0.0011     0.0031     0.0003     0.0015     0.0010     0.0030     0.0029     0.0054     0.0006     0.0023     0.0041     0.0092 
Overlap                    0.0000     0.0000     0.0000     0.0000     0.0000     0.0000     0.0000     0.0000     0.0000     0.0000     0.0000     0.0000     0.0000     0.0000     0.0000     0.0000     0.0000     0.0000 
Load imbalance             0.1854     0.1844     0.0989     0.0977     0.1851     0.1841     0.0924     0.0893     0.0022     0.0000     0.0893     0.0869     0.1849     0.1842     0.0986     0.0982     0.2989     0.2999 
Execution time             2.7155     2.7129     2.7172     2.7184     2.7155     2.7123     2.7181     2.7161     2.7196     2.7196     2.7164     2.7187     2.7155     2.7132     2.7169     2.7166     2.7126     2.7107 
User CPU time              0.3970     0.3980     0.4833     0.4845     0.3973     0.3984     0.4899     0.4930     0.5798     0.5821     0.4930     0.4954     0.3975     0.3982     0.4836     0.4841     0.2836     0.2827 
Sys. CPU time              0.0005     0.0004     0.0006     0.0006     0.0005     0.0004     0.0006     0.0006     0.0008     0.0008     0.0006     0.0006     0.0005     0.0004     0.0006     0.0006     0.0004     0.0003 
I/O time                   0.0000     0.0000     0.0000     0.0000     0.0000     0.0000     0.0000     0.0000     0.0000     0.0000     0.0000     0.0000     0.0000     0.0000     0.0000     0.0000     0.0000     0.0000 
Processors                     18         18         18         18         18         18         18         18         18         18         18         18         18         18         18         18         18         18 
           Communication          
Reduction                  0.3679     0.3723     0.1954     0.1972     0.3674     0.3701     0.1811     0.1789     0.0007     0.0007     0.1793     0.1803     0.3709     0.3739     0.1901     0.1918     1.2022     1.2057 
           Synchronization        
I/O                        0.0027     0.0047     0.0007     0.0016     0.0027     0.0046     0.0009     0.0022     0.0001     0.0006     0.0007     0.0022     0.0026     0.0046     0.0004     0.0015     0.0038     0.0083 
Reduction                  0.0000     0.0006     0.0000     0.0006     0.0000     0.0006     0.0000     0.0006     0.0000     0.0006     0.0000     0.0006     0.0000     0.0006     0.0000     0.0006     0.0000     0.0006 
           Variation              
I/O                        0.0026     0.0049     0.0009     0.0018     0.0029     0.0048     0.0011     0.0025     0.0003     0.0008     0.0009     0.0024     0.0029     0.0048     0.0006     0.0017     0.0041     0.0086 
Reduction                  0.0000     0.0006     0.0000     0.0006     0.0000     0.0006     0.0000     0.0006     0.0000     0.0006     0.0000     0.0006     0.0000     0.0006     0.0000     0.0006     0.0000     0.0006 
           Overlap                
Reduction                  0.0000     0.0000     0.0000     0.0000     0.0000     0.0000     0.0000     0.0000     0.0000     0.0000     0.0000     0.0000     0.0000     0.0000     0.0000     0.0000     0.0000     0.0000 


-------------------------------------------------------------------------
Name (number) and performance time of processors
omp.keldysh.ru(1) 0.933953
omp.keldysh.ru(2) 0.933898
omp.keldysh.ru(3) 0.959473
omp.keldysh.ru(4) 0.960119
omp.keldysh.ru(5) 0.933926
omp.keldysh.ru(6) 0.933903
omp.keldysh.ru(7) 0.954200
omp.keldysh.ru(8) 0.954152
omp.keldysh.ru(9) 0.955461
omp.keldysh.ru(10) 0.955462
omp.keldysh.ru(11) 0.956005
omp.keldysh.ru(12) 0.955993
omp.keldysh.ru(13) 0.958335
omp.keldysh.ru(14) 0.958324
omp.keldysh.ru(15) 0.957119
omp.keldysh.ru(16) 0.957011
omp.keldysh.ru(17) 0.958653
omp.keldysh.ru(18) 0.958635
min - omp.keldysh.ru(2) 0.933898; max - omp.keldysh.ru(4) 0.960119; mid - 0.951923
