Processor system=2*2*1*4
Statistics has been accumulated on DVM-system version 5.0, platform DVM
Analyzer is executing on DVM-system version 5.0, platform DVM
-------------------------------------------------------------------------
INTERVAL ( NLINE=8 SOURCE=red42.f ) LEVEL=0  EXE_COUNT=1
--- The main characteristics --- 
Parallelization efficiency      0.0550 
Execution time                  0.0099 
Processors                          16
Threads amount                      16
Total time                      0.1577
Productive time                 0.0087 ( CPU= 0.0078 Sys= 0.0008 I/O= 0.0000 )
Lost  time                      0.1490 
   Insufficient parallelism     0.1301 ( User= 0.1176 Sys= 0.0125 )
   Communication                0.0043 ( Real_sync= 0.0000 Starts= 0.0000 )
   Idle time                    0.0147
Load imbalance                  0.0009
Synchronization                 0.1286
Time variation                  0.1306
Overlap                         0.0000
                  Nop   Communic    Synchro  Variation    Overlap 
I/O                16     0.0000     0.0474     0.0494     0.0000 
Reduction          14     0.0043     0.0408     0.0408     0.0000 
Remote access      36     0.0000     0.0404     0.0404     0.0000 
--- The comparative characteristics --- 
                              Tmin N proc      Tmax N proc      Tmid
Lost time                   0.0093     1     0.0095    13     0.0093 
User insufficient par.      0.0049    16     0.0082     6     0.0073 
Sys.insufficient par.       0.0006    14     0.0010     1     0.0008 
Idle time                   0.0000    12     0.0037    13     0.0009 
Communication               0.0002     1     0.0003    16     0.0003 
Synchronization             0.0004    10     0.0282    14     0.0080 
Variation                   0.0005    10     0.0283    14     0.0082 
Overlap                     0.0000     1     0.0000    12     0.0000 
Load imbalance              0.0000    10     0.0002    14     0.0001 
Execution time              0.0062    13     0.0099    12     0.0089 
User CPU time               0.0003    16     0.0005     6     0.0005 
Sys. CPU time               0.0000    14     0.0001     8     0.0001 
I/O time                    0.0000    13     0.0000     1     0.0000 
Processors                      16     1         16    16         16 
                      Communic          Synchro        Variation          Overlap  
I/O             Tmin    0.0000     1     0.0002    10     0.0004    10     0.0000     1 
I/O             Tmax    0.0000    16     0.0104    14     0.0105    14     0.0000    16 
I/O             Tmid    0.0000           0.0030           0.0031           0.0000       
Reduction       Tmin    0.0002     1     0.0001    10     0.0001    10     0.0000     1 
Reduction       Tmax    0.0003    16     0.0088    14     0.0088    14     0.0000    12 
Reduction       Tmid    0.0003           0.0026           0.0026           0.0000       
Remote access   Tmin    0.0000     1     0.0000    10     0.0000    10     0.0000     1 
Remote access   Tmax    0.0000    16     0.0089    14     0.0089    14     0.0000    11 
Remote access   Tmid    0.0000           0.0025           0.0025           0.0000       
--- The execution characteristics --- 
                                1          2          3          4          5          6          7          8          9         10         11         12         13         14         15         16 
Lost time                  0.0093     0.0093     0.0093     0.0093     0.0093     0.0093     0.0093     0.0093     0.0093     0.0093     0.0093     0.0093     0.0095     0.0095     0.0095     0.0095 
User insufficient par.     0.0080     0.0082     0.0082     0.0082     0.0082     0.0082     0.0082     0.0081     0.0082     0.0082     0.0082     0.0082     0.0049     0.0049     0.0049     0.0049 
Sys.insufficient par.      0.0010     0.0008     0.0008     0.0008     0.0008     0.0008     0.0008     0.0008     0.0008     0.0008     0.0008     0.0008     0.0006     0.0006     0.0006     0.0007 
Idle time                  0.0000     0.0000     0.0000     0.0000     0.0000     0.0000     0.0000     0.0000     0.0000     0.0000     0.0000     0.0000     0.0037     0.0037     0.0036     0.0036 
Communication              0.0002     0.0003     0.0003     0.0003     0.0002     0.0002     0.0003     0.0003     0.0003     0.0002     0.0003     0.0003     0.0003     0.0003     0.0003     0.0003 
Synchronization            0.0077     0.0072     0.0012     0.0012     0.0014     0.0014     0.0008     0.0007     0.0019     0.0004     0.0009     0.0009     0.0262     0.0282     0.0254     0.0232 
Variation                  0.0076     0.0073     0.0013     0.0013     0.0015     0.0015     0.0009     0.0009     0.0020     0.0005     0.0010     0.0010     0.0264     0.0283     0.0256     0.0234 
Overlap                    0.0000     0.0000     0.0000     0.0000     0.0000     0.0000     0.0000     0.0000     0.0000     0.0000     0.0000     0.0000     0.0000     0.0000     0.0000     0.0000 
Load imbalance             0.0000     0.0000     0.0000     0.0000     0.0000     0.0000     0.0000     0.0000     0.0000     0.0000     0.0000     0.0000     0.0002     0.0002     0.0002     0.0002 
Execution time             0.0098     0.0099     0.0098     0.0098     0.0099     0.0098     0.0098     0.0098     0.0099     0.0098     0.0099     0.0099     0.0062     0.0062     0.0062     0.0062 
User CPU time              0.0005     0.0005     0.0005     0.0005     0.0005     0.0005     0.0005     0.0005     0.0005     0.0005     0.0005     0.0005     0.0003     0.0003     0.0003     0.0003 
Sys. CPU time              0.0001     0.0001     0.0001     0.0001     0.0001     0.0001     0.0001     0.0001     0.0001     0.0001     0.0001     0.0001     0.0000     0.0000     0.0000     0.0000 
I/O time                   0.0000     0.0000     0.0000     0.0000     0.0000     0.0000     0.0000     0.0000     0.0000     0.0000     0.0000     0.0000     0.0000     0.0000     0.0000     0.0000 
Processors                     16         16         16         16         16         16         16         16         16         16         16         16         16         16         16         16 
           Communication          
Reduction                  0.0002     0.0003     0.0003     0.0003     0.0002     0.0002     0.0003     0.0003     0.0003     0.0002     0.0003     0.0003     0.0003     0.0003     0.0003     0.0003 
           Synchronization        
I/O                        0.0027     0.0026     0.0004     0.0004     0.0005     0.0005     0.0003     0.0003     0.0008     0.0002     0.0003     0.0003     0.0097     0.0104     0.0093     0.0085 
Reduction                  0.0025     0.0023     0.0004     0.0004     0.0005     0.0005     0.0003     0.0003     0.0006     0.0001     0.0003     0.0003     0.0082     0.0088     0.0080     0.0073 
Remote access              0.0025     0.0023     0.0003     0.0003     0.0004     0.0004     0.0002     0.0002     0.0005     0.0000     0.0002     0.0002     0.0083     0.0089     0.0081     0.0074 
           Variation              
I/O                        0.0026     0.0027     0.0006     0.0006     0.0007     0.0007     0.0004     0.0004     0.0009     0.0004     0.0005     0.0004     0.0098     0.0105     0.0095     0.0087 
Reduction                  0.0025     0.0023     0.0004     0.0004     0.0005     0.0005     0.0003     0.0003     0.0006     0.0001     0.0003     0.0003     0.0082     0.0088     0.0080     0.0073 
Remote access              0.0025     0.0023     0.0003     0.0003     0.0004     0.0004     0.0002     0.0002     0.0005     0.0000     0.0002     0.0002     0.0083     0.0089     0.0081     0.0074 
           Overlap                
Reduction                  0.0000     0.0000     0.0000     0.0000     0.0000     0.0000     0.0000     0.0000     0.0000     0.0000     0.0000     0.0000     0.0000     0.0000     0.0000     0.0000 
Remote access              0.0000     0.0000     0.0000     0.0000     0.0000     0.0000     0.0000     0.0000     0.0000     0.0000     0.0000     0.0000     0.0000     0.0000     0.0000     0.0000 


-------------------------------------------------------------------------
Name (number) and performance time of processors
omp.keldysh.ru(1) 0.935425
omp.keldysh.ru(2) 0.935355
omp.keldysh.ru(3) 0.957242
omp.keldysh.ru(4) 0.957520
omp.keldysh.ru(5) 0.956333
omp.keldysh.ru(6) 0.956308
omp.keldysh.ru(7) 0.958808
omp.keldysh.ru(8) 0.958788
omp.keldysh.ru(9) 0.954832
omp.keldysh.ru(10) 0.954811
omp.keldysh.ru(11) 0.935401
omp.keldysh.ru(12) 0.935395
omp.keldysh.ru(13) 0.953139
omp.keldysh.ru(14) 0.953101
omp.keldysh.ru(15) 0.956186
omp.keldysh.ru(16) 0.956189
min - omp.keldysh.ru(2) 0.935355; max - omp.keldysh.ru(7) 0.958808; mid - 0.950927
