Processor system=3*2*3*1
Statistics has been accumulated on DVM-system version 5.0, platform DVM
Analyzer is executing on DVM-system version 5.0, platform DVM
-------------------------------------------------------------------------
INTERVAL ( NLINE=7 SOURCE=sc41.f ) LEVEL=0  EXE_COUNT=2
--- The main characteristics --- 
Parallelization efficiency      0.2247 
Execution time                  2.2435 
Processors                          18
Threads amount                      18
Total time                     40.3838
Productive time                 9.0737 ( CPU= 9.0670 Sys= 0.0067 I/O= 0.0000 )
Lost  time                     31.3101 
   Insufficient parallelism    28.2032 ( User= 28.0887 Sys= 0.1145 )
   Communication                3.0465 ( Real_sync= 0.0000 Starts= 0.0000 )
   Idle time                    0.0603
Load imbalance                  1.7929
Synchronization                 0.0207
Time variation                  0.0243
Overlap                         0.0000
                  Nop   Communic    Synchro  Variation    Overlap 
I/O                12     0.0000     0.0207     0.0243     0.0000 
Reduction          10     3.0465     0.0001     0.0001     0.0000 
--- The comparative characteristics --- 
                              Tmin N proc      Tmax N proc      Tmid
Lost time                   1.6398     8     1.9202    18     1.7394 
User insufficient par.      0.9893    18     1.6368     1     1.5605 
Sys.insufficient par.       0.0045    18     0.0084     8     0.0064 
Idle time                   0.0000     1     0.0106    18     0.0034 
Communication               0.0002     8     0.9158    18     0.1692 
Synchronization             0.0000    11     0.0050    18     0.0012 
Variation                   0.0002    11     0.0052    18     0.0014 
Overlap                     0.0000     1     0.0000    16     0.0000 
Load imbalance              0.0000     8     0.2803    18     0.0996 
Execution time              2.2330    18     2.2435     1     2.2402 
User CPU time               0.3231    18     0.6032     8     0.5037 
Sys. CPU time               0.0003    18     0.0005     8     0.0004 
I/O time                    0.0000    11     0.0000     1     0.0000 
Processors                      18     1         18    18         18 
                      Communic          Synchro        Variation          Overlap  
I/O             Tmin    0.0000     1     0.0000    11     0.0002    11     0.0000     1 
I/O             Tmax    0.0000    18     0.0050    18     0.0052    18     0.0000    18 
I/O             Tmid    0.0000           0.0011           0.0013           0.0000       
Reduction       Tmin    0.0002     8     0.0000    16     0.0000    16     0.0000     1 
Reduction       Tmax    0.9158    18     0.0000     8     0.0000     9     0.0000    16 
Reduction       Tmid    0.1692           0.0000           0.0000           0.0000       
--- The execution characteristics --- 
                                1          2          3          4          5          6          7          8          9         10         11         12         13         14         15         16         17         18 
Lost time                  1.7749     1.7172     1.7778     1.7786     1.7187     1.7745     1.6833     1.6398     1.6921     1.6911     1.6458     1.6833     1.7755     1.7160     1.7797     1.7779     1.7636     1.9202 
User insufficient par.     1.6368     1.6326     1.6299     1.6312     1.6339     1.6268     1.6345     1.6293     1.6358     1.6325     1.6322     1.6321     1.6248     1.6292     1.6335     1.6267     0.9977     0.9893 
Sys.insufficient par.      0.0058     0.0069     0.0056     0.0057     0.0068     0.0056     0.0067     0.0084     0.0067     0.0067     0.0084     0.0067     0.0056     0.0068     0.0055     0.0057     0.0065     0.0045 
Idle time                  0.0000     0.0019     0.0019     0.0008     0.0019     0.0080     0.0012     0.0019     0.0004     0.0019     0.0004     0.0019     0.0084     0.0019     0.0069     0.0088     0.0019     0.0106 
Communication              0.1322     0.0758     0.1404     0.1409     0.0761     0.1341     0.0410     0.0002     0.0492     0.0502     0.0049     0.0426     0.1368     0.0781     0.1338     0.1368     0.7576     0.9158 
Synchronization            0.0015     0.0003     0.0016     0.0015     0.0003     0.0016     0.0004     0.0000     0.0003     0.0004     0.0000     0.0004     0.0018     0.0003     0.0018     0.0020     0.0013     0.0050 
Variation                  0.0014     0.0005     0.0018     0.0017     0.0005     0.0019     0.0006     0.0003     0.0005     0.0007     0.0002     0.0006     0.0021     0.0006     0.0021     0.0022     0.0016     0.0052 
Overlap                    0.0000     0.0000     0.0000     0.0000     0.0000     0.0000     0.0000     0.0000     0.0000     0.0000     0.0000     0.0000     0.0000     0.0000     0.0000     0.0000     0.0000     0.0000 
Load imbalance             0.1350     0.0774     0.1379     0.1387     0.0789     0.1347     0.0434     0.0000     0.0522     0.0513     0.0060     0.0434     0.1357     0.0762     0.1399     0.1381     0.1237     0.2803 
Execution time             2.2435     2.2417     2.2417     2.2428     2.2417     2.2355     2.2424     2.2417     2.2432     2.2417     2.2432     2.2417     2.2352     2.2417     2.2366     2.2347     2.2417     2.2330 
User CPU time              0.4683     0.5259     0.4654     0.4646     0.5244     0.4687     0.5599     0.6032     0.5511     0.5520     0.5972     0.5599     0.4677     0.5271     0.4635     0.4653     0.4796     0.3231 
Sys. CPU time              0.0003     0.0004     0.0003     0.0003     0.0004     0.0003     0.0004     0.0005     0.0004     0.0004     0.0005     0.0004     0.0003     0.0004     0.0003     0.0003     0.0004     0.0003 
I/O time                   0.0000     0.0000     0.0000     0.0000     0.0000     0.0000     0.0000     0.0000     0.0000     0.0000     0.0000     0.0000     0.0000     0.0000     0.0000     0.0000     0.0000     0.0000 
Processors                     18         18         18         18         18         18         18         18         18         18         18         18         18         18         18         18         18         18 
           Communication          
Reduction                  0.1322     0.0758     0.1404     0.1409     0.0761     0.1341     0.0410     0.0002     0.0492     0.0502     0.0049     0.0426     0.1368     0.0781     0.1338     0.1368     0.7576     0.9158 
           Synchronization        
I/O                        0.0015     0.0003     0.0015     0.0015     0.0003     0.0016     0.0004     0.0000     0.0002     0.0004     0.0000     0.0004     0.0018     0.0003     0.0018     0.0020     0.0013     0.0050 
Reduction                  0.0000     0.0000     0.0000     0.0000     0.0000     0.0000     0.0000     0.0000     0.0000     0.0000     0.0000     0.0000     0.0000     0.0000     0.0000     0.0000     0.0000     0.0000 
           Variation              
I/O                        0.0014     0.0005     0.0018     0.0017     0.0005     0.0019     0.0006     0.0003     0.0005     0.0007     0.0002     0.0006     0.0021     0.0006     0.0021     0.0022     0.0016     0.0052 
Reduction                  0.0000     0.0000     0.0000     0.0000     0.0000     0.0000     0.0000     0.0000     0.0000     0.0000     0.0000     0.0000     0.0000     0.0000     0.0000     0.0000     0.0000     0.0000 
           Overlap                
Reduction                  0.0000     0.0000     0.0000     0.0000     0.0000     0.0000     0.0000     0.0000     0.0000     0.0000     0.0000     0.0000     0.0000     0.0000     0.0000     0.0000     0.0000     0.0000 


-------------------------------------------------------------------------
Name (number) and performance time of processors
omp.keldysh.ru(1) 0.935482
omp.keldysh.ru(2) 0.935416
omp.keldysh.ru(3) 0.958064
omp.keldysh.ru(4) 0.958145
omp.keldysh.ru(5) 0.957972
omp.keldysh.ru(6) 0.957958
omp.keldysh.ru(7) 0.956842
omp.keldysh.ru(8) 0.956829
omp.keldysh.ru(9) 0.935436
omp.keldysh.ru(10) 0.935412
omp.keldysh.ru(11) 0.959383
omp.keldysh.ru(12) 0.959392
omp.keldysh.ru(13) 0.957126
omp.keldysh.ru(14) 0.957131
omp.keldysh.ru(15) 0.956311
omp.keldysh.ru(16) 0.956600
omp.keldysh.ru(17) 0.956394
omp.keldysh.ru(18) 0.956339
min - omp.keldysh.ru(10) 0.935412; max - omp.keldysh.ru(12) 0.959392; mid - 0.952568
