Processor system=6*1*3
Statistics has been accumulated on DVM-system version 5.0, platform DVM
Analyzer is executing on DVM-system version 5.0, platform DVM
-------------------------------------------------------------------------
INTERVAL ( NLINE=7 SOURCE=reda32.f ) LEVEL=0  EXE_COUNT=2
--- The main characteristics --- 
Parallelization efficiency      0.0405 
Execution time                  0.0098 
Processors                          18
Threads amount                      18
Total time                      0.1763
Productive time                 0.0071 ( CPU= 0.0067 Sys= 0.0004 I/O= 0.0000 )
Lost  time                      0.1692 
   Insufficient parallelism     0.1207 ( User= 0.1133 Sys= 0.0074 )
   Communication                0.0148 ( Real_sync= 0.0000 Starts= 0.0000 )
   Idle time                    0.0338
Load imbalance                  0.0019
Synchronization                 0.0083
Time variation                  0.0065
Overlap                         0.0001
                  Nop   Communic    Synchro  Variation    Overlap 
I/O                 6     0.0000     0.0013     0.0036     0.0000 
Reduction           5     0.0092     0.0009     0.0009     0.0001 
Remote access      22     0.0056     0.0061     0.0020     0.0000 
--- The comparative characteristics --- 
                              Tmin N proc      Tmax N proc      Tmid
Lost time                   0.0093    16     0.0095    17     0.0094 
User insufficient par.      0.0056    17     0.0081    16     0.0063 
Sys.insufficient par.       0.0003    17     0.0006     1     0.0004 
Idle time                   0.0000    16     0.0027     6     0.0019 
Communication               0.0007     1     0.0009    17     0.0008 
Synchronization             0.0002     1     0.0006     4     0.0005 
Variation                   0.0001     1     0.0005     4     0.0004 
Overlap                     0.0000     7     0.0000     8     0.0000 
Load imbalance              0.0000    16     0.0002    17     0.0001 
Execution time              0.0071     6     0.0098    16     0.0079 
User CPU time               0.0003    17     0.0005    16     0.0004 
Sys. CPU time               0.0000    17     0.0000     2     0.0000 
I/O time                    0.0000     5     0.0000     1     0.0000 
Processors                      18     1         18    18         18 
                      Communic          Synchro        Variation          Overlap  
I/O             Tmin    0.0000     1     0.0000    11     0.0000     1     0.0000     1 
I/O             Tmax    0.0000    18     0.0001     4     0.0002     4     0.0000    18 
I/O             Tmid    0.0000           0.0001           0.0002           0.0000       
Reduction       Tmin    0.0005    16     0.0000    14     0.0000    11     0.0000     1 
Reduction       Tmax    0.0006     8     0.0001     4     0.0001     4     0.0000     8 
Reduction       Tmid    0.0005           0.0000           0.0001           0.0000       
Remote access   Tmin    0.0002     1     0.0000     1     0.0000     1     0.0000     3 
Remote access   Tmax    0.0004    18     0.0004     4     0.0002     4     0.0000     2 
Remote access   Tmid    0.0003           0.0003           0.0001           0.0000       
--- The execution characteristics --- 
                                1          2          3          4          5          6          7          8          9         10         11         12         13         14         15         16         17         18 
Lost time                  0.0094     0.0094     0.0094     0.0094     0.0094     0.0094     0.0094     0.0093     0.0093     0.0093     0.0094     0.0094     0.0094     0.0094     0.0094     0.0093     0.0095     0.0094 
User insufficient par.     0.0056     0.0056     0.0056     0.0056     0.0062     0.0056     0.0062     0.0077     0.0073     0.0073     0.0056     0.0056     0.0066     0.0066     0.0056     0.0081     0.0056     0.0069 
Sys.insufficient par.      0.0006     0.0005     0.0004     0.0004     0.0004     0.0004     0.0004     0.0004     0.0004     0.0004     0.0004     0.0004     0.0004     0.0004     0.0004     0.0004     0.0003     0.0003 
Idle time                  0.0026     0.0026     0.0026     0.0026     0.0019     0.0027     0.0020     0.0004     0.0008     0.0008     0.0026     0.0026     0.0016     0.0016     0.0026     0.0000     0.0026     0.0012 
Communication              0.0007     0.0007     0.0008     0.0008     0.0008     0.0008     0.0008     0.0008     0.0008     0.0008     0.0009     0.0008     0.0008     0.0008     0.0008     0.0008     0.0009     0.0009 
Synchronization            0.0002     0.0002     0.0004     0.0006     0.0005     0.0005     0.0006     0.0005     0.0005     0.0005     0.0005     0.0005     0.0005     0.0004     0.0005     0.0005     0.0005     0.0005 
Variation                  0.0001     0.0004     0.0004     0.0005     0.0004     0.0004     0.0005     0.0004     0.0004     0.0004     0.0003     0.0003     0.0004     0.0003     0.0003     0.0003     0.0003     0.0003 
Overlap                    0.0000     0.0000     0.0000     0.0000     0.0000     0.0000     0.0000     0.0000     0.0000     0.0000     0.0000     0.0000     0.0000     0.0000     0.0000     0.0000     0.0000     0.0000 
Load imbalance             0.0001     0.0001     0.0001     0.0001     0.0001     0.0001     0.0001     0.0000     0.0000     0.0000     0.0001     0.0001     0.0001     0.0001     0.0001     0.0000     0.0002     0.0001 
Execution time             0.0072     0.0072     0.0072     0.0072     0.0079     0.0071     0.0078     0.0094     0.0090     0.0090     0.0072     0.0072     0.0082     0.0082     0.0072     0.0098     0.0072     0.0086 
User CPU time              0.0003     0.0003     0.0003     0.0003     0.0004     0.0003     0.0004     0.0005     0.0004     0.0004     0.0003     0.0003     0.0004     0.0004     0.0003     0.0005     0.0003     0.0004 
Sys. CPU time              0.0000     0.0000     0.0000     0.0000     0.0000     0.0000     0.0000     0.0000     0.0000     0.0000     0.0000     0.0000     0.0000     0.0000     0.0000     0.0000     0.0000     0.0000 
I/O time                   0.0000     0.0000     0.0000     0.0000     0.0000     0.0000     0.0000     0.0000     0.0000     0.0000     0.0000     0.0000     0.0000     0.0000     0.0000     0.0000     0.0000     0.0000 
Processors                     18         18         18         18         18         18         18         18         18         18         18         18         18         18         18         18         18         18 
           Communication          
Reduction                  0.0005     0.0005     0.0005     0.0005     0.0005     0.0005     0.0005     0.0006     0.0005     0.0005     0.0005     0.0005     0.0005     0.0005     0.0005     0.0005     0.0005     0.0005 
Remote access              0.0002     0.0003     0.0003     0.0003     0.0002     0.0003     0.0003     0.0003     0.0003     0.0003     0.0003     0.0003     0.0003     0.0003     0.0004     0.0003     0.0004     0.0004 
           Synchronization        
I/O                        0.0001     0.0001     0.0001     0.0001     0.0001     0.0001     0.0001     0.0001     0.0001     0.0001     0.0000     0.0001     0.0001     0.0001     0.0001     0.0001     0.0001     0.0001 
Reduction                  0.0000     0.0000     0.0001     0.0001     0.0001     0.0001     0.0001     0.0000     0.0000     0.0001     0.0000     0.0000     0.0001     0.0000     0.0000     0.0000     0.0000     0.0000 
Remote access              0.0000     0.0001     0.0002     0.0004     0.0004     0.0004     0.0004     0.0004     0.0004     0.0004     0.0004     0.0004     0.0004     0.0003     0.0004     0.0004     0.0004     0.0004 
           Variation              
I/O                        0.0000     0.0002     0.0002     0.0002     0.0002     0.0002     0.0002     0.0002     0.0002     0.0002     0.0002     0.0002     0.0002     0.0002     0.0002     0.0002     0.0002     0.0002 
Reduction                  0.0000     0.0000     0.0001     0.0001     0.0000     0.0001     0.0001     0.0000     0.0000     0.0001     0.0000     0.0000     0.0001     0.0000     0.0000     0.0001     0.0000     0.0000 
Remote access              0.0000     0.0001     0.0002     0.0002     0.0002     0.0002     0.0002     0.0002     0.0001     0.0001     0.0001     0.0001     0.0001     0.0001     0.0001     0.0001     0.0001     0.0000 
           Overlap                
Reduction                  0.0000     0.0000     0.0000     0.0000     0.0000     0.0000     0.0000     0.0000     0.0000     0.0000     0.0000     0.0000     0.0000     0.0000     0.0000     0.0000     0.0000     0.0000 
Remote access              0.0000     0.0000     0.0000     0.0000     0.0000     0.0000     0.0000     0.0000     0.0000     0.0000     0.0000     0.0000     0.0000     0.0000     0.0000     0.0000     0.0000     0.0000 


-------------------------------------------------------------------------
Name (number) and performance time of processors
omp.keldysh.ru(1) 0.935448
omp.keldysh.ru(2) 0.935397
omp.keldysh.ru(3) 0.956370
omp.keldysh.ru(4) 0.956367
omp.keldysh.ru(5) 0.935436
omp.keldysh.ru(6) 0.935408
omp.keldysh.ru(7) 0.960104
omp.keldysh.ru(8) 0.960099
omp.keldysh.ru(9) 0.951046
omp.keldysh.ru(10) 0.951030
omp.keldysh.ru(11) 0.957443
omp.keldysh.ru(12) 0.957441
omp.keldysh.ru(13) 0.959654
omp.keldysh.ru(14) 0.959941
omp.keldysh.ru(15) 0.959345
omp.keldysh.ru(16) 0.959328
omp.keldysh.ru(17) 0.957821
omp.keldysh.ru(18) 0.957872
min - omp.keldysh.ru(2) 0.935397; max - omp.keldysh.ru(7) 0.960104; mid - 0.952531
