Processor system=1*7*1*2
Statistics has been accumulated on DVM-system version 5.0, platform DVM
Analyzer is executing on DVM-system version 5.0, platform DVM
-------------------------------------------------------------------------
INTERVAL ( NLINE=7 SOURCE=acr42.f ) LEVEL=0  EXE_COUNT=1
--- The main characteristics --- 
Parallelization efficiency      0.0644 
Execution time                  0.6556 
Processors                          14
Threads amount                      14
Total time                      9.1782
Productive time                 0.5912 ( CPU= 0.5871 Sys= 0.0040 I/O= 0.0000 )
Lost  time                      8.5870 
   Insufficient parallelism     7.6854 ( User= 7.6326 Sys= 0.0528 )
   Communication                0.0040 ( Real_sync= 0.0000 Starts= 0.0000 )
   Idle time                    0.8976
Load imbalance                  0.0642
Synchronization                 5.5811
Time variation                  5.5826
Overlap                         0.0021
                  Nop   Communic    Synchro  Variation    Overlap 
I/O                11     0.0000     1.8080     1.8096     0.0000 
Reduction           9     0.0040     0.9298     0.9297     0.0000 
Shadow             27     0.0000     2.8433     2.8433     0.0021 
--- The comparative characteristics --- 
                              Tmin N proc      Tmax N proc      Tmid
Lost time                   0.6088     5     0.6196    10     0.6134 
User insufficient par.      0.4652    10     0.6038     5     0.5452 
Sys.insufficient par.       0.0022    13     0.0049     2     0.0038 
Idle time                   0.0000     5     0.1513    10     0.0641 
Communication               0.0002     1     0.0004    11     0.0003 
Synchronization             0.0012     3     0.9626    10     0.3986 
Variation                   0.0014     3     0.9627    10     0.3988 
Overlap                     0.0000     9     0.0005     3     0.0001 
Load imbalance              0.0000     5     0.0108    10     0.0046 
Execution time              0.5043    10     0.6556     5     0.5915 
User CPU time               0.0358    10     0.0464     5     0.0419 
Sys. CPU time               0.0002    11     0.0004     2     0.0003 
I/O time                    0.0000     4     0.0000     1     0.0000 
Processors                      14     1         14    14         14 
                      Communic          Synchro        Variation          Overlap  
I/O             Tmin    0.0000     1     0.0002     3     0.0004     3     0.0000     1 
I/O             Tmax    0.0000    14     0.3115    10     0.3116    10     0.0000    14 
I/O             Tmid    0.0000           0.1291           0.1293           0.0000       
Reduction       Tmin    0.0002     1     0.0002     3     0.0002     4     0.0000     1 
Reduction       Tmax    0.0004    11     0.1602    10     0.1602    10     0.0000     3 
Reduction       Tmid    0.0003           0.0664           0.0664           0.0000       
Shadow          Tmin    0.0000     1     0.0008     3     0.0008     3     0.0000     9 
Shadow          Tmax    0.0000    14     0.4909    10     0.4909    10     0.0005     3 
Shadow          Tmid    0.0000           0.2031           0.2031           0.0001       
--- The execution characteristics --- 
                                1          2          3          4          5          6          7          8          9         10         11         12         13         14 
Lost time                  0.6089     0.6089     0.6088     0.6088     0.6088     0.6089     0.6089     0.6089     0.6192     0.6196     0.6195     0.6193     0.6193     0.6193 
User insufficient par.     0.6024     0.6022     0.6031     0.6036     0.6038     0.6025     0.6025     0.6024     0.4698     0.4652     0.4666     0.4693     0.4693     0.4699 
Sys.insufficient par.      0.0048     0.0049     0.0047     0.0046     0.0048     0.0047     0.0047     0.0047     0.0028     0.0026     0.0022     0.0026     0.0022     0.0024 
Idle time                  0.0015     0.0015     0.0008     0.0004     0.0000     0.0015     0.0015     0.0015     0.1463     0.1513     0.1503     0.1470     0.1474     0.1467 
Communication              0.0002     0.0002     0.0002     0.0002     0.0002     0.0002     0.0002     0.0002     0.0004     0.0004     0.0004     0.0004     0.0004     0.0004 
Synchronization            0.0129     0.0129     0.0012     0.0019     0.0036     0.0044     0.0103     0.0108     0.9081     0.9626     0.9377     0.9026     0.9123     0.8998 
Variation                  0.0127     0.0130     0.0014     0.0020     0.0037     0.0045     0.0104     0.0110     0.9082     0.9627     0.9379     0.9028     0.9124     0.8999 
Overlap                    0.0002     0.0001     0.0005     0.0004     0.0003     0.0003     0.0001     0.0002     0.0000     0.0000     0.0000     0.0000     0.0000     0.0000 
Load imbalance             0.0001     0.0001     0.0001     0.0000     0.0000     0.0001     0.0001     0.0001     0.0105     0.0108     0.0107     0.0105     0.0105     0.0105 
Execution time             0.6541     0.6541     0.6548     0.6552     0.6556     0.6541     0.6541     0.6541     0.5093     0.5043     0.5053     0.5085     0.5082     0.5089 
User CPU time              0.0463     0.0463     0.0464     0.0464     0.0464     0.0463     0.0463     0.0463     0.0361     0.0358     0.0359     0.0361     0.0361     0.0361 
Sys. CPU time              0.0003     0.0004     0.0004     0.0004     0.0004     0.0004     0.0004     0.0004     0.0002     0.0002     0.0002     0.0002     0.0002     0.0002 
I/O time                   0.0000     0.0000     0.0000     0.0000     0.0000     0.0000     0.0000     0.0000     0.0000     0.0000     0.0000     0.0000     0.0000     0.0000 
Processors                     14         14         14         14         14         14         14         14         14         14         14         14         14         14 
           Communication          
Reduction                  0.0002     0.0002     0.0002     0.0002     0.0002     0.0002     0.0002     0.0002     0.0004     0.0004     0.0004     0.0004     0.0004     0.0004 
           Synchronization        
I/O                        0.0026     0.0022     0.0002     0.0002     0.0006     0.0007     0.0019     0.0020     0.2954     0.3115     0.3042     0.2949     0.2970     0.2946 
Reduction                  0.0016     0.0015     0.0002     0.0002     0.0005     0.0006     0.0012     0.0013     0.1523     0.1602     0.1562     0.1505     0.1524     0.1510 
Shadow                     0.0086     0.0091     0.0008     0.0015     0.0025     0.0031     0.0072     0.0075     0.4604     0.4909     0.4773     0.4573     0.4628     0.4542 
           Variation              
I/O                        0.0024     0.0024     0.0004     0.0004     0.0007     0.0008     0.0020     0.0022     0.2955     0.3116     0.3043     0.2950     0.2972     0.2947 
Reduction                  0.0016     0.0015     0.0002     0.0002     0.0005     0.0006     0.0012     0.0013     0.1523     0.1602     0.1562     0.1505     0.1524     0.1510 
Shadow                     0.0086     0.0091     0.0008     0.0015     0.0025     0.0031     0.0072     0.0075     0.4604     0.4909     0.4773     0.4573     0.4628     0.4542 
           Overlap                
Reduction                  0.0000     0.0000     0.0000     0.0000     0.0000     0.0000     0.0000     0.0000     0.0000     0.0000     0.0000     0.0000     0.0000     0.0000 
Shadow                     0.0002     0.0001     0.0005     0.0004     0.0003     0.0003     0.0001     0.0002     0.0000     0.0000     0.0000     0.0000     0.0000     0.0000 


-------------------------------------------------------------------------
Name (number) and performance time of processors
omp.keldysh.ru(1) 0.933937
omp.keldysh.ru(2) 0.933879
omp.keldysh.ru(3) 0.953269
omp.keldysh.ru(4) 0.953545
omp.keldysh.ru(5) 0.933489
omp.keldysh.ru(6) 0.933474
omp.keldysh.ru(7) 0.954575
omp.keldysh.ru(8) 0.954572
omp.keldysh.ru(9) 0.954304
omp.keldysh.ru(10) 0.954310
omp.keldysh.ru(11) 0.955140
omp.keldysh.ru(12) 0.955151
omp.keldysh.ru(13) 0.954263
omp.keldysh.ru(14) 0.954236
min - omp.keldysh.ru(6) 0.933474; max - omp.keldysh.ru(12) 0.955151; mid - 0.948439
