Processor system=3*1*3*2
Statistics has been accumulated on DVM-system version 5.0, platform DVM
Analyzer is executing on DVM-system version 5.0, platform DVM
-------------------------------------------------------------------------
INTERVAL ( NLINE=7 SOURCE=rem42.f ) LEVEL=0  EXE_COUNT=2
--- The main characteristics --- 
Parallelization efficiency      0.0498 
Execution time                  0.0377 
Processors                          18
Threads amount                      18
Total time                      0.6779
Productive time                 0.0338 ( CPU= 0.0126 Sys= 0.0212 I/O= 0.0000 )
Lost  time                      0.6442 
   Insufficient parallelism     0.5740 ( User= 0.2139 Sys= 0.3602 )
   Communication                0.0403 ( Real_sync= 0.0000 Starts= 0.0000 )
   Idle time                    0.0298
Load imbalance                  0.0031
Synchronization                28.2110
Time variation                 28.2150
Overlap                         0.0002
                  Nop   Communic    Synchro  Variation    Overlap 
I/O                17     0.0000     0.1168     0.1202     0.0000 
Reduction           8     0.0403     0.0059     0.0059     0.0000 
Remote access    4155     0.0000    28.0883    28.0889     0.0002 
--- The comparative characteristics --- 
                              Tmin N proc      Tmax N proc      Tmid
Lost time                   0.0356    10     0.0366    18     0.0358 
User insufficient par.      0.0065    18     0.0138    10     0.0119 
Sys.insufficient par.       0.0108    18     0.0215    16     0.0200 
Idle time                   0.0000    10     0.0043    18     0.0017 
Communication               0.0002    15     0.0150    18     0.0022 
Synchronization             0.0004    16    10.8190    18     1.5673 
Variation                   0.0006    16    10.8195    18     1.5675 
Overlap                     0.0000     3     0.0001    16     0.0000 
Load imbalance              0.0000    10     0.0010    18     0.0002 
Execution time              0.0334    18     0.0377    10     0.0360 
User CPU time               0.0004    18     0.0008    10     0.0007 
Sys. CPU time               0.0006    18     0.0013    16     0.0012 
I/O time                    0.0000     6     0.0000     1     0.0000 
Processors                      18     1         18    18         18 
                      Communic          Synchro        Variation          Overlap  
I/O             Tmin    0.0000     1     0.0001    16     0.0003    16     0.0000     1 
I/O             Tmax    0.0000    18     0.0439    18     0.0441    18     0.0000    18 
I/O             Tmid    0.0000           0.0065           0.0067           0.0000       
Reduction       Tmin    0.0002    15     0.0000     2     0.0000     2     0.0000     3 
Reduction       Tmax    0.0150    18     0.0020    17     0.0020    17     0.0000     2 
Reduction       Tmid    0.0022           0.0003           0.0003           0.0000       
Remote access   Tmin    0.0000     1     0.0002    16     0.0002    16     0.0000     3 
Remote access   Tmax    0.0000    18    10.7732    18    10.7735    18     0.0001    16 
Remote access   Tmid    0.0000           1.5605           1.5605           0.0000       
--- The execution characteristics --- 
                                1          2          3          4          5          6          7          8          9         10         11         12         13         14         15         16         17         18 
Lost time                  0.0357     0.0357     0.0357     0.0356     0.0357     0.0357     0.0357     0.0357     0.0357     0.0356     0.0357     0.0356     0.0357     0.0357     0.0356     0.0357     0.0366     0.0366 
User insufficient par.     0.0124     0.0126     0.0120     0.0133     0.0130     0.0131     0.0119     0.0120     0.0118     0.0138     0.0119     0.0135     0.0119     0.0128     0.0129     0.0120     0.0066     0.0065 
Sys.insufficient par.      0.0213     0.0214     0.0209     0.0210     0.0212     0.0212     0.0213     0.0212     0.0211     0.0211     0.0209     0.0209     0.0211     0.0210     0.0215     0.0215     0.0109     0.0108 
Idle time                  0.0014     0.0014     0.0020     0.0006     0.0008     0.0008     0.0020     0.0020     0.0020     0.0000     0.0020     0.0003     0.0020     0.0011     0.0011     0.0020     0.0043     0.0043 
Communication              0.0006     0.0003     0.0008     0.0008     0.0006     0.0006     0.0005     0.0005     0.0008     0.0008     0.0010     0.0010     0.0008     0.0008     0.0002     0.0002     0.0149     0.0150 
Synchronization            0.2934     0.2425     0.5034     0.5113     0.4469     0.4470     0.3392     0.3412     0.5472     0.5472     0.6765     0.6765     0.5393     0.5392     0.0134     0.0004    10.7274    10.8190 
Variation                  0.2933     0.2427     0.5037     0.5116     0.4471     0.4472     0.3394     0.3415     0.5474     0.5474     0.6767     0.6767     0.5394     0.5394     0.0136     0.0006    10.7279    10.8195 
Overlap                    0.0000     0.0000     0.0000     0.0000     0.0000     0.0000     0.0000     0.0000     0.0000     0.0000     0.0000     0.0000     0.0000     0.0000     0.0001     0.0001     0.0000     0.0000 
Load imbalance             0.0001     0.0000     0.0001     0.0000     0.0000     0.0000     0.0001     0.0001     0.0001     0.0000     0.0001     0.0000     0.0001     0.0001     0.0000     0.0001     0.0010     0.0010 
Execution time             0.0363     0.0363     0.0357     0.0371     0.0368     0.0368     0.0357     0.0357     0.0357     0.0377     0.0357     0.0374     0.0357     0.0366     0.0366     0.0357     0.0334     0.0334 
User CPU time              0.0007     0.0007     0.0007     0.0008     0.0008     0.0008     0.0007     0.0007     0.0007     0.0008     0.0007     0.0008     0.0007     0.0008     0.0008     0.0007     0.0004     0.0004 
Sys. CPU time              0.0012     0.0013     0.0012     0.0012     0.0012     0.0012     0.0012     0.0012     0.0012     0.0012     0.0012     0.0012     0.0012     0.0012     0.0013     0.0013     0.0006     0.0006 
I/O time                   0.0000     0.0000     0.0000     0.0000     0.0000     0.0000     0.0000     0.0000     0.0000     0.0000     0.0000     0.0000     0.0000     0.0000     0.0000     0.0000     0.0000     0.0000 
Processors                     18         18         18         18         18         18         18         18         18         18         18         18         18         18         18         18         18         18 
           Communication          
Reduction                  0.0006     0.0003     0.0008     0.0008     0.0006     0.0006     0.0005     0.0005     0.0008     0.0008     0.0010     0.0010     0.0008     0.0008     0.0002     0.0002     0.0149     0.0150 
           Synchronization        
I/O                        0.0012     0.0011     0.0021     0.0022     0.0020     0.0020     0.0016     0.0016     0.0024     0.0024     0.0028     0.0028     0.0023     0.0023     0.0002     0.0001     0.0437     0.0439 
Reduction                  0.0000     0.0000     0.0001     0.0001     0.0002     0.0002     0.0002     0.0002     0.0002     0.0002     0.0002     0.0002     0.0001     0.0001     0.0001     0.0001     0.0020     0.0019 
Remote access              0.2922     0.2413     0.5012     0.5090     0.4447     0.4448     0.3374     0.3395     0.5446     0.5446     0.6735     0.6735     0.5368     0.5367     0.0132     0.0002    10.6818    10.7732 
           Variation              
I/O                        0.0011     0.0013     0.0023     0.0024     0.0022     0.0022     0.0018     0.0018     0.0026     0.0026     0.0030     0.0030     0.0025     0.0025     0.0004     0.0003     0.0439     0.0441 
Reduction                  0.0000     0.0000     0.0001     0.0001     0.0002     0.0002     0.0002     0.0002     0.0002     0.0002     0.0002     0.0002     0.0001     0.0001     0.0001     0.0001     0.0020     0.0019 
Remote access              0.2922     0.2414     0.5012     0.5091     0.4447     0.4448     0.3375     0.3395     0.5446     0.5446     0.6735     0.6735     0.5368     0.5368     0.0132     0.0002    10.6820    10.7735 
           Overlap                
Reduction                  0.0000     0.0000     0.0000     0.0000     0.0000     0.0000     0.0000     0.0000     0.0000     0.0000     0.0000     0.0000     0.0000     0.0000     0.0000     0.0000     0.0000     0.0000 
Remote access              0.0000     0.0000     0.0000     0.0000     0.0000     0.0000     0.0000     0.0000     0.0000     0.0000     0.0000     0.0000     0.0000     0.0000     0.0001     0.0001     0.0000     0.0000 


-------------------------------------------------------------------------
Name (number) and performance time of processors
omp.keldysh.ru(1) 0.935378
omp.keldysh.ru(2) 0.935318
omp.keldysh.ru(3) 0.956013
omp.keldysh.ru(4) 0.956250
omp.keldysh.ru(5) 0.957498
omp.keldysh.ru(6) 0.957478
omp.keldysh.ru(7) 0.959766
omp.keldysh.ru(8) 0.959758
omp.keldysh.ru(9) 0.956894
omp.keldysh.ru(10) 0.956891
omp.keldysh.ru(11) 0.960973
omp.keldysh.ru(12) 0.960963
omp.keldysh.ru(13) 0.957077
omp.keldysh.ru(14) 0.957070
omp.keldysh.ru(15) 0.958464
omp.keldysh.ru(16) 0.958481
omp.keldysh.ru(17) 0.957717
omp.keldysh.ru(18) 0.958036
min - omp.keldysh.ru(2) 0.935318; max - omp.keldysh.ru(11) 0.960973; mid - 0.955557
