Processor system=4*1*2*2
Statistics has been accumulated on DVM-system version 5.0, platform DVM
Analyzer is executing on DVM-system version 5.0, platform DVM
-------------------------------------------------------------------------
INTERVAL ( NLINE=7 SOURCE=sh42.f ) LEVEL=0  EXE_COUNT=1
--- The main characteristics --- 
Parallelization efficiency      0.0512 
Execution time                  0.1908 
Processors                          16
Threads amount                      16
Total time                      3.0527
Productive time                 0.1563 ( CPU= 0.1547 Sys= 0.0016 I/O= 0.0000 )
Lost  time                      2.8964 
   Insufficient parallelism     2.3450 ( User= 2.3200 Sys= 0.0250 )
   Communication                0.0043 ( Real_sync= 0.0000 Starts= 0.0000 )
   Idle time                    0.5472
Load imbalance                  0.0343
Synchronization                 2.3907
Time variation                  2.3918
Overlap                         0.0000
                  Nop   Communic    Synchro  Variation    Overlap 
I/O                11     0.0000     1.1561     1.1573     0.0000 
Reduction           9     0.0043     0.6179     0.6178     0.0000 
Shadow              9     0.0000     0.6167     0.6167     0.0000 
--- The comparative characteristics --- 
                              Tmin N proc      Tmax N proc      Tmid
Lost time                   0.1789     6     0.1869    13     0.1810 
User insufficient par.      0.0576    13     0.1771     6     0.1450 
Sys.insufficient par.       0.0010    16     0.0022     1     0.0016 
Idle time                   0.0000     6     0.1275    13     0.0342 
Communication               0.0002     1     0.0004    14     0.0003 
Synchronization             0.0003     5     0.5611    13     0.1494 
Variation                   0.0004     5     0.5612    13     0.1495 
Overlap                     0.0000     1     0.0000     5     0.0000 
Load imbalance              0.0000     6     0.0080    13     0.0021 
Execution time              0.0633    13     0.1908     6     0.1566 
User CPU time               0.0038    13     0.0118     6     0.0097 
Sys. CPU time               0.0001    16     0.0001     8     0.0001 
I/O time                    0.0000    16     0.0000     1     0.0000 
Processors                      16     1         16    16         16 
                      Communic          Synchro        Variation          Overlap  
I/O             Tmin    0.0000     1     0.0001     6     0.0002     6     0.0000     1 
I/O             Tmax    0.0000    16     0.2729    13     0.2730    13     0.0000    16 
I/O             Tmid    0.0000           0.0723           0.0723           0.0000       
Reduction       Tmin    0.0002     1     0.0001     6     0.0001     6     0.0000     1 
Reduction       Tmax    0.0004    14     0.1453    13     0.1453    13     0.0000     7 
Reduction       Tmid    0.0003           0.0386           0.0386           0.0000       
Shadow          Tmin    0.0000     1     0.0001     5     0.0001     5     0.0000     1 
Shadow          Tmax    0.0000    16     0.1429    13     0.1429    13     0.0000     5 
Shadow          Tmid    0.0000           0.0385           0.0385           0.0000       
--- The execution characteristics --- 
                                1          2          3          4          5          6          7          8          9         10         11         12         13         14         15         16 
Lost time                  0.1796     0.1795     0.1790     0.1790     0.1789     0.1789     0.1795     0.1796     0.1789     0.1790     0.1790     0.1790     0.1869     0.1866     0.1866     0.1866 
User insufficient par.     0.1657     0.1684     0.1757     0.1757     0.1763     0.1771     0.1682     0.1654     0.1766     0.1756     0.1758     0.1756     0.0576     0.0617     0.0625     0.0622 
Sys.insufficient par.      0.0022     0.0015     0.0016     0.0016     0.0017     0.0016     0.0016     0.0021     0.0017     0.0016     0.0015     0.0016     0.0014     0.0012     0.0012     0.0010 
Idle time                  0.0115     0.0094     0.0014     0.0015     0.0008     0.0000     0.0094     0.0119     0.0004     0.0015     0.0015     0.0015     0.1275     0.1233     0.1226     0.1230 
Communication              0.0002     0.0002     0.0002     0.0002     0.0002     0.0002     0.0002     0.0002     0.0003     0.0003     0.0003     0.0003     0.0004     0.0004     0.0004     0.0004 
Synchronization            0.0567     0.0401     0.0035     0.0029     0.0003     0.0004     0.0435     0.0557     0.0075     0.0057     0.0093     0.0150     0.5611     0.5339     0.5256     0.5296 
Variation                  0.0564     0.0402     0.0036     0.0029     0.0004     0.0005     0.0436     0.0558     0.0076     0.0058     0.0094     0.0151     0.5612     0.5340     0.5257     0.5297 
Overlap                    0.0000     0.0000     0.0000     0.0000     0.0000     0.0000     0.0000     0.0000     0.0000     0.0000     0.0000     0.0000     0.0000     0.0000     0.0000     0.0000 
Load imbalance             0.0007     0.0006     0.0001     0.0001     0.0000     0.0000     0.0006     0.0007     0.0000     0.0001     0.0001     0.0001     0.0080     0.0077     0.0077     0.0077 
Execution time             0.1793     0.1814     0.1893     0.1893     0.1900     0.1908     0.1814     0.1789     0.1904     0.1893     0.1893     0.1893     0.0633     0.0675     0.0682     0.0678 
User CPU time              0.0110     0.0112     0.0117     0.0117     0.0118     0.0118     0.0112     0.0110     0.0118     0.0117     0.0117     0.0117     0.0038     0.0041     0.0042     0.0041 
Sys. CPU time              0.0001     0.0001     0.0001     0.0001     0.0001     0.0001     0.0001     0.0001     0.0001     0.0001     0.0001     0.0001     0.0001     0.0001     0.0001     0.0001 
I/O time                   0.0000     0.0000     0.0000     0.0000     0.0000     0.0000     0.0000     0.0000     0.0000     0.0000     0.0000     0.0000     0.0000     0.0000     0.0000     0.0000 
Processors                     16         16         16         16         16         16         16         16         16         16         16         16         16         16         16         16 
           Communication          
Reduction                  0.0002     0.0002     0.0002     0.0002     0.0002     0.0002     0.0002     0.0002     0.0003     0.0003     0.0003     0.0003     0.0004     0.0004     0.0004     0.0004 
           Synchronization        
I/O                        0.0251     0.0199     0.0012     0.0010     0.0001     0.0001     0.0213     0.0250     0.0027     0.0022     0.0041     0.0060     0.2729     0.2599     0.2565     0.2581 
Reduction                  0.0141     0.0101     0.0010     0.0008     0.0001     0.0001     0.0108     0.0137     0.0023     0.0018     0.0023     0.0042     0.1453     0.1383     0.1359     0.1371 
Shadow                     0.0175     0.0102     0.0013     0.0010     0.0001     0.0002     0.0114     0.0170     0.0024     0.0017     0.0028     0.0048     0.1429     0.1357     0.1333     0.1344 
           Variation              
I/O                        0.0248     0.0200     0.0013     0.0011     0.0002     0.0002     0.0214     0.0251     0.0028     0.0022     0.0042     0.0061     0.2730     0.2600     0.2565     0.2582 
Reduction                  0.0141     0.0101     0.0010     0.0008     0.0001     0.0001     0.0108     0.0137     0.0023     0.0018     0.0023     0.0042     0.1453     0.1383     0.1359     0.1371 
Shadow                     0.0175     0.0102     0.0013     0.0010     0.0001     0.0002     0.0114     0.0170     0.0024     0.0017     0.0028     0.0048     0.1429     0.1357     0.1333     0.1344 
           Overlap                
Reduction                  0.0000     0.0000     0.0000     0.0000     0.0000     0.0000     0.0000     0.0000     0.0000     0.0000     0.0000     0.0000     0.0000     0.0000     0.0000     0.0000 
Shadow                     0.0000     0.0000     0.0000     0.0000     0.0000     0.0000     0.0000     0.0000     0.0000     0.0000     0.0000     0.0000     0.0000     0.0000     0.0000     0.0000 


-------------------------------------------------------------------------
Name (number) and performance time of processors
omp.keldysh.ru(1) 0.935364
omp.keldysh.ru(2) 0.935274
omp.keldysh.ru(3) 0.958878
omp.keldysh.ru(4) 0.959196
omp.keldysh.ru(5) 0.960809
omp.keldysh.ru(6) 0.960808
omp.keldysh.ru(7) 0.959184
omp.keldysh.ru(8) 0.959178
omp.keldysh.ru(9) 0.960701
omp.keldysh.ru(10) 0.960714
omp.keldysh.ru(11) 0.935288
omp.keldysh.ru(12) 0.935286
omp.keldysh.ru(13) 0.959496
omp.keldysh.ru(14) 0.959498
omp.keldysh.ru(15) 0.960414
omp.keldysh.ru(16) 0.960413
min - omp.keldysh.ru(2) 0.935274; max - omp.keldysh.ru(5) 0.960809; mid - 0.953781
