Processor system=2*3*3*1
Statistics has been accumulated on DVM-system version 5.0, platform DVM
Analyzer is executing on DVM-system version 5.0, platform DVM
-------------------------------------------------------------------------
INTERVAL ( NLINE=7 SOURCE=sh41.f ) LEVEL=0  EXE_COUNT=2
--- The main characteristics --- 
Parallelization efficiency      0.1100 
Execution time                  2.0028 
Processors                          18
Threads amount                      18
Total time                     36.0509
Productive time                 3.9665 ( CPU= 3.9037 Sys= 0.0627 I/O= 0.0000 )
Lost  time                     32.0844 
   Insufficient parallelism    28.4403 ( User= 27.3734 Sys= 1.0669 )
   Communication                3.6067 ( Real_sync= 0.0000 Starts= 0.0000 )
   Idle time                    0.0374
Load imbalance                  0.9971
Synchronization                 1.8149
Time variation                  0.9915
Overlap                         0.0000
                  Nop   Communic    Synchro  Variation    Overlap 
I/O                12     0.0000     0.0224     0.0258     0.0000 
Reduction          10     1.6372     0.0005     0.0005     0.0000 
Shadow             10     1.9694     1.7920     0.9651     0.0000 
--- The comparative characteristics --- 
                              Tmin N proc      Tmax N proc      Tmid
Lost time                   1.7271    14     1.9019    18     1.7825 
User insufficient par.      0.9833    18     1.5946    15     1.5207 
Sys.insufficient par.       0.0384    18     0.1118     5     0.0593 
Idle time                   0.0000    14     0.0104    18     0.0021 
Communication               0.0373     5     0.8697    18     0.2004 
Synchronization             0.0003     5     0.6949    18     0.1008 
Variation                   0.0004     5     0.0785    10     0.0551 
Overlap                     0.0000     1     0.0000     5     0.0000 
Load imbalance              0.0000    14     0.1748    18     0.0554 
Execution time              1.9924    18     2.0028    14     2.0007 
User CPU time               0.0987    18     0.2697    14     0.2169 
Sys. CPU time               0.0023    18     0.0066     5     0.0035 
I/O time                    0.0000     9     0.0000     1     0.0000 
Processors                      18     1         18    18         18 
                      Communic          Synchro        Variation          Overlap  
I/O             Tmin    0.0000     1     0.0000    14     0.0002    14     0.0000     1 
I/O             Tmax    0.0000    18     0.0057    18     0.0059    18     0.0000    18 
I/O             Tmid    0.0000           0.0012           0.0014           0.0000       
Reduction       Tmin    0.0003    14     0.0000    15     0.0000    15     0.0000     1 
Reduction       Tmax    0.1841    18     0.0000     5     0.0000     5     0.0000    18 
Reduction       Tmid    0.0910           0.0000           0.0000           0.0000       
Shadow          Tmin    0.0256     1     0.0001     5     0.0001     5     0.0000     1 
Shadow          Tmax    0.6856    18     0.6892    18     0.0769     1     0.0000     5 
Shadow          Tmid    0.1094           0.0996           0.0536           0.0000       
--- The execution characteristics --- 
                                1          2          3          4          5          6          7          8          9         10         11         12         13         14         15         16         17         18 
Lost time                  1.7984     1.7519     1.8378     1.7771     1.7375     1.7366     1.7794     1.7336     1.8036     1.8013     1.7452     1.7788     1.7334     1.7271     1.7843     1.8442     1.8123     1.9019 
User insufficient par.     1.5918     1.5883     1.5907     1.5894     1.5883     1.5888     1.5836     1.5904     1.5860     1.5785     1.5857     1.5843     1.5867     1.5825     1.5946     1.5841     0.9964     0.9833 
Sys.insufficient par.      0.0444     0.0684     0.0426     0.0695     0.1118     0.0665     0.0415     0.0548     0.0442     0.0434     0.0659     0.0416     0.0659     0.1036     0.0651     0.0457     0.0535     0.0384 
Idle time                  0.0000     0.0000     0.0000     0.0000     0.0000     0.0000     0.0073     0.0000     0.0040     0.0079     0.0000     0.0000     0.0000     0.0000     0.0000     0.0076     0.0000     0.0104 
Communication              0.1622     0.0952     0.2045     0.1182     0.0373     0.0813     0.1470     0.0884     0.1694     0.1715     0.0936     0.1528     0.0808     0.0410     0.1246     0.2068     0.7623     0.8697 
Synchronization            0.0378     0.0201     0.0411     0.0179     0.0003     0.0206     0.0446     0.0245     0.0401     0.0392     0.0299     0.0483     0.0197     0.0009     0.0197     0.0442     0.6711     0.6949 
Variation                  0.0783     0.0481     0.0733     0.0242     0.0004     0.0487     0.0729     0.0720     0.0705     0.0785     0.0570     0.0736     0.0458     0.0077     0.0246     0.0771     0.0655     0.0731 
Overlap                    0.0000     0.0000     0.0000     0.0000     0.0000     0.0000     0.0000     0.0000     0.0000     0.0000     0.0000     0.0000     0.0000     0.0000     0.0000     0.0000     0.0000     0.0000 
Load imbalance             0.0713     0.0248     0.1108     0.0500     0.0104     0.0095     0.0523     0.0066     0.0765     0.0742     0.0181     0.0517     0.0064     0.0000     0.0572     0.1172     0.0852     0.1748 
Execution time             2.0028     2.0028     2.0028     2.0028     2.0028     2.0028     1.9955     2.0028     1.9988     1.9949     2.0028     2.0028     2.0028     2.0028     2.0028     1.9952     2.0028     1.9924 
User CPU time              0.2018     0.2469     0.1625     0.2216     0.2588     0.2623     0.2210     0.2660     0.1966     0.1990     0.2537     0.2216     0.2655     0.2697     0.2147     0.1559     0.1874     0.0987 
Sys. CPU time              0.0026     0.0040     0.0025     0.0041     0.0066     0.0039     0.0024     0.0032     0.0026     0.0026     0.0039     0.0024     0.0039     0.0061     0.0038     0.0027     0.0031     0.0023 
I/O time                   0.0000     0.0000     0.0000     0.0000     0.0000     0.0000     0.0000     0.0000     0.0000     0.0000     0.0000     0.0000     0.0000     0.0000     0.0000     0.0000     0.0000     0.0000 
Processors                     18         18         18         18         18         18         18         18         18         18         18         18         18         18         18         18         18         18 
           Communication          
Reduction                  0.1365     0.0632     0.1692     0.0638     0.0018     0.0447     0.1051     0.0613     0.1329     0.1394     0.0604     0.1080     0.0383     0.0003     0.0632     0.1733     0.0919     0.1841 
Shadow                     0.0256     0.0320     0.0353     0.0545     0.0355     0.0366     0.0419     0.0271     0.0365     0.0321     0.0332     0.0449     0.0425     0.0407     0.0614     0.0336     0.6704     0.6856 
           Synchronization        
I/O                        0.0016     0.0004     0.0015     0.0005     0.0001     0.0005     0.0018     0.0004     0.0016     0.0022     0.0004     0.0016     0.0004     0.0000     0.0004     0.0019     0.0015     0.0057 
Reduction                  0.0000     0.0000     0.0000     0.0000     0.0000     0.0000     0.0000     0.0000     0.0000     0.0000     0.0000     0.0000     0.0000     0.0000     0.0000     0.0000     0.0000     0.0000 
Shadow                     0.0362     0.0196     0.0396     0.0174     0.0001     0.0201     0.0428     0.0240     0.0385     0.0370     0.0295     0.0466     0.0193     0.0009     0.0193     0.0422     0.6696     0.6892 
           Variation              
I/O                        0.0014     0.0006     0.0017     0.0007     0.0003     0.0007     0.0020     0.0006     0.0018     0.0024     0.0006     0.0018     0.0006     0.0002     0.0006     0.0022     0.0017     0.0059 
Reduction                  0.0000     0.0000     0.0000     0.0000     0.0000     0.0000     0.0000     0.0000     0.0000     0.0000     0.0000     0.0000     0.0000     0.0000     0.0000     0.0000     0.0000     0.0000 
Shadow                     0.0769     0.0474     0.0716     0.0235     0.0001     0.0480     0.0709     0.0714     0.0687     0.0761     0.0564     0.0718     0.0451     0.0075     0.0240     0.0750     0.0638     0.0672 
           Overlap                
Reduction                  0.0000     0.0000     0.0000     0.0000     0.0000     0.0000     0.0000     0.0000     0.0000     0.0000     0.0000     0.0000     0.0000     0.0000     0.0000     0.0000     0.0000     0.0000 
Shadow                     0.0000     0.0000     0.0000     0.0000     0.0000     0.0000     0.0000     0.0000     0.0000     0.0000     0.0000     0.0000     0.0000     0.0000     0.0000     0.0000     0.0000     0.0000 


-------------------------------------------------------------------------
Name (number) and performance time of processors
omp.keldysh.ru(1) 0.935478
omp.keldysh.ru(2) 0.935400
omp.keldysh.ru(3) 0.957535
omp.keldysh.ru(4) 0.957544
omp.keldysh.ru(5) 0.953331
omp.keldysh.ru(6) 0.953305
omp.keldysh.ru(7) 0.935462
omp.keldysh.ru(8) 0.935442
omp.keldysh.ru(9) 0.954901
omp.keldysh.ru(10) 0.954915
omp.keldysh.ru(11) 0.954089
omp.keldysh.ru(12) 0.954434
omp.keldysh.ru(13) 0.959145
omp.keldysh.ru(14) 0.959146
omp.keldysh.ru(15) 0.956032
omp.keldysh.ru(16) 0.956032
omp.keldysh.ru(17) 0.955646
omp.keldysh.ru(18) 0.955614
min - omp.keldysh.ru(2) 0.935400; max - omp.keldysh.ru(14) 0.959146; mid - 0.951303
