Processor system=1*1*4*4
Statistics has been accumulated on DVM-system version 5.0, platform DVM
Analyzer is executing on DVM-system version 5.0, platform DVM
-------------------------------------------------------------------------
INTERVAL ( NLINE=8 SOURCE=sha43.f ) LEVEL=0  EXE_COUNT=1
--- The main characteristics --- 
Parallelization efficiency      0.0719 
Execution time                  0.0134 
Processors                          16
Threads amount                      16
Total time                      0.2150
Productive time                 0.0155 ( CPU= 0.0141 Sys= 0.0013 I/O= 0.0000 )
Lost  time                      0.1996 
   Insufficient parallelism     0.1408 ( User= 0.1210 Sys= 0.0199 )
   Communication                0.0349 ( Real_sync= 0.0000 Starts= 0.0000 )
   Idle time                    0.0238
Load imbalance                  0.0040
Synchronization                 0.0208
Time variation                  0.0146
Overlap                         0.0000
                  Nop   Communic    Synchro  Variation    Overlap 
I/O                 6     0.0000     0.0023     0.0043     0.0000 
Reduction           4     0.0167     0.0017     0.0017     0.0000 
Shadow              4     0.0182     0.0167     0.0086     0.0000 
--- The comparative characteristics --- 
                              Tmin N proc      Tmax N proc      Tmid
Lost time                   0.0122    10     0.0128    13     0.0125 
User insufficient par.      0.0057     1     0.0091    10     0.0076 
Sys.insufficient par.       0.0007    13     0.0016    11     0.0012 
Idle time                   0.0000    15     0.0034     1     0.0015 
Communication               0.0011     7     0.0042    13     0.0022 
Synchronization             0.0002    11     0.0032    14     0.0013 
Variation                   0.0003    11     0.0016    14     0.0009 
Overlap                     0.0000     1     0.0000     5     0.0000 
Load imbalance              0.0000    10     0.0006    13     0.0002 
Execution time              0.0100     1     0.0134    15     0.0120 
User CPU time               0.0006    13     0.0011    10     0.0009 
Sys. CPU time               0.0000    13     0.0001    11     0.0001 
I/O time                    0.0000     6     0.0000     1     0.0000 
Processors                      16     1         16    16         16 
                      Communic          Synchro        Variation          Overlap  
I/O             Tmin    0.0000     1     0.0000     4     0.0001    12     0.0000     1 
I/O             Tmax    0.0000    16     0.0003    14     0.0004    14     0.0000    16 
I/O             Tmid    0.0000           0.0001           0.0003           0.0000       
Reduction       Tmin    0.0003     9     0.0000     4     0.0000     4     0.0000     1 
Reduction       Tmax    0.0019    16     0.0002    14     0.0002    14     0.0000    16 
Reduction       Tmid    0.0010           0.0001           0.0001           0.0000       
Shadow          Tmin    0.0006     1     0.0001    11     0.0001    11     0.0000     1 
Shadow          Tmax    0.0024    15     0.0028    13     0.0009    14     0.0000     5 
Shadow          Tmid    0.0011           0.0010           0.0005           0.0000       
--- The execution characteristics --- 
                                1          2          3          4          5          6          7          8          9         10         11         12         13         14         15         16 
Lost time                  0.0127     0.0127     0.0125     0.0125     0.0123     0.0123     0.0124     0.0123     0.0122     0.0122     0.0124     0.0124     0.0128     0.0127     0.0127     0.0127 
User insufficient par.     0.0057     0.0057     0.0077     0.0087     0.0085     0.0086     0.0069     0.0077     0.0090     0.0091     0.0074     0.0071     0.0062     0.0078     0.0078     0.0071 
Sys.insufficient par.      0.0013     0.0011     0.0010     0.0012     0.0015     0.0015     0.0016     0.0015     0.0015     0.0015     0.0016     0.0015     0.0007     0.0008     0.0008     0.0008 
Idle time                  0.0034     0.0034     0.0014     0.0003     0.0011     0.0011     0.0028     0.0020     0.0005     0.0005     0.0022     0.0025     0.0017     0.0000     0.0000     0.0008 
Communication              0.0023     0.0024     0.0024     0.0024     0.0012     0.0011     0.0011     0.0011     0.0012     0.0011     0.0011     0.0013     0.0042     0.0041     0.0041     0.0040 
Synchronization            0.0013     0.0016     0.0010     0.0009     0.0007     0.0010     0.0004     0.0003     0.0007     0.0009     0.0002     0.0003     0.0032     0.0032     0.0027     0.0025 
Variation                  0.0012     0.0014     0.0009     0.0008     0.0008     0.0010     0.0005     0.0004     0.0008     0.0010     0.0003     0.0004     0.0015     0.0016     0.0009     0.0010 
Overlap                    0.0000     0.0000     0.0000     0.0000     0.0000     0.0000     0.0000     0.0000     0.0000     0.0000     0.0000     0.0000     0.0000     0.0000     0.0000     0.0000 
Load imbalance             0.0004     0.0004     0.0003     0.0002     0.0001     0.0000     0.0001     0.0001     0.0000     0.0000     0.0001     0.0002     0.0006     0.0005     0.0005     0.0005 
Execution time             0.0100     0.0100     0.0121     0.0132     0.0124     0.0124     0.0106     0.0115     0.0129     0.0129     0.0112     0.0109     0.0118     0.0134     0.0134     0.0126 
User CPU time              0.0007     0.0007     0.0009     0.0009     0.0011     0.0011     0.0010     0.0010     0.0011     0.0011     0.0010     0.0010     0.0006     0.0007     0.0007     0.0007 
Sys. CPU time              0.0001     0.0001     0.0001     0.0001     0.0001     0.0001     0.0001     0.0001     0.0001     0.0001     0.0001     0.0001     0.0000     0.0001     0.0001     0.0001 
I/O time                   0.0000     0.0000     0.0000     0.0000     0.0000     0.0000     0.0000     0.0000     0.0000     0.0000     0.0000     0.0000     0.0000     0.0000     0.0000     0.0000 
Processors                     16         16         16         16         16         16         16         16         16         16         16         16         16         16         16         16 
           Communication          
Reduction                  0.0017     0.0016     0.0016     0.0017     0.0004     0.0003     0.0003     0.0004     0.0003     0.0003     0.0003     0.0005     0.0018     0.0018     0.0017     0.0019 
Shadow                     0.0006     0.0008     0.0008     0.0007     0.0008     0.0008     0.0007     0.0007     0.0009     0.0007     0.0008     0.0008     0.0024     0.0023     0.0024     0.0021 
           Synchronization        
I/O                        0.0002     0.0003     0.0000     0.0000     0.0002     0.0003     0.0001     0.0000     0.0002     0.0003     0.0000     0.0000     0.0003     0.0003     0.0001     0.0000 
Reduction                  0.0002     0.0002     0.0000     0.0000     0.0002     0.0002     0.0000     0.0000     0.0002     0.0002     0.0000     0.0000     0.0002     0.0002     0.0000     0.0000 
Shadow                     0.0009     0.0011     0.0009     0.0009     0.0003     0.0005     0.0003     0.0003     0.0003     0.0004     0.0001     0.0003     0.0028     0.0027     0.0026     0.0024 
           Variation              
I/O                        0.0002     0.0004     0.0002     0.0002     0.0004     0.0004     0.0002     0.0002     0.0004     0.0004     0.0002     0.0001     0.0004     0.0004     0.0002     0.0002 
Reduction                  0.0002     0.0002     0.0000     0.0000     0.0002     0.0002     0.0000     0.0000     0.0002     0.0002     0.0000     0.0000     0.0002     0.0002     0.0000     0.0000 
Shadow                     0.0009     0.0008     0.0006     0.0007     0.0003     0.0004     0.0002     0.0003     0.0003     0.0004     0.0001     0.0003     0.0009     0.0009     0.0006     0.0009 
           Overlap                
Shadow                     0.0000     0.0000     0.0000     0.0000     0.0000     0.0000     0.0000     0.0000     0.0000     0.0000     0.0000     0.0000     0.0000     0.0000     0.0000     0.0000 


-------------------------------------------------------------------------
Name (number) and performance time of processors
omp.keldysh.ru(1) 0.935569
omp.keldysh.ru(2) 0.935504
omp.keldysh.ru(3) 0.953387
omp.keldysh.ru(4) 0.953417
omp.keldysh.ru(5) 0.953688
omp.keldysh.ru(6) 0.953668
omp.keldysh.ru(7) 0.953873
omp.keldysh.ru(8) 0.953871
omp.keldysh.ru(9) 0.935533
omp.keldysh.ru(10) 0.935543
omp.keldysh.ru(11) 0.956159
omp.keldysh.ru(12) 0.956446
omp.keldysh.ru(13) 0.955109
omp.keldysh.ru(14) 0.955112
omp.keldysh.ru(15) 0.954796
omp.keldysh.ru(16) 0.954790
min - omp.keldysh.ru(2) 0.935504; max - omp.keldysh.ru(12) 0.956446; mid - 0.949779
