Processor system=2*3*1*3
Statistics has been accumulated on DVM-system version 5.0, platform DVM
Analyzer is executing on DVM-system version 5.0, platform DVM
-------------------------------------------------------------------------
INTERVAL ( NLINE=7 SOURCE=sc42.f ) LEVEL=0  EXE_COUNT=2
--- The main characteristics --- 
Parallelization efficiency      0.1376 
Execution time                  2.8472 
Processors                          18
Threads amount                      18
Total time                     51.2492
Productive time                 7.0541 ( CPU= 7.0436 Sys= 0.0105 I/O= 0.0000 )
Lost  time                     44.1951 
   Insufficient parallelism    39.5256 ( User= 39.3461 Sys= 0.1796 )
   Communication                4.6134 ( Real_sync= 0.0000 Starts= 0.0000 )
   Idle time                    0.0560
Load imbalance                  1.1753
Synchronization                 0.1437
Time variation                  0.1468
Overlap                         0.0000
                  Nop   Communic    Synchro  Variation    Overlap 
I/O                12     0.0000     0.0934     0.0965     0.0000 
Reduction          10     4.6134     0.0503     0.0503     0.0000 
--- The comparative characteristics --- 
                              Tmin N proc      Tmax N proc      Tmid
Lost time                   2.3900     6     2.5581    17     2.4553 
User insufficient par.      1.4504    18     2.3791    13     2.1859 
Sys.insufficient par.       0.0070    18     0.0133    14     0.0100 
Idle time                   0.0000     4     0.0075    18     0.0031 
Communication               0.0006     5     1.0943    17     0.2563 
Synchronization             0.0001     5     0.0161    18     0.0080 
Variation                   0.0003     5     0.0163    18     0.0082 
Overlap                     0.0000     1     0.0000    17     0.0000 
Load imbalance              0.0000     6     0.1681    17     0.0653 
Execution time              2.8397    18     2.8472     4     2.8441 
User CPU time               0.2885    17     0.4565     6     0.3913 
Sys. CPU time               0.0004    18     0.0008    14     0.0006 
I/O time                    0.0000     8     0.0000     1     0.0000 
Processors                      18     1         18    18         18 
                      Communic          Synchro        Variation          Overlap  
I/O             Tmin    0.0000     1     0.0001     5     0.0003     5     0.0000     1 
I/O             Tmax    0.0000    18     0.0115    18     0.0117    18     0.0000    18 
I/O             Tmid    0.0000           0.0052           0.0054           0.0000       
Reduction       Tmin    0.0006     5     0.0000    17     0.0000    17     0.0000     1 
Reduction       Tmax    1.0943    17     0.0046     3     0.0046     9     0.0000    17 
Reduction       Tmid    0.2563           0.0028           0.0028           0.0000       
--- The execution characteristics --- 
                                1          2          3          4          5          6          7          8          9         10         11         12         13         14         15         16         17         18 
Lost time                  2.4671     2.4672     2.4630     2.4232     2.3923     2.3900     2.4685     2.4662     2.4680     2.4682     2.4658     2.4665     2.3922     2.3927     2.4242     2.4646     2.5581     2.5573 
User insufficient par.     2.2321     2.2233     2.2370     2.3160     2.3775     2.3759     2.2275     2.2285     2.2301     2.2268     2.2318     2.2293     2.3791     2.3689     2.3226     2.2364     1.4531     1.4504 
Sys.insufficient par.      0.0094     0.0103     0.0074     0.0123     0.0131     0.0123     0.0090     0.0101     0.0071     0.0091     0.0099     0.0074     0.0122     0.0133     0.0109     0.0092     0.0095     0.0070 
Idle time                  0.0012     0.0006     0.0069     0.0000     0.0012     0.0012     0.0061     0.0012     0.0075     0.0043     0.0012     0.0075     0.0003     0.0012     0.0012     0.0058     0.0012     0.0075 
Communication              0.2245     0.2330     0.2117     0.0949     0.0006     0.0006     0.2259     0.2265     0.2233     0.2279     0.2230     0.2223     0.0006     0.0093     0.0895     0.2132     1.0943     1.0925 
Synchronization            0.0103     0.0006     0.0143     0.0085     0.0001     0.0103     0.0106     0.0006     0.0148     0.0105     0.0008     0.0147     0.0084     0.0002     0.0114     0.0105     0.0009     0.0161 
Variation                  0.0102     0.0007     0.0145     0.0087     0.0003     0.0105     0.0108     0.0008     0.0150     0.0107     0.0010     0.0149     0.0086     0.0004     0.0116     0.0107     0.0011     0.0163 
Overlap                    0.0000     0.0000     0.0000     0.0000     0.0000     0.0000     0.0000     0.0000     0.0000     0.0000     0.0000     0.0000     0.0000     0.0000     0.0000     0.0000     0.0000     0.0000 
Load imbalance             0.0771     0.0772     0.0730     0.0332     0.0024     0.0000     0.0785     0.0762     0.0780     0.0782     0.0758     0.0765     0.0022     0.0027     0.0342     0.0746     0.1681     0.1673 
Execution time             2.8460     2.8466     2.8403     2.8472     2.8460     2.8460     2.8411     2.8460     2.8397     2.8429     2.8460     2.8397     2.8469     2.8460     2.8460     2.8413     2.8460     2.8397 
User CPU time              0.3795     0.3794     0.3837     0.4232     0.4541     0.4565     0.3781     0.3804     0.3788     0.3785     0.3808     0.3803     0.4543     0.4537     0.4224     0.3820     0.2885     0.2895 
Sys. CPU time              0.0005     0.0006     0.0004     0.0007     0.0008     0.0007     0.0005     0.0006     0.0004     0.0005     0.0006     0.0004     0.0007     0.0008     0.0006     0.0005     0.0006     0.0004 
I/O time                   0.0000     0.0000     0.0000     0.0000     0.0000     0.0000     0.0000     0.0000     0.0000     0.0000     0.0000     0.0000     0.0000     0.0000     0.0000     0.0000     0.0000     0.0000 
Processors                     18         18         18         18         18         18         18         18         18         18         18         18         18         18         18         18         18         18 
           Communication          
Reduction                  0.2245     0.2330     0.2117     0.0949     0.0006     0.0006     0.2259     0.2265     0.2233     0.2279     0.2230     0.2223     0.0006     0.0093     0.0895     0.2132     1.0943     1.0925 
           Synchronization        
I/O                        0.0066     0.0005     0.0097     0.0048     0.0001     0.0058     0.0068     0.0006     0.0102     0.0067     0.0007     0.0101     0.0046     0.0001     0.0068     0.0068     0.0008     0.0115 
Reduction                  0.0038     0.0001     0.0046     0.0037     0.0000     0.0046     0.0038     0.0001     0.0046     0.0037     0.0001     0.0046     0.0038     0.0001     0.0046     0.0037     0.0000     0.0046 
           Variation              
I/O                        0.0065     0.0007     0.0099     0.0050     0.0003     0.0059     0.0070     0.0008     0.0104     0.0069     0.0009     0.0103     0.0048     0.0003     0.0070     0.0070     0.0010     0.0117 
Reduction                  0.0038     0.0001     0.0046     0.0037     0.0000     0.0046     0.0037     0.0000     0.0046     0.0037     0.0001     0.0046     0.0038     0.0000     0.0046     0.0037     0.0000     0.0046 
           Overlap                
Reduction                  0.0000     0.0000     0.0000     0.0000     0.0000     0.0000     0.0000     0.0000     0.0000     0.0000     0.0000     0.0000     0.0000     0.0000     0.0000     0.0000     0.0000     0.0000 


-------------------------------------------------------------------------
Name (number) and performance time of processors
omp.keldysh.ru(1) 0.933982
omp.keldysh.ru(2) 0.933930
omp.keldysh.ru(3) 0.959643
omp.keldysh.ru(4) 0.959664
omp.keldysh.ru(5) 0.933911
omp.keldysh.ru(6) 0.933558
omp.keldysh.ru(7) 0.959160
omp.keldysh.ru(8) 0.959140
omp.keldysh.ru(9) 0.956208
omp.keldysh.ru(10) 0.956255
omp.keldysh.ru(11) 0.957702
omp.keldysh.ru(12) 0.957691
omp.keldysh.ru(13) 0.956230
omp.keldysh.ru(14) 0.956240
omp.keldysh.ru(15) 0.957692
omp.keldysh.ru(16) 0.957713
omp.keldysh.ru(17) 0.948470
omp.keldysh.ru(18) 0.948434
min - omp.keldysh.ru(6) 0.933558; max - omp.keldysh.ru(4) 0.959664; mid - 0.951423
