Processor system=2*3*3*1
Statistics has been accumulated on DVM-system version 5.0, platform DVM
Analyzer is executing on DVM-system version 5.0, platform DVM
-------------------------------------------------------------------------
INTERVAL ( NLINE=7 SOURCE=rem41.f ) LEVEL=0  EXE_COUNT=2
--- The main characteristics --- 
Parallelization efficiency      0.0456 
Execution time                  0.4002 
Processors                          18
Threads amount                      18
Total time                      7.2029
Productive time                 0.3282 ( CPU= 0.0196 Sys= 0.3086 I/O= 0.0000 )
Lost  time                      6.8747 
   Insufficient parallelism     5.4634 ( User= 0.2175 Sys= 5.2459 )
   Communication                1.4043 ( Real_sync= 0.0000 Starts= 0.0000 )
   Idle time                    0.0070
Load imbalance                  0.0335
Synchronization                 2.5152
Time variation                  1.8640
Overlap                         0.0003
                  Nop   Communic    Synchro  Variation    Overlap 
I/O                17     0.0000     0.0076     0.0105     0.0000 
Reduction           8     0.0055     0.0007     0.0007     0.0000 
Remote access    4155     1.3989     2.5069     1.8528     0.0003 
--- The comparative characteristics --- 
                              Tmin N proc      Tmax N proc      Tmid
Lost time                   0.3801     9     0.3884    17     0.3819 
User insufficient par.      0.0097    10     0.0141     7     0.0121 
Sys.insufficient par.       0.1843    17     0.3211     9     0.2914 
Idle time                   0.0000    17     0.0020     2     0.0004 
Communication               0.0445     9     0.1944    17     0.0780 
Synchronization             0.0663     7     0.2384    17     0.1397 
Variation                   0.0449     7     0.1625    18     0.1036 
Overlap                     0.0000     1     0.0001     7     0.0000 
Load imbalance              0.0000     9     0.0083    17     0.0019 
Execution time              0.3982     2     0.4002    17     0.3998 
User CPU time               0.0009    17     0.0012     6     0.0011 
Sys. CPU time               0.0108    17     0.0189     9     0.0171 
I/O time                    0.0000     9     0.0000     1     0.0000 
Processors                      18     1         18    18         18 
                      Communic          Synchro        Variation          Overlap  
I/O             Tmin    0.0000     1     0.0003     7     0.0004     1     0.0000     1 
I/O             Tmax    0.0000    18     0.0006    17     0.0008    17     0.0000    18 
I/O             Tmid    0.0000           0.0004           0.0006           0.0000       
Reduction       Tmin    0.0001     7     0.0000     9     0.0000     9     0.0000     1 
Reduction       Tmax    0.0009    17     0.0000    18     0.0000    18     0.0000    16 
Reduction       Tmid    0.0003           0.0000           0.0000           0.0000       
Remote access   Tmin    0.0442     9     0.0660     7     0.0444     7     0.0000     1 
Remote access   Tmax    0.1934    17     0.2377    17     0.1616    18     0.0001     7 
Remote access   Tmid    0.0777           0.1393           0.1029           0.0000       
--- The execution characteristics --- 
                                1          2          3          4          5          6          7          8          9         10         11         12         13         14         15         16         17         18 
Lost time                  0.3815     0.3815     0.3808     0.3814     0.3811     0.3805     0.3803     0.3807     0.3801     0.3820     0.3817     0.3812     0.3817     0.3816     0.3808     0.3812     0.3884     0.3881 
User insufficient par.     0.0126     0.0105     0.0135     0.0125     0.0108     0.0136     0.0141     0.0136     0.0137     0.0097     0.0115     0.0124     0.0115     0.0113     0.0128     0.0129     0.0098     0.0107 
Sys.insufficient par.      0.2988     0.2996     0.3084     0.3006     0.3054     0.3137     0.3180     0.3106     0.3211     0.2921     0.2958     0.3025     0.2963     0.2971     0.3095     0.3033     0.1843     0.1889 
Idle time                  0.0001     0.0020     0.0000     0.0000     0.0019     0.0001     0.0000     0.0000     0.0008     0.0019     0.0000     0.0000     0.0001     0.0001     0.0000     0.0000     0.0000     0.0000 
Communication              0.0701     0.0694     0.0589     0.0682     0.0631     0.0531     0.0482     0.0565     0.0445     0.0783     0.0744     0.0664     0.0739     0.0732     0.0585     0.0649     0.1944     0.1885 
Synchronization            0.1446     0.1431     0.1244     0.1374     0.1181     0.1000     0.0663     0.1236     0.1107     0.1551     0.1506     0.1376     0.1488     0.1465     0.1075     0.1332     0.2384     0.2293 
Variation                  0.1055     0.1045     0.1008     0.1010     0.0859     0.0829     0.0449     0.1053     0.1068     0.1059     0.1046     0.1037     0.1032     0.1025     0.0821     0.1024     0.1595     0.1625 
Overlap                    0.0000     0.0000     0.0000     0.0000     0.0000     0.0000     0.0001     0.0000     0.0000     0.0000     0.0000     0.0000     0.0000     0.0000     0.0001     0.0000     0.0000     0.0000 
Load imbalance             0.0014     0.0015     0.0008     0.0013     0.0011     0.0004     0.0002     0.0006     0.0000     0.0020     0.0016     0.0012     0.0016     0.0016     0.0007     0.0011     0.0083     0.0080 
Execution time             0.4001     0.3982     0.4002     0.4002     0.3982     0.4001     0.4002     0.4002     0.3993     0.3982     0.4002     0.4002     0.4001     0.4001     0.4002     0.4002     0.4002     0.4002 
User CPU time              0.0011     0.0010     0.0012     0.0011     0.0010     0.0012     0.0012     0.0012     0.0012     0.0009     0.0011     0.0011     0.0011     0.0011     0.0011     0.0011     0.0009     0.0009 
Sys. CPU time              0.0176     0.0176     0.0181     0.0177     0.0180     0.0185     0.0187     0.0183     0.0189     0.0172     0.0174     0.0178     0.0174     0.0175     0.0182     0.0178     0.0108     0.0111 
I/O time                   0.0000     0.0000     0.0000     0.0000     0.0000     0.0000     0.0000     0.0000     0.0000     0.0000     0.0000     0.0000     0.0000     0.0000     0.0000     0.0000     0.0000     0.0000 
Processors                     18         18         18         18         18         18         18         18         18         18         18         18         18         18         18         18         18         18 
           Communication          
Reduction                  0.0003     0.0003     0.0002     0.0002     0.0002     0.0002     0.0001     0.0002     0.0003     0.0003     0.0002     0.0002     0.0002     0.0002     0.0002     0.0002     0.0009     0.0009 
Remote access              0.0698     0.0692     0.0586     0.0679     0.0629     0.0529     0.0481     0.0563     0.0442     0.0780     0.0741     0.0661     0.0736     0.0730     0.0583     0.0647     0.1934     0.1875 
           Synchronization        
I/O                        0.0004     0.0005     0.0004     0.0005     0.0004     0.0004     0.0003     0.0004     0.0004     0.0004     0.0004     0.0004     0.0004     0.0004     0.0003     0.0004     0.0006     0.0006 
Reduction                  0.0000     0.0000     0.0000     0.0000     0.0000     0.0000     0.0000     0.0000     0.0000     0.0000     0.0000     0.0000     0.0000     0.0000     0.0000     0.0000     0.0000     0.0000 
Remote access              0.1442     0.1426     0.1239     0.1369     0.1176     0.0996     0.0660     0.1232     0.1103     0.1546     0.1502     0.1371     0.1483     0.1461     0.1072     0.1328     0.2377     0.2286 
           Variation              
I/O                        0.0004     0.0006     0.0006     0.0006     0.0005     0.0005     0.0005     0.0006     0.0006     0.0006     0.0006     0.0006     0.0006     0.0006     0.0005     0.0005     0.0008     0.0008 
Reduction                  0.0000     0.0000     0.0000     0.0000     0.0000     0.0000     0.0000     0.0000     0.0000     0.0000     0.0000     0.0000     0.0000     0.0000     0.0000     0.0000     0.0000     0.0000 
Remote access              0.1051     0.1038     0.1001     0.1004     0.0854     0.0823     0.0444     0.1047     0.1062     0.1052     0.1039     0.1031     0.1026     0.1019     0.0815     0.1018     0.1587     0.1616 
           Overlap                
Reduction                  0.0000     0.0000     0.0000     0.0000     0.0000     0.0000     0.0000     0.0000     0.0000     0.0000     0.0000     0.0000     0.0000     0.0000     0.0000     0.0000     0.0000     0.0000 
Remote access              0.0000     0.0000     0.0000     0.0000     0.0000     0.0000     0.0001     0.0000     0.0000     0.0000     0.0000     0.0000     0.0000     0.0000     0.0001     0.0000     0.0000     0.0000 


-------------------------------------------------------------------------
Name (number) and performance time of processors
omp.keldysh.ru(1) 0.935427
omp.keldysh.ru(2) 0.935330
omp.keldysh.ru(3) 0.955219
omp.keldysh.ru(4) 0.955199
omp.keldysh.ru(5) 0.956511
omp.keldysh.ru(6) 0.956367
omp.keldysh.ru(7) 0.952997
omp.keldysh.ru(8) 0.952978
omp.keldysh.ru(9) 0.957093
omp.keldysh.ru(10) 0.957100
omp.keldysh.ru(11) 0.957368
omp.keldysh.ru(12) 0.957666
omp.keldysh.ru(13) 0.935386
omp.keldysh.ru(14) 0.935383
omp.keldysh.ru(15) 0.957094
omp.keldysh.ru(16) 0.957114
omp.keldysh.ru(17) 0.957283
omp.keldysh.ru(18) 0.957254
min - omp.keldysh.ru(2) 0.935330; max - omp.keldysh.ru(12) 0.957666; mid - 0.951598
