Processor system=2*2*4*1
Statistics has been accumulated on DVM-system version 5.0, platform DVM
Analyzer is executing on DVM-system version 5.0, platform DVM
-------------------------------------------------------------------------
INTERVAL ( NLINE=7 SOURCE=acr41.f ) LEVEL=0  EXE_COUNT=1
--- The main characteristics --- 
Parallelization efficiency      0.0972 
Execution time                  0.0159 
Processors                          16
Threads amount                      16
Total time                      0.2536
Productive time                 0.0247 ( CPU= 0.0222 Sys= 0.0025 I/O= 0.0000 )
Lost  time                      0.2290 
   Insufficient parallelism     0.1875 ( User= 0.1504 Sys= 0.0371 )
   Communication                0.0378 ( Real_sync= 0.0000 Starts= 0.0000 )
   Idle time                    0.0036
Load imbalance                  0.0045
Synchronization                 0.0568
Time variation                  0.0663
Overlap                         0.0038
                  Nop   Communic    Synchro  Variation    Overlap 
I/O                10     0.0000     0.0042     0.0051     0.0000 
Reduction           8     0.0041     0.0000     0.0001     0.0000 
Shadow             24     0.0328     0.0526     0.0611     0.0038 
--- The comparative characteristics --- 
                              Tmin N proc      Tmax N proc      Tmid
Lost time                   0.0140     2     0.0148    13     0.0143 
User insufficient par.      0.0064    13     0.0102     5     0.0094 
Sys.insufficient par.       0.0010    15     0.0036     1     0.0023 
Idle time                   0.0000     4     0.0016    11     0.0002 
Communication               0.0005     1     0.0059    16     0.0024 
Synchronization             0.0012    12     0.0081    13     0.0035 
Variation                   0.0017    12     0.0074    13     0.0041 
Overlap                     0.0000    14     0.0005     5     0.0002 
Load imbalance              0.0000     2     0.0008    13     0.0003 
Execution time              0.0142    11     0.0159     4     0.0156 
User CPU time               0.0008    13     0.0016     2     0.0014 
Sys. CPU time               0.0001    15     0.0002     1     0.0002 
I/O time                    0.0000    10     0.0000     1     0.0000 
Processors                      16     1         16    16         16 
                      Communic          Synchro        Variation          Overlap  
I/O             Tmin    0.0000     1     0.0000    12     0.0001    12     0.0000     1 
I/O             Tmax    0.0000    16     0.0003    13     0.0004    13     0.0000    16 
I/O             Tmid    0.0000           0.0003           0.0003           0.0000       
Reduction       Tmin    0.0001     2     0.0000     5     0.0000    12     0.0000     1 
Reduction       Tmax    0.0006    13     0.0000     2     0.0000    13     0.0000    12 
Reduction       Tmid    0.0003           0.0000           0.0000           0.0000       
Shadow          Tmin    0.0003     1     0.0012    12     0.0015     8     0.0000    14 
Shadow          Tmax    0.0052    16     0.0078    13     0.0070    13     0.0004     5 
Shadow          Tmid    0.0021           0.0033           0.0038           0.0002       
--- The execution characteristics --- 
                                1          2          3          4          5          6          7          8          9         10         11         12         13         14         15         16 
Lost time                  0.0143     0.0140     0.0141     0.0142     0.0143     0.0141     0.0141     0.0142     0.0143     0.0141     0.0143     0.0143     0.0148     0.0144     0.0145     0.0147 
User insufficient par.     0.0102     0.0101     0.0102     0.0102     0.0102     0.0101     0.0101     0.0101     0.0102     0.0100     0.0086     0.0100     0.0064     0.0082     0.0080     0.0077 
Sys.insufficient par.      0.0036     0.0031     0.0025     0.0021     0.0032     0.0026     0.0019     0.0016     0.0033     0.0025     0.0020     0.0018     0.0029     0.0020     0.0010     0.0011 
Idle time                  0.0000     0.0000     0.0000     0.0000     0.0001     0.0001     0.0000     0.0000     0.0000     0.0000     0.0016     0.0001     0.0016     0.0001     0.0000     0.0000 
Communication              0.0005     0.0009     0.0014     0.0020     0.0008     0.0013     0.0021     0.0025     0.0008     0.0016     0.0021     0.0024     0.0039     0.0041     0.0056     0.0059 
Synchronization            0.0037     0.0031     0.0025     0.0021     0.0032     0.0022     0.0019     0.0015     0.0036     0.0027     0.0019     0.0012     0.0081     0.0060     0.0064     0.0066 
Variation                  0.0058     0.0050     0.0039     0.0030     0.0052     0.0038     0.0027     0.0019     0.0057     0.0040     0.0027     0.0017     0.0074     0.0052     0.0045     0.0040 
Overlap                    0.0003     0.0003     0.0004     0.0003     0.0005     0.0004     0.0003     0.0002     0.0003     0.0002     0.0003     0.0003     0.0000     0.0000     0.0000     0.0000 
Load imbalance             0.0003     0.0000     0.0001     0.0002     0.0003     0.0001     0.0001     0.0002     0.0003     0.0001     0.0003     0.0002     0.0008     0.0003     0.0005     0.0006 
Execution time             0.0158     0.0158     0.0159     0.0159     0.0158     0.0158     0.0158     0.0158     0.0158     0.0158     0.0142     0.0158     0.0142     0.0158     0.0158     0.0158 
User CPU time              0.0013     0.0016     0.0015     0.0015     0.0013     0.0015     0.0016     0.0015     0.0013     0.0016     0.0014     0.0015     0.0008     0.0014     0.0013     0.0011 
Sys. CPU time              0.0002     0.0002     0.0002     0.0001     0.0002     0.0002     0.0001     0.0001     0.0002     0.0002     0.0001     0.0001     0.0002     0.0001     0.0001     0.0001 
I/O time                   0.0000     0.0000     0.0000     0.0000     0.0000     0.0000     0.0000     0.0000     0.0000     0.0000     0.0000     0.0000     0.0000     0.0000     0.0000     0.0000 
Processors                     16         16         16         16         16         16         16         16         16         16         16         16         16         16         16         16 
           Communication          
Reduction                  0.0002     0.0001     0.0001     0.0002     0.0002     0.0001     0.0002     0.0002     0.0002     0.0002     0.0001     0.0002     0.0006     0.0005     0.0005     0.0006 
Shadow                     0.0003     0.0008     0.0012     0.0018     0.0006     0.0011     0.0019     0.0023     0.0006     0.0014     0.0019     0.0022     0.0033     0.0036     0.0046     0.0052 
           Synchronization        
I/O                        0.0003     0.0003     0.0003     0.0003     0.0003     0.0003     0.0003     0.0003     0.0003     0.0003     0.0003     0.0000     0.0003     0.0003     0.0003     0.0003 
Reduction                  0.0000     0.0000     0.0000     0.0000     0.0000     0.0000     0.0000     0.0000     0.0000     0.0000     0.0000     0.0000     0.0000     0.0000     0.0000     0.0000 
Shadow                     0.0034     0.0028     0.0022     0.0019     0.0029     0.0019     0.0017     0.0013     0.0034     0.0025     0.0016     0.0012     0.0078     0.0057     0.0061     0.0062 
           Variation              
I/O                        0.0001     0.0003     0.0003     0.0003     0.0003     0.0003     0.0003     0.0003     0.0003     0.0003     0.0003     0.0001     0.0004     0.0004     0.0004     0.0004 
Reduction                  0.0000     0.0000     0.0000     0.0000     0.0000     0.0000     0.0000     0.0000     0.0000     0.0000     0.0000     0.0000     0.0000     0.0000     0.0000     0.0000 
Shadow                     0.0057     0.0046     0.0036     0.0026     0.0048     0.0034     0.0024     0.0015     0.0053     0.0037     0.0024     0.0016     0.0070     0.0048     0.0041     0.0036 
           Overlap                
Reduction                  0.0000     0.0000     0.0000     0.0000     0.0000     0.0000     0.0000     0.0000     0.0000     0.0000     0.0000     0.0000     0.0000     0.0000     0.0000     0.0000 
Shadow                     0.0003     0.0003     0.0004     0.0003     0.0004     0.0004     0.0003     0.0002     0.0003     0.0002     0.0003     0.0003     0.0000     0.0000     0.0000     0.0000 


-------------------------------------------------------------------------
Name (number) and performance time of processors
omp.keldysh.ru(1) 0.933923
omp.keldysh.ru(2) 0.933846
omp.keldysh.ru(3) 0.955068
omp.keldysh.ru(4) 0.955102
omp.keldysh.ru(5) 0.953482
omp.keldysh.ru(6) 0.953473
omp.keldysh.ru(7) 0.933922
omp.keldysh.ru(8) 0.933900
omp.keldysh.ru(9) 0.958897
omp.keldysh.ru(10) 0.958886
omp.keldysh.ru(11) 0.955259
omp.keldysh.ru(12) 0.955258
omp.keldysh.ru(13) 0.954655
omp.keldysh.ru(14) 0.954646
omp.keldysh.ru(15) 0.955745
omp.keldysh.ru(16) 0.955410
min - omp.keldysh.ru(2) 0.933846; max - omp.keldysh.ru(9) 0.958897; mid - 0.950092
