Processor system=2*2*2*2
Statistics has been accumulated on DVM-system version 5.0, platform DVM
Analyzer is executing on DVM-system version 5.0, platform DVM
-------------------------------------------------------------------------
INTERVAL ( NLINE=7 SOURCE=rem42.f ) LEVEL=0  EXE_COUNT=1
--- The main characteristics --- 
Parallelization efficiency      0.0536 
Execution time                  0.0351 
Processors                          16
Threads amount                      16
Total time                      0.5617
Productive time                 0.0301 ( CPU= 0.0103 Sys= 0.0198 I/O= 0.0000 )
Lost  time                      0.5316 
   Insufficient parallelism     0.4517 ( User= 0.1541 Sys= 0.2977 )
   Communication                0.0666 ( Real_sync= 0.0000 Starts= 0.0000 )
   Idle time                    0.0133
Load imbalance                  0.0046
Synchronization                47.4921
Time variation                 47.4954
Overlap                         0.0001
                  Nop   Communic    Synchro  Variation    Overlap 
I/O                16     0.0000     0.1938     0.1968     0.0000 
Reduction           7     0.0666     0.0084     0.0084     0.0000 
Remote access    4155     0.0000    47.2899    47.2902     0.0001 
--- The comparative characteristics --- 
                              Tmin N proc      Tmax N proc      Tmid
Lost time                   0.0329     1     0.0340    13     0.0332 
User insufficient par.      0.0062    13     0.0112     1     0.0096 
Sys.insufficient par.       0.0106    13     0.0216     1     0.0186 
Idle time                   0.0000     1     0.0019    13     0.0008 
Communication               0.0002     1     0.0153    13     0.0042 
Synchronization             0.0061     1    11.0410    13     2.9683 
Variation                   0.0060     1    11.0415    13     2.9685 
Overlap                     0.0000     3     0.0001     1     0.0000 
Load imbalance              0.0000     1     0.0010    13     0.0003 
Execution time              0.0332    13     0.0351     1     0.0343 
User CPU time               0.0004    13     0.0007     1     0.0006 
Sys. CPU time               0.0007    13     0.0014     7     0.0012 
I/O time                    0.0000     4     0.0000     1     0.0000 
Processors                      16     1         16    16         16 
                      Communic          Synchro        Variation          Overlap  
I/O             Tmin    0.0000     1     0.0001     1     0.0001     1     0.0000     1 
I/O             Tmax    0.0000    16     0.0452    13     0.0454    13     0.0000    16 
I/O             Tmid    0.0000           0.0121           0.0123           0.0000       
Reduction       Tmin    0.0002     1     0.0000     7     0.0000     7     0.0000     3 
Reduction       Tmax    0.0153    13     0.0021    13     0.0021    13     0.0000     7 
Reduction       Tmid    0.0042           0.0005           0.0005           0.0000       
Remote access   Tmin    0.0000     1     0.0059     1     0.0059     1     0.0000     2 
Remote access   Tmax    0.0000    16    10.9937    13    10.9939    13     0.0001     1 
Remote access   Tmid    0.0000           2.9556           2.9556           0.0000       
--- The execution characteristics --- 
                                1          2          3          4          5          6          7          8          9         10         11         12         13         14         15         16 
Lost time                  0.0329     0.0330     0.0330     0.0330     0.0330     0.0330     0.0330     0.0330     0.0330     0.0330     0.0330     0.0330     0.0340     0.0340     0.0340     0.0339 
User insufficient par.     0.0112     0.0107     0.0106     0.0106     0.0108     0.0109     0.0108     0.0108     0.0107     0.0107     0.0106     0.0107     0.0062     0.0063     0.0063     0.0064 
Sys.insufficient par.      0.0216     0.0213     0.0211     0.0210     0.0211     0.0211     0.0214     0.0214     0.0212     0.0211     0.0209     0.0208     0.0106     0.0109     0.0109     0.0113 
Idle time                  0.0000     0.0006     0.0005     0.0006     0.0006     0.0005     0.0005     0.0005     0.0005     0.0006     0.0005     0.0005     0.0019     0.0018     0.0018     0.0018 
Communication              0.0002     0.0003     0.0009     0.0008     0.0005     0.0005     0.0003     0.0003     0.0006     0.0006     0.0010     0.0010     0.0153     0.0150     0.0149     0.0144 
Synchronization            0.0061     0.1720     0.5832     0.5002     0.2664     0.2719     0.1143     0.1269     0.3585     0.3585     0.7128     0.7280    11.0410    10.8264    10.8717    10.5542 
Variation                  0.0060     0.1722     0.5833     0.5004     0.2666     0.2720     0.1145     0.1271     0.3587     0.3587     0.7130     0.7282    11.0415    10.8268    10.8721    10.5545 
Overlap                    0.0001     0.0000     0.0000     0.0000     0.0000     0.0000     0.0000     0.0000     0.0000     0.0000     0.0000     0.0000     0.0000     0.0000     0.0000     0.0000 
Load imbalance             0.0000     0.0000     0.0001     0.0001     0.0000     0.0000     0.0000     0.0000     0.0000     0.0000     0.0001     0.0001     0.0010     0.0010     0.0010     0.0010 
Execution time             0.0351     0.0345     0.0346     0.0345     0.0346     0.0346     0.0346     0.0346     0.0346     0.0345     0.0346     0.0346     0.0332     0.0333     0.0333     0.0333 
User CPU time              0.0007     0.0007     0.0007     0.0007     0.0007     0.0007     0.0007     0.0007     0.0007     0.0007     0.0007     0.0007     0.0004     0.0004     0.0004     0.0004 
Sys. CPU time              0.0014     0.0014     0.0014     0.0014     0.0014     0.0014     0.0014     0.0014     0.0014     0.0014     0.0014     0.0014     0.0007     0.0007     0.0007     0.0008 
I/O time                   0.0000     0.0000     0.0000     0.0000     0.0000     0.0000     0.0000     0.0000     0.0000     0.0000     0.0000     0.0000     0.0000     0.0000     0.0000     0.0000 
Processors                     16         16         16         16         16         16         16         16         16         16         16         16         16         16         16         16 
           Communication          
Reduction                  0.0002     0.0003     0.0009     0.0008     0.0005     0.0005     0.0003     0.0003     0.0006     0.0006     0.0010     0.0010     0.0153     0.0150     0.0149     0.0144 
           Synchronization        
I/O                        0.0001     0.0009     0.0025     0.0021     0.0011     0.0011     0.0005     0.0005     0.0015     0.0015     0.0029     0.0030     0.0452     0.0437     0.0445     0.0425 
Reduction                  0.0000     0.0000     0.0001     0.0001     0.0000     0.0000     0.0000     0.0000     0.0001     0.0001     0.0001     0.0001     0.0021     0.0017     0.0021     0.0016 
Remote access              0.0059     0.1711     0.5806     0.4980     0.2652     0.2707     0.1138     0.1263     0.3569     0.3569     0.7098     0.7249    10.9937    10.7810    10.8251    10.5100 
           Variation              
I/O                        0.0001     0.0011     0.0027     0.0023     0.0013     0.0013     0.0007     0.0007     0.0017     0.0017     0.0031     0.0032     0.0454     0.0439     0.0447     0.0427 
Reduction                  0.0000     0.0000     0.0001     0.0001     0.0000     0.0000     0.0000     0.0000     0.0001     0.0001     0.0001     0.0001     0.0021     0.0017     0.0021     0.0016 
Remote access              0.0059     0.1710     0.5805     0.4980     0.2652     0.2707     0.1137     0.1263     0.3568     0.3569     0.7097     0.7248    10.9939    10.7812    10.8253    10.5102 
           Overlap                
Reduction                  0.0000     0.0000     0.0000     0.0000     0.0000     0.0000     0.0000     0.0000     0.0000     0.0000     0.0000     0.0000     0.0000     0.0000     0.0000     0.0000 
Remote access              0.0001     0.0000     0.0000     0.0000     0.0000     0.0000     0.0000     0.0000     0.0000     0.0000     0.0000     0.0000     0.0000     0.0000     0.0000     0.0000 


-------------------------------------------------------------------------
Name (number) and performance time of processors
omp.keldysh.ru(1) 0.935364
omp.keldysh.ru(2) 0.935280
omp.keldysh.ru(3) 0.960367
omp.keldysh.ru(4) 0.960929
omp.keldysh.ru(5) 0.958268
omp.keldysh.ru(6) 0.958258
omp.keldysh.ru(7) 0.957855
omp.keldysh.ru(8) 0.957849
omp.keldysh.ru(9) 0.960985
omp.keldysh.ru(10) 0.960993
omp.keldysh.ru(11) 0.958789
omp.keldysh.ru(12) 0.958784
omp.keldysh.ru(13) 0.961317
omp.keldysh.ru(14) 0.961293
omp.keldysh.ru(15) 0.960110
omp.keldysh.ru(16) 0.960109
min - omp.keldysh.ru(2) 0.935280; max - omp.keldysh.ru(13) 0.961317; mid - 0.956659
