Processor system=2*3*3
Statistics has been accumulated on DVM-system version 5.0, platform DVM
Analyzer is executing on DVM-system version 5.0, platform DVM
-------------------------------------------------------------------------
INTERVAL ( NLINE=6 SOURCE=distrwgt3.f ) LEVEL=0  EXE_COUNT=2
--- The main characteristics --- 
Parallelization efficiency      0.0611 
Execution time                  0.0124 
Processors                          18
Threads amount                      18
Total time                      0.2238
Productive time                 0.0137 ( CPU= 0.0123 Sys= 0.0014 I/O= 0.0000 )
Lost  time                      0.2101 
   Insufficient parallelism     0.1412 ( User= 0.1172 Sys= 0.0240 )
   Communication                0.0292 ( Real_sync= 0.0000 Starts= 0.0000 )
   Idle time                    0.0397
Load imbalance                  0.0023
Synchronization                 0.0056
Time variation                  0.0113
Overlap                         0.0000
                  Nop   Communic    Synchro  Variation    Overlap 
I/O                14     0.0000     0.0012     0.0040     0.0000 
Reduction          12     0.0176     0.0009     0.0009     0.0000 
Remote access       5     0.0000     0.0003     0.0005     0.0000 
Redistribution     14     0.0115     0.0032     0.0060     0.0000 
--- The comparative characteristics --- 
                              Tmin N proc      Tmax N proc      Tmid
Lost time                   0.0115    12     0.0119     4     0.0117 
User insufficient par.      0.0035     4     0.0086    12     0.0065 
Sys.insufficient par.       0.0010    17     0.0015     1     0.0013 
Idle time                   0.0000    12     0.0054     4     0.0022 
Communication               0.0015     1     0.0023    17     0.0016 
Synchronization             0.0002     6     0.0007    17     0.0003 
Variation                   0.0005    15     0.0009    17     0.0006 
Overlap                     0.0000     1     0.0000    14     0.0000 
Load imbalance              0.0000    12     0.0003     4     0.0001 
Execution time              0.0070     4     0.0124    12     0.0102 
User CPU time               0.0005     4     0.0008    12     0.0007 
Sys. CPU time               0.0001    17     0.0001     5     0.0001 
I/O time                    0.0000    17     0.0000     1     0.0000 
Processors                      18     1         18    18         18 
                      Communic          Synchro        Variation          Overlap  
I/O             Tmin    0.0000     1     0.0000    12     0.0000     1     0.0000     1 
I/O             Tmax    0.0000    18     0.0001    17     0.0003    17     0.0000    18 
I/O             Tmid    0.0000           0.0001           0.0002           0.0000       
Reduction       Tmin    0.0008    15     0.0000    12     0.0000    12     0.0000     1 
Reduction       Tmax    0.0013    17     0.0001    17     0.0001    17     0.0000    14 
Reduction       Tmid    0.0010           0.0000           0.0000           0.0000       
Remote access   Tmin    0.0000     1     0.0000     7     0.0000     7     0.0000     1 
Remote access   Tmax    0.0000    18     0.0001    17     0.0001    17     0.0000    18 
Remote access   Tmid    0.0000           0.0000           0.0000           0.0000       
Redistribution  Tmin    0.0004     1     0.0001     5     0.0002    15     0.0000     1 
Redistribution  Tmax    0.0010    17     0.0005    17     0.0005     1     0.0000    18 
Redistribution  Tmid    0.0006           0.0002           0.0003           0.0000       
--- The execution characteristics --- 
                                1          2          3          4          5          6          7          8          9         10         11         12         13         14         15         16         17         18 
Lost time                  0.0116     0.0116     0.0118     0.0119     0.0116     0.0116     0.0117     0.0117     0.0116     0.0118     0.0116     0.0115     0.0116     0.0116     0.0117     0.0117     0.0117     0.0118 
User insufficient par.     0.0071     0.0072     0.0046     0.0035     0.0079     0.0079     0.0053     0.0061     0.0075     0.0050     0.0075     0.0086     0.0083     0.0083     0.0057     0.0064     0.0065     0.0039 
Sys.insufficient par.      0.0015     0.0013     0.0014     0.0014     0.0014     0.0014     0.0014     0.0014     0.0013     0.0013     0.0014     0.0014     0.0014     0.0013     0.0014     0.0013     0.0010     0.0011 
Idle time                  0.0016     0.0016     0.0043     0.0054     0.0008     0.0008     0.0035     0.0027     0.0012     0.0039     0.0012     0.0000     0.0004     0.0004     0.0031     0.0023     0.0020     0.0047 
Communication              0.0015     0.0016     0.0015     0.0016     0.0015     0.0015     0.0015     0.0015     0.0016     0.0016     0.0015     0.0016     0.0015     0.0016     0.0015     0.0016     0.0023     0.0021 
Synchronization            0.0003     0.0003     0.0003     0.0003     0.0002     0.0002     0.0002     0.0003     0.0003     0.0004     0.0003     0.0002     0.0003     0.0003     0.0003     0.0003     0.0007     0.0005 
Variation                  0.0006     0.0007     0.0007     0.0006     0.0005     0.0006     0.0006     0.0006     0.0007     0.0007     0.0006     0.0006     0.0006     0.0006     0.0005     0.0005     0.0009     0.0007 
Overlap                    0.0000     0.0000     0.0000     0.0000     0.0000     0.0000     0.0000     0.0000     0.0000     0.0000     0.0000     0.0000     0.0000     0.0000     0.0000     0.0000     0.0000     0.0000 
Load imbalance             0.0001     0.0001     0.0002     0.0003     0.0000     0.0000     0.0002     0.0002     0.0001     0.0002     0.0001     0.0000     0.0000     0.0000     0.0002     0.0001     0.0002     0.0003 
Execution time             0.0109     0.0109     0.0081     0.0070     0.0116     0.0116     0.0089     0.0097     0.0113     0.0085     0.0113     0.0124     0.0120     0.0120     0.0093     0.0101     0.0105     0.0078 
User CPU time              0.0007     0.0007     0.0006     0.0005     0.0008     0.0008     0.0006     0.0007     0.0007     0.0006     0.0008     0.0008     0.0008     0.0008     0.0006     0.0007     0.0006     0.0005 
Sys. CPU time              0.0001     0.0001     0.0001     0.0001     0.0001     0.0001     0.0001     0.0001     0.0001     0.0001     0.0001     0.0001     0.0001     0.0001     0.0001     0.0001     0.0001     0.0001 
I/O time                   0.0000     0.0000     0.0000     0.0000     0.0000     0.0000     0.0000     0.0000     0.0000     0.0000     0.0000     0.0000     0.0000     0.0000     0.0000     0.0000     0.0000     0.0000 
Processors                     18         18         18         18         18         18         18         18         18         18         18         18         18         18         18         18         18         18 
           Communication          
Reduction                  0.0010     0.0010     0.0010     0.0009     0.0009     0.0009     0.0010     0.0010     0.0010     0.0010     0.0009     0.0010     0.0009     0.0009     0.0008     0.0008     0.0013     0.0012 
Redistribution             0.0004     0.0006     0.0005     0.0006     0.0006     0.0006     0.0005     0.0006     0.0006     0.0006     0.0006     0.0006     0.0007     0.0007     0.0007     0.0007     0.0010     0.0009 
           Synchronization        
I/O                        0.0001     0.0001     0.0001     0.0001     0.0001     0.0000     0.0001     0.0001     0.0000     0.0001     0.0001     0.0000     0.0001     0.0001     0.0001     0.0001     0.0001     0.0001 
Reduction                  0.0001     0.0001     0.0000     0.0001     0.0000     0.0000     0.0000     0.0001     0.0000     0.0000     0.0000     0.0000     0.0001     0.0000     0.0000     0.0001     0.0001     0.0001 
Remote access              0.0000     0.0000     0.0000     0.0000     0.0000     0.0000     0.0000     0.0000     0.0000     0.0000     0.0000     0.0000     0.0000     0.0000     0.0000     0.0000     0.0001     0.0000 
Redistribution             0.0001     0.0002     0.0001     0.0002     0.0001     0.0001     0.0001     0.0001     0.0002     0.0002     0.0002     0.0002     0.0002     0.0002     0.0001     0.0001     0.0005     0.0003 
           Variation              
I/O                        0.0000     0.0002     0.0002     0.0002     0.0002     0.0002     0.0002     0.0002     0.0002     0.0002     0.0002     0.0002     0.0002     0.0002     0.0002     0.0002     0.0003     0.0003 
Reduction                  0.0001     0.0001     0.0000     0.0001     0.0000     0.0000     0.0000     0.0001     0.0000     0.0001     0.0000     0.0000     0.0000     0.0000     0.0000     0.0001     0.0001     0.0001 
Remote access              0.0000     0.0000     0.0000     0.0000     0.0000     0.0000     0.0000     0.0000     0.0000     0.0000     0.0000     0.0000     0.0000     0.0000     0.0000     0.0000     0.0001     0.0000 
Redistribution             0.0005     0.0004     0.0004     0.0003     0.0002     0.0003     0.0003     0.0003     0.0004     0.0004     0.0003     0.0003     0.0003     0.0003     0.0002     0.0002     0.0004     0.0004 
           Overlap                
Reduction                  0.0000     0.0000     0.0000     0.0000     0.0000     0.0000     0.0000     0.0000     0.0000     0.0000     0.0000     0.0000     0.0000     0.0000     0.0000     0.0000     0.0000     0.0000 


-------------------------------------------------------------------------
Name (number) and performance time of processors
omp.keldysh.ru(1) 0.935472
omp.keldysh.ru(2) 0.935376
omp.keldysh.ru(3) 0.956544
omp.keldysh.ru(4) 0.957189
omp.keldysh.ru(5) 0.959713
omp.keldysh.ru(6) 0.959698
omp.keldysh.ru(7) 0.955910
omp.keldysh.ru(8) 0.955906
omp.keldysh.ru(9) 0.956050
omp.keldysh.ru(10) 0.956043
omp.keldysh.ru(11) 0.957945
omp.keldysh.ru(12) 0.957932
omp.keldysh.ru(13) 0.935385
omp.keldysh.ru(14) 0.935390
omp.keldysh.ru(15) 0.956854
omp.keldysh.ru(16) 0.956824
omp.keldysh.ru(17) 0.955936
omp.keldysh.ru(18) 0.955922
min - omp.keldysh.ru(2) 0.935376; max - omp.keldysh.ru(5) 0.959713; mid - 0.952227
