Processor system=1*2*2*4
Statistics has been accumulated on DVM-system version 5.0, platform DVM
Analyzer is executing on DVM-system version 5.0, platform DVM
-------------------------------------------------------------------------
INTERVAL ( NLINE=8 SOURCE=red42.f ) LEVEL=0  EXE_COUNT=1
--- The main characteristics --- 
Parallelization efficiency      0.0494 
Execution time                  0.0113 
Processors                          16
Threads amount                      16
Total time                      0.1808
Productive time                 0.0089 ( CPU= 0.0081 Sys= 0.0008 I/O= 0.0000 )
Lost  time                      0.1718 
   Insufficient parallelism     0.1340 ( User= 0.1210 Sys= 0.0130 )
   Communication                0.0038 ( Real_sync= 0.0000 Starts= 0.0000 )
   Idle time                    0.0341
Load imbalance                  0.0021
Synchronization                 0.1695
Time variation                  0.1715
Overlap                         0.0001
                  Nop   Communic    Synchro  Variation    Overlap 
I/O                16     0.0000     0.0599     0.0617     0.0000 
Reduction          14     0.0038     0.0549     0.0548     0.0001 
Remote access      36     0.0000     0.0548     0.0549     0.0000 
--- The comparative characteristics --- 
                              Tmin N proc      Tmax N proc      Tmid
Lost time                   0.0106     8     0.0110    16     0.0107 
User insufficient par.      0.0038    16     0.0096     8     0.0076 
Sys.insufficient par.       0.0006    15     0.0010    13     0.0008 
Idle time                   0.0000     8     0.0062    16     0.0021 
Communication               0.0002     1     0.0003    16     0.0002 
Synchronization             0.0004    13     0.0312    15     0.0106 
Variation                   0.0005    13     0.0313    15     0.0107 
Overlap                     0.0000     1     0.0000    11     0.0000 
Load imbalance              0.0000     8     0.0004    16     0.0001 
Execution time              0.0051    16     0.0113     8     0.0092 
User CPU time               0.0003    16     0.0006     8     0.0005 
Sys. CPU time               0.0000    15     0.0001    13     0.0001 
I/O time                    0.0000     6     0.0000     1     0.0000 
Processors                      16     1         16    16         16 
                      Communic          Synchro        Variation          Overlap  
I/O             Tmin    0.0000     1     0.0002    13     0.0004    13     0.0000     1 
I/O             Tmax    0.0000    16     0.0113    15     0.0114    15     0.0000    16 
I/O             Tmid    0.0000           0.0037           0.0039           0.0000       
Reduction       Tmin    0.0002     1     0.0001    13     0.0001    13     0.0000     1 
Reduction       Tmax    0.0003    16     0.0099    15     0.0099    15     0.0000    11 
Reduction       Tmid    0.0002           0.0034           0.0034           0.0000       
Remote access   Tmin    0.0000     1     0.0000    13     0.0000    13     0.0000     1 
Remote access   Tmax    0.0000    16     0.0100    15     0.0100    15     0.0000    16 
Remote access   Tmid    0.0000           0.0034           0.0034           0.0000       
--- The execution characteristics --- 
                                1          2          3          4          5          6          7          8          9         10         11         12         13         14         15         16 
Lost time                  0.0108     0.0108     0.0108     0.0107     0.0107     0.0108     0.0107     0.0106     0.0108     0.0106     0.0106     0.0107     0.0107     0.0108     0.0107     0.0110 
User insufficient par.     0.0058     0.0066     0.0060     0.0081     0.0088     0.0070     0.0088     0.0096     0.0074     0.0092     0.0093     0.0078     0.0083     0.0060     0.0086     0.0038 
Sys.insufficient par.      0.0010     0.0008     0.0008     0.0008     0.0008     0.0008     0.0008     0.0008     0.0008     0.0008     0.0008     0.0008     0.0010     0.0008     0.0006     0.0007 
Idle time                  0.0038     0.0031     0.0038     0.0016     0.0008     0.0027     0.0008     0.0000     0.0023     0.0004     0.0004     0.0020     0.0012     0.0038     0.0012     0.0062 
Communication              0.0002     0.0003     0.0002     0.0002     0.0002     0.0002     0.0002     0.0002     0.0002     0.0002     0.0002     0.0002     0.0002     0.0003     0.0003     0.0003 
Synchronization            0.0129     0.0122     0.0068     0.0069     0.0057     0.0057     0.0071     0.0070     0.0073     0.0074     0.0062     0.0063     0.0004     0.0178     0.0312     0.0288 
Variation                  0.0127     0.0123     0.0069     0.0070     0.0058     0.0059     0.0072     0.0072     0.0074     0.0075     0.0064     0.0064     0.0005     0.0179     0.0313     0.0290 
Overlap                    0.0000     0.0000     0.0000     0.0000     0.0000     0.0000     0.0000     0.0000     0.0000     0.0000     0.0000     0.0000     0.0000     0.0000     0.0000     0.0000 
Load imbalance             0.0003     0.0002     0.0002     0.0001     0.0000     0.0002     0.0000     0.0000     0.0001     0.0000     0.0000     0.0001     0.0001     0.0002     0.0001     0.0004 
Execution time             0.0075     0.0082     0.0074     0.0097     0.0105     0.0086     0.0105     0.0113     0.0090     0.0109     0.0109     0.0093     0.0101     0.0075     0.0101     0.0051 
User CPU time              0.0004     0.0004     0.0004     0.0005     0.0006     0.0005     0.0006     0.0006     0.0005     0.0006     0.0006     0.0005     0.0006     0.0004     0.0006     0.0003 
Sys. CPU time              0.0001     0.0001     0.0001     0.0001     0.0001     0.0001     0.0001     0.0001     0.0001     0.0001     0.0001     0.0001     0.0001     0.0001     0.0000     0.0000 
I/O time                   0.0000     0.0000     0.0000     0.0000     0.0000     0.0000     0.0000     0.0000     0.0000     0.0000     0.0000     0.0000     0.0000     0.0000     0.0000     0.0000 
Processors                     16         16         16         16         16         16         16         16         16         16         16         16         16         16         16         16 
           Communication          
Reduction                  0.0002     0.0003     0.0002     0.0002     0.0002     0.0002     0.0002     0.0002     0.0002     0.0002     0.0002     0.0002     0.0002     0.0003     0.0003     0.0003 
           Synchronization        
I/O                        0.0045     0.0043     0.0023     0.0024     0.0019     0.0019     0.0024     0.0024     0.0025     0.0025     0.0021     0.0021     0.0002     0.0064     0.0113     0.0104 
Reduction                  0.0042     0.0039     0.0023     0.0023     0.0019     0.0019     0.0024     0.0023     0.0024     0.0024     0.0021     0.0021     0.0001     0.0056     0.0099     0.0091 
Remote access              0.0042     0.0040     0.0022     0.0023     0.0019     0.0019     0.0023     0.0023     0.0024     0.0024     0.0020     0.0021     0.0000     0.0057     0.0100     0.0092 
           Variation              
I/O                        0.0044     0.0044     0.0025     0.0025     0.0021     0.0021     0.0026     0.0025     0.0027     0.0027     0.0023     0.0023     0.0004     0.0066     0.0114     0.0106 
Reduction                  0.0041     0.0039     0.0022     0.0023     0.0019     0.0019     0.0024     0.0023     0.0024     0.0024     0.0021     0.0021     0.0001     0.0056     0.0099     0.0091 
Remote access              0.0042     0.0040     0.0022     0.0023     0.0019     0.0019     0.0023     0.0023     0.0024     0.0024     0.0020     0.0021     0.0000     0.0057     0.0100     0.0093 
           Overlap                
Reduction                  0.0000     0.0000     0.0000     0.0000     0.0000     0.0000     0.0000     0.0000     0.0000     0.0000     0.0000     0.0000     0.0000     0.0000     0.0000     0.0000 


-------------------------------------------------------------------------
Name (number) and performance time of processors
omp.keldysh.ru(1) 0.935440
omp.keldysh.ru(2) 0.935408
omp.keldysh.ru(3) 0.950862
omp.keldysh.ru(4) 0.950879
omp.keldysh.ru(5) 0.958405
omp.keldysh.ru(6) 0.958420
omp.keldysh.ru(7) 0.953706
omp.keldysh.ru(8) 0.953713
omp.keldysh.ru(9) 0.953371
omp.keldysh.ru(10) 0.953648
omp.keldysh.ru(11) 0.950506
omp.keldysh.ru(12) 0.950503
omp.keldysh.ru(13) 0.935426
omp.keldysh.ru(14) 0.935419
omp.keldysh.ru(15) 0.956111
omp.keldysh.ru(16) 0.956116
min - omp.keldysh.ru(2) 0.935408; max - omp.keldysh.ru(6) 0.958420; mid - 0.949246
