Processor system=1*2*2*4
Statistics has been accumulated on DVM-system version 5.0, platform DVM
Analyzer is executing on DVM-system version 5.0, platform DVM
-------------------------------------------------------------------------
INTERVAL ( NLINE=7 SOURCE=sh41.f ) LEVEL=0  EXE_COUNT=1
--- The main characteristics --- 
Parallelization efficiency      0.1056 
Execution time                  1.7511 
Processors                          16
Threads amount                      16
Total time                     28.0173
Productive time                 2.9587 ( CPU= 2.9203 Sys= 0.0383 I/O= 0.0000 )
Lost  time                     25.0586 
   Insufficient parallelism    21.3195 ( User= 20.7448 Sys= 0.5747 )
   Communication                3.6791 ( Real_sync= 0.0000 Starts= 0.0000 )
   Idle time                    0.0600
Load imbalance                  1.2808
Synchronization                 2.1373
Time variation                  0.2321
Overlap                         0.0000
                  Nop   Communic    Synchro  Variation    Overlap 
I/O                11     0.0000     0.0187     0.0222     0.0000 
Reduction           9     1.3457     0.0001     0.0002     0.0000 
Shadow              9     2.3334     2.1184     0.2097     0.0000 
--- The comparative characteristics --- 
                              Tmin N proc      Tmax N proc      Tmid
Lost time                   1.4861    11     1.6585    13     1.5662 
User insufficient par.      0.9474    13     1.4143     1     1.2966 
Sys.insufficient par.       0.0239    16     0.0461     2     0.0359 
Idle time                   0.0000     2     0.0087    13     0.0037 
Communication               0.0273     7     0.6772    13     0.2299 
Synchronization             0.0005     7     0.5111    13     0.1336 
Variation                   0.0008     6     0.0341    13     0.0145 
Overlap                     0.0000     3     0.0000     6     0.0000 
Load imbalance              0.0000    11     0.1724    13     0.0800 
Execution time              1.7424    13     1.7511     2     1.7473 
User CPU time               0.0909    13     0.2619    11     0.1825 
Sys. CPU time               0.0016    16     0.0031     2     0.0024 
I/O time                    0.0000    16     0.0000     1     0.0000 
Processors                      16     1         16    16         16 
                      Communic          Synchro        Variation          Overlap  
I/O             Tmin    0.0000     1     0.0000     7     0.0003     7     0.0000     1 
I/O             Tmax    0.0000    16     0.0045    13     0.0048    13     0.0000    16 
I/O             Tmid    0.0000           0.0012           0.0014           0.0000       
Reduction       Tmin    0.0004     7     0.0000     6     0.0000    12     0.0000     1 
Reduction       Tmax    0.1721    13     0.0000     3     0.0000     3     0.0000     6 
Reduction       Tmid    0.0841           0.0000           0.0000           0.0000       
Shadow          Tmin    0.0192     1     0.0003     2     0.0003     6     0.0000     3 
Shadow          Tmax    0.5053    15     0.5065    13     0.0293    13     0.0000     7 
Shadow          Tmid    0.1458           0.1324           0.0131           0.0000       
--- The execution characteristics --- 
                                1          2          3          4          5          6          7          8          9         10         11         12         13         14         15         16 
Lost time                  1.6258     1.4963     1.4873     1.6304     1.6289     1.4968     1.4869     1.6296     1.6240     1.5109     1.4861     1.6246     1.6585     1.5062     1.5085     1.6576 
User insufficient par.     1.4143     1.4128     1.4128     1.4097     1.4111     1.4110     1.4134     1.4101     1.4091     1.4082     1.4106     1.4066     0.9474     0.9544     0.9538     0.9597 
Sys.insufficient par.      0.0293     0.0461     0.0448     0.0294     0.0304     0.0460     0.0454     0.0296     0.0295     0.0458     0.0461     0.0259     0.0252     0.0385     0.0388     0.0239 
Idle time                  0.0015     0.0000     0.0015     0.0058     0.0054     0.0015     0.0008     0.0042     0.0065     0.0015     0.0004     0.0046     0.0087     0.0050     0.0039     0.0087 
Communication              0.1807     0.0374     0.0282     0.1856     0.1819     0.0384     0.0273     0.1857     0.1789     0.0555     0.0291     0.1874     0.6772     0.5084     0.5121     0.6653 
Synchronization            0.0183     0.0006     0.0048     0.0210     0.0204     0.0029     0.0005     0.0236     0.0207     0.0060     0.0036     0.0257     0.5111     0.4895     0.4910     0.4976 
Variation                  0.0252     0.0011     0.0020     0.0160     0.0176     0.0008     0.0021     0.0157     0.0186     0.0043     0.0026     0.0276     0.0341     0.0174     0.0151     0.0320 
Overlap                    0.0000     0.0000     0.0000     0.0000     0.0000     0.0000     0.0000     0.0000     0.0000     0.0000     0.0000     0.0000     0.0000     0.0000     0.0000     0.0000 
Load imbalance             0.1397     0.0102     0.0012     0.1443     0.1428     0.0107     0.0008     0.1435     0.1379     0.0248     0.0000     0.1385     0.1724     0.0201     0.0224     0.1715 
Execution time             1.7496     1.7511     1.7496     1.7453     1.7457     1.7496     1.7503     1.7468     1.7446     1.7496     1.7507     1.7464     1.7424     1.7461     1.7472     1.7424 
User CPU time              0.1233     0.2517     0.2608     0.1188     0.1202     0.2512     0.2612     0.1195     0.1251     0.2371     0.2619     0.1248     0.0909     0.2423     0.2400     0.0918 
Sys. CPU time              0.0019     0.0031     0.0030     0.0020     0.0020     0.0031     0.0030     0.0020     0.0020     0.0031     0.0031     0.0017     0.0017     0.0026     0.0026     0.0016 
I/O time                   0.0000     0.0000     0.0000     0.0000     0.0000     0.0000     0.0000     0.0000     0.0000     0.0000     0.0000     0.0000     0.0000     0.0000     0.0000     0.0000 
Processors                     16         16         16         16         16         16         16         16         16         16         16         16         16         16         16         16 
           Communication          
Reduction                  0.1616     0.0092     0.0004     0.1556     0.1555     0.0091     0.0004     0.1548     0.1511     0.0280     0.0005     0.1630     0.1721     0.0073     0.0068     0.1703 
Shadow                     0.0192     0.0282     0.0277     0.0300     0.0264     0.0293     0.0269     0.0309     0.0278     0.0275     0.0286     0.0245     0.5052     0.5011     0.5053     0.4949 
           Synchronization        
I/O                        0.0011     0.0003     0.0003     0.0010     0.0011     0.0003     0.0000     0.0012     0.0012     0.0002     0.0001     0.0012     0.0045     0.0011     0.0011     0.0039 
Reduction                  0.0000     0.0000     0.0000     0.0000     0.0000     0.0000     0.0000     0.0000     0.0000     0.0000     0.0000     0.0000     0.0000     0.0000     0.0000     0.0000 
Shadow                     0.0172     0.0003     0.0045     0.0200     0.0193     0.0026     0.0004     0.0224     0.0194     0.0057     0.0035     0.0245     0.5065     0.4884     0.4899     0.4937 
           Variation              
I/O                        0.0010     0.0005     0.0005     0.0013     0.0013     0.0005     0.0003     0.0014     0.0015     0.0005     0.0003     0.0014     0.0048     0.0013     0.0013     0.0042 
Reduction                  0.0000     0.0000     0.0000     0.0000     0.0000     0.0000     0.0000     0.0000     0.0000     0.0000     0.0000     0.0000     0.0000     0.0000     0.0000     0.0000 
Shadow                     0.0241     0.0005     0.0015     0.0147     0.0163     0.0003     0.0018     0.0143     0.0171     0.0038     0.0023     0.0262     0.0293     0.0161     0.0137     0.0278 
           Overlap                
Reduction                  0.0000     0.0000     0.0000     0.0000     0.0000     0.0000     0.0000     0.0000     0.0000     0.0000     0.0000     0.0000     0.0000     0.0000     0.0000     0.0000 
Shadow                     0.0000     0.0000     0.0000     0.0000     0.0000     0.0000     0.0000     0.0000     0.0000     0.0000     0.0000     0.0000     0.0000     0.0000     0.0000     0.0000 


-------------------------------------------------------------------------
Name (number) and performance time of processors
omp.keldysh.ru(1) 0.935452
omp.keldysh.ru(2) 0.935315
omp.keldysh.ru(3) 0.961172
omp.keldysh.ru(4) 0.961236
omp.keldysh.ru(5) 0.959015
omp.keldysh.ru(6) 0.958954
omp.keldysh.ru(7) 0.956252
omp.keldysh.ru(8) 0.956262
omp.keldysh.ru(9) 0.958217
omp.keldysh.ru(10) 0.958491
omp.keldysh.ru(11) 0.958104
omp.keldysh.ru(12) 0.958076
omp.keldysh.ru(13) 0.960403
omp.keldysh.ru(14) 0.960375
omp.keldysh.ru(15) 0.961214
omp.keldysh.ru(16) 0.961211
min - omp.keldysh.ru(2) 0.935315; max - omp.keldysh.ru(4) 0.961236; mid - 0.956234
