Processor system=4*1*2*2
Statistics has been accumulated on DVM-system version 5.0, platform DVM
Analyzer is executing on DVM-system version 5.0, platform DVM
-------------------------------------------------------------------------
INTERVAL ( NLINE=7 SOURCE=acr43.f ) LEVEL=0  EXE_COUNT=1
--- The main characteristics --- 
Parallelization efficiency      0.0603 
Execution time                  2.0252 
Processors                          16
Threads amount                      16
Total time                     32.4039
Productive time                 1.9553 ( CPU= 1.9037 Sys= 0.0516 I/O= 0.0000 )
Lost  time                     30.4486 
   Insufficient parallelism    27.6888 ( User= 26.9146 Sys= 0.7742 )
   Communication                2.7341 ( Real_sync= 0.0000 Starts= 0.0000 )
   Idle time                    0.0257
Load imbalance                  0.1641
Synchronization                 2.7607
Time variation                  1.0830
Overlap                         0.0044
                  Nop   Communic    Synchro  Variation    Overlap 
I/O                11     0.0000     0.0271     0.0305     0.0000 
Reduction           9     0.0152     0.0003     0.0003     0.0000 
Shadow             27     2.7133     2.7334     1.0522     0.0044 
--- The comparative characteristics --- 
                              Tmin N proc      Tmax N proc      Tmid
Lost time                   1.8928     6     1.9285    15     1.9030 
User insufficient par.      1.3284    14     1.8013     5     1.6822 
Sys.insufficient par.       0.0199    15     0.0706     2     0.0484 
Idle time                   0.0000    10     0.0046    13     0.0016 
Communication               0.0253     2     0.5712    15     0.1709 
Synchronization             0.0144    11     0.5579    14     0.1725 
Variation                   0.0207    11     0.1259     2     0.0677 
Overlap                     0.0000    13     0.0005     5     0.0003 
Load imbalance              0.0000     6     0.0357    15     0.0103 
Execution time              2.0207    13     2.0252    10     2.0236 
User CPU time               0.0946    14     0.1280     6     0.1190 
Sys. CPU time               0.0013    15     0.0047     2     0.0032 
I/O time                    0.0000     7     0.0000     1     0.0000 
Processors                      16     1         16    16         16 
                      Communic          Synchro        Variation          Overlap  
I/O             Tmin    0.0000     1     0.0000     5     0.0002     5     0.0000     1 
I/O             Tmax    0.0000    16     0.0043    13     0.0045    13     0.0000    16 
I/O             Tmid    0.0000           0.0017           0.0019           0.0000       
Reduction       Tmin    0.0004     5     0.0000     3     0.0000     3     0.0000     1 
Reduction       Tmax    0.0019    15     0.0000    10     0.0000    10     0.0000    15 
Reduction       Tmid    0.0009           0.0000           0.0000           0.0000       
Shadow          Tmin    0.0241     2     0.0141    11     0.0201    11     0.0000    13 
Shadow          Tmax    0.5692    15     0.5540    14     0.1233     2     0.0005     5 
Shadow          Tmid    0.1696           0.1708           0.0658           0.0003       
--- The execution characteristics --- 
                                1          2          3          4          5          6          7          8          9         10         11         12         13         14         15         16 
Lost time                  1.8952     1.8948     1.8957     1.8955     1.8933     1.8928     1.8942     1.8940     1.8946     1.8943     1.8960     1.8961     1.9275     1.9282     1.9285     1.9281 
User insufficient par.     1.7981     1.7951     1.7984     1.8005     1.8013     1.8001     1.8013     1.7998     1.7993     1.7976     1.7981     1.7967     1.3318     1.3284     1.3339     1.3342 
Sys.insufficient par.      0.0690     0.0706     0.0585     0.0597     0.0656     0.0669     0.0505     0.0507     0.0525     0.0527     0.0349     0.0308     0.0349     0.0364     0.0199     0.0205 
Idle time                  0.0016     0.0038     0.0015     0.0015     0.0000     0.0000     0.0000     0.0000     0.0000     0.0000     0.0000     0.0000     0.0046     0.0046     0.0035     0.0046 
Communication              0.0266     0.0253     0.0372     0.0337     0.0264     0.0258     0.0424     0.0435     0.0427     0.0439     0.0629     0.0686     0.5562     0.5589     0.5712     0.5687 
Synchronization            0.0869     0.0909     0.0780     0.0786     0.0420     0.0464     0.0272     0.0307     0.0335     0.0393     0.0144     0.0197     0.5506     0.5579     0.5322     0.5322 
Variation                  0.1208     0.1259     0.1019     0.1058     0.0853     0.0888     0.0529     0.0560     0.0571     0.0607     0.0207     0.0244     0.0580     0.0626     0.0292     0.0330 
Overlap                    0.0005     0.0005     0.0005     0.0005     0.0005     0.0004     0.0003     0.0002     0.0003     0.0003     0.0002     0.0002     0.0000     0.0000     0.0000     0.0000 
Load imbalance             0.0024     0.0020     0.0029     0.0027     0.0005     0.0000     0.0014     0.0012     0.0018     0.0015     0.0032     0.0034     0.0347     0.0354     0.0357     0.0353 
Execution time             2.0237     2.0214     2.0237     2.0237     2.0252     2.0252     2.0252     2.0252     2.0252     2.0252     2.0252     2.0252     2.0207     2.0207     2.0218     2.0207 
User CPU time              0.1254     0.1257     0.1257     0.1258     0.1276     0.1280     0.1277     0.1279     0.1272     0.1275     0.1269     0.1270     0.0954     0.0946     0.0955     0.0958 
Sys. CPU time              0.0046     0.0047     0.0039     0.0040     0.0044     0.0045     0.0034     0.0034     0.0035     0.0035     0.0023     0.0021     0.0023     0.0024     0.0013     0.0014 
I/O time                   0.0000     0.0000     0.0000     0.0000     0.0000     0.0000     0.0000     0.0000     0.0000     0.0000     0.0000     0.0000     0.0000     0.0000     0.0000     0.0000 
Processors                     16         16         16         16         16         16         16         16         16         16         16         16         16         16         16         16 
           Communication          
Reduction                  0.0010     0.0011     0.0011     0.0011     0.0004     0.0004     0.0005     0.0004     0.0005     0.0005     0.0006     0.0005     0.0016     0.0016     0.0019     0.0019 
Shadow                     0.0254     0.0241     0.0359     0.0326     0.0258     0.0253     0.0419     0.0430     0.0421     0.0434     0.0623     0.0637     0.5545     0.5573     0.5692     0.5668 
           Synchronization        
I/O                        0.0021     0.0023     0.0021     0.0023     0.0000     0.0003     0.0002     0.0005     0.0001     0.0003     0.0003     0.0008     0.0043     0.0039     0.0039     0.0036 
Reduction                  0.0000     0.0000     0.0000     0.0000     0.0000     0.0000     0.0000     0.0000     0.0000     0.0000     0.0000     0.0000     0.0000     0.0000     0.0000     0.0000 
Shadow                     0.0848     0.0885     0.0759     0.0763     0.0420     0.0461     0.0270     0.0302     0.0334     0.0390     0.0141     0.0189     0.5462     0.5540     0.5284     0.5286 
           Variation              
I/O                        0.0021     0.0026     0.0023     0.0025     0.0002     0.0005     0.0005     0.0007     0.0003     0.0005     0.0006     0.0010     0.0045     0.0041     0.0041     0.0039 
Reduction                  0.0000     0.0000     0.0000     0.0000     0.0000     0.0000     0.0000     0.0000     0.0000     0.0000     0.0000     0.0000     0.0000     0.0000     0.0000     0.0000 
Shadow                     0.1187     0.1233     0.0996     0.1032     0.0850     0.0883     0.0524     0.0552     0.0567     0.0601     0.0201     0.0234     0.0534     0.0585     0.0251     0.0291 
           Overlap                
Reduction                  0.0000     0.0000     0.0000     0.0000     0.0000     0.0000     0.0000     0.0000     0.0000     0.0000     0.0000     0.0000     0.0000     0.0000     0.0000     0.0000 
Shadow                     0.0005     0.0005     0.0005     0.0005     0.0005     0.0004     0.0003     0.0002     0.0003     0.0003     0.0002     0.0002     0.0000     0.0000     0.0000     0.0000 


-------------------------------------------------------------------------
Name (number) and performance time of processors
omp.keldysh.ru(1) 0.935335
omp.keldysh.ru(2) 0.935259
omp.keldysh.ru(3) 0.935280
omp.keldysh.ru(4) 0.935605
omp.keldysh.ru(5) 0.957450
omp.keldysh.ru(6) 0.957382
omp.keldysh.ru(7) 0.957246
omp.keldysh.ru(8) 0.957267
omp.keldysh.ru(9) 0.958834
omp.keldysh.ru(10) 0.958820
omp.keldysh.ru(11) 0.957676
omp.keldysh.ru(12) 0.957681
omp.keldysh.ru(13) 0.954837
omp.keldysh.ru(14) 0.955133
omp.keldysh.ru(15) 0.953736
omp.keldysh.ru(16) 0.953738
min - omp.keldysh.ru(2) 0.935259; max - omp.keldysh.ru(9) 0.958834; mid - 0.951330
