Processor system=2*3*3
Statistics has been accumulated on DVM-system version 5.0, platform DVM
Analyzer is executing on DVM-system version 5.0, platform DVM
-------------------------------------------------------------------------
INTERVAL ( NLINE=6 SOURCE=paralplus34.f ) LEVEL=0  EXE_COUNT=2
--- The main characteristics --- 
Parallelization efficiency      0.0518 
Execution time                  0.0098 
Processors                          18
Threads amount                      18
Total time                      0.1761
Productive time                 0.0091 ( CPU= 0.0088 Sys= 0.0003 I/O= 0.0000 )
Lost  time                      0.1670 
   Insufficient parallelism     0.1162 ( User= 0.1107 Sys= 0.0056 )
   Communication                0.0157 ( Real_sync= 0.0000 Starts= 0.0000 )
   Idle time                    0.0351
Load imbalance                  0.0016
Synchronization                 0.0020
Time variation                  0.0043
Overlap                         0.0000
                  Nop   Communic    Synchro  Variation    Overlap 
I/O                 8     0.0000     0.0014     0.0037     0.0000 
Reduction           5     0.0157     0.0006     0.0006     0.0000 
--- The comparative characteristics --- 
                              Tmin N proc      Tmax N proc      Tmid
Lost time                   0.0092    17     0.0094    10     0.0093 
User insufficient par.      0.0055    18     0.0080    16     0.0061 
Sys.insufficient par.       0.0003    17     0.0005     1     0.0003 
Idle time                   0.0000    16     0.0027     4     0.0019 
Communication               0.0007     1     0.0010    17     0.0009 
Synchronization             0.0000    14     0.0002    10     0.0001 
Variation                   0.0001     1     0.0003    10     0.0002 
Overlap                     0.0000     1     0.0000    16     0.0000 
Load imbalance              0.0000    17     0.0002    10     0.0001 
Execution time              0.0071     4     0.0098    16     0.0078 
User CPU time               0.0004    10     0.0006    17     0.0005 
Sys. CPU time               0.0000    17     0.0000     2     0.0000 
I/O time                    0.0000     2     0.0000     1     0.0000 
Processors                      18     1         18    18         18 
                      Communic          Synchro        Variation          Overlap  
I/O             Tmin    0.0000     1     0.0000    14     0.0001     1     0.0000     1 
I/O             Tmax    0.0000    18     0.0001    10     0.0003    10     0.0000    18 
I/O             Tmid    0.0000           0.0001           0.0002           0.0000       
Reduction       Tmin    0.0007     1     0.0000    14     0.0000     5     0.0000     1 
Reduction       Tmax    0.0010    17     0.0001     1     0.0001    10     0.0000    16 
Reduction       Tmid    0.0009           0.0000           0.0000           0.0000       
--- The execution characteristics --- 
                                1          2          3          4          5          6          7          8          9         10         11         12         13         14         15         16         17         18 
Lost time                  0.0093     0.0093     0.0093     0.0093     0.0092     0.0093     0.0093     0.0093     0.0092     0.0094     0.0093     0.0093     0.0093     0.0092     0.0092     0.0092     0.0092     0.0093 
User insufficient par.     0.0062     0.0055     0.0062     0.0055     0.0065     0.0055     0.0055     0.0055     0.0069     0.0055     0.0055     0.0055     0.0055     0.0072     0.0072     0.0080     0.0076     0.0055 
Sys.insufficient par.      0.0005     0.0003     0.0003     0.0003     0.0003     0.0003     0.0003     0.0003     0.0003     0.0003     0.0003     0.0003     0.0003     0.0003     0.0003     0.0003     0.0003     0.0003 
Idle time                  0.0019     0.0027     0.0019     0.0027     0.0016     0.0027     0.0027     0.0027     0.0012     0.0027     0.0026     0.0026     0.0026     0.0008     0.0008     0.0000     0.0004     0.0026 
Communication              0.0007     0.0008     0.0008     0.0009     0.0008     0.0009     0.0009     0.0009     0.0009     0.0009     0.0009     0.0009     0.0009     0.0009     0.0009     0.0009     0.0010     0.0009 
Synchronization            0.0002     0.0001     0.0002     0.0001     0.0000     0.0001     0.0001     0.0001     0.0001     0.0002     0.0002     0.0002     0.0001     0.0000     0.0001     0.0001     0.0001     0.0001 
Variation                  0.0001     0.0003     0.0003     0.0002     0.0002     0.0002     0.0003     0.0002     0.0003     0.0003     0.0003     0.0003     0.0002     0.0002     0.0002     0.0003     0.0002     0.0003 
Overlap                    0.0000     0.0000     0.0000     0.0000     0.0000     0.0000     0.0000     0.0000     0.0000     0.0000     0.0000     0.0000     0.0000     0.0000     0.0000     0.0000     0.0000     0.0000 
Load imbalance             0.0001     0.0001     0.0001     0.0001     0.0000     0.0001     0.0002     0.0001     0.0000     0.0002     0.0001     0.0001     0.0002     0.0000     0.0000     0.0000     0.0000     0.0001 
Execution time             0.0078     0.0071     0.0078     0.0071     0.0082     0.0071     0.0071     0.0071     0.0086     0.0071     0.0072     0.0072     0.0072     0.0090     0.0090     0.0098     0.0094     0.0072 
User CPU time              0.0005     0.0005     0.0005     0.0005     0.0005     0.0005     0.0004     0.0005     0.0005     0.0004     0.0004     0.0005     0.0004     0.0006     0.0006     0.0006     0.0006     0.0005 
Sys. CPU time              0.0000     0.0000     0.0000     0.0000     0.0000     0.0000     0.0000     0.0000     0.0000     0.0000     0.0000     0.0000     0.0000     0.0000     0.0000     0.0000     0.0000     0.0000 
I/O time                   0.0000     0.0000     0.0000     0.0000     0.0000     0.0000     0.0000     0.0000     0.0000     0.0000     0.0000     0.0000     0.0000     0.0000     0.0000     0.0000     0.0000     0.0000 
Processors                     18         18         18         18         18         18         18         18         18         18         18         18         18         18         18         18         18         18 
           Communication          
Reduction                  0.0007     0.0008     0.0008     0.0009     0.0008     0.0009     0.0009     0.0009     0.0009     0.0009     0.0009     0.0009     0.0009     0.0009     0.0009     0.0009     0.0010     0.0009 
           Synchronization        
I/O                        0.0001     0.0001     0.0001     0.0000     0.0000     0.0000     0.0001     0.0001     0.0001     0.0001     0.0001     0.0001     0.0000     0.0000     0.0000     0.0001     0.0001     0.0001 
Reduction                  0.0001     0.0000     0.0001     0.0000     0.0000     0.0000     0.0000     0.0000     0.0000     0.0001     0.0000     0.0001     0.0000     0.0000     0.0000     0.0000     0.0000     0.0000 
           Variation              
I/O                        0.0001     0.0002     0.0003     0.0002     0.0002     0.0002     0.0002     0.0002     0.0002     0.0003     0.0003     0.0003     0.0002     0.0001     0.0002     0.0002     0.0002     0.0002 
Reduction                  0.0001     0.0000     0.0001     0.0000     0.0000     0.0000     0.0000     0.0000     0.0000     0.0001     0.0000     0.0001     0.0000     0.0000     0.0000     0.0000     0.0000     0.0000 
           Overlap                
Reduction                  0.0000     0.0000     0.0000     0.0000     0.0000     0.0000     0.0000     0.0000     0.0000     0.0000     0.0000     0.0000     0.0000     0.0000     0.0000     0.0000     0.0000     0.0000 


-------------------------------------------------------------------------
Name (number) and performance time of processors
omp.keldysh.ru(1) 0.933930
omp.keldysh.ru(2) 0.933861
omp.keldysh.ru(3) 0.953200
omp.keldysh.ru(4) 0.953173
omp.keldysh.ru(5) 0.955042
omp.keldysh.ru(6) 0.955319
omp.keldysh.ru(7) 0.933887
omp.keldysh.ru(8) 0.933882
omp.keldysh.ru(9) 0.955790
omp.keldysh.ru(10) 0.955784
omp.keldysh.ru(11) 0.957608
omp.keldysh.ru(12) 0.957625
omp.keldysh.ru(13) 0.953475
omp.keldysh.ru(14) 0.953450
omp.keldysh.ru(15) 0.953263
omp.keldysh.ru(16) 0.953267
omp.keldysh.ru(17) 0.954664
omp.keldysh.ru(18) 0.954650
min - omp.keldysh.ru(2) 0.933861; max - omp.keldysh.ru(12) 0.957625; mid - 0.950104
