Processor system=1*4*4*1
Statistics has been accumulated on DVM-system version 5.0, platform DVM
Analyzer is executing on DVM-system version 5.0, platform DVM
-------------------------------------------------------------------------
INTERVAL ( NLINE=5 SOURCE=prf42.f ) LEVEL=0  EXE_COUNT=1
--- The main characteristics --- 
Parallelization efficiency      0.0530 
Execution time                  0.0100 
Processors                          16
Threads amount                      16
Total time                      0.1603
Productive time                 0.0085 ( CPU= 0.0067 Sys= 0.0018 I/O= 0.0000 )
Lost  time                      0.1518 
   Insufficient parallelism     0.1275 ( User= 0.0999 Sys= 0.0276 )
   Communication                0.0084 ( Real_sync= 0.0000 Starts= 0.0000 )
   Idle time                    0.0159
Load imbalance                  0.0013
Synchronization                 0.2427
Time variation                  0.2449
Overlap                         0.0110
                  Nop   Communic    Synchro  Variation    Overlap 
I/O                11     0.0000     0.0377     0.0399     0.0000 
Reduction          21     0.0084     0.0859     0.0859     0.0000 
Remote access     180     0.0000     0.1192     0.1192     0.0110 
--- The comparative characteristics --- 
                              Tmin N proc      Tmax N proc      Tmid
Lost time                   0.0094     6     0.0097    14     0.0095 
User insufficient par.      0.0042    13     0.0073     7     0.0062 
Sys.insufficient par.       0.0012    14     0.0020     1     0.0017 
Idle time                   0.0000     3     0.0031    14     0.0010 
Communication               0.0002     5     0.0012    13     0.0005 
Synchronization             0.0017     5     0.0508    14     0.0152 
Variation                   0.0018     5     0.0510    14     0.0153 
Overlap                     0.0000    13     0.0010    10     0.0007 
Load imbalance              0.0000     3     0.0003    14     0.0001 
Execution time              0.0069    14     0.0100     3     0.0090 
User CPU time               0.0003    13     0.0005     7     0.0004 
Sys. CPU time               0.0001    14     0.0001     2     0.0001 
I/O time                    0.0000    13     0.0000     1     0.0000 
Processors                      16     1         16    16         16 
                      Communic          Synchro        Variation          Overlap  
I/O             Tmin    0.0000     1     0.0002     5     0.0003     1     0.0000     1 
I/O             Tmax    0.0000    16     0.0079    14     0.0081    14     0.0000    16 
I/O             Tmid    0.0000           0.0024           0.0025           0.0000       
Reduction       Tmin    0.0002     5     0.0001    10     0.0001    10     0.0000     1 
Reduction       Tmax    0.0012    13     0.0191    16     0.0191    16     0.0000    10 
Reduction       Tmid    0.0005           0.0054           0.0054           0.0000       
Remote access   Tmin    0.0000     1     0.0006     5     0.0006     5     0.0000    13 
Remote access   Tmax    0.0000    16     0.0238    14     0.0239    14     0.0010    10 
Remote access   Tmid    0.0000           0.0074           0.0074           0.0007       
--- The execution characteristics --- 
                                1          2          3          4          5          6          7          8          9         10         11         12         13         14         15         16 
Lost time                  0.0094     0.0094     0.0094     0.0094     0.0095     0.0094     0.0094     0.0094     0.0094     0.0094     0.0094     0.0095     0.0097     0.0097     0.0097     0.0097 
User insufficient par.     0.0069     0.0070     0.0072     0.0072     0.0058     0.0073     0.0073     0.0073     0.0072     0.0072     0.0071     0.0057     0.0042     0.0042     0.0042     0.0042 
Sys.insufficient par.      0.0020     0.0019     0.0019     0.0019     0.0019     0.0019     0.0018     0.0019     0.0019     0.0019     0.0019     0.0019     0.0012     0.0012     0.0012     0.0012 
Idle time                  0.0000     0.0000     0.0000     0.0000     0.0016     0.0000     0.0000     0.0000     0.0000     0.0000     0.0000     0.0016     0.0031     0.0031     0.0031     0.0031 
Communication              0.0004     0.0005     0.0003     0.0003     0.0002     0.0002     0.0003     0.0003     0.0003     0.0003     0.0004     0.0003     0.0012     0.0012     0.0011     0.0011 
Synchronization            0.0027     0.0062     0.0042     0.0044     0.0017     0.0020     0.0031     0.0031     0.0030     0.0030     0.0037     0.0041     0.0504     0.0508     0.0501     0.0503 
Variation                  0.0027     0.0063     0.0043     0.0045     0.0018     0.0021     0.0033     0.0032     0.0032     0.0032     0.0038     0.0042     0.0505     0.0510     0.0503     0.0504 
Overlap                    0.0009     0.0009     0.0008     0.0008     0.0010     0.0009     0.0010     0.0010     0.0010     0.0010     0.0008     0.0009     0.0000     0.0000     0.0000     0.0000 
Load imbalance             0.0000     0.0000     0.0000     0.0000     0.0001     0.0000     0.0000     0.0000     0.0000     0.0000     0.0000     0.0001     0.0003     0.0003     0.0002     0.0002 
Execution time             0.0100     0.0100     0.0100     0.0100     0.0084     0.0100     0.0100     0.0100     0.0100     0.0100     0.0100     0.0084     0.0069     0.0069     0.0069     0.0069 
User CPU time              0.0005     0.0005     0.0005     0.0005     0.0004     0.0005     0.0005     0.0005     0.0005     0.0005     0.0005     0.0004     0.0003     0.0003     0.0003     0.0003 
Sys. CPU time              0.0001     0.0001     0.0001     0.0001     0.0001     0.0001     0.0001     0.0001     0.0001     0.0001     0.0001     0.0001     0.0001     0.0001     0.0001     0.0001 
I/O time                   0.0000     0.0000     0.0000     0.0000     0.0000     0.0000     0.0000     0.0000     0.0000     0.0000     0.0000     0.0000     0.0000     0.0000     0.0000     0.0000 
Processors                     16         16         16         16         16         16         16         16         16         16         16         16         16         16         16         16 
           Communication          
Reduction                  0.0004     0.0005     0.0003     0.0003     0.0002     0.0002     0.0003     0.0003     0.0003     0.0003     0.0004     0.0003     0.0012     0.0012     0.0011     0.0011 
           Synchronization        
I/O                        0.0004     0.0010     0.0006     0.0006     0.0002     0.0003     0.0004     0.0004     0.0005     0.0005     0.0006     0.0007     0.0078     0.0079     0.0078     0.0078 
Reduction                  0.0007     0.0005     0.0015     0.0016     0.0008     0.0009     0.0006     0.0006     0.0001     0.0001     0.0009     0.0013     0.0189     0.0191     0.0191     0.0191 
Remote access              0.0016     0.0046     0.0020     0.0022     0.0006     0.0008     0.0020     0.0020     0.0024     0.0024     0.0022     0.0021     0.0237     0.0238     0.0233     0.0234 
           Variation              
I/O                        0.0003     0.0012     0.0008     0.0008     0.0004     0.0004     0.0006     0.0006     0.0006     0.0006     0.0007     0.0008     0.0080     0.0081     0.0079     0.0079 
Reduction                  0.0007     0.0005     0.0015     0.0016     0.0008     0.0009     0.0006     0.0006     0.0001     0.0001     0.0009     0.0013     0.0189     0.0191     0.0191     0.0191 
Remote access              0.0016     0.0046     0.0020     0.0022     0.0006     0.0008     0.0020     0.0020     0.0024     0.0024     0.0022     0.0021     0.0237     0.0239     0.0233     0.0234 
           Overlap                
Reduction                  0.0000     0.0000     0.0000     0.0000     0.0000     0.0000     0.0000     0.0000     0.0000     0.0000     0.0000     0.0000     0.0000     0.0000     0.0000     0.0000 
Remote access              0.0009     0.0009     0.0008     0.0008     0.0010     0.0009     0.0010     0.0010     0.0010     0.0010     0.0008     0.0009     0.0000     0.0000     0.0000     0.0000 


-------------------------------------------------------------------------
Name (number) and performance time of processors
omp.keldysh.ru(1) 0.933949
omp.keldysh.ru(2) 0.933887
omp.keldysh.ru(3) 0.959643
omp.keldysh.ru(4) 0.959638
omp.keldysh.ru(5) 0.958000
omp.keldysh.ru(6) 0.957982
omp.keldysh.ru(7) 0.958940
omp.keldysh.ru(8) 0.958955
omp.keldysh.ru(9) 0.957707
omp.keldysh.ru(10) 0.957698
omp.keldysh.ru(11) 0.956866
omp.keldysh.ru(12) 0.956852
omp.keldysh.ru(13) 0.933682
omp.keldysh.ru(14) 0.933965
omp.keldysh.ru(15) 0.933595
omp.keldysh.ru(16) 0.933572
min - omp.keldysh.ru(16) 0.933572; max - omp.keldysh.ru(3) 0.959643; mid - 0.949058
