Processor system=1*3*1*6
Statistics has been accumulated on DVM-system version 5.0, platform DVM
Analyzer is executing on DVM-system version 5.0, platform DVM
-------------------------------------------------------------------------
INTERVAL ( NLINE=7 SOURCE=sh42.f ) LEVEL=0  EXE_COUNT=2
--- The main characteristics --- 
Parallelization efficiency      0.0503 
Execution time                  0.2513 
Processors                          18
Threads amount                      18
Total time                      4.5242
Productive time                 0.2276 ( CPU= 0.2258 Sys= 0.0018 I/O= 0.0000 )
Lost  time                      4.2966 
   Insufficient parallelism     3.8694 ( User= 3.8385 Sys= 0.0309 )
   Communication                0.0048 ( Real_sync= 0.0000 Starts= 0.0000 )
   Idle time                    0.4224
Load imbalance                  0.0233
Synchronization                 1.6879
Time variation                  1.6903
Overlap                         0.0000
                  Nop   Communic    Synchro  Variation    Overlap 
I/O                12     0.0000     0.8157     0.8181     0.0000 
Reduction          10     0.0048     0.4309     0.4309     0.0000 
Shadow             10     0.0000     0.4413     0.4413     0.0000 
--- The comparative characteristics --- 
                              Tmin N proc      Tmax N proc      Tmid
Lost time                   0.2374     1     0.2476    17     0.2387 
User insufficient par.      0.0632    18     0.2349     1     0.2132 
Sys.insufficient par.       0.0012    17     0.0022     1     0.0017 
Idle time                   0.0000     1     0.1828    17     0.0235 
Communication               0.0002     1     0.0004    18     0.0003 
Synchronization             0.0006    15     0.7675    18     0.0938 
Variation                   0.0007    15     0.7676    18     0.0939 
Overlap                     0.0000     1     0.0000    16     0.0000 
Load imbalance              0.0000     1     0.0101    18     0.0013 
Execution time              0.0686    17     0.2513     1     0.2279 
User CPU time               0.0037    18     0.0138     1     0.0125 
Sys. CPU time               0.0001    17     0.0001    16     0.0001 
I/O time                    0.0000     2     0.0000     1     0.0000 
Processors                      18     1         18    18         18 
                      Communic          Synchro        Variation          Overlap  
I/O             Tmin    0.0000     1     0.0001    15     0.0002    15     0.0000     1 
I/O             Tmax    0.0000    18     0.3779    18     0.3780    18     0.0000    18 
I/O             Tmid    0.0000           0.0453           0.0455           0.0000       
Reduction       Tmin    0.0002     1     0.0001    15     0.0001    15     0.0000     1 
Reduction       Tmax    0.0004    18     0.1964    18     0.1964    18     0.0000    15 
Reduction       Tmid    0.0003           0.0239           0.0239           0.0000       
Shadow          Tmin    0.0000     1     0.0003    16     0.0003    16     0.0000     1 
Shadow          Tmax    0.0000    18     0.1934    17     0.1934    17     0.0000    16 
Shadow          Tmid    0.0000           0.0245           0.0245           0.0000       
--- The execution characteristics --- 
                                1          2          3          4          5          6          7          8          9         10         11         12         13         14         15         16         17         18 
Lost time                  0.2374     0.2375     0.2376     0.2376     0.2375     0.2375     0.2376     0.2376     0.2376     0.2376     0.2378     0.2378     0.2378     0.2378     0.2375     0.2375     0.2476     0.2476 
User insufficient par.     0.2349     0.2339     0.2330     0.2314     0.2340     0.2340     0.2325     0.2320     0.2323     0.2313     0.2293     0.2292     0.2290     0.2278     0.2338     0.2337     0.0633     0.0632 
Sys.insufficient par.      0.0022     0.0020     0.0014     0.0016     0.0020     0.0020     0.0017     0.0017     0.0016     0.0017     0.0015     0.0014     0.0014     0.0021     0.0021     0.0022     0.0012     0.0013 
Idle time                  0.0000     0.0013     0.0029     0.0044     0.0013     0.0013     0.0032     0.0037     0.0034     0.0044     0.0066     0.0069     0.0072     0.0077     0.0013     0.0013     0.1828     0.1827 
Communication              0.0002     0.0003     0.0003     0.0003     0.0002     0.0002     0.0003     0.0003     0.0003     0.0003     0.0003     0.0003     0.0003     0.0003     0.0002     0.0002     0.0004     0.0004 
Synchronization            0.0030     0.0035     0.0095     0.0103     0.0057     0.0036     0.0089     0.0099     0.0095     0.0148     0.0165     0.0157     0.0181     0.0233     0.0006     0.0009     0.7667     0.7675 
Variation                  0.0029     0.0037     0.0097     0.0105     0.0059     0.0037     0.0090     0.0101     0.0097     0.0150     0.0166     0.0158     0.0182     0.0234     0.0007     0.0011     0.7669     0.7676 
Overlap                    0.0000     0.0000     0.0000     0.0000     0.0000     0.0000     0.0000     0.0000     0.0000     0.0000     0.0000     0.0000     0.0000     0.0000     0.0000     0.0000     0.0000     0.0000 
Load imbalance             0.0000     0.0001     0.0001     0.0002     0.0001     0.0001     0.0002     0.0002     0.0002     0.0002     0.0004     0.0004     0.0004     0.0004     0.0001     0.0001     0.0101     0.0101 
Execution time             0.2513     0.2500     0.2485     0.2470     0.2500     0.2500     0.2482     0.2476     0.2479     0.2470     0.2447     0.2444     0.2442     0.2437     0.2500     0.2500     0.0686     0.0686 
User CPU time              0.0138     0.0138     0.0137     0.0136     0.0138     0.0138     0.0137     0.0136     0.0137     0.0136     0.0135     0.0135     0.0135     0.0134     0.0138     0.0137     0.0037     0.0037 
Sys. CPU time              0.0001     0.0001     0.0001     0.0001     0.0001     0.0001     0.0001     0.0001     0.0001     0.0001     0.0001     0.0001     0.0001     0.0001     0.0001     0.0001     0.0001     0.0001 
I/O time                   0.0000     0.0000     0.0000     0.0000     0.0000     0.0000     0.0000     0.0000     0.0000     0.0000     0.0000     0.0000     0.0000     0.0000     0.0000     0.0000     0.0000     0.0000 
Processors                     18         18         18         18         18         18         18         18         18         18         18         18         18         18         18         18         18         18 
           Communication          
Reduction                  0.0002     0.0003     0.0003     0.0003     0.0002     0.0002     0.0003     0.0003     0.0003     0.0003     0.0003     0.0003     0.0003     0.0003     0.0002     0.0002     0.0004     0.0004 
           Synchronization        
I/O                        0.0008     0.0009     0.0040     0.0043     0.0016     0.0009     0.0030     0.0034     0.0038     0.0056     0.0071     0.0069     0.0078     0.0099     0.0001     0.0003     0.3773     0.3779 
Reduction                  0.0006     0.0006     0.0023     0.0024     0.0015     0.0008     0.0023     0.0027     0.0030     0.0038     0.0041     0.0036     0.0045     0.0058     0.0001     0.0003     0.1960     0.1964 
Shadow                     0.0016     0.0019     0.0031     0.0036     0.0025     0.0018     0.0036     0.0039     0.0027     0.0054     0.0054     0.0051     0.0058     0.0075     0.0004     0.0003     0.1934     0.1932 
           Variation              
I/O                        0.0007     0.0011     0.0042     0.0045     0.0018     0.0011     0.0031     0.0035     0.0040     0.0058     0.0072     0.0070     0.0080     0.0100     0.0002     0.0004     0.3775     0.3780 
Reduction                  0.0006     0.0006     0.0023     0.0024     0.0015     0.0008     0.0023     0.0027     0.0030     0.0038     0.0041     0.0036     0.0045     0.0058     0.0001     0.0003     0.1960     0.1964 
Shadow                     0.0016     0.0019     0.0031     0.0036     0.0026     0.0018     0.0036     0.0039     0.0027     0.0054     0.0054     0.0051     0.0058     0.0075     0.0004     0.0003     0.1934     0.1932 
           Overlap                
Reduction                  0.0000     0.0000     0.0000     0.0000     0.0000     0.0000     0.0000     0.0000     0.0000     0.0000     0.0000     0.0000     0.0000     0.0000     0.0000     0.0000     0.0000     0.0000 
Shadow                     0.0000     0.0000     0.0000     0.0000     0.0000     0.0000     0.0000     0.0000     0.0000     0.0000     0.0000     0.0000     0.0000     0.0000     0.0000     0.0000     0.0000     0.0000 


-------------------------------------------------------------------------
Name (number) and performance time of processors
omp.keldysh.ru(1) 0.935405
omp.keldysh.ru(2) 0.935331
omp.keldysh.ru(3) 0.955865
omp.keldysh.ru(4) 0.955892
omp.keldysh.ru(5) 0.955695
omp.keldysh.ru(6) 0.956001
omp.keldysh.ru(7) 0.955460
omp.keldysh.ru(8) 0.955445
omp.keldysh.ru(9) 0.956893
omp.keldysh.ru(10) 0.956864
omp.keldysh.ru(11) 0.958707
omp.keldysh.ru(12) 0.958694
omp.keldysh.ru(13) 0.954631
omp.keldysh.ru(14) 0.954607
omp.keldysh.ru(15) 0.955130
omp.keldysh.ru(16) 0.955118
omp.keldysh.ru(17) 0.935545
omp.keldysh.ru(18) 0.935542
min - omp.keldysh.ru(2) 0.935331; max - omp.keldysh.ru(11) 0.958707; mid - 0.951490
