Processor system=2*2*2*2
Statistics has been accumulated on DVM-system version 5.0, platform DVM
Analyzer is executing on DVM-system version 5.0, platform DVM
-------------------------------------------------------------------------
INTERVAL ( NLINE=8 SOURCE=red43.f ) LEVEL=0  EXE_COUNT=1
--- The main characteristics --- 
Parallelization efficiency      0.0639 
Execution time                  0.0097 
Processors                          16
Threads amount                      16
Total time                      0.1548
Productive time                 0.0099 ( CPU= 0.0089 Sys= 0.0009 I/O= 0.0000 )
Lost  time                      0.1449 
   Insufficient parallelism     0.1054 ( User= 0.0911 Sys= 0.0143 )
   Communication                0.0195 ( Real_sync= 0.0000 Starts= 0.0000 )
   Idle time                    0.0201
Load imbalance                  0.0017
Synchronization                 0.0099
Time variation                  0.0075
Overlap                         0.0000
                  Nop   Communic    Synchro  Variation    Overlap 
I/O                16     0.0000     0.0008     0.0040     0.0000 
Reduction          14     0.0128     0.0013     0.0005     0.0000 
Remote access      36     0.0066     0.0077     0.0029     0.0000 
--- The comparative characteristics --- 
                              Tmin N proc      Tmax N proc      Tmid
Lost time                   0.0089     1     0.0092    14     0.0091 
User insufficient par.      0.0044    14     0.0070     3     0.0057 
Sys.insufficient par.       0.0007    13     0.0011     1     0.0009 
Idle time                   0.0000     3     0.0022     8     0.0013 
Communication               0.0009     1     0.0021    13     0.0012 
Synchronization             0.0002     2     0.0012    13     0.0006 
Variation                   0.0002     1     0.0006     3     0.0005 
Overlap                     0.0000    14     0.0000     1     0.0000 
Load imbalance              0.0000     1     0.0002    14     0.0001 
Execution time              0.0074     8     0.0097     3     0.0084 
User CPU time               0.0004    14     0.0007     1     0.0006 
Sys. CPU time               0.0000    13     0.0001     2     0.0001 
I/O time                    0.0000     9     0.0000     1     0.0000 
Processors                      16     1         16    16         16 
                      Communic          Synchro        Variation          Overlap  
I/O             Tmin    0.0000     1     0.0000    12     0.0000     1     0.0000     1 
I/O             Tmax    0.0000    16     0.0001    13     0.0003    13     0.0000    16 
I/O             Tmid    0.0000           0.0001           0.0003           0.0000       
Reduction       Tmin    0.0005     1     0.0000     1     0.0000    16     0.0000    14 
Reduction       Tmax    0.0012    13     0.0002    13     0.0001     1     0.0000     1 
Reduction       Tmid    0.0008           0.0001           0.0000           0.0000       
Remote access   Tmin    0.0002     3     0.0001     2     0.0001     2     0.0000     3 
Remote access   Tmax    0.0010    15     0.0010    13     0.0003     3     0.0000     1 
Remote access   Tmid    0.0004           0.0005           0.0002           0.0000       
--- The execution characteristics --- 
                                1          2          3          4          5          6          7          8          9         10         11         12         13         14         15         16 
Lost time                  0.0089     0.0091     0.0090     0.0090     0.0091     0.0090     0.0090     0.0091     0.0091     0.0090     0.0091     0.0091     0.0091     0.0092     0.0091     0.0091 
User insufficient par.     0.0069     0.0055     0.0070     0.0060     0.0050     0.0063     0.0063     0.0050     0.0050     0.0065     0.0049     0.0049     0.0061     0.0044     0.0061     0.0052 
Sys.insufficient par.      0.0011     0.0010     0.0009     0.0009     0.0009     0.0009     0.0009     0.0009     0.0009     0.0009     0.0010     0.0009     0.0007     0.0007     0.0007     0.0008 
Idle time                  0.0000     0.0016     0.0000     0.0011     0.0022     0.0008     0.0008     0.0022     0.0022     0.0006     0.0022     0.0022     0.0003     0.0022     0.0003     0.0013 
Communication              0.0009     0.0009     0.0010     0.0010     0.0010     0.0010     0.0010     0.0010     0.0010     0.0010     0.0010     0.0010     0.0021     0.0019     0.0020     0.0018 
Synchronization            0.0002     0.0002     0.0006     0.0006     0.0005     0.0005     0.0005     0.0005     0.0005     0.0005     0.0005     0.0005     0.0012     0.0010     0.0012     0.0009 
Variation                  0.0002     0.0004     0.0006     0.0006     0.0006     0.0005     0.0006     0.0005     0.0005     0.0005     0.0004     0.0004     0.0005     0.0004     0.0004     0.0004 
Overlap                    0.0000     0.0000     0.0000     0.0000     0.0000     0.0000     0.0000     0.0000     0.0000     0.0000     0.0000     0.0000     0.0000     0.0000     0.0000     0.0000 
Load imbalance             0.0000     0.0001     0.0000     0.0001     0.0001     0.0001     0.0000     0.0001     0.0001     0.0000     0.0001     0.0001     0.0001     0.0002     0.0001     0.0002 
Execution time             0.0097     0.0081     0.0097     0.0086     0.0075     0.0089     0.0089     0.0074     0.0075     0.0091     0.0074     0.0074     0.0094     0.0075     0.0094     0.0083 
User CPU time              0.0007     0.0006     0.0006     0.0006     0.0005     0.0006     0.0006     0.0005     0.0005     0.0006     0.0005     0.0005     0.0005     0.0004     0.0006     0.0005 
Sys. CPU time              0.0001     0.0001     0.0001     0.0001     0.0001     0.0001     0.0001     0.0001     0.0001     0.0001     0.0001     0.0001     0.0000     0.0000     0.0000     0.0001 
I/O time                   0.0000     0.0000     0.0000     0.0000     0.0000     0.0000     0.0000     0.0000     0.0000     0.0000     0.0000     0.0000     0.0000     0.0000     0.0000     0.0000 
Processors                     16         16         16         16         16         16         16         16         16         16         16         16         16         16         16         16 
           Communication          
Reduction                  0.0005     0.0006     0.0008     0.0008     0.0008     0.0008     0.0007     0.0007     0.0007     0.0007     0.0007     0.0007     0.0012     0.0011     0.0011     0.0010 
Remote access              0.0003     0.0003     0.0002     0.0002     0.0002     0.0002     0.0003     0.0003     0.0003     0.0003     0.0003     0.0003     0.0009     0.0008     0.0010     0.0008 
           Synchronization        
I/O                        0.0001     0.0001     0.0001     0.0001     0.0001     0.0000     0.0001     0.0000     0.0000     0.0000     0.0000     0.0000     0.0001     0.0001     0.0001     0.0000 
Reduction                  0.0000     0.0000     0.0001     0.0001     0.0001     0.0001     0.0001     0.0001     0.0001     0.0001     0.0001     0.0001     0.0002     0.0001     0.0001     0.0001 
Remote access              0.0001     0.0001     0.0004     0.0004     0.0004     0.0004     0.0004     0.0004     0.0004     0.0004     0.0004     0.0004     0.0010     0.0008     0.0010     0.0008 
           Variation              
I/O                        0.0000     0.0003     0.0003     0.0003     0.0003     0.0003     0.0003     0.0003     0.0003     0.0003     0.0003     0.0002     0.0003     0.0003     0.0003     0.0003 
Reduction                  0.0001     0.0000     0.0000     0.0000     0.0000     0.0000     0.0000     0.0000     0.0000     0.0000     0.0000     0.0000     0.0000     0.0000     0.0000     0.0000 
Remote access              0.0001     0.0001     0.0003     0.0003     0.0003     0.0003     0.0002     0.0002     0.0002     0.0002     0.0001     0.0001     0.0001     0.0001     0.0001     0.0001 
           Overlap                
Reduction                  0.0000     0.0000     0.0000     0.0000     0.0000     0.0000     0.0000     0.0000     0.0000     0.0000     0.0000     0.0000     0.0000     0.0000     0.0000     0.0000 
Remote access              0.0000     0.0000     0.0000     0.0000     0.0000     0.0000     0.0000     0.0000     0.0000     0.0000     0.0000     0.0000     0.0000     0.0000     0.0000     0.0000 


-------------------------------------------------------------------------
Name (number) and performance time of processors
omp.keldysh.ru(1) 0.933913
omp.keldysh.ru(2) 0.933878
omp.keldysh.ru(3) 0.954488
omp.keldysh.ru(4) 0.954529
omp.keldysh.ru(5) 0.952951
omp.keldysh.ru(6) 0.953259
omp.keldysh.ru(7) 0.953216
omp.keldysh.ru(8) 0.953212
omp.keldysh.ru(9) 0.952519
omp.keldysh.ru(10) 0.952526
omp.keldysh.ru(11) 0.955377
omp.keldysh.ru(12) 0.955373
omp.keldysh.ru(13) 0.954301
omp.keldysh.ru(14) 0.954249
omp.keldysh.ru(15) 0.933940
omp.keldysh.ru(16) 0.933926
min - omp.keldysh.ru(2) 0.933878; max - omp.keldysh.ru(11) 0.955377; mid - 0.948854
