Processor system=1*3*1*6
Statistics has been accumulated on DVM-system version 5.0, platform DVM
Analyzer is executing on DVM-system version 5.0, platform DVM
-------------------------------------------------------------------------
INTERVAL ( NLINE=7 SOURCE=acr42.f ) LEVEL=0  EXE_COUNT=2
--- The main characteristics --- 
Parallelization efficiency      0.0531 
Execution time                  0.8902 
Processors                          18
Threads amount                      18
Total time                     16.0237
Productive time                 0.8512 ( CPU= 0.8429 Sys= 0.0082 I/O= 0.0000 )
Lost  time                     15.1726 
   Insufficient parallelism    14.4700 ( User= 14.3301 Sys= 0.1399 )
   Communication                0.0049 ( Real_sync= 0.0000 Starts= 0.0000 )
   Idle time                    0.6976
Load imbalance                  0.0388
Synchronization                 4.1111
Time variation                  4.1133
Overlap                         0.0043
                  Nop   Communic    Synchro  Variation    Overlap 
I/O                12     0.0000     1.3456     1.3478     0.0000 
Reduction          10     0.0049     0.6727     0.6726     0.0000 
Shadow             28     0.0000     2.0928     2.0928     0.0043 
--- The comparative characteristics --- 
                              Tmin N proc      Tmax N proc      Tmid
Lost time                   0.8408     4     0.8590    17     0.8429 
User insufficient par.      0.5283    18     0.8317     4     0.7961 
Sys.insufficient par.       0.0026    17     0.0091     7     0.0078 
Idle time                   0.0000     4     0.3276    18     0.0388 
Communication               0.0002    10     0.0004    17     0.0003 
Synchronization             0.0002    15     1.9434    17     0.2284 
Variation                   0.0003    15     1.9436    17     0.2285 
Overlap                     0.0000    17     0.0006    15     0.0002 
Load imbalance              0.0000     4     0.0182    18     0.0022 
Execution time              0.5627    18     0.8902     4     0.8515 
User CPU time               0.0311    18     0.0489     4     0.0468 
Sys. CPU time               0.0002    17     0.0005     7     0.0005 
I/O time                    0.0000     7     0.0000     1     0.0000 
Processors                      18     1         18    18         18 
                      Communic          Synchro        Variation          Overlap  
I/O             Tmin    0.0000     1     0.0000    15     0.0002    15     0.0000     1 
I/O             Tmax    0.0000    18     0.6506    17     0.6508    17     0.0000    18 
I/O             Tmid    0.0000           0.0748           0.0749           0.0000       
Reduction       Tmin    0.0002    10     0.0000    15     0.0000    15     0.0000     1 
Reduction       Tmax    0.0004    17     0.3252    17     0.3252    17     0.0000    15 
Reduction       Tmid    0.0003           0.0374           0.0374           0.0000       
Shadow          Tmin    0.0000     1     0.0001    15     0.0001    15     0.0000    17 
Shadow          Tmax    0.0000    18     0.9677    17     0.9677    17     0.0006    15 
Shadow          Tmid    0.0000           0.1163           0.1163           0.0002       
--- The execution characteristics --- 
                                1          2          3          4          5          6          7          8          9         10         11         12         13         14         15         16         17         18 
Lost time                  0.8412     0.8409     0.8409     0.8408     0.8408     0.8409     0.8408     0.8409     0.8408     0.8409     0.8413     0.8411     0.8408     0.8409     0.8408     0.8409     0.8590     0.8590 
User insufficient par.     0.8273     0.8297     0.8300     0.8317     0.8305     0.8293     0.8303     0.8293     0.8311     0.8296     0.8262     0.8271     0.8312     0.8294     0.8312     0.8294     0.5285     0.5283 
Sys.insufficient par.      0.0061     0.0086     0.0090     0.0088     0.0088     0.0090     0.0091     0.0091     0.0087     0.0088     0.0056     0.0069     0.0090     0.0090     0.0090     0.0090     0.0026     0.0027 
Idle time                  0.0075     0.0023     0.0016     0.0000     0.0012     0.0023     0.0012     0.0022     0.0008     0.0023     0.0091     0.0068     0.0004     0.0022     0.0004     0.0023     0.3276     0.3276 
Communication              0.0002     0.0003     0.0003     0.0003     0.0003     0.0003     0.0002     0.0002     0.0002     0.0002     0.0003     0.0003     0.0002     0.0002     0.0003     0.0002     0.0004     0.0004 
Synchronization            0.0266     0.0150     0.0128     0.0152     0.0173     0.0143     0.0096     0.0075     0.0193     0.0191     0.0314     0.0221     0.0104     0.0104     0.0002     0.0023     1.9434     1.9343 
Variation                  0.0263     0.0151     0.0130     0.0153     0.0175     0.0144     0.0097     0.0077     0.0194     0.0192     0.0316     0.0222     0.0105     0.0105     0.0003     0.0024     1.9436     1.9344 
Overlap                    0.0003     0.0002     0.0002     0.0003     0.0002     0.0002     0.0002     0.0002     0.0002     0.0002     0.0002     0.0002     0.0003     0.0003     0.0006     0.0004     0.0000     0.0000 
Load imbalance             0.0004     0.0001     0.0001     0.0000     0.0001     0.0001     0.0001     0.0001     0.0000     0.0001     0.0005     0.0004     0.0000     0.0001     0.0000     0.0001     0.0182     0.0182 
Execution time             0.8827     0.8879     0.8886     0.8902     0.8890     0.8879     0.8891     0.8880     0.8894     0.8879     0.8811     0.8834     0.8898     0.8880     0.8898     0.8879     0.5627     0.5627 
User CPU time              0.0487     0.0488     0.0488     0.0489     0.0489     0.0488     0.0488     0.0488     0.0489     0.0488     0.0486     0.0487     0.0489     0.0488     0.0489     0.0488     0.0311     0.0311 
Sys. CPU time              0.0003     0.0005     0.0005     0.0005     0.0005     0.0005     0.0005     0.0005     0.0005     0.0005     0.0003     0.0004     0.0005     0.0005     0.0005     0.0005     0.0002     0.0002 
I/O time                   0.0000     0.0000     0.0000     0.0000     0.0000     0.0000     0.0000     0.0000     0.0000     0.0000     0.0000     0.0000     0.0000     0.0000     0.0000     0.0000     0.0000     0.0000 
Processors                     18         18         18         18         18         18         18         18         18         18         18         18         18         18         18         18         18         18 
           Communication          
Reduction                  0.0002     0.0003     0.0003     0.0003     0.0003     0.0003     0.0002     0.0002     0.0002     0.0002     0.0003     0.0003     0.0002     0.0002     0.0003     0.0002     0.0004     0.0004 
           Synchronization        
I/O                        0.0080     0.0028     0.0018     0.0025     0.0026     0.0020     0.0012     0.0010     0.0035     0.0031     0.0093     0.0057     0.0014     0.0012     0.0000     0.0003     0.6506     0.6488 
Reduction                  0.0025     0.0014     0.0011     0.0013     0.0020     0.0017     0.0010     0.0009     0.0022     0.0024     0.0033     0.0023     0.0011     0.0010     0.0000     0.0001     0.3252     0.3233 
Shadow                     0.0160     0.0108     0.0099     0.0114     0.0127     0.0106     0.0075     0.0057     0.0136     0.0136     0.0189     0.0141     0.0079     0.0082     0.0001     0.0019     0.9677     0.9622 
           Variation              
I/O                        0.0077     0.0030     0.0019     0.0026     0.0028     0.0021     0.0013     0.0012     0.0036     0.0032     0.0094     0.0058     0.0015     0.0014     0.0002     0.0004     0.6508     0.6489 
Reduction                  0.0025     0.0014     0.0011     0.0013     0.0020     0.0017     0.0010     0.0009     0.0022     0.0024     0.0033     0.0023     0.0011     0.0010     0.0000     0.0001     0.3252     0.3233 
Shadow                     0.0161     0.0108     0.0099     0.0114     0.0127     0.0106     0.0074     0.0057     0.0136     0.0136     0.0189     0.0141     0.0079     0.0082     0.0001     0.0019     0.9677     0.9622 
           Overlap                
Reduction                  0.0000     0.0000     0.0000     0.0000     0.0000     0.0000     0.0000     0.0000     0.0000     0.0000     0.0000     0.0000     0.0000     0.0000     0.0000     0.0000     0.0000     0.0000 
Shadow                     0.0003     0.0002     0.0002     0.0003     0.0002     0.0002     0.0002     0.0002     0.0002     0.0002     0.0002     0.0002     0.0003     0.0003     0.0006     0.0004     0.0000     0.0000 


-------------------------------------------------------------------------
Name (number) and performance time of processors
omp.keldysh.ru(1) 0.933850
omp.keldysh.ru(2) 0.933799
omp.keldysh.ru(3) 0.959249
omp.keldysh.ru(4) 0.959603
omp.keldysh.ru(5) 0.958129
omp.keldysh.ru(6) 0.958105
omp.keldysh.ru(7) 0.950390
omp.keldysh.ru(8) 0.950370
omp.keldysh.ru(9) 0.955492
omp.keldysh.ru(10) 0.955469
omp.keldysh.ru(11) 0.958722
omp.keldysh.ru(12) 0.958742
omp.keldysh.ru(13) 0.957371
omp.keldysh.ru(14) 0.957361
omp.keldysh.ru(15) 0.933840
omp.keldysh.ru(16) 0.933828
omp.keldysh.ru(17) 0.956215
omp.keldysh.ru(18) 0.956197
min - omp.keldysh.ru(2) 0.933799; max - omp.keldysh.ru(4) 0.959603; mid - 0.951485
