Processor system=1*1*4*4
Statistics has been accumulated on DVM-system version 5.0, platform DVM
Analyzer is executing on DVM-system version 5.0, platform DVM
-------------------------------------------------------------------------
INTERVAL ( NLINE=5 SOURCE=parallel4.f ) LEVEL=0  EXE_COUNT=1
--- The main characteristics --- 
Parallelization efficiency      0.0745 
Execution time                  0.0051 
Processors                          16
Threads amount                      16
Total time                      0.0816
Productive time                 0.0061 ( CPU= 0.0058 Sys= 0.0003 I/O= 0.0000 )
Lost  time                      0.0755 
   Insufficient parallelism     0.0658 ( User= 0.0612 Sys= 0.0045 )
   Communication                0.0078 ( Real_sync= 0.0000 Starts= 0.0000 )
   Idle time                    0.0019
Load imbalance                  0.0010
Synchronization                 0.0017
Time variation                  0.0037
Overlap                         0.0000
                  Nop   Communic    Synchro  Variation    Overlap 
I/O                 7     0.0000     0.0013     0.0033     0.0000 
Reduction           5     0.0078     0.0004     0.0004     0.0000 
--- The comparative characteristics --- 
                              Tmin N proc      Tmax N proc      Tmid
Lost time                   0.0047    16     0.0048     4     0.0047 
User insufficient par.      0.0024     4     0.0040    16     0.0038 
Sys.insufficient par.       0.0002    14     0.0004     1     0.0003 
Idle time                   0.0000    13     0.0017     4     0.0001 
Communication               0.0002    16     0.0007    14     0.0005 
Synchronization             0.0000    16     0.0001     4     0.0001 
Variation                   0.0001     1     0.0003     2     0.0002 
Overlap                     0.0000     1     0.0000    16     0.0000 
Load imbalance              0.0000    16     0.0001     4     0.0001 
Execution time              0.0034     4     0.0051    13     0.0050 
User CPU time               0.0003     4     0.0004    16     0.0004 
Sys. CPU time               0.0000    14     0.0000    16     0.0000 
I/O time                    0.0000    15     0.0000     1     0.0000 
Processors                      16     1         16    16         16 
                      Communic          Synchro        Variation          Overlap  
I/O             Tmin    0.0000     1     0.0000    16     0.0001     1     0.0000     1 
I/O             Tmax    0.0000    16     0.0001     4     0.0002     4     0.0000    16 
I/O             Tmid    0.0000           0.0001           0.0002           0.0000       
Reduction       Tmin    0.0002    16     0.0000    16     0.0000    16     0.0000     1 
Reduction       Tmax    0.0007    14     0.0000     4     0.0000     2     0.0000    16 
Reduction       Tmid    0.0005           0.0000           0.0000           0.0000       
--- The execution characteristics --- 
                                1          2          3          4          5          6          7          8          9         10         11         12         13         14         15         16 
Lost time                  0.0047     0.0047     0.0047     0.0048     0.0047     0.0047     0.0047     0.0047     0.0047     0.0047     0.0047     0.0047     0.0047     0.0047     0.0047     0.0047 
User insufficient par.     0.0039     0.0039     0.0039     0.0024     0.0040     0.0040     0.0039     0.0039     0.0039     0.0040     0.0039     0.0039     0.0038     0.0038     0.0038     0.0040 
Sys.insufficient par.      0.0004     0.0003     0.0003     0.0003     0.0003     0.0003     0.0003     0.0003     0.0003     0.0003     0.0003     0.0003     0.0002     0.0002     0.0002     0.0004 
Idle time                  0.0000     0.0001     0.0000     0.0017     0.0000     0.0000     0.0000     0.0000     0.0000     0.0000     0.0000     0.0000     0.0000     0.0000     0.0000     0.0000 
Communication              0.0004     0.0004     0.0005     0.0005     0.0004     0.0004     0.0005     0.0005     0.0005     0.0005     0.0005     0.0005     0.0007     0.0007     0.0007     0.0002 
Synchronization            0.0001     0.0001     0.0001     0.0001     0.0001     0.0001     0.0001     0.0001     0.0001     0.0001     0.0001     0.0001     0.0001     0.0001     0.0001     0.0000 
Variation                  0.0001     0.0003     0.0003     0.0003     0.0002     0.0002     0.0002     0.0002     0.0003     0.0003     0.0002     0.0002     0.0002     0.0002     0.0002     0.0002 
Overlap                    0.0000     0.0000     0.0000     0.0000     0.0000     0.0000     0.0000     0.0000     0.0000     0.0000     0.0000     0.0000     0.0000     0.0000     0.0000     0.0000 
Load imbalance             0.0001     0.0001     0.0001     0.0001     0.0001     0.0000     0.0001     0.0000     0.0001     0.0001     0.0001     0.0000     0.0001     0.0001     0.0001     0.0000 
Execution time             0.0051     0.0050     0.0051     0.0034     0.0051     0.0051     0.0051     0.0051     0.0051     0.0051     0.0051     0.0051     0.0051     0.0051     0.0051     0.0051 
User CPU time              0.0003     0.0004     0.0004     0.0003     0.0004     0.0004     0.0004     0.0004     0.0004     0.0004     0.0004     0.0004     0.0003     0.0003     0.0004     0.0004 
Sys. CPU time              0.0000     0.0000     0.0000     0.0000     0.0000     0.0000     0.0000     0.0000     0.0000     0.0000     0.0000     0.0000     0.0000     0.0000     0.0000     0.0000 
I/O time                   0.0000     0.0000     0.0000     0.0000     0.0000     0.0000     0.0000     0.0000     0.0000     0.0000     0.0000     0.0000     0.0000     0.0000     0.0000     0.0000 
Processors                     16         16         16         16         16         16         16         16         16         16         16         16         16         16         16         16 
           Communication          
Reduction                  0.0004     0.0004     0.0005     0.0005     0.0004     0.0004     0.0005     0.0005     0.0005     0.0005     0.0005     0.0005     0.0007     0.0007     0.0007     0.0002 
           Synchronization        
I/O                        0.0001     0.0001     0.0001     0.0001     0.0001     0.0001     0.0001     0.0001     0.0001     0.0001     0.0001     0.0001     0.0001     0.0001     0.0001     0.0000 
Reduction                  0.0000     0.0000     0.0000     0.0000     0.0000     0.0000     0.0000     0.0000     0.0000     0.0000     0.0000     0.0000     0.0000     0.0000     0.0000     0.0000 
           Variation              
I/O                        0.0001     0.0002     0.0002     0.0002     0.0002     0.0002     0.0002     0.0002     0.0002     0.0002     0.0002     0.0002     0.0002     0.0002     0.0002     0.0002 
Reduction                  0.0000     0.0000     0.0000     0.0000     0.0000     0.0000     0.0000     0.0000     0.0000     0.0000     0.0000     0.0000     0.0000     0.0000     0.0000     0.0000 
           Overlap                
Reduction                  0.0000     0.0000     0.0000     0.0000     0.0000     0.0000     0.0000     0.0000     0.0000     0.0000     0.0000     0.0000     0.0000     0.0000     0.0000     0.0000 


-------------------------------------------------------------------------
Name (number) and performance time of processors
omp.keldysh.ru(1) 0.934608
omp.keldysh.ru(2) 0.934525
omp.keldysh.ru(3) 0.934562
omp.keldysh.ru(4) 0.934653
omp.keldysh.ru(5) 0.956789
omp.keldysh.ru(6) 0.956639
omp.keldysh.ru(7) 0.957939
omp.keldysh.ru(8) 0.958039
omp.keldysh.ru(9) 0.959132
omp.keldysh.ru(10) 0.959196
omp.keldysh.ru(11) 0.956532
omp.keldysh.ru(12) 0.956480
omp.keldysh.ru(13) 0.954505
omp.keldysh.ru(14) 0.954456
omp.keldysh.ru(15) 0.955639
omp.keldysh.ru(16) 0.955889
min - omp.keldysh.ru(2) 0.934525; max - omp.keldysh.ru(10) 0.959196; mid - 0.951224
