Processor system=3*6
Statistics has been accumulated on DVM-system version 5.0, platform DVM
Analyzer is executing on DVM-system version 5.0, platform DVM
-------------------------------------------------------------------------
INTERVAL ( NLINE=5 SOURCE=align22.f ) LEVEL=0  EXE_COUNT=2
--- The main characteristics --- 
Parallelization efficiency      0.0621 
Execution time                  0.0098 
Processors                          18
Threads amount                      18
Total time                      0.1765
Productive time                 0.0110 ( CPU= 0.0106 Sys= 0.0004 I/O= 0.0000 )
Lost  time                      0.1655 
   Insufficient parallelism     0.1272 ( User= 0.1206 Sys= 0.0066 )
   Communication                0.0038 ( Real_sync= 0.0000 Starts= 0.0000 )
   Idle time                    0.0344
Load imbalance                  0.0029
Synchronization                 0.0009
Time variation                  0.0033
Overlap                         0.0001
                  Nop   Communic    Synchro  Variation    Overlap 
I/O                10     0.0000     0.0007     0.0031     0.0000 
Reduction           8     0.0038     0.0002     0.0001     0.0001 
--- The comparative characteristics --- 
                              Tmin N proc      Tmax N proc      Tmid
Lost time                   0.0090     8     0.0093    17     0.0092 
User insufficient par.      0.0059    17     0.0085     8     0.0067 
Sys.insufficient par.       0.0003    17     0.0005     1     0.0004 
Idle time                   0.0000     8     0.0027     6     0.0019 
Communication               0.0001     8     0.0004    17     0.0002 
Synchronization             0.0000    15     0.0001    17     0.0000 
Variation                   0.0000     1     0.0002    17     0.0002 
Overlap                     0.0000     1     0.0000    18     0.0000 
Load imbalance              0.0000     8     0.0002    17     0.0002 
Execution time              0.0071     6     0.0098     8     0.0079 
User CPU time               0.0005     5     0.0007     8     0.0006 
Sys. CPU time               0.0000    17     0.0000    15     0.0000 
I/O time                    0.0000     8     0.0000     1     0.0000 
Processors                      18     1         18    18         18 
                      Communic          Synchro        Variation          Overlap  
I/O             Tmin    0.0000     1     0.0000    15     0.0000     1     0.0000     1 
I/O             Tmax    0.0000    18     0.0001    17     0.0002    17     0.0000    18 
I/O             Tmid    0.0000           0.0000           0.0002           0.0000       
Reduction       Tmin    0.0001     8     0.0000    18     0.0000    18     0.0000     1 
Reduction       Tmax    0.0004    17     0.0000     8     0.0000     1     0.0000    18 
Reduction       Tmid    0.0002           0.0000           0.0000           0.0000       
--- The execution characteristics --- 
                                1          2          3          4          5          6          7          8          9         10         11         12         13         14         15         16         17         18 
Lost time                  0.0092     0.0092     0.0092     0.0092     0.0093     0.0093     0.0092     0.0090     0.0091     0.0091     0.0092     0.0092     0.0092     0.0092     0.0092     0.0091     0.0093     0.0092 
User insufficient par.     0.0070     0.0071     0.0060     0.0060     0.0060     0.0060     0.0061     0.0085     0.0074     0.0074     0.0060     0.0060     0.0067     0.0067     0.0060     0.0082     0.0059     0.0077 
Sys.insufficient par.      0.0005     0.0004     0.0004     0.0004     0.0004     0.0003     0.0004     0.0004     0.0004     0.0004     0.0004     0.0004     0.0004     0.0004     0.0004     0.0004     0.0003     0.0003 
Idle time                  0.0016     0.0016     0.0027     0.0026     0.0026     0.0027     0.0026     0.0000     0.0012     0.0012     0.0027     0.0026     0.0020     0.0020     0.0027     0.0004     0.0027     0.0008 
Communication              0.0002     0.0002     0.0002     0.0002     0.0003     0.0003     0.0002     0.0001     0.0002     0.0002     0.0002     0.0002     0.0002     0.0002     0.0002     0.0001     0.0004     0.0003 
Synchronization            0.0001     0.0000     0.0001     0.0001     0.0001     0.0000     0.0001     0.0001     0.0000     0.0000     0.0001     0.0000     0.0000     0.0000     0.0000     0.0000     0.0001     0.0001 
Variation                  0.0000     0.0002     0.0002     0.0002     0.0002     0.0002     0.0002     0.0002     0.0002     0.0002     0.0002     0.0002     0.0002     0.0002     0.0002     0.0002     0.0002     0.0002 
Overlap                    0.0000     0.0000     0.0000     0.0000     0.0000     0.0000     0.0000     0.0000     0.0000     0.0000     0.0000     0.0000     0.0000     0.0000     0.0000     0.0000     0.0000     0.0000 
Load imbalance             0.0002     0.0001     0.0002     0.0002     0.0002     0.0002     0.0002     0.0000     0.0001     0.0001     0.0002     0.0002     0.0002     0.0001     0.0002     0.0001     0.0002     0.0001 
Execution time             0.0082     0.0082     0.0071     0.0072     0.0072     0.0071     0.0072     0.0098     0.0086     0.0086     0.0071     0.0072     0.0078     0.0078     0.0071     0.0094     0.0072     0.0090 
User CPU time              0.0006     0.0006     0.0006     0.0005     0.0005     0.0005     0.0006     0.0007     0.0007     0.0006     0.0005     0.0005     0.0006     0.0006     0.0005     0.0007     0.0005     0.0006 
Sys. CPU time              0.0000     0.0000     0.0000     0.0000     0.0000     0.0000     0.0000     0.0000     0.0000     0.0000     0.0000     0.0000     0.0000     0.0000     0.0000     0.0000     0.0000     0.0000 
I/O time                   0.0000     0.0000     0.0000     0.0000     0.0000     0.0000     0.0000     0.0000     0.0000     0.0000     0.0000     0.0000     0.0000     0.0000     0.0000     0.0000     0.0000     0.0000 
Processors                     18         18         18         18         18         18         18         18         18         18         18         18         18         18         18         18         18         18 
           Communication          
Reduction                  0.0002     0.0002     0.0002     0.0002     0.0003     0.0003     0.0002     0.0001     0.0002     0.0002     0.0002     0.0002     0.0002     0.0002     0.0002     0.0001     0.0004     0.0003 
           Synchronization        
I/O                        0.0000     0.0000     0.0000     0.0000     0.0000     0.0000     0.0000     0.0000     0.0000     0.0000     0.0000     0.0000     0.0000     0.0000     0.0000     0.0000     0.0001     0.0001 
Reduction                  0.0000     0.0000     0.0000     0.0000     0.0000     0.0000     0.0000     0.0000     0.0000     0.0000     0.0000     0.0000     0.0000     0.0000     0.0000     0.0000     0.0000     0.0000 
           Variation              
I/O                        0.0000     0.0002     0.0002     0.0002     0.0002     0.0002     0.0002     0.0002     0.0002     0.0002     0.0002     0.0002     0.0002     0.0002     0.0002     0.0002     0.0002     0.0002 
Reduction                  0.0000     0.0000     0.0000     0.0000     0.0000     0.0000     0.0000     0.0000     0.0000     0.0000     0.0000     0.0000     0.0000     0.0000     0.0000     0.0000     0.0000     0.0000 
           Overlap                
Reduction                  0.0000     0.0000     0.0000     0.0000     0.0000     0.0000     0.0000     0.0000     0.0000     0.0000     0.0000     0.0000     0.0000     0.0000     0.0000     0.0000     0.0000     0.0000 


-------------------------------------------------------------------------
Name (number) and performance time of processors
omp.keldysh.ru(1) 0.935580
omp.keldysh.ru(2) 0.935449
omp.keldysh.ru(3) 0.958964
omp.keldysh.ru(4) 0.958992
omp.keldysh.ru(5) 0.957559
omp.keldysh.ru(6) 0.957527
omp.keldysh.ru(7) 0.958111
omp.keldysh.ru(8) 0.958400
omp.keldysh.ru(9) 0.957614
omp.keldysh.ru(10) 0.957621
omp.keldysh.ru(11) 0.961371
omp.keldysh.ru(12) 0.961383
omp.keldysh.ru(13) 0.958326
omp.keldysh.ru(14) 0.958336
omp.keldysh.ru(15) 0.957108
omp.keldysh.ru(16) 0.957066
omp.keldysh.ru(17) 0.958205
omp.keldysh.ru(18) 0.958197
min - omp.keldysh.ru(2) 0.935449; max - omp.keldysh.ru(12) 0.961383; mid - 0.955878
