Processor system=2*2*4*1
Statistics has been accumulated on DVM-system version 5.0, platform DVM
Analyzer is executing on DVM-system version 5.0, platform DVM
-------------------------------------------------------------------------
INTERVAL ( NLINE=8 SOURCE=red43.f ) LEVEL=0  EXE_COUNT=1
--- The main characteristics --- 
Parallelization efficiency      0.1023 
Execution time                  0.0073 
Processors                          16
Threads amount                      16
Total time                      0.1166
Productive time                 0.0119 ( CPU= 0.0110 Sys= 0.0009 I/O= 0.0000 )
Lost  time                      0.1047 
   Insufficient parallelism     0.0911 ( User= 0.0768 Sys= 0.0144 )
   Communication                0.0115 ( Real_sync= 0.0000 Starts= 0.0000 )
   Idle time                    0.0021
Load imbalance                  0.0010
Synchronization                 0.0079
Time variation                  0.0071
Overlap                         0.0000
                  Nop   Communic    Synchro  Variation    Overlap 
I/O                16     0.0000     0.0011     0.0044     0.0000 
Reduction          14     0.0071     0.0015     0.0007     0.0000 
Remote access      36     0.0044     0.0053     0.0020     0.0000 
--- The comparative characteristics --- 
                              Tmin N proc      Tmax N proc      Tmid
Lost time                   0.0065     7     0.0067    13     0.0065 
User insufficient par.      0.0035     3     0.0051     6     0.0048 
Sys.insufficient par.       0.0007    13     0.0011     1     0.0009 
Idle time                   0.0000    15     0.0016     3     0.0001 
Communication               0.0004     2     0.0016    13     0.0007 
Synchronization             0.0001     1     0.0011    13     0.0005 
Variation                   0.0001     1     0.0006     3     0.0004 
Overlap                     0.0000     2     0.0000    11     0.0000 
Load imbalance              0.0000     7     0.0002    13     0.0001 
Execution time              0.0057     3     0.0073    15     0.0072 
User CPU time               0.0006    13     0.0007     7     0.0007 
Sys. CPU time               0.0000    13     0.0001     2     0.0001 
I/O time                    0.0000    15     0.0000     1     0.0000 
Processors                      16     1         16    16         16 
                      Communic          Synchro        Variation          Overlap  
I/O             Tmin    0.0000     1     0.0000     5     0.0000     1     0.0000     1 
I/O             Tmax    0.0000    16     0.0001    13     0.0003    13     0.0000    16 
I/O             Tmid    0.0000           0.0001           0.0003           0.0000       
Reduction       Tmin    0.0002     1     0.0000     8     0.0000    15     0.0000     1 
Reduction       Tmax    0.0008    13     0.0002    15     0.0001     2     0.0000    11 
Reduction       Tmid    0.0004           0.0001           0.0000           0.0000       
Remote access   Tmin    0.0001     2     0.0000     1     0.0000     1     0.0000     2 
Remote access   Tmax    0.0008    13     0.0008    13     0.0002     3     0.0000     1 
Remote access   Tmid    0.0003           0.0003           0.0001           0.0000       
--- The execution characteristics --- 
                                1          2          3          4          5          6          7          8          9         10         11         12         13         14         15         16 
Lost time                  0.0065     0.0065     0.0066     0.0065     0.0065     0.0065     0.0065     0.0065     0.0065     0.0065     0.0065     0.0065     0.0067     0.0066     0.0066     0.0066 
User insufficient par.     0.0049     0.0050     0.0035     0.0050     0.0051     0.0051     0.0051     0.0051     0.0051     0.0050     0.0051     0.0051     0.0043     0.0043     0.0045     0.0045 
Sys.insufficient par.      0.0011     0.0010     0.0009     0.0009     0.0009     0.0009     0.0009     0.0010     0.0009     0.0009     0.0009     0.0009     0.0007     0.0007     0.0008     0.0008 
Idle time                  0.0000     0.0000     0.0016     0.0001     0.0000     0.0000     0.0000     0.0000     0.0000     0.0000     0.0000     0.0000     0.0001     0.0001     0.0000     0.0000 
Communication              0.0004     0.0004     0.0005     0.0005     0.0005     0.0005     0.0005     0.0004     0.0005     0.0005     0.0005     0.0005     0.0016     0.0015     0.0013     0.0013 
Synchronization            0.0001     0.0004     0.0004     0.0004     0.0003     0.0004     0.0004     0.0003     0.0004     0.0004     0.0003     0.0003     0.0011     0.0010     0.0009     0.0008 
Variation                  0.0001     0.0005     0.0006     0.0006     0.0005     0.0005     0.0005     0.0004     0.0005     0.0005     0.0004     0.0004     0.0004     0.0004     0.0004     0.0004 
Overlap                    0.0000     0.0000     0.0000     0.0000     0.0000     0.0000     0.0000     0.0000     0.0000     0.0000     0.0000     0.0000     0.0000     0.0000     0.0000     0.0000 
Load imbalance             0.0001     0.0000     0.0001     0.0000     0.0000     0.0000     0.0000     0.0000     0.0000     0.0000     0.0000     0.0000     0.0002     0.0002     0.0001     0.0002 
Execution time             0.0072     0.0072     0.0057     0.0072     0.0073     0.0073     0.0073     0.0073     0.0073     0.0073     0.0073     0.0073     0.0072     0.0072     0.0073     0.0073 
User CPU time              0.0007     0.0007     0.0006     0.0007     0.0007     0.0007     0.0007     0.0007     0.0007     0.0007     0.0007     0.0007     0.0006     0.0006     0.0006     0.0006 
Sys. CPU time              0.0001     0.0001     0.0001     0.0001     0.0001     0.0001     0.0001     0.0001     0.0001     0.0001     0.0001     0.0001     0.0000     0.0000     0.0001     0.0001 
I/O time                   0.0000     0.0000     0.0000     0.0000     0.0000     0.0000     0.0000     0.0000     0.0000     0.0000     0.0000     0.0000     0.0000     0.0000     0.0000     0.0000 
Processors                     16         16         16         16         16         16         16         16         16         16         16         16         16         16         16         16 
           Communication          
Reduction                  0.0002     0.0003     0.0004     0.0004     0.0004     0.0004     0.0003     0.0003     0.0004     0.0004     0.0004     0.0004     0.0008     0.0008     0.0007     0.0007 
Remote access              0.0002     0.0001     0.0001     0.0001     0.0001     0.0001     0.0001     0.0001     0.0002     0.0002     0.0001     0.0002     0.0008     0.0007     0.0006     0.0006 
           Synchronization        
I/O                        0.0001     0.0001     0.0001     0.0001     0.0000     0.0001     0.0001     0.0001     0.0001     0.0001     0.0001     0.0001     0.0001     0.0001     0.0001     0.0001 
Reduction                  0.0001     0.0001     0.0001     0.0001     0.0000     0.0000     0.0001     0.0000     0.0001     0.0001     0.0001     0.0001     0.0002     0.0002     0.0002     0.0002 
Remote access              0.0000     0.0002     0.0003     0.0003     0.0002     0.0002     0.0002     0.0002     0.0002     0.0002     0.0002     0.0002     0.0008     0.0008     0.0006     0.0006 
           Variation              
I/O                        0.0000     0.0003     0.0003     0.0003     0.0003     0.0003     0.0003     0.0003     0.0003     0.0003     0.0003     0.0003     0.0003     0.0003     0.0003     0.0003 
Reduction                  0.0001     0.0001     0.0001     0.0001     0.0000     0.0001     0.0000     0.0000     0.0000     0.0000     0.0000     0.0000     0.0000     0.0000     0.0000     0.0000 
Remote access              0.0000     0.0002     0.0002     0.0002     0.0002     0.0002     0.0002     0.0001     0.0001     0.0001     0.0001     0.0001     0.0001     0.0001     0.0001     0.0001 
           Overlap                
Reduction                  0.0000     0.0000     0.0000     0.0000     0.0000     0.0000     0.0000     0.0000     0.0000     0.0000     0.0000     0.0000     0.0000     0.0000     0.0000     0.0000 
Remote access              0.0000     0.0000     0.0000     0.0000     0.0000     0.0000     0.0000     0.0000     0.0000     0.0000     0.0000     0.0000     0.0000     0.0000     0.0000     0.0000 


-------------------------------------------------------------------------
Name (number) and performance time of processors
omp.keldysh.ru(1) 0.933937
omp.keldysh.ru(2) 0.933875
omp.keldysh.ru(3) 0.956641
omp.keldysh.ru(4) 0.956710
omp.keldysh.ru(5) 0.960769
omp.keldysh.ru(6) 0.960771
omp.keldysh.ru(7) 0.933970
omp.keldysh.ru(8) 0.933932
omp.keldysh.ru(9) 0.958893
omp.keldysh.ru(10) 0.958909
omp.keldysh.ru(11) 0.958901
omp.keldysh.ru(12) 0.958920
omp.keldysh.ru(13) 0.959796
omp.keldysh.ru(14) 0.959802
omp.keldysh.ru(15) 0.959694
omp.keldysh.ru(16) 0.959404
min - omp.keldysh.ru(2) 0.933875; max - omp.keldysh.ru(6) 0.960771; mid - 0.952808
