Processor system=2*2*2*2
Statistics has been accumulated on DVM-system version 5.0, platform DVM
Analyzer is executing on DVM-system version 5.0, platform DVM
-------------------------------------------------------------------------
INTERVAL ( NLINE=7 SOURCE=sh42.f ) LEVEL=0  EXE_COUNT=1
--- The main characteristics --- 
Parallelization efficiency      0.0511 
Execution time                  0.1929 
Processors                          16
Threads amount                      16
Total time                      3.0861
Productive time                 0.1577 ( CPU= 0.1558 Sys= 0.0019 I/O= 0.0000 )
Lost  time                      2.9285 
   Insufficient parallelism     2.3652 ( User= 2.3363 Sys= 0.0289 )
   Communication                0.0041 ( Real_sync= 0.0000 Starts= 0.0000 )
   Idle time                    0.5592
Load imbalance                  0.0350
Synchronization                 2.4512
Time variation                  2.4532
Overlap                         0.0000
                  Nop   Communic    Synchro  Variation    Overlap 
I/O                11     0.0000     1.1881     1.1900     0.0000 
Reduction           9     0.0041     0.6319     0.6319     0.0000 
Shadow              9     0.0000     0.6313     0.6312     0.0000 
--- The comparative characteristics --- 
                              Tmin N proc      Tmax N proc      Tmid
Lost time                   0.1808     3     0.1906    13     0.1830 
User insufficient par.      0.0328    13     0.1786     2     0.1460 
Sys.insufficient par.       0.0012    15     0.0023     1     0.0018 
Idle time                   0.0000     3     0.1561    13     0.0350 
Communication               0.0002     1     0.0004    16     0.0003 
Synchronization             0.0013     8     0.6756    13     0.1532 
Variation                   0.0014     8     0.6758    13     0.1533 
Overlap                     0.0000     1     0.0000     4     0.0000 
Load imbalance              0.0000     3     0.0098    13     0.0022 
Execution time              0.0368    13     0.1929     3     0.1579 
User CPU time               0.0022    13     0.0119     2     0.0097 
Sys. CPU time               0.0001    15     0.0001     9     0.0001 
I/O time                    0.0000     2     0.0000     1     0.0000 
Processors                      16     1         16    16         16 
                      Communic          Synchro        Variation          Overlap  
I/O             Tmin    0.0000     1     0.0005     8     0.0006     8     0.0000     1 
I/O             Tmax    0.0000    16     0.3307    13     0.3308    13     0.0000    16 
I/O             Tmid    0.0000           0.0743           0.0744           0.0000       
Reduction       Tmin    0.0002     1     0.0003     8     0.0003     8     0.0000     1 
Reduction       Tmax    0.0004    16     0.1737    13     0.1737    13     0.0000     7 
Reduction       Tmid    0.0003           0.0395           0.0395           0.0000       
Shadow          Tmin    0.0000     1     0.0005     8     0.0005     8     0.0000     1 
Shadow          Tmax    0.0000    16     0.1712    13     0.1712    13     0.0000     4 
Shadow          Tmid    0.0000           0.0395           0.0395           0.0000       
--- The execution characteristics --- 
                                1          2          3          4          5          6          7          8          9         10         11         12         13         14         15         16 
Lost time                  0.1808     0.1808     0.1808     0.1808     0.1809     0.1808     0.1809     0.1808     0.1808     0.1808     0.1813     0.1813     0.1906     0.1889     0.1889     0.1889 
User insufficient par.     0.1784     0.1786     0.1785     0.1786     0.1778     0.1785     0.1777     0.1785     0.1784     0.1785     0.1723     0.1716     0.0328     0.0585     0.0590     0.0587 
Sys.insufficient par.      0.0023     0.0020     0.0021     0.0021     0.0016     0.0021     0.0016     0.0021     0.0023     0.0021     0.0015     0.0020     0.0014     0.0013     0.0012     0.0013 
Idle time                  0.0000     0.0000     0.0000     0.0000     0.0014     0.0000     0.0014     0.0000     0.0000     0.0000     0.0072     0.0075     0.1561     0.1288     0.1283     0.1285 
Communication              0.0002     0.0003     0.0002     0.0002     0.0002     0.0002     0.0002     0.0002     0.0002     0.0002     0.0002     0.0002     0.0004     0.0004     0.0003     0.0004 
Synchronization            0.0075     0.0077     0.0018     0.0036     0.0091     0.0020     0.0049     0.0013     0.0089     0.0036     0.0223     0.0313     0.6756     0.5593     0.5545     0.5580 
Variation                  0.0074     0.0078     0.0019     0.0037     0.0092     0.0022     0.0051     0.0014     0.0090     0.0037     0.0224     0.0314     0.6758     0.5594     0.5546     0.5581 
Overlap                    0.0000     0.0000     0.0000     0.0000     0.0000     0.0000     0.0000     0.0000     0.0000     0.0000     0.0000     0.0000     0.0000     0.0000     0.0000     0.0000 
Load imbalance             0.0000     0.0000     0.0000     0.0000     0.0001     0.0000     0.0001     0.0000     0.0000     0.0000     0.0005     0.0005     0.0098     0.0081     0.0080     0.0080 
Execution time             0.1929     0.1929     0.1929     0.1929     0.1915     0.1928     0.1915     0.1928     0.1929     0.1929     0.1857     0.1854     0.0368     0.0641     0.0646     0.0643 
User CPU time              0.0119     0.0119     0.0119     0.0119     0.0119     0.0119     0.0118     0.0119     0.0119     0.0119     0.0115     0.0114     0.0022     0.0039     0.0039     0.0039 
Sys. CPU time              0.0001     0.0001     0.0001     0.0001     0.0001     0.0001     0.0001     0.0001     0.0001     0.0001     0.0001     0.0001     0.0001     0.0001     0.0001     0.0001 
I/O time                   0.0000     0.0000     0.0000     0.0000     0.0000     0.0000     0.0000     0.0000     0.0000     0.0000     0.0000     0.0000     0.0000     0.0000     0.0000     0.0000 
Processors                     16         16         16         16         16         16         16         16         16         16         16         16         16         16         16         16 
           Communication          
Reduction                  0.0002     0.0003     0.0002     0.0002     0.0002     0.0002     0.0002     0.0002     0.0002     0.0002     0.0002     0.0002     0.0004     0.0004     0.0003     0.0004 
           Synchronization        
I/O                        0.0026     0.0025     0.0006     0.0010     0.0032     0.0008     0.0018     0.0005     0.0029     0.0013     0.0109     0.0136     0.3307     0.2726     0.2710     0.2722 
Reduction                  0.0022     0.0021     0.0006     0.0008     0.0024     0.0007     0.0009     0.0003     0.0028     0.0013     0.0054     0.0073     0.1737     0.1445     0.1429     0.1440 
Shadow                     0.0027     0.0031     0.0007     0.0018     0.0034     0.0005     0.0022     0.0005     0.0032     0.0010     0.0060     0.0105     0.1712     0.1422     0.1405     0.1418 
           Variation              
I/O                        0.0025     0.0026     0.0007     0.0012     0.0034     0.0009     0.0020     0.0006     0.0030     0.0014     0.0110     0.0137     0.3308     0.2728     0.2712     0.2723 
Reduction                  0.0022     0.0021     0.0006     0.0008     0.0024     0.0007     0.0009     0.0003     0.0028     0.0013     0.0054     0.0073     0.1737     0.1445     0.1429     0.1440 
Shadow                     0.0027     0.0031     0.0007     0.0018     0.0034     0.0005     0.0022     0.0005     0.0032     0.0010     0.0060     0.0105     0.1712     0.1422     0.1405     0.1418 
           Overlap                
Reduction                  0.0000     0.0000     0.0000     0.0000     0.0000     0.0000     0.0000     0.0000     0.0000     0.0000     0.0000     0.0000     0.0000     0.0000     0.0000     0.0000 
Shadow                     0.0000     0.0000     0.0000     0.0000     0.0000     0.0000     0.0000     0.0000     0.0000     0.0000     0.0000     0.0000     0.0000     0.0000     0.0000     0.0000 


-------------------------------------------------------------------------
Name (number) and performance time of processors
omp.keldysh.ru(1) 0.935397
omp.keldysh.ru(2) 0.935304
omp.keldysh.ru(3) 0.935350
omp.keldysh.ru(4) 0.935377
omp.keldysh.ru(5) 0.960630
omp.keldysh.ru(6) 0.960625
omp.keldysh.ru(7) 0.955743
omp.keldysh.ru(8) 0.956272
omp.keldysh.ru(9) 0.958207
omp.keldysh.ru(10) 0.958223
omp.keldysh.ru(11) 0.961072
omp.keldysh.ru(12) 0.961076
omp.keldysh.ru(13) 0.960550
omp.keldysh.ru(14) 0.960552
omp.keldysh.ru(15) 0.957660
omp.keldysh.ru(16) 0.957649
min - omp.keldysh.ru(2) 0.935304; max - omp.keldysh.ru(12) 0.961076; mid - 0.953106
