Processor system=4*2*2
Statistics has been accumulated on DVM-system version 5.0, platform DVM
Analyzer is executing on DVM-system version 5.0, platform DVM
-------------------------------------------------------------------------
INTERVAL ( NLINE=8 SOURCE=red32.f ) LEVEL=0  EXE_COUNT=1
--- The main characteristics --- 
Parallelization efficiency      0.0575 
Execution time                  0.0109 
Processors                          16
Threads amount                      16
Total time                      0.1739
Productive time                 0.0100 ( CPU= 0.0091 Sys= 0.0009 I/O= 0.0000 )
Lost  time                      0.1639 
   Insufficient parallelism     0.1177 ( User= 0.1037 Sys= 0.0139 )
   Communication                0.0182 ( Real_sync= 0.0000 Starts= 0.0000 )
   Idle time                    0.0280
Load imbalance                  0.0021
Synchronization                 0.0086
Time variation                  0.0074
Overlap                         0.0000
                  Nop   Communic    Synchro  Variation    Overlap 
I/O                16     0.0000     0.0011     0.0040     0.0000 
Reduction          14     0.0130     0.0014     0.0007     0.0000 
Remote access      36     0.0052     0.0061     0.0026     0.0000 
--- The comparative characteristics --- 
                              Tmin N proc      Tmax N proc      Tmid
Lost time                   0.0101     5     0.0103    14     0.0102 
User insufficient par.      0.0054    14     0.0082     5     0.0065 
Sys.insufficient par.       0.0007    13     0.0011     1     0.0009 
Idle time                   0.0000     7     0.0027    11     0.0018 
Communication               0.0009     1     0.0017    13     0.0011 
Synchronization             0.0002     2     0.0009    13     0.0005 
Variation                   0.0002     1     0.0007     3     0.0005 
Overlap                     0.0000     3     0.0000     1     0.0000 
Load imbalance              0.0000     5     0.0002    14     0.0001 
Execution time              0.0082    11     0.0109     7     0.0091 
User CPU time               0.0005    14     0.0007     5     0.0006 
Sys. CPU time               0.0000    13     0.0001     2     0.0001 
I/O time                    0.0000     4     0.0000     1     0.0000 
Processors                      16     1         16    16         16 
                      Communic          Synchro        Variation          Overlap  
I/O             Tmin    0.0000     1     0.0000    12     0.0000     1     0.0000     1 
I/O             Tmax    0.0000    16     0.0001    13     0.0003    13     0.0000    16 
I/O             Tmid    0.0000           0.0001           0.0003           0.0000       
Reduction       Tmin    0.0005     1     0.0000     2     0.0000    12     0.0000     1 
Reduction       Tmax    0.0011    13     0.0002    13     0.0001     1     0.0000    16 
Reduction       Tmid    0.0008           0.0001           0.0000           0.0000       
Remote access   Tmin    0.0001     3     0.0001     1     0.0001     1     0.0000     3 
Remote access   Tmax    0.0006    13     0.0006    13     0.0003     4     0.0000     1 
Remote access   Tmid    0.0003           0.0004           0.0002           0.0000       
--- The execution characteristics --- 
                                1          2          3          4          5          6          7          8          9         10         11         12         13         14         15         16 
Lost time                  0.0102     0.0102     0.0103     0.0103     0.0101     0.0103     0.0101     0.0102     0.0103     0.0101     0.0103     0.0102     0.0103     0.0103     0.0103     0.0103 
User insufficient par.     0.0063     0.0064     0.0057     0.0057     0.0082     0.0057     0.0082     0.0071     0.0057     0.0078     0.0057     0.0074     0.0064     0.0054     0.0065     0.0055 
Sys.insufficient par.      0.0011     0.0010     0.0009     0.0009     0.0009     0.0009     0.0009     0.0009     0.0009     0.0009     0.0009     0.0009     0.0007     0.0008     0.0007     0.0008 
Idle time                  0.0020     0.0020     0.0027     0.0026     0.0000     0.0026     0.0000     0.0012     0.0026     0.0004     0.0027     0.0008     0.0016     0.0027     0.0016     0.0026 
Communication              0.0009     0.0010     0.0010     0.0011     0.0010     0.0010     0.0010     0.0010     0.0010     0.0011     0.0010     0.0010     0.0017     0.0015     0.0015     0.0014 
Synchronization            0.0002     0.0002     0.0006     0.0006     0.0006     0.0005     0.0006     0.0005     0.0006     0.0005     0.0005     0.0004     0.0009     0.0007     0.0007     0.0006 
Variation                  0.0002     0.0004     0.0007     0.0006     0.0006     0.0005     0.0006     0.0005     0.0005     0.0004     0.0004     0.0004     0.0005     0.0004     0.0004     0.0003 
Overlap                    0.0000     0.0000     0.0000     0.0000     0.0000     0.0000     0.0000     0.0000     0.0000     0.0000     0.0000     0.0000     0.0000     0.0000     0.0000     0.0000 
Load imbalance             0.0001     0.0001     0.0002     0.0002     0.0000     0.0002     0.0000     0.0001     0.0002     0.0000     0.0002     0.0001     0.0002     0.0002     0.0001     0.0002 
Execution time             0.0089     0.0089     0.0082     0.0082     0.0109     0.0082     0.0109     0.0097     0.0082     0.0105     0.0082     0.0101     0.0093     0.0082     0.0093     0.0082 
User CPU time              0.0006     0.0006     0.0005     0.0005     0.0007     0.0005     0.0007     0.0006     0.0005     0.0007     0.0005     0.0006     0.0005     0.0005     0.0006     0.0005 
Sys. CPU time              0.0001     0.0001     0.0001     0.0001     0.0001     0.0001     0.0001     0.0001     0.0001     0.0001     0.0001     0.0001     0.0000     0.0000     0.0000     0.0001 
I/O time                   0.0000     0.0000     0.0000     0.0000     0.0000     0.0000     0.0000     0.0000     0.0000     0.0000     0.0000     0.0000     0.0000     0.0000     0.0000     0.0000 
Processors                     16         16         16         16         16         16         16         16         16         16         16         16         16         16         16         16 
           Communication          
Reduction                  0.0005     0.0006     0.0009     0.0009     0.0008     0.0008     0.0008     0.0008     0.0008     0.0008     0.0007     0.0007     0.0011     0.0010     0.0009     0.0010 
Remote access              0.0003     0.0003     0.0001     0.0002     0.0002     0.0002     0.0002     0.0002     0.0003     0.0003     0.0003     0.0003     0.0006     0.0005     0.0006     0.0004 
           Synchronization        
I/O                        0.0001     0.0001     0.0001     0.0001     0.0001     0.0001     0.0001     0.0000     0.0001     0.0000     0.0001     0.0000     0.0001     0.0001     0.0001     0.0000 
Reduction                  0.0000     0.0000     0.0002     0.0001     0.0001     0.0001     0.0001     0.0001     0.0001     0.0001     0.0001     0.0000     0.0002     0.0001     0.0001     0.0001 
Remote access              0.0001     0.0001     0.0004     0.0004     0.0004     0.0004     0.0004     0.0004     0.0004     0.0004     0.0004     0.0004     0.0006     0.0005     0.0006     0.0004 
           Variation              
I/O                        0.0000     0.0003     0.0003     0.0003     0.0003     0.0003     0.0003     0.0002     0.0003     0.0002     0.0003     0.0002     0.0003     0.0003     0.0003     0.0002 
Reduction                  0.0001     0.0001     0.0001     0.0000     0.0001     0.0000     0.0001     0.0000     0.0001     0.0000     0.0000     0.0000     0.0001     0.0000     0.0000     0.0000 
Remote access              0.0001     0.0001     0.0003     0.0003     0.0002     0.0002     0.0002     0.0002     0.0002     0.0002     0.0001     0.0001     0.0001     0.0001     0.0001     0.0001 
           Overlap                
Reduction                  0.0000     0.0000     0.0000     0.0000     0.0000     0.0000     0.0000     0.0000     0.0000     0.0000     0.0000     0.0000     0.0000     0.0000     0.0000     0.0000 
Remote access              0.0000     0.0000     0.0000     0.0000     0.0000     0.0000     0.0000     0.0000     0.0000     0.0000     0.0000     0.0000     0.0000     0.0000     0.0000     0.0000 


-------------------------------------------------------------------------
Name (number) and performance time of processors
omp.keldysh.ru(1) 0.933762
omp.keldysh.ru(2) 0.933721
omp.keldysh.ru(3) 0.950966
omp.keldysh.ru(4) 0.951246
omp.keldysh.ru(5) 0.950414
omp.keldysh.ru(6) 0.950703
omp.keldysh.ru(7) 0.951076
omp.keldysh.ru(8) 0.951076
omp.keldysh.ru(9) 0.953441
omp.keldysh.ru(10) 0.953420
omp.keldysh.ru(11) 0.933928
omp.keldysh.ru(12) 0.933913
omp.keldysh.ru(13) 0.954421
omp.keldysh.ru(14) 0.954414
omp.keldysh.ru(15) 0.951272
omp.keldysh.ru(16) 0.951272
min - omp.keldysh.ru(2) 0.933721; max - omp.keldysh.ru(13) 0.954421; mid - 0.947440
