Processor system=1*3*3*2
Statistics has been accumulated on DVM-system version 5.0, platform DVM
Analyzer is executing on DVM-system version 5.0, platform DVM
-------------------------------------------------------------------------
INTERVAL ( NLINE=5 SOURCE=realign44.f ) LEVEL=0  EXE_COUNT=2
--- The main characteristics --- 
Parallelization efficiency      0.0551 
Execution time                  0.0100 
Processors                          18
Threads amount                      18
Total time                      0.1794
Productive time                 0.0099 ( CPU= 0.0095 Sys= 0.0004 I/O= 0.0000 )
Lost  time                      0.1695 
   Insufficient parallelism     0.1280 ( User= 0.1211 Sys= 0.0069 )
   Communication                0.0081 ( Real_sync= 0.0000 Starts= 0.0000 )
   Idle time                    0.0333
Load imbalance                  0.0016
Synchronization                 0.0045
Time variation                  0.0089
Overlap                         0.0000
                  Nop   Communic    Synchro  Variation    Overlap 
I/O                 6     0.0000     0.0006     0.0035     0.0000 
Reduction           5     0.0075     0.0000     0.0001     0.0000 
Redistribution      5     0.0007     0.0038     0.0053     0.0000 
--- The comparative characteristics --- 
                              Tmin N proc      Tmax N proc      Tmid
Lost time                   0.0093    12     0.0095    17     0.0094 
User insufficient par.      0.0059    17     0.0085    12     0.0067 
Sys.insufficient par.       0.0003    17     0.0006     1     0.0004 
Idle time                   0.0000    12     0.0027     3     0.0019 
Communication               0.0002     1     0.0007    17     0.0005 
Synchronization             0.0000     1     0.0004    17     0.0002 
Variation                   0.0001     1     0.0007    17     0.0005 
Overlap                     0.0000    18     0.0000    17     0.0000 
Load imbalance              0.0000    12     0.0002    17     0.0001 
Execution time              0.0073     3     0.0100    12     0.0081 
User CPU time               0.0005    17     0.0006    12     0.0005 
Sys. CPU time               0.0000    17     0.0000     9     0.0000 
I/O time                    0.0000    18     0.0000     1     0.0000 
Processors                      18     1         18    18         18 
                      Communic          Synchro        Variation          Overlap  
I/O             Tmin    0.0000     1     0.0000     1     0.0000     1     0.0000     1 
I/O             Tmax    0.0000    18     0.0001    17     0.0002    17     0.0000    18 
I/O             Tmid    0.0000           0.0000           0.0002           0.0000       
Reduction       Tmin    0.0002     1     0.0000     1     0.0000    10     0.0000    18 
Reduction       Tmax    0.0007    17     0.0000    18     0.0000    18     0.0000    17 
Reduction       Tmid    0.0004           0.0000           0.0000           0.0000       
Redistribution  Tmin    0.0000    17     0.0000     1     0.0001     1     0.0000     1 
Redistribution  Tmax    0.0002     9     0.0003    17     0.0005    17     0.0000    18 
Redistribution  Tmid    0.0000           0.0002           0.0003           0.0000       
--- The execution characteristics --- 
                                1          2          3          4          5          6          7          8          9         10         11         12         13         14         15         16         17         18 
Lost time                  0.0094     0.0095     0.0094     0.0095     0.0094     0.0094     0.0094     0.0094     0.0094     0.0094     0.0094     0.0093     0.0095     0.0094     0.0094     0.0095     0.0095     0.0094 
User insufficient par.     0.0061     0.0060     0.0060     0.0060     0.0060     0.0067     0.0067     0.0070     0.0060     0.0074     0.0074     0.0085     0.0060     0.0077     0.0077     0.0060     0.0059     0.0080 
Sys.insufficient par.      0.0006     0.0004     0.0004     0.0004     0.0004     0.0004     0.0004     0.0004     0.0004     0.0004     0.0004     0.0004     0.0004     0.0004     0.0004     0.0004     0.0003     0.0003 
Idle time                  0.0026     0.0026     0.0027     0.0026     0.0027     0.0019     0.0019     0.0016     0.0026     0.0011     0.0011     0.0000     0.0026     0.0008     0.0008     0.0026     0.0026     0.0004 
Communication              0.0002     0.0004     0.0003     0.0005     0.0004     0.0005     0.0003     0.0005     0.0003     0.0005     0.0004     0.0005     0.0005     0.0005     0.0005     0.0005     0.0007     0.0007 
Synchronization            0.0000     0.0002     0.0002     0.0003     0.0002     0.0002     0.0002     0.0003     0.0003     0.0003     0.0002     0.0003     0.0003     0.0003     0.0003     0.0002     0.0004     0.0004 
Variation                  0.0001     0.0005     0.0004     0.0005     0.0004     0.0005     0.0003     0.0005     0.0003     0.0005     0.0005     0.0006     0.0006     0.0006     0.0005     0.0005     0.0007     0.0007 
Overlap                    0.0000     0.0000     0.0000     0.0000     0.0000     0.0000     0.0000     0.0000     0.0000     0.0000     0.0000     0.0000     0.0000     0.0000     0.0000     0.0000     0.0000     0.0000 
Load imbalance             0.0001     0.0001     0.0001     0.0002     0.0001     0.0001     0.0001     0.0001     0.0001     0.0000     0.0001     0.0000     0.0001     0.0000     0.0000     0.0001     0.0002     0.0000 
Execution time             0.0074     0.0074     0.0073     0.0073     0.0073     0.0080     0.0080     0.0084     0.0073     0.0088     0.0088     0.0100     0.0073     0.0092     0.0092     0.0074     0.0074     0.0096 
User CPU time              0.0005     0.0005     0.0005     0.0005     0.0005     0.0005     0.0006     0.0006     0.0005     0.0006     0.0006     0.0006     0.0005     0.0006     0.0006     0.0005     0.0005     0.0006 
Sys. CPU time              0.0000     0.0000     0.0000     0.0000     0.0000     0.0000     0.0000     0.0000     0.0000     0.0000     0.0000     0.0000     0.0000     0.0000     0.0000     0.0000     0.0000     0.0000 
I/O time                   0.0000     0.0000     0.0000     0.0000     0.0000     0.0000     0.0000     0.0000     0.0000     0.0000     0.0000     0.0000     0.0000     0.0000     0.0000     0.0000     0.0000     0.0000 
Processors                     18         18         18         18         18         18         18         18         18         18         18         18         18         18         18         18         18         18 
           Communication          
Reduction                  0.0002     0.0004     0.0003     0.0005     0.0004     0.0005     0.0002     0.0004     0.0002     0.0004     0.0004     0.0005     0.0005     0.0005     0.0005     0.0005     0.0007     0.0006 
Redistribution             0.0000     0.0000     0.0001     0.0000     0.0000     0.0000     0.0001     0.0000     0.0002     0.0000     0.0000     0.0000     0.0000     0.0000     0.0000     0.0000     0.0000     0.0000 
           Synchronization        
I/O                        0.0000     0.0000     0.0001     0.0000     0.0000     0.0000     0.0000     0.0000     0.0001     0.0000     0.0000     0.0000     0.0000     0.0001     0.0000     0.0000     0.0001     0.0000 
Reduction                  0.0000     0.0000     0.0000     0.0000     0.0000     0.0000     0.0000     0.0000     0.0000     0.0000     0.0000     0.0000     0.0000     0.0000     0.0000     0.0000     0.0000     0.0000 
Redistribution             0.0000     0.0002     0.0002     0.0002     0.0002     0.0002     0.0002     0.0002     0.0002     0.0002     0.0002     0.0002     0.0002     0.0002     0.0002     0.0002     0.0003     0.0003 
           Variation              
I/O                        0.0000     0.0002     0.0002     0.0002     0.0002     0.0002     0.0002     0.0002     0.0002     0.0002     0.0002     0.0002     0.0002     0.0002     0.0002     0.0002     0.0002     0.0002 
Reduction                  0.0000     0.0000     0.0000     0.0000     0.0000     0.0000     0.0000     0.0000     0.0000     0.0000     0.0000     0.0000     0.0000     0.0000     0.0000     0.0000     0.0000     0.0000 
Redistribution             0.0001     0.0003     0.0002     0.0003     0.0002     0.0003     0.0001     0.0003     0.0001     0.0003     0.0003     0.0004     0.0004     0.0003     0.0003     0.0003     0.0005     0.0005 
           Overlap                
Reduction                  0.0000     0.0000     0.0000     0.0000     0.0000     0.0000     0.0000     0.0000     0.0000     0.0000     0.0000     0.0000     0.0000     0.0000     0.0000     0.0000     0.0000     0.0000 


-------------------------------------------------------------------------
Name (number) and performance time of processors
omp.keldysh.ru(1) 0.935400
omp.keldysh.ru(2) 0.935350
omp.keldysh.ru(3) 0.957040
omp.keldysh.ru(4) 0.957177
omp.keldysh.ru(5) 0.959958
omp.keldysh.ru(6) 0.959961
omp.keldysh.ru(7) 0.957342
omp.keldysh.ru(8) 0.956995
omp.keldysh.ru(9) 0.935415
omp.keldysh.ru(10) 0.935400
omp.keldysh.ru(11) 0.957875
omp.keldysh.ru(12) 0.957884
omp.keldysh.ru(13) 0.959961
omp.keldysh.ru(14) 0.959950
omp.keldysh.ru(15) 0.956659
omp.keldysh.ru(16) 0.956650
omp.keldysh.ru(17) 0.959114
omp.keldysh.ru(18) 0.959126
min - omp.keldysh.ru(2) 0.935350; max - omp.keldysh.ru(6) 0.959961; mid - 0.953181
