Processor system=1*2*1*7
Statistics has been accumulated on DVM-system version 5.0, platform DVM
Analyzer is executing on DVM-system version 5.0, platform DVM
-------------------------------------------------------------------------
INTERVAL ( NLINE=7 SOURCE=acr43.f ) LEVEL=0  EXE_COUNT=1
--- The main characteristics --- 
Parallelization efficiency      0.0655 
Execution time                  1.8194 
Processors                          14
Threads amount                      14
Total time                     25.4722
Productive time                 1.6675 ( CPU= 1.6243 Sys= 0.0432 I/O= 0.0000 )
Lost  time                     23.8047 
   Insufficient parallelism    21.1661 ( User= 20.6046 Sys= 0.5615 )
   Communication                2.5965 ( Real_sync= 0.0000 Starts= 0.0000 )
   Idle time                    0.0422
Load imbalance                  0.1692
Synchronization                 2.7726
Time variation                  0.8711
Overlap                         0.0023
                  Nop   Communic    Synchro  Variation    Overlap 
I/O                11     0.0000     0.0206     0.0229     0.0000 
Reduction           9     0.0168     0.0023     0.0023     0.0000 
Shadow             27     2.5729     2.7497     0.8459     0.0023 
--- The comparative characteristics --- 
                              Tmin N proc      Tmax N proc      Tmid
Lost time                   1.6883     5     1.7166    10     1.7003 
User insufficient par.      1.2660    10     1.6201     5     1.4718 
Sys.insufficient par.       0.0268     8     0.0503     7     0.0401 
Idle time                   0.0000     3     0.0057    12     0.0030 
Communication               0.0180     2     0.4124    11     0.1855 
Synchronization             0.0127     8     0.4112    10     0.1980 
Variation                   0.0129     8     0.0883     3     0.0622 
Overlap                     0.0000     9     0.0006     1     0.0002 
Load imbalance              0.0000     5     0.0284    10     0.0121 
Execution time              1.8138    12     1.8194     3     1.8164 
User CPU time               0.1000    10     0.1275     5     0.1160 
Sys. CPU time               0.0021     8     0.0039     7     0.0031 
I/O time                    0.0000    13     0.0000     1     0.0000 
Processors                      14     1         14    14         14 
                      Communic          Synchro        Variation          Overlap  
I/O             Tmin    0.0000     1     0.0001     1     0.0000     1     0.0000     1 
I/O             Tmax    0.0000    14     0.0033    10     0.0034    10     0.0000    14 
I/O             Tmid    0.0000           0.0015           0.0016           0.0000       
Reduction       Tmin    0.0003     2     0.0001     1     0.0001     1     0.0000     2 
Reduction       Tmax    0.0026    13     0.0003    14     0.0003    14     0.0000    14 
Reduction       Tmid    0.0012           0.0002           0.0002           0.0000       
Shadow          Tmin    0.0176     2     0.0124     8     0.0124     8     0.0000     9 
Shadow          Tmax    0.4063    10     0.4077    10     0.0878     3     0.0006     1 
Shadow          Tmid    0.1838           0.1964           0.0604           0.0002       
--- The execution characteristics --- 
                                1          2          3          4          5          6          7          8          9         10         11         12         13         14 
Lost time                  1.6892     1.6884     1.6883     1.6883     1.6883     1.6884     1.6886     1.6911     1.7153     1.7166     1.7165     1.7154     1.7154     1.7150 
User insufficient par.     1.6176     1.6176     1.6181     1.6193     1.6201     1.6183     1.6161     1.6118     1.2812     1.2660     1.2728     1.2813     1.2818     1.2823 
Sys.insufficient par.      0.0420     0.0486     0.0500     0.0487     0.0484     0.0484     0.0503     0.0268     0.0330     0.0361     0.0290     0.0320     0.0323     0.0357 
Idle time                  0.0000     0.0042     0.0000     0.0000     0.0000     0.0019     0.0038     0.0034     0.0050     0.0057     0.0023     0.0057     0.0057     0.0046 
Communication              0.0295     0.0180     0.0201     0.0202     0.0197     0.0197     0.0183     0.0490     0.3962     0.4088     0.4124     0.3963     0.3957     0.3925 
Synchronization            0.0320     0.0555     0.0606     0.0571     0.0547     0.0537     0.0576     0.0127     0.3937     0.4112     0.4039     0.3927     0.3918     0.3954 
Variation                  0.0477     0.0856     0.0883     0.0850     0.0831     0.0822     0.0873     0.0129     0.0484     0.0539     0.0485     0.0470     0.0466     0.0546 
Overlap                    0.0006     0.0002     0.0002     0.0002     0.0003     0.0003     0.0002     0.0003     0.0000     0.0000     0.0000     0.0000     0.0000     0.0000 
Load imbalance             0.0009     0.0001     0.0000     0.0000     0.0000     0.0001     0.0003     0.0028     0.0271     0.0284     0.0283     0.0272     0.0271     0.0268 
Execution time             1.8194     1.8153     1.8194     1.8194     1.8194     1.8175     1.8156     1.8160     1.8145     1.8138     1.8172     1.8138     1.8138     1.8149 
User CPU time              0.1271     0.1273     0.1273     0.1274     0.1275     0.1273     0.1270     0.1263     0.1016     0.1000     0.1007     0.1016     0.1016     0.1017 
Sys. CPU time              0.0032     0.0037     0.0038     0.0037     0.0037     0.0037     0.0039     0.0021     0.0025     0.0028     0.0022     0.0025     0.0025     0.0027 
I/O time                   0.0000     0.0000     0.0000     0.0000     0.0000     0.0000     0.0000     0.0000     0.0000     0.0000     0.0000     0.0000     0.0000     0.0000 
Processors                     14         14         14         14         14         14         14         14         14         14         14         14         14         14 
           Communication          
Reduction                  0.0003     0.0003     0.0003     0.0003     0.0003     0.0003     0.0003     0.0005     0.0025     0.0024     0.0024     0.0022     0.0026     0.0022 
Shadow                     0.0291     0.0176     0.0198     0.0198     0.0194     0.0194     0.0180     0.0484     0.3937     0.4063     0.4040     0.3941     0.3930     0.3902 
           Synchronization        
I/O                        0.0001     0.0008     0.0002     0.0002     0.0003     0.0003     0.0008     0.0002     0.0029     0.0033     0.0028     0.0031     0.0027     0.0030 
Reduction                  0.0001     0.0001     0.0002     0.0001     0.0002     0.0001     0.0003     0.0001     0.0001     0.0002     0.0001     0.0002     0.0001     0.0003 
Shadow                     0.0318     0.0546     0.0602     0.0567     0.0542     0.0533     0.0565     0.0124     0.3907     0.4077     0.4010     0.3895     0.3890     0.3920 
           Variation              
I/O                        0.0000     0.0010     0.0004     0.0004     0.0005     0.0005     0.0010     0.0004     0.0030     0.0034     0.0030     0.0032     0.0029     0.0032 
Reduction                  0.0001     0.0001     0.0002     0.0001     0.0002     0.0001     0.0003     0.0001     0.0001     0.0002     0.0001     0.0002     0.0001     0.0003 
Shadow                     0.0476     0.0845     0.0878     0.0845     0.0824     0.0815     0.0860     0.0124     0.0453     0.0502     0.0454     0.0436     0.0436     0.0511 
           Overlap                
Reduction                  0.0000     0.0000     0.0000     0.0000     0.0000     0.0000     0.0000     0.0000     0.0000     0.0000     0.0000     0.0000     0.0000     0.0000 
Shadow                     0.0006     0.0002     0.0002     0.0002     0.0003     0.0003     0.0002     0.0003     0.0000     0.0000     0.0000     0.0000     0.0000     0.0000 


-------------------------------------------------------------------------
Name (number) and performance time of processors
omp.keldysh.ru(1) 0.935334
omp.keldysh.ru(2) 0.935282
omp.keldysh.ru(3) 0.954216
omp.keldysh.ru(4) 0.954410
omp.keldysh.ru(5) 0.956568
omp.keldysh.ru(6) 0.956863
omp.keldysh.ru(7) 0.957328
omp.keldysh.ru(8) 0.957310
omp.keldysh.ru(9) 0.955682
omp.keldysh.ru(10) 0.955646
omp.keldysh.ru(11) 0.956171
omp.keldysh.ru(12) 0.956160
omp.keldysh.ru(13) 0.955951
omp.keldysh.ru(14) 0.956218
min - omp.keldysh.ru(2) 0.935282; max - omp.keldysh.ru(7) 0.957328; mid - 0.953081
