Processor system=2*1*2*4
Statistics has been accumulated on DVM-system version 5.0, platform DVM
Analyzer is executing on DVM-system version 5.0, platform DVM
-------------------------------------------------------------------------
INTERVAL ( NLINE=8 SOURCE=sha41.f ) LEVEL=0  EXE_COUNT=1
--- The main characteristics --- 
Parallelization efficiency      0.0757 
Execution time                  0.0117 
Processors                          16
Threads amount                      16
Total time                      0.1880
Productive time                 0.0142 ( CPU= 0.0127 Sys= 0.0015 I/O= 0.0000 )
Lost  time                      0.1737 
   Insufficient parallelism     0.1178 ( User= 0.0955 Sys= 0.0223 )
   Communication                0.0304 ( Real_sync= 0.0000 Starts= 0.0000 )
   Idle time                    0.0255
Load imbalance                  0.0030
Synchronization                 0.0129
Time variation                  0.0107
Overlap                         0.0000
                  Nop   Communic    Synchro  Variation    Overlap 
I/O                 6     0.0000     0.0005     0.0027     0.0000 
Reduction           4     0.0091     0.0000     0.0000     0.0000 
Shadow              4     0.0213     0.0124     0.0079     0.0000 
--- The comparative characteristics --- 
                              Tmin N proc      Tmax N proc      Tmid
Lost time                   0.0107    11     0.0111    16     0.0109 
User insufficient par.      0.0046    16     0.0076    11     0.0060 
Sys.insufficient par.       0.0009    13     0.0017     2     0.0014 
Idle time                   0.0000    11     0.0026     7     0.0016 
Communication               0.0013     3     0.0031    16     0.0019 
Synchronization             0.0001     7     0.0021    16     0.0008 
Variation                   0.0003     3     0.0009     5     0.0007 
Overlap                     0.0000     1     0.0000     2     0.0000 
Load imbalance              0.0000    11     0.0005    16     0.0002 
Execution time              0.0091     7     0.0117    11     0.0102 
User CPU time               0.0006    16     0.0010    11     0.0008 
Sys. CPU time               0.0001    13     0.0001     2     0.0001 
I/O time                    0.0000     9     0.0000     1     0.0000 
Processors                      16     1         16    16         16 
                      Communic          Synchro        Variation          Overlap  
I/O             Tmin    0.0000     1     0.0000     6     0.0000     1     0.0000     1 
I/O             Tmax    0.0000    16     0.0001    16     0.0002    16     0.0000    16 
I/O             Tmid    0.0000           0.0000           0.0002           0.0000       
Reduction       Tmin    0.0001     3     0.0000     8     0.0000    11     0.0000     1 
Reduction       Tmax    0.0009    13     0.0000    13     0.0000    14     0.0000     8 
Reduction       Tmid    0.0006           0.0000           0.0000           0.0000       
Shadow          Tmin    0.0009     5     0.0001     7     0.0001     3     0.0000     1 
Shadow          Tmax    0.0022    16     0.0021    16     0.0007     5     0.0000     2 
Shadow          Tmid    0.0013           0.0008           0.0005           0.0000       
--- The execution characteristics --- 
                                1          2          3          4          5          6          7          8          9         10         11         12         13         14         15         16 
Lost time                  0.0109     0.0108     0.0108     0.0108     0.0108     0.0108     0.0108     0.0109     0.0108     0.0108     0.0107     0.0108     0.0110     0.0109     0.0110     0.0111 
User insufficient par.     0.0063     0.0063     0.0052     0.0066     0.0074     0.0058     0.0052     0.0052     0.0060     0.0052     0.0076     0.0071     0.0063     0.0061     0.0047     0.0046 
Sys.insufficient par.      0.0014     0.0017     0.0017     0.0014     0.0013     0.0017     0.0017     0.0013     0.0013     0.0016     0.0017     0.0013     0.0009     0.0011     0.0012     0.0009 
Idle time                  0.0014     0.0014     0.0026     0.0011     0.0003     0.0020     0.0026     0.0026     0.0017     0.0026     0.0000     0.0005     0.0008     0.0008     0.0026     0.0026 
Communication              0.0018     0.0014     0.0013     0.0018     0.0018     0.0014     0.0014     0.0018     0.0018     0.0014     0.0014     0.0018     0.0030     0.0029     0.0024     0.0031 
Synchronization            0.0007     0.0001     0.0001     0.0006     0.0008     0.0001     0.0001     0.0008     0.0008     0.0002     0.0002     0.0009     0.0020     0.0019     0.0013     0.0021 
Variation                  0.0007     0.0003     0.0003     0.0008     0.0009     0.0003     0.0003     0.0009     0.0009     0.0004     0.0003     0.0009     0.0009     0.0009     0.0009     0.0009 
Overlap                    0.0000     0.0000     0.0000     0.0000     0.0000     0.0000     0.0000     0.0000     0.0000     0.0000     0.0000     0.0000     0.0000     0.0000     0.0000     0.0000 
Load imbalance             0.0002     0.0001     0.0001     0.0001     0.0001     0.0001     0.0001     0.0002     0.0002     0.0002     0.0000     0.0001     0.0003     0.0003     0.0003     0.0005 
Execution time             0.0104     0.0104     0.0092     0.0107     0.0115     0.0098     0.0091     0.0092     0.0101     0.0091     0.0117     0.0112     0.0110     0.0110     0.0092     0.0092 
User CPU time              0.0008     0.0009     0.0008     0.0009     0.0009     0.0009     0.0008     0.0007     0.0008     0.0008     0.0010     0.0009     0.0007     0.0007     0.0007     0.0006 
Sys. CPU time              0.0001     0.0001     0.0001     0.0001     0.0001     0.0001     0.0001     0.0001     0.0001     0.0001     0.0001     0.0001     0.0001     0.0001     0.0001     0.0001 
I/O time                   0.0000     0.0000     0.0000     0.0000     0.0000     0.0000     0.0000     0.0000     0.0000     0.0000     0.0000     0.0000     0.0000     0.0000     0.0000     0.0000 
Processors                     16         16         16         16         16         16         16         16         16         16         16         16         16         16         16         16 
           Communication          
Reduction                  0.0008     0.0002     0.0001     0.0007     0.0008     0.0002     0.0002     0.0008     0.0008     0.0002     0.0002     0.0008     0.0009     0.0008     0.0007     0.0008 
Shadow                     0.0010     0.0012     0.0012     0.0010     0.0009     0.0012     0.0012     0.0010     0.0010     0.0012     0.0011     0.0010     0.0022     0.0021     0.0017     0.0022 
           Synchronization        
I/O                        0.0000     0.0000     0.0000     0.0000     0.0000     0.0000     0.0000     0.0000     0.0000     0.0000     0.0000     0.0000     0.0000     0.0000     0.0000     0.0001 
Reduction                  0.0000     0.0000     0.0000     0.0000     0.0000     0.0000     0.0000     0.0000     0.0000     0.0000     0.0000     0.0000     0.0000     0.0000     0.0000     0.0000 
Shadow                     0.0006     0.0001     0.0001     0.0006     0.0007     0.0001     0.0001     0.0008     0.0008     0.0002     0.0002     0.0009     0.0020     0.0019     0.0013     0.0021 
           Variation              
I/O                        0.0000     0.0002     0.0002     0.0002     0.0002     0.0002     0.0002     0.0002     0.0002     0.0002     0.0002     0.0002     0.0002     0.0002     0.0002     0.0002 
Reduction                  0.0000     0.0000     0.0000     0.0000     0.0000     0.0000     0.0000     0.0000     0.0000     0.0000     0.0000     0.0000     0.0000     0.0000     0.0000     0.0000 
Shadow                     0.0007     0.0001     0.0001     0.0006     0.0007     0.0001     0.0001     0.0007     0.0007     0.0002     0.0002     0.0007     0.0007     0.0007     0.0007     0.0007 
           Overlap                
Reduction                  0.0000     0.0000     0.0000     0.0000     0.0000     0.0000     0.0000     0.0000     0.0000     0.0000     0.0000     0.0000     0.0000     0.0000     0.0000     0.0000 
Shadow                     0.0000     0.0000     0.0000     0.0000     0.0000     0.0000     0.0000     0.0000     0.0000     0.0000     0.0000     0.0000     0.0000     0.0000     0.0000     0.0000 


-------------------------------------------------------------------------
Name (number) and performance time of processors
omp.keldysh.ru(1) 0.935379
omp.keldysh.ru(2) 0.935310
omp.keldysh.ru(3) 0.957516
omp.keldysh.ru(4) 0.957499
omp.keldysh.ru(5) 0.960550
omp.keldysh.ru(6) 0.960537
omp.keldysh.ru(7) 0.959310
omp.keldysh.ru(8) 0.959283
omp.keldysh.ru(9) 0.935344
omp.keldysh.ru(10) 0.935323
omp.keldysh.ru(11) 0.958786
omp.keldysh.ru(12) 0.958787
omp.keldysh.ru(13) 0.958022
omp.keldysh.ru(14) 0.957751
omp.keldysh.ru(15) 0.960878
omp.keldysh.ru(16) 0.960869
min - omp.keldysh.ru(2) 0.935310; max - omp.keldysh.ru(15) 0.960878; mid - 0.953197
