Processor system=6*1*3
Statistics has been accumulated on DVM-system version 5.0, platform DVM
Analyzer is executing on DVM-system version 5.0, platform DVM
-------------------------------------------------------------------------
INTERVAL ( NLINE=5 SOURCE=prf31.f ) LEVEL=0  EXE_COUNT=2
--- The main characteristics --- 
Parallelization efficiency      0.0293 
Execution time                  0.0169 
Processors                          18
Threads amount                      18
Total time                      0.3043
Productive time                 0.0089 ( CPU= 0.0059 Sys= 0.0030 I/O= 0.0000 )
Lost  time                      0.2954 
   Insufficient parallelism     0.1435 ( User= 0.0916 Sys= 0.0519 )
   Communication                0.1005 ( Real_sync= 0.0000 Starts= 0.0000 )
   Idle time                    0.0513
Load imbalance                  0.0030
Synchronization                 0.1512
Time variation                  0.1116
Overlap                         0.0504
                  Nop   Communic    Synchro  Variation    Overlap 
I/O                12     0.0000     0.0142     0.0174     0.0000 
Reduction          22     0.0100     0.0007     0.0008     0.0000 
Remote access     172     0.0906     0.1363     0.0933     0.0503 
--- The comparative characteristics --- 
                              Tmin N proc      Tmax N proc      Tmid
Lost time                   0.0162    13     0.0166     9     0.0164 
User insufficient par.      0.0023     9     0.0078    13     0.0051 
Sys.insufficient par.       0.0020    17     0.0031     3     0.0029 
Idle time                   0.0000    13     0.0058     9     0.0029 
Communication               0.0054    15     0.0066    17     0.0056 
Synchronization             0.0020     1     0.0124     4     0.0084 
Variation                   0.0017     1     0.0094     4     0.0062 
Overlap                     0.0005    17     0.0067     1     0.0028 
Load imbalance              0.0000    13     0.0003     9     0.0002 
Execution time              0.0111     9     0.0169    13     0.0141 
User CPU time               0.0002     9     0.0005    13     0.0003 
Sys. CPU time               0.0001    17     0.0002     3     0.0002 
I/O time                    0.0000    12     0.0000     1     0.0000 
Processors                      18     1         18    18         18 
                      Communic          Synchro        Variation          Overlap  
I/O             Tmin    0.0000     1     0.0003     1     0.0002     1     0.0000     1 
I/O             Tmax    0.0000    18     0.0012     4     0.0014     4     0.0000    18 
I/O             Tmid    0.0000           0.0008           0.0010           0.0000       
Reduction       Tmin    0.0003    15     0.0000    13     0.0000    14     0.0000     1 
Reduction       Tmax    0.0009    17     0.0000     4     0.0000    18     0.0000    16 
Reduction       Tmid    0.0006           0.0000           0.0000           0.0000       
Remote access   Tmin    0.0048     4     0.0017     1     0.0014     1     0.0005    17 
Remote access   Tmax    0.0058    17     0.0115    17     0.0080     4     0.0067     1 
Remote access   Tmid    0.0050           0.0076           0.0052           0.0028       
--- The execution characteristics --- 
                                1          2          3          4          5          6          7          8          9         10         11         12         13         14         15         16         17         18 
Lost time                  0.0165     0.0164     0.0164     0.0164     0.0164     0.0164     0.0165     0.0163     0.0166     0.0163     0.0165     0.0163     0.0162     0.0166     0.0164     0.0165     0.0164     0.0165 
User insufficient par.     0.0030     0.0056     0.0056     0.0048     0.0060     0.0059     0.0034     0.0074     0.0023     0.0067     0.0041     0.0063     0.0078     0.0023     0.0052     0.0038     0.0070     0.0044 
Sys.insufficient par.      0.0031     0.0029     0.0031     0.0031     0.0030     0.0030     0.0030     0.0031     0.0030     0.0029     0.0029     0.0029     0.0029     0.0030     0.0031     0.0029     0.0020     0.0021 
Idle time                  0.0051     0.0023     0.0023     0.0031     0.0019     0.0020     0.0047     0.0004     0.0058     0.0012     0.0039     0.0016     0.0000     0.0058     0.0027     0.0043     0.0008     0.0035 
Communication              0.0054     0.0055     0.0054     0.0054     0.0054     0.0055     0.0055     0.0054     0.0054     0.0056     0.0055     0.0055     0.0055     0.0055     0.0054     0.0055     0.0066     0.0065 
Synchronization            0.0020     0.0037     0.0041     0.0124     0.0121     0.0044     0.0121     0.0119     0.0046     0.0119     0.0117     0.0050     0.0118     0.0116     0.0044     0.0100     0.0119     0.0055 
Variation                  0.0017     0.0031     0.0034     0.0094     0.0091     0.0036     0.0090     0.0088     0.0036     0.0088     0.0086     0.0039     0.0086     0.0084     0.0034     0.0068     0.0079     0.0037 
Overlap                    0.0067     0.0058     0.0052     0.0007     0.0008     0.0053     0.0008     0.0007     0.0051     0.0009     0.0009     0.0050     0.0007     0.0008     0.0050     0.0010     0.0005     0.0045 
Load imbalance             0.0003     0.0001     0.0001     0.0002     0.0001     0.0001     0.0003     0.0000     0.0003     0.0001     0.0002     0.0001     0.0000     0.0003     0.0001     0.0002     0.0001     0.0003 
Execution time             0.0118     0.0146     0.0146     0.0138     0.0150     0.0150     0.0122     0.0165     0.0111     0.0157     0.0130     0.0153     0.0169     0.0111     0.0142     0.0126     0.0161     0.0134 
User CPU time              0.0002     0.0004     0.0004     0.0003     0.0004     0.0004     0.0002     0.0005     0.0002     0.0004     0.0003     0.0004     0.0005     0.0002     0.0003     0.0002     0.0004     0.0003 
Sys. CPU time              0.0002     0.0002     0.0002     0.0002     0.0002     0.0002     0.0002     0.0002     0.0002     0.0002     0.0002     0.0002     0.0002     0.0002     0.0002     0.0002     0.0001     0.0001 
I/O time                   0.0000     0.0000     0.0000     0.0000     0.0000     0.0000     0.0000     0.0000     0.0000     0.0000     0.0000     0.0000     0.0000     0.0000     0.0000     0.0000     0.0000     0.0000 
Processors                     18         18         18         18         18         18         18         18         18         18         18         18         18         18         18         18         18         18 
           Communication          
Reduction                  0.0006     0.0006     0.0005     0.0006     0.0006     0.0005     0.0006     0.0005     0.0005     0.0006     0.0005     0.0005     0.0005     0.0004     0.0003     0.0004     0.0009     0.0008 
Remote access              0.0048     0.0049     0.0049     0.0048     0.0048     0.0050     0.0049     0.0049     0.0050     0.0050     0.0049     0.0049     0.0050     0.0050     0.0050     0.0052     0.0058     0.0057 
           Synchronization        
I/O                        0.0003     0.0005     0.0007     0.0012     0.0011     0.0007     0.0011     0.0011     0.0007     0.0011     0.0011     0.0008     0.0010     0.0010     0.0007     0.0003     0.0004     0.0004 
Reduction                  0.0000     0.0000     0.0000     0.0000     0.0000     0.0000     0.0000     0.0000     0.0000     0.0000     0.0000     0.0000     0.0000     0.0000     0.0000     0.0000     0.0000     0.0000 
Remote access              0.0017     0.0031     0.0033     0.0112     0.0110     0.0037     0.0109     0.0108     0.0038     0.0108     0.0106     0.0041     0.0108     0.0106     0.0037     0.0096     0.0115     0.0051 
           Variation              
I/O                        0.0002     0.0007     0.0009     0.0014     0.0013     0.0009     0.0013     0.0013     0.0009     0.0013     0.0013     0.0010     0.0012     0.0012     0.0009     0.0005     0.0006     0.0006 
Reduction                  0.0000     0.0000     0.0000     0.0000     0.0000     0.0000     0.0000     0.0000     0.0000     0.0000     0.0000     0.0000     0.0000     0.0000     0.0000     0.0000     0.0000     0.0000 
Remote access              0.0014     0.0023     0.0024     0.0080     0.0077     0.0026     0.0077     0.0075     0.0027     0.0075     0.0073     0.0028     0.0073     0.0071     0.0024     0.0062     0.0072     0.0030 
           Overlap                
Reduction                  0.0000     0.0000     0.0000     0.0000     0.0000     0.0000     0.0000     0.0000     0.0000     0.0000     0.0000     0.0000     0.0000     0.0000     0.0000     0.0000     0.0000     0.0000 
Remote access              0.0067     0.0058     0.0052     0.0007     0.0008     0.0053     0.0008     0.0007     0.0051     0.0009     0.0009     0.0050     0.0007     0.0008     0.0050     0.0010     0.0005     0.0045 


-------------------------------------------------------------------------
Name (number) and performance time of processors
omp.keldysh.ru(1) 0.933599
omp.keldysh.ru(2) 0.933524
omp.keldysh.ru(3) 0.955819
omp.keldysh.ru(4) 0.955814
omp.keldysh.ru(5) 0.958947
omp.keldysh.ru(6) 0.958932
omp.keldysh.ru(7) 0.957533
omp.keldysh.ru(8) 0.957530
omp.keldysh.ru(9) 0.933968
omp.keldysh.ru(10) 0.934001
omp.keldysh.ru(11) 0.955076
omp.keldysh.ru(12) 0.954807
omp.keldysh.ru(13) 0.957708
omp.keldysh.ru(14) 0.957698
omp.keldysh.ru(15) 0.954831
omp.keldysh.ru(16) 0.954822
omp.keldysh.ru(17) 0.957659
omp.keldysh.ru(18) 0.957661
min - omp.keldysh.ru(2) 0.933524; max - omp.keldysh.ru(5) 0.958947; mid - 0.951663
