Processor system=2*2*1*4
Statistics has been accumulated on DVM-system version 5.0, platform DVM
Analyzer is executing on DVM-system version 5.0, platform DVM
-------------------------------------------------------------------------
INTERVAL ( NLINE=8 SOURCE=red43.f ) LEVEL=0  EXE_COUNT=1
--- The main characteristics --- 
Parallelization efficiency      0.0573 
Execution time                  0.0101 
Processors                          16
Threads amount                      16
Total time                      0.1616
Productive time                 0.0092 ( CPU= 0.0083 Sys= 0.0009 I/O= 0.0000 )
Lost  time                      0.1523 
   Insufficient parallelism     0.1169 ( User= 0.1023 Sys= 0.0146 )
   Communication                0.0191 ( Real_sync= 0.0000 Starts= 0.0000 )
   Idle time                    0.0163
Load imbalance                  0.0014
Synchronization                 0.0155
Time variation                  0.0107
Overlap                         0.0000
                  Nop   Communic    Synchro  Variation    Overlap 
I/O                16     0.0000     0.0023     0.0048     0.0000 
Reduction          14     0.0091     0.0025     0.0020     0.0000 
Remote access      36     0.0100     0.0107     0.0039     0.0000 
--- The comparative characteristics --- 
                              Tmin N proc      Tmax N proc      Tmid
Lost time                   0.0094     6     0.0096    15     0.0095 
User insufficient par.      0.0052    15     0.0076     6     0.0064 
Sys.insufficient par.       0.0007    15     0.0012     1     0.0009 
Idle time                   0.0000     5     0.0017    10     0.0010 
Communication               0.0009     1     0.0020    15     0.0012 
Synchronization             0.0002     4     0.0018    14     0.0010 
Variation                   0.0004    16     0.0009     6     0.0007 
Overlap                     0.0000     1     0.0000    10     0.0000 
Load imbalance              0.0000     6     0.0002    15     0.0001 
Execution time              0.0084     8     0.0101     5     0.0091 
User CPU time               0.0004    15     0.0006     5     0.0005 
Sys. CPU time               0.0000    15     0.0001     2     0.0001 
I/O time                    0.0000    12     0.0000     1     0.0000 
Processors                      16     1         16    16         16 
                      Communic          Synchro        Variation          Overlap  
I/O             Tmin    0.0000     1     0.0001    16     0.0001     1     0.0000     1 
I/O             Tmax    0.0000    16     0.0002    14     0.0004    14     0.0000    16 
I/O             Tmid    0.0000           0.0001           0.0003           0.0000       
Reduction       Tmin    0.0004     4     0.0001     4     0.0001    12     0.0000     1 
Reduction       Tmax    0.0008    15     0.0003    14     0.0002    14     0.0000    10 
Reduction       Tmid    0.0006           0.0002           0.0001           0.0000       
Remote access   Tmin    0.0003     8     0.0001     4     0.0001    16     0.0000     1 
Remote access   Tmax    0.0012    15     0.0013    14     0.0004     5     0.0000     3 
Remote access   Tmid    0.0006           0.0007           0.0002           0.0000       
--- The execution characteristics --- 
                                1          2          3          4          5          6          7          8          9         10         11         12         13         14         15         16 
Lost time                  0.0095     0.0095     0.0095     0.0095     0.0094     0.0094     0.0095     0.0095     0.0095     0.0095     0.0095     0.0095     0.0095     0.0095     0.0096     0.0096 
User insufficient par.     0.0069     0.0070     0.0059     0.0059     0.0076     0.0076     0.0060     0.0059     0.0065     0.0059     0.0065     0.0067     0.0066     0.0065     0.0052     0.0053 
Sys.insufficient par.      0.0012     0.0010     0.0010     0.0010     0.0009     0.0010     0.0009     0.0009     0.0009     0.0009     0.0009     0.0009     0.0007     0.0007     0.0007     0.0008 
Idle time                  0.0005     0.0005     0.0017     0.0017     0.0000     0.0000     0.0017     0.0017     0.0011     0.0017     0.0011     0.0008     0.0003     0.0003     0.0017     0.0017 
Communication              0.0009     0.0009     0.0009     0.0009     0.0009     0.0009     0.0009     0.0010     0.0009     0.0010     0.0010     0.0010     0.0019     0.0020     0.0020     0.0018 
Synchronization            0.0006     0.0007     0.0003     0.0002     0.0011     0.0011     0.0009     0.0008     0.0010     0.0010     0.0009     0.0008     0.0017     0.0018     0.0015     0.0012 
Variation                  0.0005     0.0008     0.0005     0.0004     0.0009     0.0009     0.0007     0.0007     0.0008     0.0008     0.0006     0.0005     0.0008     0.0007     0.0005     0.0004 
Overlap                    0.0000     0.0000     0.0000     0.0000     0.0000     0.0000     0.0000     0.0000     0.0000     0.0000     0.0000     0.0000     0.0000     0.0000     0.0000     0.0000 
Load imbalance             0.0001     0.0000     0.0001     0.0001     0.0000     0.0000     0.0001     0.0001     0.0001     0.0001     0.0001     0.0001     0.0001     0.0001     0.0002     0.0002 
Execution time             0.0096     0.0096     0.0084     0.0084     0.0101     0.0101     0.0084     0.0084     0.0090     0.0084     0.0090     0.0093     0.0098     0.0098     0.0084     0.0084 
User CPU time              0.0006     0.0006     0.0005     0.0005     0.0006     0.0006     0.0005     0.0005     0.0005     0.0005     0.0005     0.0006     0.0005     0.0005     0.0004     0.0004 
Sys. CPU time              0.0001     0.0001     0.0001     0.0001     0.0001     0.0001     0.0001     0.0001     0.0001     0.0001     0.0001     0.0001     0.0000     0.0000     0.0000     0.0001 
I/O time                   0.0000     0.0000     0.0000     0.0000     0.0000     0.0000     0.0000     0.0000     0.0000     0.0000     0.0000     0.0000     0.0000     0.0000     0.0000     0.0000 
Processors                     16         16         16         16         16         16         16         16         16         16         16         16         16         16         16         16 
           Communication          
Reduction                  0.0004     0.0005     0.0004     0.0004     0.0005     0.0005     0.0006     0.0006     0.0004     0.0004     0.0005     0.0005     0.0008     0.0008     0.0008     0.0008 
Remote access              0.0005     0.0004     0.0005     0.0005     0.0004     0.0004     0.0004     0.0003     0.0005     0.0005     0.0005     0.0005     0.0011     0.0012     0.0012     0.0010 
           Synchronization        
I/O                        0.0002     0.0002     0.0001     0.0001     0.0002     0.0002     0.0001     0.0001     0.0002     0.0002     0.0001     0.0001     0.0002     0.0002     0.0001     0.0001 
Reduction                  0.0001     0.0002     0.0001     0.0001     0.0002     0.0002     0.0001     0.0001     0.0002     0.0002     0.0001     0.0001     0.0003     0.0003     0.0002     0.0001 
Remote access              0.0002     0.0003     0.0001     0.0001     0.0007     0.0007     0.0006     0.0006     0.0007     0.0007     0.0007     0.0006     0.0012     0.0013     0.0012     0.0010 
           Variation              
I/O                        0.0001     0.0004     0.0003     0.0002     0.0004     0.0004     0.0003     0.0002     0.0004     0.0004     0.0003     0.0002     0.0004     0.0004     0.0003     0.0002 
Reduction                  0.0002     0.0002     0.0001     0.0001     0.0002     0.0002     0.0001     0.0001     0.0002     0.0002     0.0001     0.0001     0.0002     0.0002     0.0001     0.0001 
Remote access              0.0002     0.0003     0.0001     0.0001     0.0004     0.0004     0.0004     0.0003     0.0003     0.0003     0.0002     0.0002     0.0002     0.0002     0.0001     0.0001 
           Overlap                
Reduction                  0.0000     0.0000     0.0000     0.0000     0.0000     0.0000     0.0000     0.0000     0.0000     0.0000     0.0000     0.0000     0.0000     0.0000     0.0000     0.0000 
Remote access              0.0000     0.0000     0.0000     0.0000     0.0000     0.0000     0.0000     0.0000     0.0000     0.0000     0.0000     0.0000     0.0000     0.0000     0.0000     0.0000 


-------------------------------------------------------------------------
Name (number) and performance time of processors
omp.keldysh.ru(1) 0.933846
omp.keldysh.ru(2) 0.933800
omp.keldysh.ru(3) 0.947876
omp.keldysh.ru(4) 0.948178
omp.keldysh.ru(5) 0.955105
omp.keldysh.ru(6) 0.955071
omp.keldysh.ru(7) 0.954195
omp.keldysh.ru(8) 0.954188
omp.keldysh.ru(9) 0.954337
omp.keldysh.ru(10) 0.954335
omp.keldysh.ru(11) 0.952866
omp.keldysh.ru(12) 0.952876
omp.keldysh.ru(13) 0.933699
omp.keldysh.ru(14) 0.933687
omp.keldysh.ru(15) 0.933969
omp.keldysh.ru(16) 0.933960
min - omp.keldysh.ru(14) 0.933687; max - omp.keldysh.ru(5) 0.955105; mid - 0.945749
