Processor system=7*2
Statistics has been accumulated on DVM-system version 5.0, platform DVM
Analyzer is executing on DVM-system version 5.0, platform DVM
-------------------------------------------------------------------------
INTERVAL ( NLINE=7 SOURCE=f_sor2d.f ) LEVEL=0  EXE_COUNT=1
--- The main characteristics --- 
Parallelization efficiency      0.1253 
Execution time                  9.1741 
Processors                          14
Threads amount                      14
Total time                    128.4371
Productive time                16.0946 ( CPU= 16.0587 Sys= 0.0357 I/O= 0.0003 )
Lost  time                    112.3425 
   Insufficient parallelism     0.5909 ( User= 0.1241 Sys= 0.4669 )
   Communication              111.7387 ( Real_sync= 0.0033 Starts= 0.0000 )
   Idle time                    0.0129
Load imbalance                  0.1379
Synchronization                55.9181
Time variation                111.7345
Overlap                         0.0021
                  Nop   Communic  Real_sync    Synchro  Variation    Overlap 
I/O                49     0.0000     0.0000     0.0062     0.0384     0.0000 
Reduction          42    55.7271     0.0000     0.0030     0.0029     0.0002 
Shadow            123    55.9683     0.0000    55.9090   111.6932     0.0019 
--- The comparative characteristics --- 
                              Tmin N proc      Tmax N proc      Tmid
Lost time                   8.0146     4     8.0365    14     8.0245 
User insufficient par.      0.0073    12     0.0101     3     0.0089 
Sys.insufficient par.       0.0186    14     0.0425     7     0.0333 
Idle time                   0.0000     6     0.0025    13     0.0009 
Communication               7.9624     4     8.0080    14     7.9813 
Real synchronization        0.0000     6     0.0006    13     0.0002 
Synchronization             0.0369    14     7.9947     1     3.9942 
Variation                   0.0248    14    15.9569     1     7.9810 
Overlap                     0.0000     9     0.0010     2     0.0001 
Load imbalance              0.0000     4     0.0219    14     0.0099 
Execution time              9.1716    13     9.1741     6     9.1732 
User CPU time               1.1361    14     1.1562     4     1.1470 
Sys. CPU time               0.0014     1     0.0033     7     0.0025 
I/O time                    0.0000     9     0.0002     1     0.0000 
Processors                      14     1         14    14         14 
                      Communic        Real_sync          Synchro        Variation          Overlap  
I/O             Tmin    0.0000     1     0.0000     1     0.0001     1     0.0000     1     0.0000     1 
I/O             Tmax    0.0000    14     0.0000    14     0.0008    14     0.0033    12     0.0000    14 
I/O             Tmid    0.0000           0.0000           0.0004           0.0027           0.0000       
Reduction       Tmin    0.0006    14     0.0000     1     0.0000     7     0.0000     7     0.0000     2 
Reduction       Tmax    7.9752     1     0.0000    14     0.0004    14     0.0004    14     0.0001     7 
Reduction       Tmid    3.9805           0.0000           0.0002           0.0002           0.0000       
Shadow          Tmin    0.0197     1     0.0000     1     0.0357    14     0.0212    14     0.0000     5 
Shadow          Tmax    7.9994    14     0.0000    14     7.9945     1    15.9568     1     0.0010     2 
Shadow          Tmid    3.9977           0.0000           3.9935           7.9781           0.0001       
--- The execution characteristics --- 
                                1          2          3          4          5          6          7          8          9         10         11         12         13         14 
Lost time                  8.0248     8.0194     8.0182     8.0146     8.0181     8.0191     8.0174     8.0194     8.0272     8.0249     8.0323     8.0351     8.0354     8.0365 
User insufficient par.     0.0094     0.0096     0.0101     0.0098     0.0097     0.0098     0.0098     0.0097     0.0075     0.0084     0.0076     0.0073     0.0073     0.0082 
Sys.insufficient par.      0.0204     0.0208     0.0408     0.0424     0.0417     0.0415     0.0425     0.0421     0.0343     0.0328     0.0328     0.0306     0.0255     0.0186 
Idle time                  0.0000     0.0000     0.0000     0.0000     0.0000     0.0000     0.0000     0.0000     0.0021     0.0014     0.0025     0.0024     0.0025     0.0018 
Communication              7.9950     7.9891     7.9673     7.9624     7.9666     7.9678     7.9651     7.9676     7.9833     7.9823     7.9894     7.9947     8.0001     8.0080 
Real synchronization       0.0000     0.0000     0.0000     0.0000     0.0000     0.0000     0.0000     0.0000     0.0002     0.0006     0.0006     0.0006     0.0006     0.0006 
Synchronization            7.9947     6.8582     6.8359     5.6919     5.6919     4.5497     4.5462     3.4062     3.4227     2.2769     2.2898     1.1506     1.1665     0.0369 
Variation                 15.9569    13.6909    13.6856    11.4013    11.3974     9.1113     9.1082     6.8253     6.8354     4.5488     4.5661     2.2762     2.3062     0.0248 
Overlap                    0.0009     0.0010     0.0000     0.0000     0.0001     0.0000     0.0001     0.0000     0.0000     0.0000     0.0000     0.0000     0.0000     0.0000 
Load imbalance             0.0104     0.0048     0.0035     0.0000     0.0034     0.0045     0.0028     0.0048     0.0126     0.0103     0.0176     0.0204     0.0208     0.0219 
Execution time             9.1741     9.1741     9.1741     9.1741     9.1741     9.1741     9.1740     9.1740     9.1720     9.1727     9.1716     9.1716     9.1716     9.1723 
User CPU time              1.1477     1.1530     1.1528     1.1562     1.1528     1.1518     1.1534     1.1514     1.1442     1.1466     1.1393     1.1367     1.1367     1.1361 
Sys. CPU time              0.0014     0.0016     0.0031     0.0033     0.0032     0.0032     0.0033     0.0032     0.0026     0.0025     0.0025     0.0023     0.0020     0.0014 
I/O time                   0.0002     0.0000     0.0000     0.0000     0.0000     0.0000     0.0000     0.0000     0.0000     0.0000     0.0000     0.0000     0.0000     0.0000 
Processors                     14         14         14         14         14         14         14         14         14         14         14         14         14         14 
           Communication          
Reduction                  7.9752     6.8363     6.8319     5.6885     5.6884     4.5459     4.5433     3.4033     3.4083     2.2608     2.2726     1.1277     1.1442     0.0006 
Shadow                     0.0197     1.1526     1.1354     2.2738     2.2780     3.4219     3.4217     4.5642     4.5724     5.7135     5.7087     6.8590     6.8479     7.9994 
           Real synchronization   
           Synchronization        
I/O                        0.0001     0.0004     0.0002     0.0004     0.0001     0.0004     0.0001     0.0004     0.0005     0.0006     0.0006     0.0008     0.0008     0.0008 
Reduction                  0.0001     0.0002     0.0001     0.0003     0.0001     0.0002     0.0000     0.0002     0.0002     0.0002     0.0002     0.0004     0.0003     0.0004 
Shadow                     7.9945     6.8576     6.8356     5.6912     5.6917     4.5491     4.5460     3.4056     3.4220     2.2761     2.2890     1.1495     1.1654     0.0357 
           Variation              
I/O                        0.0000     0.0028     0.0027     0.0029     0.0026     0.0029     0.0026     0.0029     0.0030     0.0031     0.0031     0.0033     0.0033     0.0033 
Reduction                  0.0001     0.0002     0.0001     0.0002     0.0001     0.0002     0.0000     0.0002     0.0002     0.0002     0.0002     0.0004     0.0003     0.0004 
Shadow                    15.9568    13.6879    13.6828    11.3982    11.3948     9.1082     9.1055     6.8223     6.8322     4.5454     4.5628     2.2726     2.3026     0.0212 
           Overlap                
Reduction                  0.0000     0.0000     0.0000     0.0000     0.0001     0.0000     0.0001     0.0000     0.0000     0.0000     0.0000     0.0000     0.0000     0.0000 
Shadow                     0.0009     0.0010     0.0000     0.0000     0.0000     0.0000     0.0000     0.0000     0.0000     0.0000     0.0000     0.0000     0.0000     0.0000 


-------------------------------------------------------------------------
Name (number) and performance time of processors
omp.keldysh.ru(1) 0.935362
omp.keldysh.ru(2) 0.935303
omp.keldysh.ru(3) 0.935393
omp.keldysh.ru(4) 0.935413
omp.keldysh.ru(5) 0.959940
omp.keldysh.ru(6) 0.959947
omp.keldysh.ru(7) 0.961626
omp.keldysh.ru(8) 0.961589
omp.keldysh.ru(9) 0.960299
omp.keldysh.ru(10) 0.960057
omp.keldysh.ru(11) 0.961398
omp.keldysh.ru(12) 0.961383
omp.keldysh.ru(13) 0.957506
omp.keldysh.ru(14) 0.957503
min - omp.keldysh.ru(2) 0.935303; max - omp.keldysh.ru(7) 0.961626; mid - 0.953051
