Processor system=4*4*1*1
Statistics has been accumulated on DVM-system version 5.0, platform DVM
Analyzer is executing on DVM-system version 5.0, platform DVM
-------------------------------------------------------------------------
INTERVAL ( NLINE=5 SOURCE=prf41.f ) LEVEL=0  EXE_COUNT=1
--- The main characteristics --- 
Parallelization efficiency      0.0489 
Execution time                  0.0438 
Processors                          16
Threads amount                      16
Total time                      0.7005
Productive time                 0.0343 ( CPU= 0.0081 Sys= 0.0262 I/O= 0.0000 )
Lost  time                      0.6662 
   Insufficient parallelism     0.4826 ( User= 0.0893 Sys= 0.3932 )
   Communication                0.1537 ( Real_sync= 0.0000 Starts= 0.0000 )
   Idle time                    0.0299
Load imbalance                  0.0055
Synchronization                 0.2108
Time variation                  0.1804
Overlap                         0.0890
                  Nop   Communic    Synchro  Variation    Overlap 
I/O                11     0.0000     0.0294     0.0317     0.0000 
Reduction          21     0.0548     0.0006     0.0006     0.0000 
Remote access     180     0.0990     0.1808     0.1480     0.0890 
--- The comparative characteristics --- 
                              Tmin N proc      Tmax N proc      Tmid
Lost time                   0.0413    12     0.0423    15     0.0416 
User insufficient par.      0.0044    15     0.0074    10     0.0056 
Sys.insufficient par.       0.0159    14     0.0287     4     0.0246 
Idle time                   0.0000    10     0.0031     4     0.0019 
Communication               0.0052     4     0.0191    15     0.0096 
Synchronization             0.0018     4     0.0249    14     0.0132 
Variation                   0.0024     4     0.0225    13     0.0113 
Overlap                     0.0033    15     0.0098     4     0.0056 
Load imbalance              0.0000    12     0.0010    15     0.0003 
Execution time              0.0407     4     0.0438    10     0.0419 
User CPU time               0.0004    16     0.0007    10     0.0005 
Sys. CPU time               0.0011    15     0.0019     4     0.0016 
I/O time                    0.0000    14     0.0000     1     0.0000 
Processors                      16     1         16    16         16 
                      Communic          Synchro        Variation          Overlap  
I/O             Tmin    0.0000     1     0.0002     4     0.0003     4     0.0000     1 
I/O             Tmax    0.0000    16     0.0039    14     0.0040    14     0.0000    16 
I/O             Tmid    0.0000           0.0018           0.0020           0.0000       
Reduction       Tmin    0.0013     4     0.0000     2     0.0000     7     0.0000     1 
Reduction       Tmax    0.0074    13     0.0000    13     0.0000    13     0.0000    12 
Reduction       Tmid    0.0034           0.0000           0.0000           0.0000       
Remote access   Tmin    0.0035     8     0.0016     4     0.0020     4     0.0033    15 
Remote access   Tmax    0.0118    15     0.0210    14     0.0184    13     0.0098     4 
Remote access   Tmid    0.0062           0.0113           0.0093           0.0056       
--- The execution characteristics --- 
                                1          2          3          4          5          6          7          8          9         10         11         12         13         14         15         16 
Lost time                  0.0415     0.0414     0.0414     0.0415     0.0414     0.0414     0.0415     0.0414     0.0415     0.0413     0.0415     0.0413     0.0422     0.0422     0.0423     0.0423 
User insufficient par.     0.0045     0.0063     0.0063     0.0045     0.0060     0.0060     0.0045     0.0056     0.0052     0.0074     0.0045     0.0070     0.0065     0.0065     0.0044     0.0044 
Sys.insufficient par.      0.0276     0.0276     0.0273     0.0287     0.0270     0.0269     0.0267     0.0281     0.0268     0.0268     0.0267     0.0282     0.0161     0.0159     0.0159     0.0169 
Idle time                  0.0031     0.0012     0.0012     0.0031     0.0016     0.0016     0.0031     0.0019     0.0023     0.0000     0.0031     0.0004     0.0008     0.0008     0.0030     0.0030 
Communication              0.0063     0.0064     0.0067     0.0052     0.0070     0.0070     0.0072     0.0058     0.0071     0.0071     0.0073     0.0057     0.0189     0.0191     0.0191     0.0179 
Synchronization            0.0086     0.0099     0.0100     0.0018     0.0115     0.0114     0.0120     0.0079     0.0115     0.0113     0.0119     0.0078     0.0247     0.0249     0.0244     0.0211 
Variation                  0.0071     0.0084     0.0084     0.0024     0.0088     0.0087     0.0092     0.0073     0.0086     0.0085     0.0088     0.0070     0.0225     0.0225     0.0218     0.0204 
Overlap                    0.0070     0.0061     0.0062     0.0098     0.0054     0.0054     0.0053     0.0066     0.0054     0.0053     0.0052     0.0066     0.0034     0.0033     0.0033     0.0046 
Load imbalance             0.0002     0.0001     0.0001     0.0002     0.0001     0.0001     0.0002     0.0001     0.0002     0.0000     0.0002     0.0000     0.0009     0.0009     0.0010     0.0010 
Execution time             0.0407     0.0426     0.0426     0.0407     0.0422     0.0422     0.0407     0.0418     0.0414     0.0438     0.0407     0.0434     0.0430     0.0430     0.0408     0.0408 
User CPU time              0.0004     0.0006     0.0005     0.0004     0.0005     0.0006     0.0005     0.0005     0.0005     0.0007     0.0005     0.0006     0.0005     0.0005     0.0004     0.0004 
Sys. CPU time              0.0018     0.0018     0.0018     0.0019     0.0018     0.0018     0.0018     0.0019     0.0018     0.0018     0.0018     0.0019     0.0011     0.0011     0.0011     0.0011 
I/O time                   0.0000     0.0000     0.0000     0.0000     0.0000     0.0000     0.0000     0.0000     0.0000     0.0000     0.0000     0.0000     0.0000     0.0000     0.0000     0.0000 
Processors                     16         16         16         16         16         16         16         16         16         16         16         16         16         16         16         16 
           Communication          
Reduction                  0.0017     0.0024     0.0025     0.0013     0.0023     0.0024     0.0025     0.0022     0.0024     0.0024     0.0024     0.0021     0.0074     0.0073     0.0072     0.0063 
Remote access              0.0047     0.0040     0.0042     0.0039     0.0047     0.0046     0.0048     0.0035     0.0048     0.0046     0.0048     0.0036     0.0115     0.0118     0.0118     0.0117 
           Synchronization        
I/O                        0.0012     0.0013     0.0013     0.0002     0.0014     0.0014     0.0015     0.0011     0.0013     0.0013     0.0014     0.0011     0.0039     0.0039     0.0036     0.0036 
Reduction                  0.0000     0.0000     0.0000     0.0000     0.0000     0.0000     0.0000     0.0000     0.0000     0.0000     0.0000     0.0000     0.0000     0.0000     0.0000     0.0000 
Remote access              0.0074     0.0086     0.0087     0.0016     0.0101     0.0100     0.0105     0.0068     0.0101     0.0099     0.0105     0.0067     0.0207     0.0210     0.0207     0.0175 
           Variation              
I/O                        0.0011     0.0014     0.0015     0.0003     0.0016     0.0015     0.0017     0.0013     0.0015     0.0015     0.0016     0.0012     0.0040     0.0040     0.0038     0.0037 
Reduction                  0.0000     0.0000     0.0000     0.0000     0.0000     0.0000     0.0000     0.0000     0.0000     0.0000     0.0000     0.0000     0.0000     0.0000     0.0000     0.0000 
Remote access              0.0059     0.0069     0.0069     0.0020     0.0072     0.0071     0.0075     0.0060     0.0071     0.0070     0.0072     0.0057     0.0184     0.0184     0.0179     0.0166 
           Overlap                
Reduction                  0.0000     0.0000     0.0000     0.0000     0.0000     0.0000     0.0000     0.0000     0.0000     0.0000     0.0000     0.0000     0.0000     0.0000     0.0000     0.0000 
Remote access              0.0070     0.0061     0.0062     0.0098     0.0054     0.0054     0.0053     0.0066     0.0054     0.0053     0.0052     0.0066     0.0034     0.0033     0.0033     0.0046 


-------------------------------------------------------------------------
Name (number) and performance time of processors
omp.keldysh.ru(1) 0.935326
omp.keldysh.ru(2) 0.935256
omp.keldysh.ru(3) 0.960350
omp.keldysh.ru(4) 0.960362
omp.keldysh.ru(5) 0.961086
omp.keldysh.ru(6) 0.961071
omp.keldysh.ru(7) 0.961036
omp.keldysh.ru(8) 0.961025
omp.keldysh.ru(9) 0.959232
omp.keldysh.ru(10) 0.959245
omp.keldysh.ru(11) 0.935530
omp.keldysh.ru(12) 0.935187
omp.keldysh.ru(13) 0.958604
omp.keldysh.ru(14) 0.958600
omp.keldysh.ru(15) 0.959312
omp.keldysh.ru(16) 0.959325
min - omp.keldysh.ru(12) 0.935187; max - omp.keldysh.ru(5) 0.961086; mid - 0.953784
