Processor system=1*3*6
Statistics has been accumulated on DVM-system version 5.0, platform DVM
Analyzer is executing on DVM-system version 5.0, platform DVM
-------------------------------------------------------------------------
INTERVAL ( NLINE=5 SOURCE=align32.f ) LEVEL=0  EXE_COUNT=2
--- The main characteristics --- 
Parallelization efficiency      0.0511 
Execution time                  0.0093 
Processors                          18
Threads amount                      18
Total time                      0.1682
Productive time                 0.0086 ( CPU= 0.0084 Sys= 0.0002 I/O= 0.0000 )
Lost  time                      0.1596 
   Insufficient parallelism     0.1222 ( User= 0.1180 Sys= 0.0042 )
   Communication                0.0054 ( Real_sync= 0.0000 Starts= 0.0000 )
   Idle time                    0.0320
Load imbalance                  0.0023
Synchronization                 0.0012
Time variation                  0.0032
Overlap                         0.0000
                  Nop   Communic    Synchro  Variation    Overlap 
I/O                 6     0.0000     0.0012     0.0032     0.0000 
Reduction           5     0.0054     0.0000     0.0000     0.0000 
--- The comparative characteristics --- 
                              Tmin N proc      Tmax N proc      Tmid
Lost time                   0.0087     8     0.0090    18     0.0089 
User insufficient par.      0.0057    17     0.0083     8     0.0066 
Sys.insufficient par.       0.0002    17     0.0004     1     0.0002 
Idle time                   0.0000     8     0.0026     1     0.0018 
Communication               0.0002     1     0.0005    18     0.0003 
Synchronization             0.0000     3     0.0001    17     0.0001 
Variation                   0.0000     1     0.0002    17     0.0002 
Overlap                     0.0000     1     0.0000    14     0.0000 
Load imbalance              0.0000     8     0.0002    18     0.0001 
Execution time              0.0067     1     0.0093     8     0.0076 
User CPU time               0.0004    18     0.0006     8     0.0005 
Sys. CPU time               0.0000    18     0.0000    10     0.0000 
I/O time                    0.0000     7     0.0000     1     0.0000 
Processors                      18     1         18    18         18 
                      Communic          Synchro        Variation          Overlap  
I/O             Tmin    0.0000     1     0.0000     3     0.0000     1     0.0000     1 
I/O             Tmax    0.0000    18     0.0001    17     0.0002    17     0.0000    18 
I/O             Tmid    0.0000           0.0001           0.0002           0.0000       
Reduction       Tmin    0.0002     1     0.0000     2     0.0000    14     0.0000     1 
Reduction       Tmax    0.0005    18     0.0000    18     0.0000    18     0.0000    14 
Reduction       Tmid    0.0003           0.0000           0.0000           0.0000       
--- The execution characteristics --- 
                                1          2          3          4          5          6          7          8          9         10         11         12         13         14         15         16         17         18 
Lost time                  0.0089     0.0088     0.0088     0.0089     0.0088     0.0090     0.0089     0.0087     0.0088     0.0089     0.0088     0.0088     0.0089     0.0088     0.0088     0.0089     0.0089     0.0090 
User insufficient par.     0.0058     0.0065     0.0064     0.0058     0.0068     0.0058     0.0068     0.0083     0.0072     0.0058     0.0072     0.0079     0.0058     0.0075     0.0075     0.0057     0.0057     0.0057 
Sys.insufficient par.      0.0004     0.0002     0.0002     0.0002     0.0002     0.0002     0.0002     0.0002     0.0002     0.0002     0.0002     0.0002     0.0002     0.0002     0.0002     0.0002     0.0002     0.0002 
Idle time                  0.0026     0.0019     0.0020     0.0026     0.0015     0.0026     0.0016     0.0000     0.0012     0.0026     0.0011     0.0003     0.0026     0.0007     0.0007     0.0026     0.0026     0.0026 
Communication              0.0002     0.0002     0.0002     0.0002     0.0003     0.0004     0.0002     0.0003     0.0003     0.0003     0.0003     0.0003     0.0003     0.0003     0.0003     0.0003     0.0004     0.0005 
Synchronization            0.0001     0.0001     0.0000     0.0000     0.0001     0.0001     0.0001     0.0000     0.0000     0.0000     0.0001     0.0001     0.0000     0.0001     0.0001     0.0001     0.0001     0.0001 
Variation                  0.0000     0.0002     0.0001     0.0002     0.0002     0.0002     0.0002     0.0001     0.0002     0.0002     0.0002     0.0002     0.0002     0.0002     0.0002     0.0002     0.0002     0.0002 
Overlap                    0.0000     0.0000     0.0000     0.0000     0.0000     0.0000     0.0000     0.0000     0.0000     0.0000     0.0000     0.0000     0.0000     0.0000     0.0000     0.0000     0.0000     0.0000 
Load imbalance             0.0002     0.0001     0.0001     0.0001     0.0001     0.0002     0.0001     0.0000     0.0001     0.0001     0.0001     0.0001     0.0002     0.0001     0.0001     0.0002     0.0002     0.0002 
Execution time             0.0067     0.0074     0.0074     0.0067     0.0078     0.0067     0.0078     0.0093     0.0082     0.0067     0.0082     0.0090     0.0067     0.0086     0.0086     0.0067     0.0067     0.0068 
User CPU time              0.0004     0.0005     0.0005     0.0005     0.0005     0.0004     0.0005     0.0006     0.0005     0.0004     0.0005     0.0005     0.0004     0.0005     0.0005     0.0004     0.0004     0.0004 
Sys. CPU time              0.0000     0.0000     0.0000     0.0000     0.0000     0.0000     0.0000     0.0000     0.0000     0.0000     0.0000     0.0000     0.0000     0.0000     0.0000     0.0000     0.0000     0.0000 
I/O time                   0.0000     0.0000     0.0000     0.0000     0.0000     0.0000     0.0000     0.0000     0.0000     0.0000     0.0000     0.0000     0.0000     0.0000     0.0000     0.0000     0.0000     0.0000 
Processors                     18         18         18         18         18         18         18         18         18         18         18         18         18         18         18         18         18         18 
           Communication          
Reduction                  0.0002     0.0002     0.0002     0.0002     0.0003     0.0004     0.0002     0.0003     0.0003     0.0003     0.0003     0.0003     0.0003     0.0003     0.0003     0.0003     0.0004     0.0005 
           Synchronization        
I/O                        0.0001     0.0001     0.0000     0.0000     0.0001     0.0001     0.0001     0.0000     0.0000     0.0000     0.0001     0.0001     0.0000     0.0001     0.0001     0.0001     0.0001     0.0001 
Reduction                  0.0000     0.0000     0.0000     0.0000     0.0000     0.0000     0.0000     0.0000     0.0000     0.0000     0.0000     0.0000     0.0000     0.0000     0.0000     0.0000     0.0000     0.0000 
           Variation              
I/O                        0.0000     0.0002     0.0001     0.0002     0.0002     0.0002     0.0002     0.0001     0.0002     0.0002     0.0002     0.0002     0.0002     0.0002     0.0002     0.0002     0.0002     0.0002 
Reduction                  0.0000     0.0000     0.0000     0.0000     0.0000     0.0000     0.0000     0.0000     0.0000     0.0000     0.0000     0.0000     0.0000     0.0000     0.0000     0.0000     0.0000     0.0000 
           Overlap                
Reduction                  0.0000     0.0000     0.0000     0.0000     0.0000     0.0000     0.0000     0.0000     0.0000     0.0000     0.0000     0.0000     0.0000     0.0000     0.0000     0.0000     0.0000     0.0000 


-------------------------------------------------------------------------
Name (number) and performance time of processors
omp.keldysh.ru(1) 0.935441
omp.keldysh.ru(2) 0.935387
omp.keldysh.ru(3) 0.959551
omp.keldysh.ru(4) 0.959881
omp.keldysh.ru(5) 0.959056
omp.keldysh.ru(6) 0.959029
omp.keldysh.ru(7) 0.954745
omp.keldysh.ru(8) 0.954717
omp.keldysh.ru(9) 0.955256
omp.keldysh.ru(10) 0.955272
omp.keldysh.ru(11) 0.935547
omp.keldysh.ru(12) 0.935555
omp.keldysh.ru(13) 0.955190
omp.keldysh.ru(14) 0.955170
omp.keldysh.ru(15) 0.954780
omp.keldysh.ru(16) 0.954777
omp.keldysh.ru(17) 0.955778
omp.keldysh.ru(18) 0.955837
min - omp.keldysh.ru(2) 0.935387; max - omp.keldysh.ru(4) 0.959881; mid - 0.951721
