Processor system=1*4*4*1
Statistics has been accumulated on DVM-system version 5.0, platform DVM
Analyzer is executing on DVM-system version 5.0, platform DVM
-------------------------------------------------------------------------
INTERVAL ( NLINE=7 SOURCE=sc41.f ) LEVEL=0  EXE_COUNT=1
--- The main characteristics --- 
Parallelization efficiency      0.1633 
Execution time                  1.8733 
Processors                          16
Threads amount                      16
Total time                     29.9726
Productive time                 4.8941 ( CPU= 4.8870 Sys= 0.0070 I/O= 0.0000 )
Lost  time                     25.0785 
   Insufficient parallelism    20.9060 ( User= 20.8001 Sys= 0.1059 )
   Communication                4.1281 ( Real_sync= 0.0000 Starts= 0.0000 )
   Idle time                    0.0444
Load imbalance                  2.2670
Synchronization                 0.0255
Time variation                  0.0286
Overlap                         0.0000
                  Nop   Communic    Synchro  Variation    Overlap 
I/O                11     0.0000     0.0254     0.0285     0.0000 
Reduction           9     4.1281     0.0001     0.0001     0.0000 
--- The comparative characteristics --- 
                              Tmin N proc      Tmax N proc      Tmid
Lost time                   1.4257     6     1.7540    16     1.5674 
User insufficient par.      0.9486    13     1.4192     9     1.3000 
Sys.insufficient par.       0.0032    13     0.0088    11     0.0066 
Idle time                   0.0000    10     0.0084    13     0.0028 
Communication               0.0002     6     0.7930    13     0.2580 
Synchronization             0.0000    11     0.0057    13     0.0016 
Variation                   0.0002    11     0.0059    13     0.0018 
Overlap                     0.0000     1     0.0000    12     0.0000 
Load imbalance              0.0000     6     0.3283    16     0.1417 
Execution time              1.8648    13     1.8733    10     1.8705 
User CPU time               0.1190    16     0.4470     6     0.3054 
Sys. CPU time               0.0002    13     0.0006    11     0.0004 
I/O time                    0.0000    14     0.0000     1     0.0000 
Processors                      16     1         16    16         16 
                      Communic          Synchro        Variation          Overlap  
I/O             Tmin    0.0000     1     0.0000    11     0.0002    11     0.0000     1 
I/O             Tmax    0.0000    16     0.0057    13     0.0059    13     0.0000    16 
I/O             Tmid    0.0000           0.0016           0.0018           0.0000       
Reduction       Tmin    0.0002     6     0.0000    12     0.0000    12     0.0000     1 
Reduction       Tmax    0.7930    13     0.0000    13     0.0000     2     0.0000    12 
Reduction       Tmid    0.2580           0.0000           0.0000           0.0000       
--- The execution characteristics --- 
                                1          2          3          4          5          6          7          8          9         10         11         12         13         14         15         16 
Lost time                  1.6175     1.5848     1.5892     1.6210     1.5123     1.4257     1.4269     1.5152     1.5120     1.4390     1.4419     1.5141     1.7533     1.6844     1.6870     1.7540 
User insufficient par.     1.4128     1.4124     1.4144     1.4141     1.4179     1.4136     1.4156     1.4137     1.4192     1.4153     1.4130     1.4145     0.9486     0.9568     0.9590     0.9591 
Sys.insufficient par.      0.0050     0.0072     0.0071     0.0051     0.0065     0.0088     0.0088     0.0066     0.0065     0.0087     0.0088     0.0066     0.0032     0.0067     0.0065     0.0036 
Idle time                  0.0042     0.0012     0.0035     0.0058     0.0008     0.0031     0.0008     0.0023     0.0000     0.0000     0.0016     0.0020     0.0084     0.0027     0.0004     0.0077 
Communication              0.1955     0.1640     0.1642     0.1960     0.0872     0.0002     0.0018     0.0926     0.0863     0.0149     0.0185     0.0910     0.7930     0.7182     0.7211     0.7837 
Synchronization            0.0030     0.0007     0.0006     0.0028     0.0011     0.0000     0.0001     0.0009     0.0010     0.0001     0.0000     0.0008     0.0057     0.0016     0.0018     0.0053 
Variation                  0.0030     0.0009     0.0008     0.0030     0.0013     0.0002     0.0003     0.0011     0.0012     0.0003     0.0002     0.0010     0.0059     0.0018     0.0020     0.0055 
Overlap                    0.0000     0.0000     0.0000     0.0000     0.0000     0.0000     0.0000     0.0000     0.0000     0.0000     0.0000     0.0000     0.0000     0.0000     0.0000     0.0000 
Load imbalance             0.1918     0.1590     0.1635     0.1952     0.0866     0.0000     0.0012     0.0895     0.0863     0.0133     0.0162     0.0884     0.3276     0.2587     0.2613     0.3283 
Execution time             1.8691     1.8721     1.8698     1.8675     1.8725     1.8702     1.8725     1.8710     1.8733     1.8733     1.8717     1.8713     1.8648     1.8706     1.8729     1.8656 
User CPU time              0.2554     0.2880     0.2836     0.2520     0.3605     0.4470     0.4458     0.3576     0.3608     0.4337     0.4308     0.3587     0.1198     0.1884     0.1859     0.1190 
Sys. CPU time              0.0003     0.0005     0.0005     0.0003     0.0004     0.0006     0.0006     0.0004     0.0004     0.0006     0.0006     0.0004     0.0002     0.0004     0.0004     0.0002 
I/O time                   0.0000     0.0000     0.0000     0.0000     0.0000     0.0000     0.0000     0.0000     0.0000     0.0000     0.0000     0.0000     0.0000     0.0000     0.0000     0.0000 
Processors                     16         16         16         16         16         16         16         16         16         16         16         16         16         16         16         16 
           Communication          
Reduction                  0.1955     0.1640     0.1642     0.1960     0.0872     0.0002     0.0018     0.0926     0.0863     0.0149     0.0185     0.0910     0.7930     0.7182     0.7211     0.7837 
           Synchronization        
I/O                        0.0030     0.0006     0.0006     0.0028     0.0011     0.0000     0.0001     0.0009     0.0010     0.0001     0.0000     0.0008     0.0057     0.0016     0.0018     0.0053 
Reduction                  0.0000     0.0000     0.0000     0.0000     0.0000     0.0000     0.0000     0.0000     0.0000     0.0000     0.0000     0.0000     0.0000     0.0000     0.0000     0.0000 
           Variation              
I/O                        0.0030     0.0009     0.0008     0.0030     0.0013     0.0002     0.0003     0.0011     0.0012     0.0003     0.0002     0.0010     0.0059     0.0018     0.0020     0.0055 
Reduction                  0.0000     0.0000     0.0000     0.0000     0.0000     0.0000     0.0000     0.0000     0.0000     0.0000     0.0000     0.0000     0.0000     0.0000     0.0000     0.0000 
           Overlap                
Reduction                  0.0000     0.0000     0.0000     0.0000     0.0000     0.0000     0.0000     0.0000     0.0000     0.0000     0.0000     0.0000     0.0000     0.0000     0.0000     0.0000 


-------------------------------------------------------------------------
Name (number) and performance time of processors
omp.keldysh.ru(1) 0.935449
omp.keldysh.ru(2) 0.935076
omp.keldysh.ru(3) 0.954662
omp.keldysh.ru(4) 0.954671
omp.keldysh.ru(5) 0.955284
omp.keldysh.ru(6) 0.955267
omp.keldysh.ru(7) 0.935314
omp.keldysh.ru(8) 0.935320
omp.keldysh.ru(9) 0.953873
omp.keldysh.ru(10) 0.953862
omp.keldysh.ru(11) 0.956956
omp.keldysh.ru(12) 0.956957
omp.keldysh.ru(13) 0.956134
omp.keldysh.ru(14) 0.956133
omp.keldysh.ru(15) 0.953111
omp.keldysh.ru(16) 0.953077
min - omp.keldysh.ru(2) 0.935076; max - omp.keldysh.ru(12) 0.956957; mid - 0.950072
