Processor system=3*1*3*2
Statistics has been accumulated on DVM-system version 5.0, platform DVM
Analyzer is executing on DVM-system version 5.0, platform DVM
-------------------------------------------------------------------------
INTERVAL ( NLINE=7 SOURCE=acr43.f ) LEVEL=0  EXE_COUNT=2
--- The main characteristics --- 
Parallelization efficiency      0.0554 
Execution time                  2.2527 
Processors                          18
Threads amount                      18
Total time                     40.5494
Productive time                 2.2465 ( CPU= 2.1942 Sys= 0.0522 I/O= 0.0000 )
Lost  time                     38.3029 
   Insufficient parallelism    36.1589 ( User= 35.2703 Sys= 0.8886 )
   Communication                2.0882 ( Real_sync= 0.0000 Starts= 0.0000 )
   Idle time                    0.0558
Load imbalance                  0.1076
Synchronization                 2.1935
Time variation                  1.2025
Overlap                         0.0052
                  Nop   Communic    Synchro  Variation    Overlap 
I/O                12     0.0000     0.0261     0.0302     0.0000 
Reduction          10     0.0284     0.0003     0.0003     0.0000 
Shadow             28     2.0392     2.1671     1.1719     0.0052 
--- The comparative characteristics --- 
                              Tmin N proc      Tmax N proc      Tmid
Lost time                   2.1220     9     2.1628    17     2.1279 
User insufficient par.      1.4072    18     2.0350    15     1.9595 
Sys.insufficient par.       0.0208    17     0.0747     2     0.0494 
Idle time                   0.0000     8     0.0084    18     0.0031 
Communication               0.0178     2     0.7243    17     0.1160 
Synchronization             0.0106    15     0.6914    18     0.1219 
Variation                   0.0220    15     0.1382     2     0.0668 
Overlap                     0.0000    17     0.0005    10     0.0003 
Load imbalance              0.0000     9     0.0409    17     0.0060 
Execution time              2.2443    17     2.2527     8     2.2496 
User CPU time               0.0887    17     0.1275     9     0.1219 
Sys. CPU time               0.0012    17     0.0044     2     0.0029 
I/O time                    0.0000    18     0.0000     1     0.0000 
Processors                      18     1         18    18         18 
                      Communic          Synchro        Variation          Overlap  
I/O             Tmin    0.0000     1     0.0000    10     0.0003    10     0.0000     1 
I/O             Tmax    0.0000    18     0.0045    17     0.0047    17     0.0000    18 
I/O             Tmid    0.0000           0.0015           0.0017           0.0000       
Reduction       Tmin    0.0005    10     0.0000    18     0.0000    14     0.0000     1 
Reduction       Tmax    0.0028    17     0.0000     9     0.0000     9     0.0000    18 
Reduction       Tmid    0.0016           0.0000           0.0000           0.0000       
Shadow          Tmin    0.0156     2     0.0101    15     0.0213    15     0.0000    17 
Shadow          Tmax    0.7214    17     0.6870    18     0.1358     2     0.0005    10 
Shadow          Tmid    0.1133           0.1204           0.0651           0.0003       
--- The execution characteristics --- 
                                1          2          3          4          5          6          7          8          9         10         11         12         13         14         15         16         17         18 
Lost time                  2.1234     2.1233     2.1235     2.1232     2.1247     2.1244     2.1223     2.1222     2.1220     2.1230     2.1241     2.1238     2.1253     2.1252     2.1237     2.1235     2.1628     2.1625 
User insufficient par.     2.0291     2.0236     2.0275     2.0264     2.0284     2.0297     2.0323     2.0271     2.0305     2.0265     2.0297     2.0302     2.0237     2.0200     2.0350     2.0340     1.4094     1.4072 
Sys.insufficient par.      0.0679     0.0747     0.0613     0.0650     0.0437     0.0473     0.0644     0.0702     0.0560     0.0407     0.0355     0.0384     0.0496     0.0530     0.0362     0.0395     0.0208     0.0243 
Idle time                  0.0019     0.0073     0.0019     0.0018     0.0019     0.0019     0.0012     0.0000     0.0008     0.0019     0.0008     0.0004     0.0061     0.0077     0.0018     0.0018     0.0084     0.0084 
Communication              0.0245     0.0178     0.0329     0.0301     0.0507     0.0455     0.0243     0.0249     0.0347     0.0539     0.0581     0.0548     0.0458     0.0445     0.0507     0.0481     0.7243     0.7226 
Synchronization            0.0884     0.1001     0.0555     0.0762     0.0608     0.0577     0.0522     0.0699     0.0213     0.0329     0.0234     0.0244     0.0593     0.0667     0.0106     0.0136     0.6893     0.6914 
Variation                  0.1197     0.1382     0.0833     0.1005     0.0731     0.0735     0.0907     0.1030     0.0460     0.0519     0.0279     0.0337     0.0704     0.0804     0.0220     0.0284     0.0269     0.0327 
Overlap                    0.0004     0.0004     0.0003     0.0003     0.0002     0.0002     0.0003     0.0004     0.0005     0.0005     0.0002     0.0002     0.0003     0.0003     0.0003     0.0003     0.0000     0.0000 
Load imbalance             0.0015     0.0014     0.0016     0.0013     0.0027     0.0024     0.0003     0.0002     0.0000     0.0010     0.0021     0.0018     0.0034     0.0033     0.0017     0.0016     0.0409     0.0405 
Execution time             2.2508     2.2455     2.2509     2.2509     2.2509     2.2509     2.2516     2.2527     2.2520     2.2509     2.2520     2.2524     2.2466     2.2451     2.2509     2.2509     2.2443     2.2443 
User CPU time              0.1253     0.1250     0.1256     0.1257     0.1255     0.1256     0.1267     0.1264     0.1275     0.1274     0.1266     0.1267     0.1245     0.1244     0.1269     0.1269     0.0887     0.0888 
Sys. CPU time              0.0040     0.0044     0.0036     0.0038     0.0026     0.0028     0.0038     0.0041     0.0033     0.0024     0.0021     0.0023     0.0029     0.0031     0.0021     0.0023     0.0012     0.0014 
I/O time                   0.0000     0.0000     0.0000     0.0000     0.0000     0.0000     0.0000     0.0000     0.0000     0.0000     0.0000     0.0000     0.0000     0.0000     0.0000     0.0000     0.0000     0.0000 
Processors                     18         18         18         18         18         18         18         18         18         18         18         18         18         18         18         18         18         18 
           Communication          
Reduction                  0.0022     0.0021     0.0011     0.0011     0.0019     0.0019     0.0014     0.0014     0.0005     0.0005     0.0013     0.0013     0.0020     0.0021     0.0010     0.0011     0.0028     0.0026 
Shadow                     0.0223     0.0156     0.0317     0.0289     0.0487     0.0434     0.0229     0.0234     0.0341     0.0343     0.0567     0.0534     0.0437     0.0424     0.0496     0.0469     0.7214     0.7199 
           Synchronization        
I/O                        0.0017     0.0021     0.0005     0.0006     0.0019     0.0017     0.0009     0.0007     0.0002     0.0000     0.0007     0.0008     0.0021     0.0024     0.0004     0.0004     0.0045     0.0044 
Reduction                  0.0000     0.0000     0.0000     0.0000     0.0000     0.0000     0.0000     0.0000     0.0000     0.0000     0.0000     0.0000     0.0000     0.0000     0.0000     0.0000     0.0000     0.0000 
Shadow                     0.0867     0.0980     0.0549     0.0755     0.0589     0.0560     0.0513     0.0692     0.0211     0.0329     0.0226     0.0237     0.0571     0.0642     0.0101     0.0132     0.6848     0.6870 
           Variation              
I/O                        0.0017     0.0024     0.0008     0.0008     0.0021     0.0019     0.0011     0.0009     0.0005     0.0003     0.0009     0.0010     0.0024     0.0027     0.0007     0.0007     0.0047     0.0046 
Reduction                  0.0000     0.0000     0.0000     0.0000     0.0000     0.0000     0.0000     0.0000     0.0000     0.0000     0.0000     0.0000     0.0000     0.0000     0.0000     0.0000     0.0000     0.0000 
Shadow                     0.1180     0.1358     0.0825     0.0997     0.0710     0.0715     0.0896     0.1021     0.0455     0.0516     0.0269     0.0327     0.0680     0.0778     0.0213     0.0277     0.0221     0.0281 
           Overlap                
Reduction                  0.0000     0.0000     0.0000     0.0000     0.0000     0.0000     0.0000     0.0000     0.0000     0.0000     0.0000     0.0000     0.0000     0.0000     0.0000     0.0000     0.0000     0.0000 
Shadow                     0.0004     0.0004     0.0003     0.0003     0.0002     0.0002     0.0003     0.0004     0.0005     0.0005     0.0002     0.0002     0.0003     0.0003     0.0003     0.0003     0.0000     0.0000 


-------------------------------------------------------------------------
Name (number) and performance time of processors
omp.keldysh.ru(1) 0.935459
omp.keldysh.ru(2) 0.935384
omp.keldysh.ru(3) 0.959075
omp.keldysh.ru(4) 0.958903
omp.keldysh.ru(5) 0.959830
omp.keldysh.ru(6) 0.959842
omp.keldysh.ru(7) 0.957252
omp.keldysh.ru(8) 0.957250
omp.keldysh.ru(9) 0.957109
omp.keldysh.ru(10) 0.957100
omp.keldysh.ru(11) 0.953361
omp.keldysh.ru(12) 0.953373
omp.keldysh.ru(13) 0.954286
omp.keldysh.ru(14) 0.954266
omp.keldysh.ru(15) 0.953775
omp.keldysh.ru(16) 0.953746
omp.keldysh.ru(17) 0.958114
omp.keldysh.ru(18) 0.958114
min - omp.keldysh.ru(2) 0.935384; max - omp.keldysh.ru(6) 0.959842; mid - 0.954235
