Processor system=3*2*1*3
Statistics has been accumulated on DVM-system version 5.0, platform DVM
Analyzer is executing on DVM-system version 5.0, platform DVM
-------------------------------------------------------------------------
INTERVAL ( NLINE=7 SOURCE=reda43.f ) LEVEL=0  EXE_COUNT=2
--- The main characteristics --- 
Parallelization efficiency      0.0398 
Execution time                  0.0101 
Processors                          18
Threads amount                      18
Total time                      0.1820
Productive time                 0.0072 ( CPU= 0.0068 Sys= 0.0005 I/O= 0.0000 )
Lost  time                      0.1748 
   Insufficient parallelism     0.1170 ( User= 0.1086 Sys= 0.0084 )
   Communication                0.0157 ( Real_sync= 0.0000 Starts= 0.0000 )
   Idle time                    0.0421
Load imbalance                  0.0024
Synchronization                 0.0086
Time variation                  0.0066
Overlap                         0.0001
                  Nop   Communic    Synchro  Variation    Overlap 
I/O                 6     0.0000     0.0010     0.0036     0.0000 
Reduction           5     0.0094     0.0006     0.0006     0.0001 
Remote access      22     0.0063     0.0069     0.0023     0.0000 
--- The comparative characteristics --- 
                              Tmin N proc      Tmax N proc      Tmid
Lost time                   0.0096     9     0.0098    12     0.0097 
User insufficient par.      0.0039    12     0.0083     9     0.0060 
Sys.insufficient par.       0.0004    17     0.0006     1     0.0005 
Idle time                   0.0000     9     0.0046    11     0.0023 
Communication               0.0007     1     0.0012    17     0.0009 
Synchronization             0.0001     1     0.0007    17     0.0005 
Variation                   0.0001     1     0.0005     5     0.0004 
Overlap                     0.0000    18     0.0000     1     0.0000 
Load imbalance              0.0000     9     0.0003    12     0.0001 
Execution time              0.0055    11     0.0101     9     0.0078 
User CPU time               0.0002    12     0.0005     9     0.0004 
Sys. CPU time               0.0000    17     0.0000     2     0.0000 
I/O time                    0.0000     9     0.0000     1     0.0000 
Processors                      18     1         18    18         18 
                      Communic          Synchro        Variation          Overlap  
I/O             Tmin    0.0000     1     0.0000    16     0.0000     1     0.0000     1 
I/O             Tmax    0.0000    18     0.0001     2     0.0002     2     0.0000    18 
I/O             Tmid    0.0000           0.0001           0.0002           0.0000       
Reduction       Tmin    0.0005     1     0.0000    16     0.0000    16     0.0000    18 
Reduction       Tmax    0.0006     4     0.0001     6     0.0000     3     0.0000     4 
Reduction       Tmid    0.0005           0.0000           0.0000           0.0000       
Remote access   Tmin    0.0002     5     0.0000     1     0.0000     1     0.0000     2 
Remote access   Tmax    0.0006    17     0.0006    17     0.0002     4     0.0000     1 
Remote access   Tmid    0.0003           0.0004           0.0001           0.0000       
--- The execution characteristics --- 
                                1          2          3          4          5          6          7          8          9         10         11         12         13         14         15         16         17         18 
Lost time                  0.0097     0.0096     0.0096     0.0097     0.0096     0.0096     0.0098     0.0098     0.0096     0.0097     0.0098     0.0098     0.0098     0.0096     0.0096     0.0098     0.0098     0.0097 
User insufficient par.     0.0056     0.0079     0.0079     0.0064     0.0072     0.0072     0.0049     0.0039     0.0083     0.0060     0.0039     0.0039     0.0053     0.0075     0.0076     0.0039     0.0044     0.0066 
Sys.insufficient par.      0.0006     0.0005     0.0005     0.0005     0.0005     0.0005     0.0004     0.0004     0.0005     0.0005     0.0005     0.0005     0.0005     0.0004     0.0005     0.0005     0.0004     0.0004 
Idle time                  0.0027     0.0004     0.0004     0.0019     0.0012     0.0012     0.0035     0.0046     0.0000     0.0023     0.0046     0.0046     0.0031     0.0008     0.0008     0.0046     0.0039     0.0015 
Communication              0.0007     0.0008     0.0008     0.0008     0.0008     0.0008     0.0009     0.0009     0.0009     0.0009     0.0009     0.0009     0.0009     0.0009     0.0008     0.0008     0.0012     0.0011 
Synchronization            0.0001     0.0003     0.0003     0.0005     0.0005     0.0005     0.0005     0.0006     0.0005     0.0005     0.0005     0.0005     0.0005     0.0005     0.0004     0.0004     0.0007     0.0007 
Variation                  0.0001     0.0004     0.0004     0.0005     0.0005     0.0005     0.0004     0.0004     0.0004     0.0004     0.0004     0.0004     0.0003     0.0004     0.0003     0.0003     0.0003     0.0003 
Overlap                    0.0000     0.0000     0.0000     0.0000     0.0000     0.0000     0.0000     0.0000     0.0000     0.0000     0.0000     0.0000     0.0000     0.0000     0.0000     0.0000     0.0000     0.0000 
Load imbalance             0.0002     0.0000     0.0000     0.0001     0.0001     0.0001     0.0002     0.0003     0.0000     0.0001     0.0003     0.0003     0.0002     0.0000     0.0000     0.0003     0.0002     0.0001 
Execution time             0.0074     0.0097     0.0097     0.0082     0.0089     0.0089     0.0066     0.0055     0.0101     0.0078     0.0055     0.0055     0.0070     0.0093     0.0093     0.0055     0.0062     0.0086 
User CPU time              0.0004     0.0005     0.0005     0.0004     0.0004     0.0004     0.0003     0.0003     0.0005     0.0004     0.0002     0.0002     0.0003     0.0005     0.0005     0.0003     0.0003     0.0004 
Sys. CPU time              0.0000     0.0000     0.0000     0.0000     0.0000     0.0000     0.0000     0.0000     0.0000     0.0000     0.0000     0.0000     0.0000     0.0000     0.0000     0.0000     0.0000     0.0000 
I/O time                   0.0000     0.0000     0.0000     0.0000     0.0000     0.0000     0.0000     0.0000     0.0000     0.0000     0.0000     0.0000     0.0000     0.0000     0.0000     0.0000     0.0000     0.0000 
Processors                     18         18         18         18         18         18         18         18         18         18         18         18         18         18         18         18         18         18 
           Communication          
Reduction                  0.0005     0.0005     0.0005     0.0006     0.0006     0.0006     0.0006     0.0005     0.0005     0.0006     0.0005     0.0005     0.0005     0.0005     0.0005     0.0005     0.0005     0.0005 
Remote access              0.0002     0.0004     0.0003     0.0003     0.0002     0.0003     0.0003     0.0003     0.0003     0.0003     0.0003     0.0004     0.0004     0.0004     0.0003     0.0003     0.0006     0.0006 
           Synchronization        
I/O                        0.0001     0.0001     0.0001     0.0001     0.0001     0.0001     0.0000     0.0001     0.0000     0.0000     0.0000     0.0001     0.0000     0.0001     0.0001     0.0000     0.0001     0.0001 
Reduction                  0.0000     0.0000     0.0001     0.0001     0.0001     0.0001     0.0000     0.0000     0.0000     0.0000     0.0000     0.0000     0.0000     0.0000     0.0000     0.0000     0.0000     0.0000 
Remote access              0.0000     0.0002     0.0002     0.0004     0.0004     0.0004     0.0005     0.0004     0.0004     0.0004     0.0004     0.0004     0.0004     0.0004     0.0003     0.0003     0.0006     0.0006 
           Variation              
I/O                        0.0000     0.0002     0.0002     0.0002     0.0002     0.0002     0.0002     0.0002     0.0002     0.0002     0.0002     0.0002     0.0002     0.0002     0.0002     0.0002     0.0002     0.0002 
Reduction                  0.0000     0.0000     0.0000     0.0000     0.0000     0.0000     0.0000     0.0000     0.0000     0.0000     0.0000     0.0000     0.0000     0.0000     0.0000     0.0000     0.0000     0.0000 
Remote access              0.0000     0.0001     0.0001     0.0002     0.0002     0.0002     0.0002     0.0002     0.0002     0.0002     0.0001     0.0001     0.0001     0.0001     0.0001     0.0001     0.0001     0.0001 
           Overlap                
Reduction                  0.0000     0.0000     0.0000     0.0000     0.0000     0.0000     0.0000     0.0000     0.0000     0.0000     0.0000     0.0000     0.0000     0.0000     0.0000     0.0000     0.0000     0.0000 
Remote access              0.0000     0.0000     0.0000     0.0000     0.0000     0.0000     0.0000     0.0000     0.0000     0.0000     0.0000     0.0000     0.0000     0.0000     0.0000     0.0000     0.0000     0.0000 


-------------------------------------------------------------------------
Name (number) and performance time of processors
omp.keldysh.ru(1) 0.935397
omp.keldysh.ru(2) 0.935348
omp.keldysh.ru(3) 0.957977
omp.keldysh.ru(4) 0.958304
omp.keldysh.ru(5) 0.960030
omp.keldysh.ru(6) 0.960043
omp.keldysh.ru(7) 0.961329
omp.keldysh.ru(8) 0.961342
omp.keldysh.ru(9) 0.960085
omp.keldysh.ru(10) 0.960097
omp.keldysh.ru(11) 0.960911
omp.keldysh.ru(12) 0.960871
omp.keldysh.ru(13) 0.959063
omp.keldysh.ru(14) 0.959046
omp.keldysh.ru(15) 0.957531
omp.keldysh.ru(16) 0.957515
omp.keldysh.ru(17) 0.935395
omp.keldysh.ru(18) 0.935369
min - omp.keldysh.ru(2) 0.935348; max - omp.keldysh.ru(8) 0.961342; mid - 0.954203
