Processor system=2*2*2*2
Statistics has been accumulated on DVM-system version 5.0, platform DVM
Analyzer is executing on DVM-system version 5.0, platform DVM
-------------------------------------------------------------------------
INTERVAL ( NLINE=7 SOURCE=reda43.f ) LEVEL=0  EXE_COUNT=1
--- The main characteristics --- 
Parallelization efficiency      0.0488 
Execution time                  0.0093 
Processors                          16
Threads amount                      16
Total time                      0.1494
Productive time                 0.0073 ( CPU= 0.0068 Sys= 0.0005 I/O= 0.0000 )
Lost  time                      0.1421 
   Insufficient parallelism     0.1038 ( User= 0.0967 Sys= 0.0071 )
   Communication                0.0131 ( Real_sync= 0.0000 Starts= 0.0000 )
   Idle time                    0.0252
Load imbalance                  0.0017
Synchronization                 0.0068
Time variation                  0.0046
Overlap                         0.0001
                  Nop   Communic    Synchro  Variation    Overlap 
I/O                 6     0.0000     0.0006     0.0028     0.0000 
Reduction           4     0.0078     0.0006     0.0003     0.0001 
Remote access      21     0.0053     0.0057     0.0015     0.0000 
--- The comparative characteristics --- 
                              Tmin N proc      Tmax N proc      Tmid
Lost time                   0.0088    12     0.0090    13     0.0089 
User insufficient par.      0.0052    13     0.0075    12     0.0060 
Sys.insufficient par.       0.0003    14     0.0006     1     0.0004 
Idle time                   0.0000    12     0.0023     7     0.0016 
Communication               0.0006     1     0.0011    13     0.0008 
Synchronization             0.0001     1     0.0007    14     0.0004 
Variation                   0.0000     1     0.0004     3     0.0003 
Overlap                     0.0000    13     0.0000    12     0.0000 
Load imbalance              0.0000    12     0.0002    13     0.0001 
Execution time              0.0070     7     0.0093    12     0.0078 
User CPU time               0.0004    13     0.0005    12     0.0004 
Sys. CPU time               0.0000    14     0.0000     2     0.0000 
I/O time                    0.0000     2     0.0000     1     0.0000 
Processors                      16     1         16    16         16 
                      Communic          Synchro        Variation          Overlap  
I/O             Tmin    0.0000     1     0.0000     7     0.0000     1     0.0000     1 
I/O             Tmax    0.0000    16     0.0001    14     0.0002    14     0.0000    16 
I/O             Tmid    0.0000           0.0000           0.0002           0.0000       
Reduction       Tmin    0.0004     1     0.0000     7     0.0000    11     0.0000    13 
Reduction       Tmax    0.0005    13     0.0001    15     0.0000     2     0.0000    12 
Reduction       Tmid    0.0005           0.0000           0.0000           0.0000       
Remote access   Tmin    0.0002     1     0.0000     1     0.0000     1     0.0000     2 
Remote access   Tmax    0.0006    14     0.0006    14     0.0002     3     0.0000     1 
Remote access   Tmid    0.0003           0.0004           0.0001           0.0000       
--- The execution characteristics --- 
                                1          2          3          4          5          6          7          8          9         10         11         12         13         14         15         16 
Lost time                  0.0089     0.0089     0.0089     0.0089     0.0089     0.0089     0.0089     0.0088     0.0089     0.0089     0.0089     0.0088     0.0090     0.0088     0.0088     0.0089 
User insufficient par.     0.0054     0.0064     0.0065     0.0054     0.0055     0.0055     0.0054     0.0069     0.0055     0.0061     0.0061     0.0075     0.0052     0.0070     0.0070     0.0052 
Sys.insufficient par.      0.0006     0.0005     0.0005     0.0005     0.0004     0.0004     0.0004     0.0004     0.0005     0.0005     0.0005     0.0004     0.0004     0.0003     0.0004     0.0004 
Idle time                  0.0023     0.0012     0.0012     0.0023     0.0023     0.0023     0.0023     0.0008     0.0023     0.0016     0.0016     0.0000     0.0023     0.0004     0.0004     0.0023 
Communication              0.0006     0.0007     0.0007     0.0007     0.0007     0.0007     0.0007     0.0007     0.0007     0.0007     0.0008     0.0008     0.0011     0.0011     0.0011     0.0010 
Synchronization            0.0001     0.0002     0.0004     0.0004     0.0004     0.0004     0.0003     0.0004     0.0003     0.0004     0.0004     0.0004     0.0007     0.0007     0.0007     0.0006 
Variation                  0.0000     0.0003     0.0004     0.0004     0.0003     0.0003     0.0003     0.0003     0.0003     0.0003     0.0003     0.0003     0.0003     0.0003     0.0003     0.0003 
Overlap                    0.0000     0.0000     0.0000     0.0000     0.0000     0.0000     0.0000     0.0000     0.0000     0.0000     0.0000     0.0000     0.0000     0.0000     0.0000     0.0000 
Load imbalance             0.0001     0.0001     0.0001     0.0001     0.0001     0.0001     0.0001     0.0000     0.0001     0.0001     0.0001     0.0000     0.0002     0.0001     0.0001     0.0002 
Execution time             0.0071     0.0082     0.0082     0.0071     0.0071     0.0071     0.0070     0.0086     0.0071     0.0078     0.0078     0.0093     0.0071     0.0090     0.0090     0.0071 
User CPU time              0.0004     0.0005     0.0005     0.0004     0.0004     0.0004     0.0004     0.0005     0.0004     0.0004     0.0004     0.0005     0.0004     0.0005     0.0005     0.0004 
Sys. CPU time              0.0000     0.0000     0.0000     0.0000     0.0000     0.0000     0.0000     0.0000     0.0000     0.0000     0.0000     0.0000     0.0000     0.0000     0.0000     0.0000 
I/O time                   0.0000     0.0000     0.0000     0.0000     0.0000     0.0000     0.0000     0.0000     0.0000     0.0000     0.0000     0.0000     0.0000     0.0000     0.0000     0.0000 
Processors                     16         16         16         16         16         16         16         16         16         16         16         16         16         16         16         16 
           Communication          
Reduction                  0.0004     0.0005     0.0005     0.0005     0.0005     0.0005     0.0005     0.0005     0.0005     0.0005     0.0005     0.0005     0.0005     0.0005     0.0005     0.0005 
Remote access              0.0002     0.0003     0.0002     0.0003     0.0002     0.0002     0.0002     0.0002     0.0002     0.0002     0.0003     0.0003     0.0006     0.0006     0.0006     0.0005 
           Synchronization        
I/O                        0.0000     0.0000     0.0000     0.0000     0.0000     0.0000     0.0000     0.0000     0.0000     0.0000     0.0000     0.0000     0.0000     0.0001     0.0000     0.0000 
Reduction                  0.0000     0.0001     0.0000     0.0000     0.0000     0.0000     0.0000     0.0000     0.0000     0.0000     0.0000     0.0000     0.0000     0.0000     0.0001     0.0000 
Remote access              0.0000     0.0002     0.0003     0.0003     0.0003     0.0003     0.0003     0.0003     0.0003     0.0003     0.0003     0.0003     0.0006     0.0006     0.0006     0.0005 
           Variation              
I/O                        0.0000     0.0002     0.0002     0.0002     0.0002     0.0002     0.0002     0.0002     0.0002     0.0002     0.0002     0.0002     0.0002     0.0002     0.0002     0.0002 
Reduction                  0.0000     0.0000     0.0000     0.0000     0.0000     0.0000     0.0000     0.0000     0.0000     0.0000     0.0000     0.0000     0.0000     0.0000     0.0000     0.0000 
Remote access              0.0000     0.0001     0.0002     0.0001     0.0001     0.0001     0.0001     0.0001     0.0001     0.0001     0.0001     0.0001     0.0001     0.0001     0.0001     0.0000 
           Overlap                
Reduction                  0.0000     0.0000     0.0000     0.0000     0.0000     0.0000     0.0000     0.0000     0.0000     0.0000     0.0000     0.0000     0.0000     0.0000     0.0000     0.0000 
Remote access              0.0000     0.0000     0.0000     0.0000     0.0000     0.0000     0.0000     0.0000     0.0000     0.0000     0.0000     0.0000     0.0000     0.0000     0.0000     0.0000 


-------------------------------------------------------------------------
Name (number) and performance time of processors
omp.keldysh.ru(1) 0.935461
omp.keldysh.ru(2) 0.935375
omp.keldysh.ru(3) 0.956271
omp.keldysh.ru(4) 0.956287
omp.keldysh.ru(5) 0.956750
omp.keldysh.ru(6) 0.956719
omp.keldysh.ru(7) 0.954590
omp.keldysh.ru(8) 0.954589
omp.keldysh.ru(9) 0.954688
omp.keldysh.ru(10) 0.954671
omp.keldysh.ru(11) 0.954470
omp.keldysh.ru(12) 0.954795
omp.keldysh.ru(13) 0.956177
omp.keldysh.ru(14) 0.956177
omp.keldysh.ru(15) 0.957379
omp.keldysh.ru(16) 0.957369
min - omp.keldysh.ru(2) 0.935375; max - omp.keldysh.ru(15) 0.957379; mid - 0.953235
