Processor system=4*2*2
Statistics has been accumulated on DVM-system version 5.0, platform DVM
Analyzer is executing on DVM-system version 5.0, platform DVM
-------------------------------------------------------------------------
INTERVAL ( NLINE=8 SOURCE=adi3d.f ) LEVEL=0  EXE_COUNT=1
--- The main characteristics --- 
Parallelization efficiency      0.3418 
Execution time                 15.0572 
Processors                          16
Threads amount                      16
Total time                    240.9147
Productive time                82.3426 ( CPU= 81.2087 Sys= 1.1332 I/O= 0.0007 )
Lost  time                    158.5721 
   Insufficient parallelism    17.6878 ( User= 0.6785 Sys= 17.0093 )
   Communication              140.8608 ( Real_sync= 0.0025 Starts= 0.0000 )
   Idle time                    0.0235
Load imbalance                 23.2297
Synchronization               486.0037
Time variation                563.9305
Overlap                         0.0242
                  Nop   Communic  Real_sync    Synchro  Variation    Overlap 
I/O               107     0.0000     0.0000     0.0195     0.1381     0.0000 
Reduction         100    57.6906     0.0000     0.0149     0.0145     0.0006 
Shadow            900    83.1320     0.0000   485.9693   563.7779     0.0236 
--- The comparative characteristics --- 
                              Tmin N proc      Tmax N proc      Tmid
Lost time                   8.4589     9    11.1932     1     9.9108 
User insufficient par.      0.0296    13     0.0544    11     0.0424 
Sys.insufficient par.       0.4952     3     1.7219     9     1.0631 
Idle time                   0.0000     4     0.0028    13     0.0015 
Communication               6.6890     9    10.6451     1     8.8038 
Real synchronization        0.0000     9     0.0006    14     0.0002 
Synchronization             0.7031    16    66.5759     1    30.3752 
Variation                   0.5351    16    76.3277     1    35.2457 
Overlap                     0.0000     2     0.0058    10     0.0015 
Load imbalance              0.0000     9     2.7348     1     1.4519 
Execution time             15.0544    13    15.0572     4    15.0557 
User CPU time               3.8300     1     6.4834     9     5.0755 
Sys. CPU time               0.0330     3     0.1148     9     0.0708 
I/O time                    0.0000    12     0.0005     1     0.0000 
Processors                      16     1         16    16         16 
                      Communic        Real_sync          Synchro        Variation          Overlap  
I/O             Tmin    0.0000     1     0.0000     1     0.0005     7     0.0000     1     0.0000     1 
I/O             Tmax    0.0000    16     0.0000    16     0.0019    13     0.0099    14     0.0000    16 
I/O             Tmid    0.0000           0.0000           0.0012           0.0086           0.0000       
Reduction       Tmin    0.0022    16     0.0000     1     0.0004     7     0.0004     7     0.0000     2 
Reduction       Tmax   10.1798     1     0.0000    16     0.0013    14     0.0012    13     0.0002     7 
Reduction       Tmid    3.6057           0.0000           0.0009           0.0009           0.0000       
Shadow          Tmin    0.4648     1     0.0000     1     0.7005    16     0.5248    16     0.0000     1 
Shadow          Tmax   10.2144    16     0.0000    16    66.5744     1    76.3269     1     0.0058    10 
Shadow          Tmid    5.1958           0.0000          30.3731          35.2361           0.0015       
--- The execution characteristics --- 
                                1          2          3          4          5          6          7          8          9         10         11         12         13         14         15         16 
Lost time                 11.1932    10.3187    10.4304    11.0499     9.4704     8.7892     9.2879     9.7169     8.4589     8.8594     9.2598     9.8648     9.9402    10.4861    10.5599    10.8862 
User insufficient par.     0.0363     0.0459     0.0391     0.0424     0.0460     0.0488     0.0514     0.0505     0.0459     0.0510     0.0544     0.0440     0.0296     0.0322     0.0309     0.0300 
Sys.insufficient par.      0.5095     0.4980     0.4952     0.5035     1.3974     1.3821     1.3988     1.3949     1.7219     1.7198     1.6819     1.7070     0.6592     0.6629     0.6492     0.6280 
Idle time                  0.0022     0.0011     0.0012     0.0000     0.0008     0.0022     0.0007     0.0022     0.0022     0.0004     0.0004     0.0022     0.0028     0.0021     0.0002     0.0028 
Communication             10.6451     9.7736     9.8950    10.5040     8.0263     7.3561     7.8369     8.2693     6.6890     7.0882     7.5231     8.1116     9.2486     9.7890     9.8796    10.2253 
Real synchronization       0.0000     0.0000     0.0000     0.0000     0.0000     0.0000     0.0000     0.0000     0.0000     0.0000     0.0000     0.0000     0.0006     0.0006     0.0006     0.0006 
Synchronization           66.5759    64.4459    60.4168    58.8921    44.9255    42.6258    37.6493    35.7191    19.5503    18.0535    12.4790    11.4438     6.0294     5.0550     1.4392     0.7031 
Variation                 76.3277    72.9662    68.7103    65.0229    53.5282    49.6095    44.0824    39.8921    25.3946    22.0571    15.9979    13.5575     8.2087     5.8161     2.2241     0.5351 
Overlap                    0.0000     0.0000     0.0001     0.0000     0.0025     0.0002     0.0008     0.0016     0.0024     0.0058     0.0001     0.0032     0.0006     0.0033     0.0027     0.0008 
Load imbalance             2.7348     1.8598     1.9715     2.5910     1.0115     0.3303     0.8290     1.2580     0.0000     0.4005     0.8008     1.4059     1.4813     2.0272     2.1010     2.4273 
Execution time            15.0549    15.0560    15.0560    15.0572    15.0564    15.0549    15.0564    15.0550    15.0550    15.0568    15.0568    15.0550    15.0544    15.0551    15.0570    15.0544 
User CPU time              3.8300     4.7053     4.5937     3.9737     5.4936     6.1758     5.6760     5.2473     6.4834     6.0831     5.6853     5.0786     5.0730     4.5268     4.4540     4.1291 
Sys. CPU time              0.0334     0.0332     0.0330     0.0336     0.0931     0.0921     0.0932     0.0930     0.1148     0.1146     0.1121     0.1138     0.0439     0.0442     0.0433     0.0419 
I/O time                   0.0005     0.0000     0.0000     0.0000     0.0000     0.0000     0.0000     0.0000     0.0000     0.0000     0.0000     0.0000     0.0000     0.0000     0.0000     0.0000 
Processors                     16         16         16         16         16         16         16         16         16         16         16         16         16         16         16         16 
           Communication          
Reduction                 10.1798     8.0614     7.9760     6.4304     6.5335     4.2480     4.1946     2.3688     2.6171     1.1761     1.1353     0.3115     1.3687     0.4929     0.5943     0.0022 
Shadow                     0.4648     1.7118     1.9186     4.0732     1.4928     3.1079     3.6422     5.9003     4.0718     5.9120     6.3877     7.7999     7.8710     9.2872     9.2765    10.2144 
           Real synchronization   
           Synchronization        
I/O                        0.0006     0.0014     0.0007     0.0014     0.0007     0.0013     0.0005     0.0013     0.0007     0.0013     0.0007     0.0017     0.0019     0.0019     0.0017     0.0017 
Reduction                  0.0009     0.0012     0.0006     0.0011     0.0006     0.0010     0.0004     0.0010     0.0006     0.0010     0.0006     0.0012     0.0013     0.0013     0.0012     0.0009 
Shadow                    66.5744    64.4433    60.4154    58.8895    44.9242    42.6235    37.6484    35.7168    19.5490    18.0511    12.4777    11.4409     6.0262     5.0518     1.4364     0.7005 
           Variation              
I/O                        0.0000     0.0094     0.0087     0.0094     0.0086     0.0092     0.0084     0.0092     0.0086     0.0093     0.0086     0.0097     0.0099     0.0099     0.0097     0.0095 
Reduction                  0.0008     0.0011     0.0006     0.0011     0.0006     0.0010     0.0004     0.0010     0.0006     0.0010     0.0006     0.0012     0.0012     0.0012     0.0011     0.0008 
Shadow                    76.3269    72.9556    68.7010    65.0124    53.5191    49.5993    44.0736    39.8819    25.3853    22.0468    15.9886    13.5467     8.1976     5.8051     2.2133     0.5248 
           Overlap                
Reduction                  0.0000     0.0000     0.0001     0.0000     0.0001     0.0000     0.0002     0.0000     0.0001     0.0000     0.0001     0.0000     0.0000     0.0000     0.0000     0.0000 
Shadow                     0.0000     0.0000     0.0000     0.0000     0.0024     0.0002     0.0006     0.0016     0.0023     0.0058     0.0000     0.0032     0.0006     0.0033     0.0027     0.0008 


-------------------------------------------------------------------------
Name (number) and performance time of processors
omp.keldysh.ru(1) 0.933901
omp.keldysh.ru(2) 0.933820
omp.keldysh.ru(3) 0.958681
omp.keldysh.ru(4) 0.958666
omp.keldysh.ru(5) 0.957000
omp.keldysh.ru(6) 0.956997
omp.keldysh.ru(7) 0.956381
omp.keldysh.ru(8) 0.956357
omp.keldysh.ru(9) 0.956608
omp.keldysh.ru(10) 0.956567
omp.keldysh.ru(11) 0.957215
omp.keldysh.ru(12) 0.957229
omp.keldysh.ru(13) 0.956960
omp.keldysh.ru(14) 0.956679
omp.keldysh.ru(15) 0.957017
omp.keldysh.ru(16) 0.956984
min - omp.keldysh.ru(2) 0.933820; max - omp.keldysh.ru(3) 0.958681; mid - 0.954191
