Processor system=2*3*1*3
Statistics has been accumulated on DVM-system version 5.0, platform DVM
Analyzer is executing on DVM-system version 5.0, platform DVM
-------------------------------------------------------------------------
INTERVAL ( NLINE=7 SOURCE=acr42.f ) LEVEL=0  EXE_COUNT=2
--- The main characteristics --- 
Parallelization efficiency      0.0530 
Execution time                  0.8827 
Processors                          18
Threads amount                      18
Total time                     15.8881
Productive time                 0.8423 ( CPU= 0.8355 Sys= 0.0068 I/O= 0.0000 )
Lost  time                     15.0458 
   Insufficient parallelism    14.3187 ( User= 14.2030 Sys= 0.1157 )
   Communication                0.0050 ( Real_sync= 0.0000 Starts= 0.0000 )
   Idle time                    0.7222
Load imbalance                  0.0401
Synchronization                 4.3144
Time variation                  4.3164
Overlap                         0.0041
                  Nop   Communic    Synchro  Variation    Overlap 
I/O                12     0.0000     1.4046     1.4067     0.0000 
Reduction          10     0.0050     0.7042     0.7042     0.0000 
Shadow             28     0.0000     2.2056     2.2056     0.0041 
--- The comparative characteristics --- 
                              Tmin N proc      Tmax N proc      Tmid
Lost time                   0.8337    12     0.8519    17     0.8359 
User insufficient par.      0.5210    17     0.8255    12     0.7891 
Sys.insufficient par.       0.0023    18     0.0082    10     0.0064 
Idle time                   0.0000    12     0.3277    17     0.0401 
Communication               0.0002     6     0.0004    17     0.0003 
Synchronization             0.0024    16     1.9722    17     0.2397 
Variation                   0.0025    16     1.9723    17     0.2398 
Overlap                     0.0000    17     0.0004     4     0.0002 
Load imbalance              0.0000    12     0.0182    17     0.0022 
Execution time              0.5549    17     0.8827    12     0.8426 
User CPU time               0.0306    17     0.0486    12     0.0464 
Sys. CPU time               0.0001    18     0.0005    10     0.0004 
I/O time                    0.0000     4     0.0000     1     0.0000 
Processors                      18     1         18    18         18 
                      Communic          Synchro        Variation          Overlap  
I/O             Tmin    0.0000     1     0.0004    16     0.0006    16     0.0000     1 
I/O             Tmax    0.0000    18     0.6563    17     0.6564    17     0.0000    18 
I/O             Tmid    0.0000           0.0780           0.0781           0.0000       
Reduction       Tmin    0.0002     6     0.0003    16     0.0003    16     0.0000     1 
Reduction       Tmax    0.0004    17     0.3296    17     0.3296    17     0.0000    12 
Reduction       Tmid    0.0003           0.0391           0.0391           0.0000       
Shadow          Tmin    0.0000     1     0.0016     4     0.0016     4     0.0000    17 
Shadow          Tmax    0.0000    18     0.9863    17     0.9863    17     0.0004     4 
Shadow          Tmid    0.0000           0.1225           0.1225           0.0002       
--- The execution characteristics --- 
                                1          2          3          4          5          6          7          8          9         10         11         12         13         14         15         16         17         18 
Lost time                  0.8340     0.8345     0.8337     0.8337     0.8339     0.8337     0.8337     0.8345     0.8337     0.8337     0.8337     0.8337     0.8339     0.8342     0.8337     0.8337     0.8519     0.8519 
User insufficient par.     0.8209     0.8141     0.8245     0.8246     0.8213     0.8253     0.8254     0.8154     0.8252     0.8241     0.8250     0.8255     0.8220     0.8182     0.8245     0.8246     0.5210     0.5214 
Sys.insufficient par.      0.0062     0.0041     0.0079     0.0078     0.0073     0.0071     0.0070     0.0036     0.0078     0.0082     0.0080     0.0079     0.0066     0.0053     0.0080     0.0079     0.0028     0.0023 
Idle time                  0.0066     0.0160     0.0011     0.0010     0.0050     0.0011     0.0011     0.0153     0.0004     0.0011     0.0004     0.0000     0.0050     0.0104     0.0010     0.0010     0.3277     0.3277 
Communication              0.0003     0.0003     0.0003     0.0003     0.0002     0.0002     0.0002     0.0003     0.0003     0.0003     0.0003     0.0003     0.0003     0.0003     0.0002     0.0002     0.0004     0.0004 
Synchronization            0.0301     0.0639     0.0030     0.0028     0.0323     0.0195     0.0183     0.0613     0.0146     0.0128     0.0151     0.0167     0.0328     0.0470     0.0055     0.0024     1.9722     1.9641 
Variation                  0.0298     0.0640     0.0032     0.0029     0.0324     0.0196     0.0185     0.0615     0.0148     0.0130     0.0153     0.0168     0.0329     0.0471     0.0056     0.0025     1.9723     1.9643 
Overlap                    0.0004     0.0003     0.0003     0.0004     0.0002     0.0002     0.0002     0.0002     0.0002     0.0002     0.0002     0.0002     0.0001     0.0002     0.0004     0.0004     0.0000     0.0000 
Load imbalance             0.0004     0.0009     0.0001     0.0001     0.0003     0.0001     0.0001     0.0008     0.0000     0.0001     0.0000     0.0000     0.0003     0.0006     0.0001     0.0001     0.0182     0.0182 
Execution time             0.8760     0.8666     0.8816     0.8816     0.8776     0.8816     0.8816     0.8674     0.8823     0.8816     0.8823     0.8827     0.8776     0.8723     0.8816     0.8816     0.5549     0.5550 
User CPU time              0.0483     0.0479     0.0485     0.0485     0.0483     0.0485     0.0486     0.0480     0.0485     0.0485     0.0485     0.0486     0.0484     0.0481     0.0485     0.0485     0.0306     0.0307 
Sys. CPU time              0.0003     0.0002     0.0005     0.0005     0.0004     0.0004     0.0004     0.0002     0.0005     0.0005     0.0005     0.0005     0.0004     0.0003     0.0005     0.0005     0.0002     0.0001 
I/O time                   0.0000     0.0000     0.0000     0.0000     0.0000     0.0000     0.0000     0.0000     0.0000     0.0000     0.0000     0.0000     0.0000     0.0000     0.0000     0.0000     0.0000     0.0000 
Processors                     18         18         18         18         18         18         18         18         18         18         18         18         18         18         18         18         18         18 
           Communication          
Reduction                  0.0003     0.0003     0.0003     0.0003     0.0002     0.0002     0.0002     0.0003     0.0003     0.0003     0.0003     0.0003     0.0003     0.0003     0.0002     0.0002     0.0004     0.0004 
           Synchronization        
I/O                        0.0078     0.0217     0.0007     0.0006     0.0062     0.0039     0.0040     0.0192     0.0021     0.0016     0.0023     0.0024     0.0075     0.0122     0.0006     0.0004     0.6563     0.6550 
Reduction                  0.0035     0.0078     0.0006     0.0006     0.0037     0.0023     0.0024     0.0074     0.0015     0.0014     0.0018     0.0019     0.0042     0.0060     0.0005     0.0003     0.3296     0.3284 
Shadow                     0.0187     0.0343     0.0017     0.0016     0.0223     0.0133     0.0120     0.0347     0.0110     0.0099     0.0110     0.0123     0.0210     0.0287     0.0044     0.0016     0.9863     0.9807 
           Variation              
I/O                        0.0076     0.0219     0.0008     0.0007     0.0063     0.0040     0.0041     0.0194     0.0023     0.0017     0.0024     0.0025     0.0077     0.0124     0.0007     0.0006     0.6564     0.6552 
Reduction                  0.0035     0.0078     0.0006     0.0006     0.0037     0.0023     0.0024     0.0074     0.0015     0.0014     0.0018     0.0019     0.0042     0.0060     0.0005     0.0003     0.3296     0.3284 
Shadow                     0.0187     0.0343     0.0017     0.0016     0.0223     0.0132     0.0119     0.0347     0.0110     0.0099     0.0110     0.0123     0.0210     0.0287     0.0044     0.0016     0.9863     0.9807 
           Overlap                
Reduction                  0.0000     0.0000     0.0000     0.0000     0.0000     0.0000     0.0000     0.0000     0.0000     0.0000     0.0000     0.0000     0.0000     0.0000     0.0000     0.0000     0.0000     0.0000 
Shadow                     0.0004     0.0003     0.0003     0.0004     0.0002     0.0002     0.0002     0.0002     0.0002     0.0002     0.0002     0.0002     0.0001     0.0002     0.0004     0.0004     0.0000     0.0000 


-------------------------------------------------------------------------
Name (number) and performance time of processors
omp.keldysh.ru(1) 0.933904
omp.keldysh.ru(2) 0.933859
omp.keldysh.ru(3) 0.956799
omp.keldysh.ru(4) 0.956828
omp.keldysh.ru(5) 0.958544
omp.keldysh.ru(6) 0.958531
omp.keldysh.ru(7) 0.957659
omp.keldysh.ru(8) 0.957647
omp.keldysh.ru(9) 0.958731
omp.keldysh.ru(10) 0.958724
omp.keldysh.ru(11) 0.959811
omp.keldysh.ru(12) 0.959784
omp.keldysh.ru(13) 0.956095
omp.keldysh.ru(14) 0.956161
omp.keldysh.ru(15) 0.956745
omp.keldysh.ru(16) 0.956476
omp.keldysh.ru(17) 0.933666
omp.keldysh.ru(18) 0.933653
min - omp.keldysh.ru(18) 0.933653; max - omp.keldysh.ru(11) 0.959811; mid - 0.952423
