Processor system=3*1*1*6
Statistics has been accumulated on DVM-system version 5.0, platform DVM
Analyzer is executing on DVM-system version 5.0, platform DVM
-------------------------------------------------------------------------
INTERVAL ( NLINE=7 SOURCE=reda43.f ) LEVEL=0  EXE_COUNT=2
--- The main characteristics --- 
Parallelization efficiency      0.0401 
Execution time                  0.0084 
Processors                          18
Threads amount                      18
Total time                      0.1511
Productive time                 0.0061 ( CPU= 0.0056 Sys= 0.0005 I/O= 0.0000 )
Lost  time                      0.1451 
   Insufficient parallelism     0.0978 ( User= 0.0893 Sys= 0.0086 )
   Communication                0.0144 ( Real_sync= 0.0000 Starts= 0.0000 )
   Idle time                    0.0329
Load imbalance                  0.0019
Synchronization                 0.0100
Time variation                  0.0067
Overlap                         0.0001
                  Nop   Communic    Synchro  Variation    Overlap 
I/O                 6     0.0000     0.0010     0.0031     0.0000 
Reduction           5     0.0058     0.0010     0.0007     0.0001 
Remote access      22     0.0086     0.0079     0.0029     0.0000 
--- The comparative characteristics --- 
                              Tmin N proc      Tmax N proc      Tmid
Lost time                   0.0080     4     0.0082     5     0.0081 
User insufficient par.      0.0033     5     0.0067     4     0.0050 
Sys.insufficient par.       0.0004    17     0.0006     1     0.0005 
Idle time                   0.0000     4     0.0036     5     0.0018 
Communication               0.0007     1     0.0011    17     0.0008 
Synchronization             0.0002     3     0.0009    17     0.0006 
Variation                   0.0003     3     0.0005     8     0.0004 
Overlap                     0.0000     1     0.0000    16     0.0000 
Load imbalance              0.0000     4     0.0002     5     0.0001 
Execution time              0.0048     5     0.0084     4     0.0066 
User CPU time               0.0002     5     0.0004     4     0.0003 
Sys. CPU time               0.0000    17     0.0000     5     0.0000 
I/O time                    0.0000     6     0.0000     1     0.0000 
Processors                      18     1         18    18         18 
                      Communic          Synchro        Variation          Overlap  
I/O             Tmin    0.0000     1     0.0000     9     0.0000     1     0.0000     1 
I/O             Tmax    0.0000    18     0.0001     2     0.0002     2     0.0000    18 
I/O             Tmid    0.0000           0.0001           0.0002           0.0000       
Reduction       Tmin    0.0003     3     0.0000    16     0.0000    16     0.0000     1 
Reduction       Tmax    0.0004    10     0.0001     8     0.0001     2     0.0000    16 
Reduction       Tmid    0.0003           0.0001           0.0000           0.0000       
Remote access   Tmin    0.0004     1     0.0001     3     0.0001     3     0.0000     1 
Remote access   Tmax    0.0008    17     0.0008    17     0.0003     7     0.0000    18 
Remote access   Tmid    0.0005           0.0004           0.0002           0.0000       
--- The execution characteristics --- 
                                1          2          3          4          5          6          7          8          9         10         11         12         13         14         15         16         17         18 
Lost time                  0.0081     0.0080     0.0080     0.0080     0.0082     0.0081     0.0080     0.0081     0.0080     0.0080     0.0082     0.0080     0.0080     0.0080     0.0082     0.0081     0.0081     0.0080 
User insufficient par.     0.0043     0.0061     0.0062     0.0067     0.0033     0.0046     0.0064     0.0048     0.0051     0.0052     0.0033     0.0059     0.0053     0.0054     0.0033     0.0041     0.0036     0.0054 
Sys.insufficient par.      0.0006     0.0005     0.0005     0.0005     0.0005     0.0005     0.0005     0.0005     0.0004     0.0004     0.0005     0.0005     0.0005     0.0005     0.0005     0.0005     0.0004     0.0004 
Idle time                  0.0025     0.0006     0.0006     0.0000     0.0036     0.0022     0.0003     0.0020     0.0017     0.0017     0.0036     0.0009     0.0014     0.0014     0.0036     0.0027     0.0030     0.0011 
Communication              0.0007     0.0008     0.0007     0.0007     0.0008     0.0008     0.0008     0.0008     0.0008     0.0008     0.0008     0.0008     0.0008     0.0008     0.0008     0.0008     0.0011     0.0010 
Synchronization            0.0004     0.0004     0.0002     0.0002     0.0003     0.0003     0.0007     0.0008     0.0006     0.0006     0.0006     0.0006     0.0007     0.0007     0.0006     0.0005     0.0009     0.0008 
Variation                  0.0003     0.0005     0.0003     0.0003     0.0004     0.0003     0.0005     0.0005     0.0004     0.0004     0.0004     0.0004     0.0004     0.0004     0.0003     0.0003     0.0004     0.0003 
Overlap                    0.0000     0.0000     0.0000     0.0000     0.0000     0.0000     0.0000     0.0000     0.0000     0.0000     0.0000     0.0000     0.0000     0.0000     0.0000     0.0000     0.0000     0.0000 
Load imbalance             0.0001     0.0000     0.0000     0.0000     0.0002     0.0001     0.0000     0.0001     0.0001     0.0001     0.0002     0.0001     0.0001     0.0001     0.0002     0.0002     0.0002     0.0001 
Execution time             0.0059     0.0078     0.0078     0.0084     0.0048     0.0062     0.0081     0.0064     0.0067     0.0067     0.0048     0.0075     0.0070     0.0070     0.0048     0.0057     0.0054     0.0073 
User CPU time              0.0003     0.0004     0.0004     0.0004     0.0002     0.0003     0.0004     0.0003     0.0003     0.0003     0.0002     0.0004     0.0003     0.0003     0.0002     0.0003     0.0002     0.0003 
Sys. CPU time              0.0000     0.0000     0.0000     0.0000     0.0000     0.0000     0.0000     0.0000     0.0000     0.0000     0.0000     0.0000     0.0000     0.0000     0.0000     0.0000     0.0000     0.0000 
I/O time                   0.0000     0.0000     0.0000     0.0000     0.0000     0.0000     0.0000     0.0000     0.0000     0.0000     0.0000     0.0000     0.0000     0.0000     0.0000     0.0000     0.0000     0.0000 
Processors                     18         18         18         18         18         18         18         18         18         18         18         18         18         18         18         18         18         18 
           Communication          
Reduction                  0.0003     0.0003     0.0003     0.0003     0.0003     0.0003     0.0004     0.0003     0.0004     0.0004     0.0003     0.0003     0.0003     0.0003     0.0003     0.0003     0.0003     0.0003 
Remote access              0.0004     0.0005     0.0004     0.0004     0.0005     0.0005     0.0004     0.0004     0.0004     0.0004     0.0004     0.0004     0.0005     0.0005     0.0005     0.0005     0.0008     0.0007 
           Synchronization        
I/O                        0.0001     0.0001     0.0001     0.0001     0.0001     0.0001     0.0001     0.0001     0.0000     0.0000     0.0001     0.0000     0.0001     0.0001     0.0000     0.0000     0.0001     0.0001 
Reduction                  0.0001     0.0001     0.0001     0.0000     0.0001     0.0000     0.0001     0.0001     0.0001     0.0000     0.0001     0.0001     0.0001     0.0001     0.0000     0.0000     0.0001     0.0001 
Remote access              0.0003     0.0003     0.0001     0.0001     0.0002     0.0001     0.0006     0.0006     0.0005     0.0005     0.0005     0.0005     0.0006     0.0006     0.0005     0.0005     0.0008     0.0007 
           Variation              
I/O                        0.0000     0.0002     0.0002     0.0002     0.0002     0.0002     0.0002     0.0002     0.0002     0.0002     0.0002     0.0002     0.0002     0.0002     0.0002     0.0002     0.0002     0.0002 
Reduction                  0.0001     0.0001     0.0000     0.0000     0.0000     0.0000     0.0000     0.0001     0.0000     0.0000     0.0000     0.0000     0.0000     0.0000     0.0000     0.0000     0.0000     0.0000 
Remote access              0.0002     0.0002     0.0001     0.0001     0.0001     0.0001     0.0003     0.0002     0.0002     0.0002     0.0002     0.0002     0.0002     0.0001     0.0001     0.0001     0.0001     0.0001 
           Overlap                
Reduction                  0.0000     0.0000     0.0000     0.0000     0.0000     0.0000     0.0000     0.0000     0.0000     0.0000     0.0000     0.0000     0.0000     0.0000     0.0000     0.0000     0.0000     0.0000 


-------------------------------------------------------------------------
Name (number) and performance time of processors
omp.keldysh.ru(1) 0.935490
omp.keldysh.ru(2) 0.935408
omp.keldysh.ru(3) 0.958110
omp.keldysh.ru(4) 0.958102
omp.keldysh.ru(5) 0.960143
omp.keldysh.ru(6) 0.960106
omp.keldysh.ru(7) 0.958448
omp.keldysh.ru(8) 0.958130
omp.keldysh.ru(9) 0.958751
omp.keldysh.ru(10) 0.958735
omp.keldysh.ru(11) 0.957369
omp.keldysh.ru(12) 0.957369
omp.keldysh.ru(13) 0.935381
omp.keldysh.ru(14) 0.935372
omp.keldysh.ru(15) 0.960501
omp.keldysh.ru(16) 0.960485
omp.keldysh.ru(17) 0.959478
omp.keldysh.ru(18) 0.959764
min - omp.keldysh.ru(14) 0.935372; max - omp.keldysh.ru(15) 0.960501; mid - 0.953730
