Processor system=2*1*3*3
Statistics has been accumulated on DVM-system version 5.0, platform DVM
Analyzer is executing on DVM-system version 5.0, platform DVM
-------------------------------------------------------------------------
INTERVAL ( NLINE=5 SOURCE=prf43.f ) LEVEL=0  EXE_COUNT=2
--- The main characteristics --- 
Parallelization efficiency      0.0444 
Execution time                  0.0516 
Processors                          18
Threads amount                      18
Total time                      0.9283
Productive time                 0.0412 ( CPU= 0.0063 Sys= 0.0349 I/O= 0.0000 )
Lost  time                      0.8871 
   Insufficient parallelism     0.6699 ( User= 0.0755 Sys= 0.5944 )
   Communication                0.2136 ( Real_sync= 0.0000 Starts= 0.0000 )
   Idle time                    0.0036
Load imbalance                  0.0035
Synchronization                 0.3250
Time variation                  0.2966
Overlap                         0.1993
                  Nop   Communic    Synchro  Variation    Overlap 
I/O                12     0.0000     0.0451     0.0478     0.0000 
Reduction          22     0.0793     0.0338     0.0338     0.0000 
Remote access     180     0.1343     0.2461     0.2151     0.1993 
--- The comparative characteristics --- 
                              Tmin N proc      Tmax N proc      Tmid
Lost time                   0.0491     8     0.0500    18     0.0493 
User insufficient par.      0.0028     2     0.0047    12     0.0042 
Sys.insufficient par.       0.0215    17     0.0358     8     0.0330 
Idle time                   0.0000    13     0.0017     2     0.0002 
Communication               0.0089     8     0.0243    17     0.0119 
Synchronization             0.0049     7     0.0346    18     0.0181 
Variation                   0.0061     7     0.0340    18     0.0165 
Overlap                     0.0076    18     0.0160     7     0.0111 
Load imbalance              0.0000     8     0.0009    18     0.0002 
Execution time              0.0499     2     0.0516    14     0.0514 
User CPU time               0.0003    18     0.0004     9     0.0003 
Sys. CPU time               0.0013    17     0.0021     8     0.0019 
I/O time                    0.0000     7     0.0000     1     0.0000 
Processors                      18     1         18    18         18 
                      Communic          Synchro        Variation          Overlap  
I/O             Tmin    0.0000     1     0.0006     7     0.0007     7     0.0000     1 
I/O             Tmax    0.0000    18     0.0055    18     0.0057    18     0.0000    18 
I/O             Tmid    0.0000           0.0025           0.0027           0.0000       
Reduction       Tmin    0.0027     3     0.0001     7     0.0001     7     0.0000     1 
Reduction       Tmax    0.0094    17     0.0036     3     0.0036     3     0.0000     7 
Reduction       Tmid    0.0044           0.0019           0.0019           0.0000       
Remote access   Tmin    0.0054     9     0.0042     7     0.0052     7     0.0076    18 
Remote access   Tmax    0.0149    17     0.0261    17     0.0249    17     0.0160     7 
Remote access   Tmid    0.0075           0.0137           0.0119           0.0111       
--- The execution characteristics --- 
                                1          2          3          4          5          6          7          8          9         10         11         12         13         14         15         16         17         18 
Lost time                  0.0492     0.0493     0.0492     0.0492     0.0492     0.0492     0.0491     0.0491     0.0491     0.0492     0.0492     0.0492     0.0492     0.0492     0.0492     0.0492     0.0500     0.0500 
User insufficient par.     0.0041     0.0028     0.0046     0.0042     0.0044     0.0046     0.0042     0.0044     0.0046     0.0042     0.0044     0.0047     0.0042     0.0043     0.0047     0.0041     0.0042     0.0029 
Sys.insufficient par.      0.0345     0.0343     0.0342     0.0343     0.0342     0.0342     0.0356     0.0358     0.0353     0.0338     0.0338     0.0339     0.0338     0.0340     0.0339     0.0352     0.0215     0.0221 
Idle time                  0.0000     0.0017     0.0000     0.0000     0.0000     0.0001     0.0000     0.0000     0.0000     0.0000     0.0000     0.0000     0.0000     0.0000     0.0001     0.0000     0.0000     0.0017 
Communication              0.0106     0.0105     0.0103     0.0108     0.0105     0.0103     0.0094     0.0089     0.0092     0.0113     0.0110     0.0107     0.0112     0.0109     0.0105     0.0098     0.0243     0.0234 
Synchronization            0.0135     0.0167     0.0201     0.0144     0.0169     0.0193     0.0049     0.0074     0.0134     0.0181     0.0199     0.0225     0.0173     0.0200     0.0219     0.0111     0.0330     0.0346 
Variation                  0.0122     0.0154     0.0186     0.0127     0.0154     0.0177     0.0061     0.0085     0.0144     0.0146     0.0167     0.0192     0.0139     0.0163     0.0185     0.0105     0.0320     0.0340 
Overlap                    0.0130     0.0123     0.0112     0.0125     0.0116     0.0114     0.0160     0.0150     0.0134     0.0093     0.0092     0.0087     0.0096     0.0092     0.0088     0.0126     0.0080     0.0076 
Load imbalance             0.0001     0.0002     0.0001     0.0001     0.0001     0.0001     0.0000     0.0000     0.0000     0.0002     0.0001     0.0001     0.0001     0.0001     0.0001     0.0001     0.0009     0.0009 
Execution time             0.0516     0.0499     0.0516     0.0516     0.0516     0.0515     0.0516     0.0516     0.0516     0.0516     0.0516     0.0516     0.0516     0.0516     0.0515     0.0516     0.0516     0.0499 
User CPU time              0.0003     0.0003     0.0004     0.0003     0.0004     0.0004     0.0004     0.0004     0.0004     0.0003     0.0004     0.0004     0.0003     0.0004     0.0004     0.0003     0.0003     0.0003 
Sys. CPU time              0.0020     0.0020     0.0020     0.0020     0.0020     0.0020     0.0021     0.0021     0.0021     0.0020     0.0020     0.0020     0.0020     0.0020     0.0020     0.0021     0.0013     0.0013 
I/O time                   0.0000     0.0000     0.0000     0.0000     0.0000     0.0000     0.0000     0.0000     0.0000     0.0000     0.0000     0.0000     0.0000     0.0000     0.0000     0.0000     0.0000     0.0000 
Processors                     18         18         18         18         18         18         18         18         18         18         18         18         18         18         18         18         18         18 
           Communication          
Reduction                  0.0028     0.0028     0.0027     0.0033     0.0036     0.0030     0.0036     0.0034     0.0037     0.0052     0.0048     0.0046     0.0051     0.0047     0.0043     0.0033     0.0094     0.0090 
Remote access              0.0077     0.0076     0.0076     0.0074     0.0069     0.0073     0.0058     0.0055     0.0054     0.0061     0.0062     0.0061     0.0062     0.0062     0.0063     0.0066     0.0149     0.0143 
           Synchronization        
I/O                        0.0019     0.0024     0.0031     0.0019     0.0023     0.0029     0.0006     0.0010     0.0021     0.0021     0.0024     0.0029     0.0019     0.0024     0.0028     0.0019     0.0050     0.0055 
Reduction                  0.0001     0.0019     0.0036     0.0001     0.0019     0.0036     0.0001     0.0019     0.0036     0.0001     0.0019     0.0036     0.0001     0.0019     0.0036     0.0001     0.0019     0.0036 
Remote access              0.0115     0.0124     0.0134     0.0124     0.0126     0.0128     0.0042     0.0045     0.0077     0.0159     0.0157     0.0160     0.0152     0.0158     0.0154     0.0090     0.0261     0.0254 
           Variation              
I/O                        0.0018     0.0026     0.0032     0.0020     0.0025     0.0030     0.0007     0.0012     0.0023     0.0022     0.0025     0.0031     0.0021     0.0025     0.0030     0.0021     0.0052     0.0057 
Reduction                  0.0001     0.0019     0.0036     0.0001     0.0019     0.0036     0.0001     0.0019     0.0036     0.0001     0.0019     0.0036     0.0001     0.0019     0.0036     0.0001     0.0019     0.0036 
Remote access              0.0102     0.0109     0.0117     0.0105     0.0111     0.0111     0.0052     0.0054     0.0085     0.0123     0.0123     0.0125     0.0116     0.0119     0.0119     0.0083     0.0249     0.0247 
           Overlap                
Reduction                  0.0000     0.0000     0.0000     0.0000     0.0000     0.0000     0.0000     0.0000     0.0000     0.0000     0.0000     0.0000     0.0000     0.0000     0.0000     0.0000     0.0000     0.0000 
Remote access              0.0130     0.0123     0.0112     0.0125     0.0116     0.0114     0.0160     0.0150     0.0134     0.0093     0.0092     0.0087     0.0095     0.0092     0.0088     0.0126     0.0080     0.0076 


-------------------------------------------------------------------------
Name (number) and performance time of processors
omp.keldysh.ru(1) 0.934404
omp.keldysh.ru(2) 0.934206
omp.keldysh.ru(3) 0.951334
omp.keldysh.ru(4) 0.951313
omp.keldysh.ru(5) 0.949575
omp.keldysh.ru(6) 0.949589
omp.keldysh.ru(7) 0.948257
omp.keldysh.ru(8) 0.947833
omp.keldysh.ru(9) 0.951905
omp.keldysh.ru(10) 0.951926
omp.keldysh.ru(11) 0.953180
omp.keldysh.ru(12) 0.953207
omp.keldysh.ru(13) 0.934071
omp.keldysh.ru(14) 0.934304
omp.keldysh.ru(15) 0.955319
omp.keldysh.ru(16) 0.955159
omp.keldysh.ru(17) 0.951281
omp.keldysh.ru(18) 0.951212
min - omp.keldysh.ru(13) 0.934071; max - omp.keldysh.ru(15) 0.955319; mid - 0.947671
