Processor system=2*4*1*2
Statistics has been accumulated on DVM-system version 5.0, platform DVM
Analyzer is executing on DVM-system version 5.0, platform DVM
-------------------------------------------------------------------------
INTERVAL ( NLINE=8 SOURCE=sha43.f ) LEVEL=0  EXE_COUNT=1
--- The main characteristics --- 
Parallelization efficiency      0.0769 
Execution time                  0.0125 
Processors                          16
Threads amount                      16
Total time                      0.1996
Productive time                 0.0154 ( CPU= 0.0138 Sys= 0.0015 I/O= 0.0000 )
Lost  time                      0.1842 
   Insufficient parallelism     0.1254 ( User= 0.1021 Sys= 0.0233 )
   Communication                0.0343 ( Real_sync= 0.0000 Starts= 0.0000 )
   Idle time                    0.0245
Load imbalance                  0.0047
Synchronization                 0.0157
Time variation                  0.0111
Overlap                         0.0000
                  Nop   Communic    Synchro  Variation    Overlap 
I/O                 6     0.0000     0.0005     0.0031     0.0000 
Reduction           4     0.0162     0.0003     0.0003     0.0000 
Shadow              4     0.0182     0.0150     0.0077     0.0000 
--- The comparative characteristics --- 
                              Tmin N proc      Tmax N proc      Tmid
Lost time                   0.0112    12     0.0118    16     0.0115 
User insufficient par.      0.0046    14     0.0079    12     0.0064 
Sys.insufficient par.       0.0009    15     0.0018     5     0.0015 
Idle time                   0.0000    15     0.0027    14     0.0015 
Communication               0.0012     5     0.0037    15     0.0021 
Synchronization             0.0001     3     0.0025    15     0.0010 
Variation                   0.0002     3     0.0010     8     0.0007 
Overlap                     0.0000     1     0.0000     3     0.0000 
Load imbalance              0.0000    12     0.0006    16     0.0003 
Execution time              0.0097    14     0.0125    15     0.0109 
User CPU time               0.0006    16     0.0011    12     0.0009 
Sys. CPU time               0.0001    15     0.0001     5     0.0001 
I/O time                    0.0000     7     0.0000     1     0.0000 
Processors                      16     1         16    16         16 
                      Communic          Synchro        Variation          Overlap  
I/O             Tmin    0.0000     1     0.0000     3     0.0000     1     0.0000     1 
I/O             Tmax    0.0000    16     0.0000    16     0.0002     6     0.0000    16 
I/O             Tmid    0.0000           0.0000           0.0002           0.0000       
Reduction       Tmin    0.0004     5     0.0000     3     0.0000     3     0.0000     1 
Reduction       Tmax    0.0014    16     0.0000    10     0.0000     2     0.0000    15 
Reduction       Tmid    0.0010           0.0000           0.0000           0.0000       
Shadow          Tmin    0.0007    11     0.0000     3     0.0000     3     0.0000     1 
Shadow          Tmax    0.0023    15     0.0024    15     0.0008     8     0.0000     3 
Shadow          Tmid    0.0011           0.0009           0.0005           0.0000       
--- The execution characteristics --- 
                                1          2          3          4          5          6          7          8          9         10         11         12         13         14         15         16 
Lost time                  0.0117     0.0117     0.0113     0.0114     0.0113     0.0113     0.0115     0.0115     0.0116     0.0116     0.0114     0.0112     0.0117     0.0117     0.0117     0.0118 
User insufficient par.     0.0053     0.0054     0.0069     0.0057     0.0062     0.0076     0.0074     0.0072     0.0069     0.0069     0.0057     0.0079     0.0058     0.0046     0.0071     0.0055 
Sys.insufficient par.      0.0015     0.0013     0.0018     0.0018     0.0018     0.0018     0.0014     0.0013     0.0013     0.0013     0.0018     0.0018     0.0012     0.0012     0.0009     0.0009 
Idle time                  0.0027     0.0027     0.0013     0.0027     0.0021     0.0005     0.0005     0.0008     0.0011     0.0010     0.0027     0.0003     0.0016     0.0027     0.0000     0.0019 
Communication              0.0022     0.0022     0.0013     0.0012     0.0012     0.0013     0.0022     0.0022     0.0023     0.0023     0.0012     0.0012     0.0031     0.0032     0.0037     0.0036 
Synchronization            0.0008     0.0011     0.0001     0.0002     0.0001     0.0002     0.0010     0.0009     0.0010     0.0011     0.0002     0.0002     0.0019     0.0021     0.0025     0.0023 
Variation                  0.0007     0.0010     0.0002     0.0003     0.0003     0.0004     0.0009     0.0010     0.0009     0.0010     0.0004     0.0004     0.0008     0.0009     0.0009     0.0010 
Overlap                    0.0000     0.0000     0.0000     0.0000     0.0000     0.0000     0.0000     0.0000     0.0000     0.0000     0.0000     0.0000     0.0000     0.0000     0.0000     0.0000 
Load imbalance             0.0005     0.0004     0.0001     0.0002     0.0001     0.0000     0.0003     0.0003     0.0003     0.0003     0.0001     0.0000     0.0004     0.0005     0.0005     0.0006 
Execution time             0.0098     0.0098     0.0112     0.0098     0.0104     0.0120     0.0120     0.0117     0.0114     0.0114     0.0098     0.0122     0.0109     0.0097     0.0125     0.0106 
User CPU time              0.0007     0.0007     0.0011     0.0010     0.0010     0.0011     0.0009     0.0009     0.0008     0.0008     0.0010     0.0011     0.0007     0.0007     0.0007     0.0006 
Sys. CPU time              0.0001     0.0001     0.0001     0.0001     0.0001     0.0001     0.0001     0.0001     0.0001     0.0001     0.0001     0.0001     0.0001     0.0001     0.0001     0.0001 
I/O time                   0.0000     0.0000     0.0000     0.0000     0.0000     0.0000     0.0000     0.0000     0.0000     0.0000     0.0000     0.0000     0.0000     0.0000     0.0000     0.0000 
Processors                     16         16         16         16         16         16         16         16         16         16         16         16         16         16         16         16 
           Communication          
Reduction                  0.0013     0.0014     0.0004     0.0005     0.0004     0.0005     0.0013     0.0014     0.0013     0.0014     0.0005     0.0005     0.0012     0.0013     0.0013     0.0014 
Shadow                     0.0009     0.0008     0.0008     0.0008     0.0008     0.0008     0.0009     0.0008     0.0010     0.0009     0.0007     0.0007     0.0019     0.0019     0.0023     0.0021 
           Synchronization        
I/O                        0.0000     0.0000     0.0000     0.0000     0.0000     0.0000     0.0000     0.0000     0.0000     0.0000     0.0000     0.0000     0.0000     0.0000     0.0000     0.0000 
Reduction                  0.0000     0.0000     0.0000     0.0000     0.0000     0.0000     0.0000     0.0000     0.0000     0.0000     0.0000     0.0000     0.0000     0.0000     0.0000     0.0000 
Shadow                     0.0008     0.0010     0.0000     0.0001     0.0001     0.0002     0.0009     0.0009     0.0010     0.0010     0.0002     0.0002     0.0018     0.0020     0.0024     0.0023 
           Variation              
I/O                        0.0000     0.0002     0.0002     0.0002     0.0002     0.0002     0.0002     0.0002     0.0002     0.0002     0.0002     0.0002     0.0002     0.0002     0.0002     0.0002 
Reduction                  0.0000     0.0000     0.0000     0.0000     0.0000     0.0000     0.0000     0.0000     0.0000     0.0000     0.0000     0.0000     0.0000     0.0000     0.0000     0.0000 
Shadow                     0.0007     0.0008     0.0000     0.0001     0.0000     0.0001     0.0007     0.0008     0.0007     0.0008     0.0002     0.0002     0.0006     0.0007     0.0006     0.0007 
           Overlap                
Reduction                  0.0000     0.0000     0.0000     0.0000     0.0000     0.0000     0.0000     0.0000     0.0000     0.0000     0.0000     0.0000     0.0000     0.0000     0.0000     0.0000 
Shadow                     0.0000     0.0000     0.0000     0.0000     0.0000     0.0000     0.0000     0.0000     0.0000     0.0000     0.0000     0.0000     0.0000     0.0000     0.0000     0.0000 


-------------------------------------------------------------------------
Name (number) and performance time of processors
omp.keldysh.ru(1) 0.935378
omp.keldysh.ru(2) 0.935323
omp.keldysh.ru(3) 0.954607
omp.keldysh.ru(4) 0.954618
omp.keldysh.ru(5) 0.935390
omp.keldysh.ru(6) 0.935358
omp.keldysh.ru(7) 0.960844
omp.keldysh.ru(8) 0.960865
omp.keldysh.ru(9) 0.935466
omp.keldysh.ru(10) 0.935192
omp.keldysh.ru(11) 0.960745
omp.keldysh.ru(12) 0.960717
omp.keldysh.ru(13) 0.960836
omp.keldysh.ru(14) 0.960847
omp.keldysh.ru(15) 0.958302
omp.keldysh.ru(16) 0.958303
min - omp.keldysh.ru(10) 0.935192; max - omp.keldysh.ru(8) 0.960865; mid - 0.950174
