Processor system=4*4
Statistics has been accumulated on DVM-system version 5.0, platform DVM
Analyzer is executing on DVM-system version 5.0, platform DVM
-------------------------------------------------------------------------
INTERVAL ( NLINE=8 SOURCE=sha22.f ) LEVEL=0  EXE_COUNT=1
--- The main characteristics --- 
Parallelization efficiency      0.0482 
Execution time                  0.0086 
Processors                          16
Threads amount                      16
Total time                      0.1382
Productive time                 0.0067 ( CPU= 0.0062 Sys= 0.0004 I/O= 0.0000 )
Lost  time                      0.1315 
   Insufficient parallelism     0.0989 ( User= 0.0924 Sys= 0.0065 )
   Communication                0.0075 ( Real_sync= 0.0000 Starts= 0.0000 )
   Idle time                    0.0251
Load imbalance                  0.0016
Synchronization                 0.0055
Time variation                  0.0071
Overlap                         0.0000
                  Nop   Communic    Synchro  Variation    Overlap 
I/O                 6     0.0000     0.0015     0.0036     0.0000 
Reduction           4     0.0059     0.0009     0.0009     0.0000 
Shadow              4     0.0016     0.0030     0.0026     0.0000 
--- The comparative characteristics --- 
                              Tmin N proc      Tmax N proc      Tmid
Lost time                   0.0081     8     0.0083    15     0.0082 
User insufficient par.      0.0051    11     0.0072     8     0.0058 
Sys.insufficient par.       0.0003    15     0.0006     1     0.0004 
Idle time                   0.0000     8     0.0023     5     0.0016 
Communication               0.0003     1     0.0006    15     0.0005 
Synchronization             0.0001     7     0.0006    13     0.0003 
Variation                   0.0002    11     0.0007    13     0.0004 
Overlap                     0.0000     2     0.0000    11     0.0000 
Load imbalance              0.0000     8     0.0002    15     0.0001 
Execution time              0.0063     5     0.0086     8     0.0071 
User CPU time               0.0003    15     0.0005     8     0.0004 
Sys. CPU time               0.0000    15     0.0000     7     0.0000 
I/O time                    0.0000    10     0.0000     1     0.0000 
Processors                      16     1         16    16         16 
                      Communic          Synchro        Variation          Overlap  
I/O             Tmin    0.0000     1     0.0000    11     0.0001     1     0.0000     1 
I/O             Tmax    0.0000    16     0.0002    13     0.0003    13     0.0000    16 
I/O             Tmid    0.0000           0.0001           0.0002           0.0000       
Reduction       Tmin    0.0003     5     0.0000     3     0.0000     3     0.0000     1 
Reduction       Tmax    0.0005    15     0.0001    13     0.0001     9     0.0000    15 
Reduction       Tmid    0.0004           0.0001           0.0001           0.0000       
Shadow          Tmin    0.0000     1     0.0001     1     0.0001     7     0.0000     2 
Shadow          Tmax    0.0002     5     0.0003    13     0.0003    13     0.0000    11 
Shadow          Tmid    0.0001           0.0002           0.0002           0.0000       
--- The execution characteristics --- 
                                1          2          3          4          5          6          7          8          9         10         11         12         13         14         15         16 
Lost time                  0.0081     0.0083     0.0081     0.0083     0.0083     0.0083     0.0083     0.0081     0.0082     0.0082     0.0083     0.0083     0.0082     0.0082     0.0083     0.0082 
User insufficient par.     0.0069     0.0051     0.0069     0.0051     0.0051     0.0052     0.0051     0.0072     0.0058     0.0058     0.0051     0.0051     0.0062     0.0062     0.0051     0.0065 
Sys.insufficient par.      0.0006     0.0004     0.0004     0.0004     0.0004     0.0004     0.0005     0.0004     0.0004     0.0004     0.0004     0.0004     0.0003     0.0004     0.0003     0.0004 
Idle time                  0.0004     0.0023     0.0004     0.0022     0.0023     0.0023     0.0022     0.0000     0.0016     0.0016     0.0023     0.0023     0.0012     0.0012     0.0023     0.0008 
Communication              0.0003     0.0005     0.0005     0.0005     0.0004     0.0005     0.0004     0.0004     0.0004     0.0005     0.0005     0.0005     0.0005     0.0005     0.0006     0.0005 
Synchronization            0.0003     0.0004     0.0002     0.0003     0.0004     0.0004     0.0001     0.0002     0.0005     0.0004     0.0001     0.0002     0.0006     0.0005     0.0003     0.0004 
Variation                  0.0003     0.0006     0.0003     0.0004     0.0005     0.0005     0.0003     0.0004     0.0006     0.0005     0.0002     0.0004     0.0007     0.0006     0.0003     0.0004 
Overlap                    0.0000     0.0000     0.0000     0.0000     0.0000     0.0000     0.0000     0.0000     0.0000     0.0000     0.0000     0.0000     0.0000     0.0000     0.0000     0.0000 
Load imbalance             0.0000     0.0001     0.0000     0.0001     0.0001     0.0001     0.0001     0.0000     0.0001     0.0001     0.0001     0.0001     0.0001     0.0001     0.0002     0.0001 
Execution time             0.0083     0.0064     0.0083     0.0064     0.0063     0.0064     0.0064     0.0086     0.0071     0.0071     0.0064     0.0064     0.0075     0.0075     0.0064     0.0078 
User CPU time              0.0005     0.0003     0.0005     0.0003     0.0003     0.0003     0.0003     0.0005     0.0004     0.0004     0.0003     0.0003     0.0004     0.0004     0.0003     0.0004 
Sys. CPU time              0.0000     0.0000     0.0000     0.0000     0.0000     0.0000     0.0000     0.0000     0.0000     0.0000     0.0000     0.0000     0.0000     0.0000     0.0000     0.0000 
I/O time                   0.0000     0.0000     0.0000     0.0000     0.0000     0.0000     0.0000     0.0000     0.0000     0.0000     0.0000     0.0000     0.0000     0.0000     0.0000     0.0000 
Processors                     16         16         16         16         16         16         16         16         16         16         16         16         16         16         16         16 
           Communication          
Reduction                  0.0003     0.0004     0.0004     0.0004     0.0003     0.0004     0.0003     0.0003     0.0003     0.0003     0.0004     0.0004     0.0004     0.0004     0.0005     0.0004 
Shadow                     0.0000     0.0001     0.0001     0.0001     0.0002     0.0001     0.0001     0.0001     0.0001     0.0001     0.0001     0.0001     0.0001     0.0001     0.0001     0.0001 
           Synchronization        
I/O                        0.0001     0.0001     0.0000     0.0001     0.0002     0.0001     0.0000     0.0001     0.0001     0.0001     0.0000     0.0001     0.0002     0.0002     0.0000     0.0001 
Reduction                  0.0001     0.0001     0.0000     0.0000     0.0001     0.0001     0.0000     0.0000     0.0001     0.0001     0.0000     0.0000     0.0001     0.0001     0.0000     0.0000 
Shadow                     0.0001     0.0002     0.0002     0.0002     0.0002     0.0002     0.0001     0.0001     0.0002     0.0002     0.0001     0.0001     0.0003     0.0003     0.0002     0.0002 
           Variation              
I/O                        0.0001     0.0003     0.0002     0.0002     0.0003     0.0003     0.0002     0.0002     0.0003     0.0003     0.0001     0.0002     0.0003     0.0003     0.0002     0.0002 
Reduction                  0.0001     0.0001     0.0000     0.0000     0.0001     0.0001     0.0000     0.0000     0.0001     0.0001     0.0000     0.0000     0.0001     0.0001     0.0000     0.0000 
Shadow                     0.0001     0.0002     0.0001     0.0002     0.0001     0.0002     0.0001     0.0001     0.0002     0.0002     0.0001     0.0001     0.0003     0.0002     0.0002     0.0002 
           Overlap                
Reduction                  0.0000     0.0000     0.0000     0.0000     0.0000     0.0000     0.0000     0.0000     0.0000     0.0000     0.0000     0.0000     0.0000     0.0000     0.0000     0.0000 
Shadow                     0.0000     0.0000     0.0000     0.0000     0.0000     0.0000     0.0000     0.0000     0.0000     0.0000     0.0000     0.0000     0.0000     0.0000     0.0000     0.0000 


-------------------------------------------------------------------------
Name (number) and performance time of processors
omp.keldysh.ru(1) 0.933741
omp.keldysh.ru(2) 0.933653
omp.keldysh.ru(3) 0.933972
omp.keldysh.ru(4) 0.933946
omp.keldysh.ru(5) 0.959098
omp.keldysh.ru(6) 0.959053
omp.keldysh.ru(7) 0.954798
omp.keldysh.ru(8) 0.954804
omp.keldysh.ru(9) 0.958758
omp.keldysh.ru(10) 0.959063
omp.keldysh.ru(11) 0.958540
omp.keldysh.ru(12) 0.958543
omp.keldysh.ru(13) 0.959112
omp.keldysh.ru(14) 0.959110
omp.keldysh.ru(15) 0.958048
omp.keldysh.ru(16) 0.958041
min - omp.keldysh.ru(2) 0.933653; max - omp.keldysh.ru(13) 0.959112; mid - 0.952018
