Processor system=4*4*1
Statistics has been accumulated on DVM-system version 5.0, platform DVM
Analyzer is executing on DVM-system version 5.0, platform DVM
-------------------------------------------------------------------------
INTERVAL ( NLINE=8 SOURCE=sha32.f ) LEVEL=0  EXE_COUNT=1
--- The main characteristics --- 
Parallelization efficiency      0.0456 
Execution time                  0.0090 
Processors                          16
Threads amount                      16
Total time                      0.1444
Productive time                 0.0066 ( CPU= 0.0060 Sys= 0.0006 I/O= 0.0000 )
Lost  time                      0.1378 
   Insufficient parallelism     0.0917 ( User= 0.0832 Sys= 0.0085 )
   Communication                0.0123 ( Real_sync= 0.0000 Starts= 0.0000 )
   Idle time                    0.0337
Load imbalance                  0.0023
Synchronization                 0.0058
Time variation                  0.0063
Overlap                         0.0000
                  Nop   Communic    Synchro  Variation    Overlap 
I/O                 6     0.0000     0.0005     0.0032     0.0000 
Reduction           4     0.0036     0.0001     0.0001     0.0000 
Shadow              4     0.0088     0.0052     0.0030     0.0000 
--- The comparative characteristics --- 
                              Tmin N proc      Tmax N proc      Tmid
Lost time                   0.0085     8     0.0087    13     0.0086 
User insufficient par.      0.0040    13     0.0072     8     0.0052 
Sys.insufficient par.       0.0004    14     0.0006     1     0.0005 
Idle time                   0.0000     8     0.0034    11     0.0021 
Communication               0.0006     7     0.0010    14     0.0008 
Synchronization             0.0000     7     0.0007    16     0.0004 
Variation                   0.0002     7     0.0005    13     0.0004 
Overlap                     0.0000     1     0.0000     7     0.0000 
Load imbalance              0.0000     8     0.0002    13     0.0001 
Execution time              0.0056    11     0.0090     8     0.0069 
User CPU time               0.0003    13     0.0005     8     0.0004 
Sys. CPU time               0.0000    14     0.0000     7     0.0000 
I/O time                    0.0000    11     0.0000     1     0.0000 
Processors                      16     1         16    16         16 
                      Communic          Synchro        Variation          Overlap  
I/O             Tmin    0.0000     1     0.0000     7     0.0000     1     0.0000     1 
I/O             Tmax    0.0000    16     0.0001    13     0.0002    13     0.0000    16 
I/O             Tmid    0.0000           0.0000           0.0002           0.0000       
Reduction       Tmin    0.0000     7     0.0000    11     0.0000    11     0.0000     1 
Reduction       Tmax    0.0003    13     0.0000    16     0.0000    15     0.0000    11 
Reduction       Tmid    0.0002           0.0000           0.0000           0.0000       
Shadow          Tmin    0.0004     1     0.0000     7     0.0000     7     0.0000     1 
Shadow          Tmax    0.0006    14     0.0006    16     0.0003    13     0.0000     7 
Shadow          Tmid    0.0005           0.0003           0.0002           0.0000       
--- The execution characteristics --- 
                                1          2          3          4          5          6          7          8          9         10         11         12         13         14         15         16 
Lost time                  0.0086     0.0087     0.0086     0.0086     0.0085     0.0087     0.0085     0.0085     0.0085     0.0086     0.0087     0.0087     0.0087     0.0087     0.0086     0.0086 
User insufficient par.     0.0057     0.0040     0.0057     0.0050     0.0065     0.0040     0.0065     0.0072     0.0068     0.0046     0.0040     0.0040     0.0040     0.0040     0.0061     0.0053 
Sys.insufficient par.      0.0006     0.0006     0.0005     0.0005     0.0006     0.0006     0.0006     0.0006     0.0005     0.0006     0.0006     0.0005     0.0004     0.0004     0.0004     0.0004 
Idle time                  0.0016     0.0034     0.0016     0.0023     0.0008     0.0034     0.0008     0.0000     0.0004     0.0027     0.0034     0.0034     0.0034     0.0034     0.0012     0.0020 
Communication              0.0007     0.0007     0.0008     0.0008     0.0007     0.0007     0.0006     0.0007     0.0007     0.0007     0.0007     0.0008     0.0010     0.0010     0.0009     0.0009 
Synchronization            0.0004     0.0003     0.0004     0.0005     0.0004     0.0001     0.0000     0.0003     0.0003     0.0001     0.0001     0.0004     0.0006     0.0006     0.0006     0.0007 
Variation                  0.0003     0.0004     0.0004     0.0004     0.0005     0.0003     0.0002     0.0004     0.0004     0.0003     0.0003     0.0004     0.0005     0.0005     0.0005     0.0005 
Overlap                    0.0000     0.0000     0.0000     0.0000     0.0000     0.0000     0.0000     0.0000     0.0000     0.0000     0.0000     0.0000     0.0000     0.0000     0.0000     0.0000 
Load imbalance             0.0001     0.0002     0.0001     0.0002     0.0001     0.0002     0.0000     0.0000     0.0000     0.0002     0.0002     0.0002     0.0002     0.0002     0.0001     0.0002 
Execution time             0.0075     0.0056     0.0075     0.0067     0.0083     0.0056     0.0082     0.0090     0.0086     0.0063     0.0056     0.0056     0.0056     0.0056     0.0079     0.0071 
User CPU time              0.0004     0.0003     0.0004     0.0004     0.0005     0.0003     0.0005     0.0005     0.0005     0.0004     0.0003     0.0003     0.0003     0.0003     0.0004     0.0004 
Sys. CPU time              0.0000     0.0000     0.0000     0.0000     0.0000     0.0000     0.0000     0.0000     0.0000     0.0000     0.0000     0.0000     0.0000     0.0000     0.0000     0.0000 
I/O time                   0.0000     0.0000     0.0000     0.0000     0.0000     0.0000     0.0000     0.0000     0.0000     0.0000     0.0000     0.0000     0.0000     0.0000     0.0000     0.0000 
Processors                     16         16         16         16         16         16         16         16         16         16         16         16         16         16         16         16 
           Communication          
Reduction                  0.0003     0.0003     0.0002     0.0002     0.0003     0.0001     0.0000     0.0002     0.0003     0.0001     0.0001     0.0002     0.0003     0.0003     0.0003     0.0003 
Shadow                     0.0004     0.0005     0.0006     0.0006     0.0005     0.0006     0.0006     0.0005     0.0005     0.0006     0.0006     0.0006     0.0006     0.0006     0.0006     0.0006 
           Synchronization        
I/O                        0.0000     0.0000     0.0000     0.0000     0.0000     0.0000     0.0000     0.0000     0.0000     0.0000     0.0000     0.0000     0.0001     0.0001     0.0000     0.0001 
Reduction                  0.0000     0.0000     0.0000     0.0000     0.0000     0.0000     0.0000     0.0000     0.0000     0.0000     0.0000     0.0000     0.0000     0.0000     0.0000     0.0000 
Shadow                     0.0004     0.0003     0.0003     0.0005     0.0003     0.0001     0.0000     0.0002     0.0003     0.0001     0.0001     0.0003     0.0006     0.0006     0.0006     0.0006 
           Variation              
I/O                        0.0000     0.0002     0.0002     0.0002     0.0002     0.0002     0.0002     0.0002     0.0002     0.0002     0.0002     0.0002     0.0002     0.0002     0.0002     0.0002 
Reduction                  0.0000     0.0000     0.0000     0.0000     0.0000     0.0000     0.0000     0.0000     0.0000     0.0000     0.0000     0.0000     0.0000     0.0000     0.0000     0.0000 
Shadow                     0.0002     0.0002     0.0002     0.0002     0.0003     0.0001     0.0000     0.0002     0.0002     0.0001     0.0001     0.0002     0.0003     0.0003     0.0003     0.0003 
           Overlap                
Reduction                  0.0000     0.0000     0.0000     0.0000     0.0000     0.0000     0.0000     0.0000     0.0000     0.0000     0.0000     0.0000     0.0000     0.0000     0.0000     0.0000 
Shadow                     0.0000     0.0000     0.0000     0.0000     0.0000     0.0000     0.0000     0.0000     0.0000     0.0000     0.0000     0.0000     0.0000     0.0000     0.0000     0.0000 


-------------------------------------------------------------------------
Name (number) and performance time of processors
omp.keldysh.ru(1) 0.933640
omp.keldysh.ru(2) 0.933585
omp.keldysh.ru(3) 0.952170
omp.keldysh.ru(4) 0.952177
omp.keldysh.ru(5) 0.954930
omp.keldysh.ru(6) 0.954910
omp.keldysh.ru(7) 0.948706
omp.keldysh.ru(8) 0.948697
omp.keldysh.ru(9) 0.954649
omp.keldysh.ru(10) 0.954402
omp.keldysh.ru(11) 0.933690
omp.keldysh.ru(12) 0.933671
omp.keldysh.ru(13) 0.953578
omp.keldysh.ru(14) 0.953597
omp.keldysh.ru(15) 0.955005
omp.keldysh.ru(16) 0.954983
min - omp.keldysh.ru(2) 0.933585; max - omp.keldysh.ru(15) 0.955005; mid - 0.948274
