Processor system=6*1*1*3
Statistics has been accumulated on DVM-system version 5.0, platform DVM
Analyzer is executing on DVM-system version 5.0, platform DVM
-------------------------------------------------------------------------
INTERVAL ( NLINE=5 SOURCE=prf43.f ) LEVEL=0  EXE_COUNT=2
--- The main characteristics --- 
Parallelization efficiency      0.0418 
Execution time                  0.0698 
Processors                          18
Threads amount                      18
Total time                      1.2565
Productive time                 0.0525 ( CPU= 0.0081 Sys= 0.0443 I/O= 0.0000 )
Lost  time                      1.2040 
   Insufficient parallelism     0.8608 ( User= 0.1065 Sys= 0.7543 )
   Communication                0.2998 ( Real_sync= 0.0000 Starts= 0.0000 )
   Idle time                    0.0434
Load imbalance                  0.0042
Synchronization                 0.2686
Time variation                  0.2218
Overlap                         0.4042
                  Nop   Communic    Synchro  Variation    Overlap 
I/O                12     0.0000     0.0306     0.0331     0.0000 
Reduction          22     0.0451     0.0305     0.0305     0.0000 
Remote access     180     0.2547     0.2074     0.1582     0.4042 
--- The comparative characteristics --- 
                              Tmin N proc      Tmax N proc      Tmid
Lost time                   0.0667    15     0.0679    17     0.0669 
User insufficient par.      0.0036    17     0.0083    12     0.0059 
Sys.insufficient par.       0.0269    17     0.0445     1     0.0419 
Idle time                   0.0000    12     0.0046    18     0.0024 
Communication               0.0140     1     0.0328    17     0.0167 
Synchronization             0.0046     8     0.0549    18     0.0149 
Variation                   0.0024     8     0.0467    18     0.0123 
Overlap                     0.0057    18     0.0262     8     0.0225 
Load imbalance              0.0000    15     0.0013    17     0.0002 
Execution time              0.0652    18     0.0698    12     0.0674 
User CPU time               0.0003    17     0.0006    12     0.0005 
Sys. CPU time               0.0016    17     0.0026     2     0.0025 
I/O time                    0.0000     4     0.0000     1     0.0000 
Processors                      18     1         18    18         18 
                      Communic          Synchro        Variation          Overlap  
I/O             Tmin    0.0000     1     0.0002     8     0.0003     8     0.0000     1 
I/O             Tmax    0.0000    18     0.0064    18     0.0066    18     0.0000    18 
I/O             Tmid    0.0000           0.0017           0.0018           0.0000       
Reduction       Tmin    0.0009    16     0.0001    17     0.0001    17     0.0000     1 
Reduction       Tmax    0.0096    17     0.0026     3     0.0026     3     0.0000    14 
Reduction       Tmid    0.0025           0.0017           0.0017           0.0000       
Remote access   Tmin    0.0114     2     0.0043     8     0.0019     8     0.0057    18 
Remote access   Tmax    0.0242    18     0.0459    18     0.0375    18     0.0262     8 
Remote access   Tmid    0.0142           0.0115           0.0088           0.0225       
--- The execution characteristics --- 
                                1          2          3          4          5          6          7          8          9         10         11         12         13         14         15         16         17         18 
Lost time                  0.0667     0.0667     0.0668     0.0667     0.0667     0.0667     0.0668     0.0667     0.0669     0.0669     0.0669     0.0667     0.0668     0.0667     0.0667     0.0667     0.0679     0.0679 
User insufficient par.     0.0066     0.0066     0.0049     0.0079     0.0072     0.0072     0.0053     0.0060     0.0039     0.0039     0.0045     0.0083     0.0057     0.0074     0.0075     0.0064     0.0036     0.0037 
Sys.insufficient par.      0.0445     0.0445     0.0442     0.0437     0.0438     0.0437     0.0434     0.0444     0.0439     0.0433     0.0429     0.0427     0.0436     0.0437     0.0439     0.0440     0.0269     0.0270 
Idle time                  0.0016     0.0016     0.0035     0.0004     0.0012     0.0012     0.0031     0.0023     0.0046     0.0046     0.0039     0.0000     0.0027     0.0008     0.0008     0.0019     0.0046     0.0046 
Communication              0.0140     0.0141     0.0143     0.0147     0.0145     0.0146     0.0150     0.0140     0.0144     0.0151     0.0157     0.0157     0.0147     0.0148     0.0145     0.0143     0.0328     0.0325 
Synchronization            0.0097     0.0056     0.0094     0.0116     0.0156     0.0125     0.0090     0.0046     0.0117     0.0142     0.0116     0.0127     0.0113     0.0061     0.0095     0.0077     0.0508     0.0549 
Variation                  0.0099     0.0066     0.0099     0.0095     0.0121     0.0102     0.0074     0.0024     0.0091     0.0105     0.0084     0.0095     0.0089     0.0042     0.0074     0.0059     0.0434     0.0467 
Overlap                    0.0256     0.0259     0.0261     0.0244     0.0199     0.0240     0.0258     0.0262     0.0244     0.0229     0.0225     0.0241     0.0243     0.0253     0.0253     0.0258     0.0061     0.0057 
Load imbalance             0.0001     0.0001     0.0002     0.0000     0.0000     0.0000     0.0002     0.0001     0.0002     0.0003     0.0003     0.0001     0.0001     0.0000     0.0000     0.0001     0.0013     0.0013 
Execution time             0.0682     0.0682     0.0663     0.0694     0.0686     0.0686     0.0667     0.0675     0.0652     0.0652     0.0659     0.0698     0.0671     0.0690     0.0690     0.0679     0.0652     0.0652 
User CPU time              0.0005     0.0005     0.0004     0.0006     0.0005     0.0005     0.0004     0.0005     0.0003     0.0003     0.0004     0.0006     0.0005     0.0006     0.0006     0.0005     0.0003     0.0003 
Sys. CPU time              0.0026     0.0026     0.0026     0.0026     0.0026     0.0026     0.0026     0.0026     0.0026     0.0025     0.0025     0.0025     0.0026     0.0026     0.0026     0.0026     0.0016     0.0016 
I/O time                   0.0000     0.0000     0.0000     0.0000     0.0000     0.0000     0.0000     0.0000     0.0000     0.0000     0.0000     0.0000     0.0000     0.0000     0.0000     0.0000     0.0000     0.0000 
Processors                     18         18         18         18         18         18         18         18         18         18         18         18         18         18         18         18         18         18 
           Communication          
Reduction                  0.0020     0.0026     0.0020     0.0016     0.0021     0.0014     0.0015     0.0011     0.0012     0.0018     0.0027     0.0019     0.0014     0.0018     0.0010     0.0009     0.0096     0.0083 
Remote access              0.0120     0.0114     0.0123     0.0131     0.0124     0.0132     0.0135     0.0129     0.0132     0.0133     0.0130     0.0139     0.0134     0.0129     0.0135     0.0134     0.0232     0.0242 
           Synchronization        
I/O                        0.0013     0.0007     0.0012     0.0013     0.0022     0.0016     0.0009     0.0002     0.0013     0.0015     0.0013     0.0013     0.0013     0.0005     0.0011     0.0008     0.0057     0.0064 
Reduction                  0.0024     0.0001     0.0026     0.0024     0.0001     0.0026     0.0024     0.0001     0.0026     0.0024     0.0001     0.0026     0.0024     0.0001     0.0026     0.0024     0.0001     0.0026 
Remote access              0.0060     0.0048     0.0056     0.0080     0.0132     0.0084     0.0058     0.0043     0.0078     0.0103     0.0103     0.0088     0.0076     0.0055     0.0059     0.0045     0.0450     0.0459 
           Variation              
I/O                        0.0012     0.0009     0.0014     0.0015     0.0024     0.0017     0.0010     0.0003     0.0015     0.0017     0.0014     0.0014     0.0015     0.0006     0.0012     0.0010     0.0059     0.0066 
Reduction                  0.0024     0.0001     0.0026     0.0024     0.0001     0.0026     0.0024     0.0001     0.0026     0.0024     0.0001     0.0026     0.0024     0.0001     0.0026     0.0024     0.0001     0.0026 
Remote access              0.0063     0.0056     0.0059     0.0056     0.0096     0.0059     0.0040     0.0019     0.0051     0.0065     0.0068     0.0055     0.0050     0.0034     0.0035     0.0026     0.0375     0.0375 
           Overlap                
Reduction                  0.0000     0.0000     0.0000     0.0000     0.0000     0.0000     0.0000     0.0000     0.0000     0.0000     0.0000     0.0000     0.0000     0.0000     0.0000     0.0000     0.0000     0.0000 
Remote access              0.0256     0.0259     0.0261     0.0244     0.0199     0.0240     0.0258     0.0262     0.0244     0.0229     0.0225     0.0241     0.0243     0.0253     0.0253     0.0258     0.0061     0.0057 


-------------------------------------------------------------------------
Name (number) and performance time of processors
omp.keldysh.ru(1) 0.934137
omp.keldysh.ru(2) 0.934032
omp.keldysh.ru(3) 0.955701
omp.keldysh.ru(4) 0.956059
omp.keldysh.ru(5) 0.934000
omp.keldysh.ru(6) 0.933957
omp.keldysh.ru(7) 0.955675
omp.keldysh.ru(8) 0.955657
omp.keldysh.ru(9) 0.953144
omp.keldysh.ru(10) 0.953154
omp.keldysh.ru(11) 0.955973
omp.keldysh.ru(12) 0.955999
omp.keldysh.ru(13) 0.953841
omp.keldysh.ru(14) 0.954158
omp.keldysh.ru(15) 0.955860
omp.keldysh.ru(16) 0.955851
omp.keldysh.ru(17) 0.952951
omp.keldysh.ru(18) 0.952983
min - omp.keldysh.ru(6) 0.933957; max - omp.keldysh.ru(4) 0.956059; mid - 0.950174
