Processor system=3*2*3*1
Statistics has been accumulated on DVM-system version 5.0, platform DVM
Analyzer is executing on DVM-system version 5.0, platform DVM
-------------------------------------------------------------------------
INTERVAL ( NLINE=8 SOURCE=sha41.f ) LEVEL=0  EXE_COUNT=2
--- The main characteristics --- 
Parallelization efficiency      0.0646 
Execution time                  0.0145 
Processors                          18
Threads amount                      18
Total time                      0.2602
Productive time                 0.0168 ( CPU= 0.0151 Sys= 0.0017 I/O= 0.0000 )
Lost  time                      0.2434 
   Insufficient parallelism     0.1676 ( User= 0.1381 Sys= 0.0295 )
   Communication                0.0443 ( Real_sync= 0.0000 Starts= 0.0000 )
   Idle time                    0.0316
Load imbalance                  0.0017
Synchronization                 0.0211
Time variation                  0.0181
Overlap                         0.0000
                  Nop   Communic    Synchro  Variation    Overlap 
I/O                 6     0.0000     0.0006     0.0037     0.0000 
Reduction           5     0.0157     0.0000     0.0000     0.0000 
Shadow              5     0.0286     0.0205     0.0143     0.0000 
--- The comparative characteristics --- 
                              Tmin N proc      Tmax N proc      Tmid
Lost time                   0.0134     6     0.0137    18     0.0135 
User insufficient par.      0.0063    18     0.0094     6     0.0077 
Sys.insufficient par.       0.0010    18     0.0024    11     0.0016 
Idle time                   0.0000     6     0.0027    10     0.0018 
Communication               0.0015    11     0.0038    18     0.0025 
Synchronization             0.0001     8     0.0027    18     0.0012 
Variation                   0.0003     8     0.0013    17     0.0010 
Overlap                     0.0000     1     0.0000    11     0.0000 
Load imbalance              0.0000     6     0.0003    18     0.0001 
Execution time              0.0118    10     0.0145     6     0.0127 
User CPU time               0.0007    17     0.0009     6     0.0008 
Sys. CPU time               0.0001    18     0.0001    11     0.0001 
I/O time                    0.0000     5     0.0000     1     0.0000 
Processors                      18     1         18    18         18 
                      Communic          Synchro        Variation          Overlap  
I/O             Tmin    0.0000     1     0.0000    13     0.0000     1     0.0000     1 
I/O             Tmax    0.0000    18     0.0001    17     0.0002    17     0.0000    18 
I/O             Tmid    0.0000           0.0000           0.0002           0.0000       
Reduction       Tmin    0.0001     8     0.0000    13     0.0000    15     0.0000     1 
Reduction       Tmax    0.0011    17     0.0000    18     0.0000     4     0.0000    16 
Reduction       Tmid    0.0009           0.0000           0.0000           0.0000       
Shadow          Tmin    0.0011     9     0.0000     8     0.0000     8     0.0000     1 
Shadow          Tmax    0.0028    18     0.0027    18     0.0010    17     0.0000    11 
Shadow          Tmid    0.0016           0.0011           0.0008           0.0000       
--- The execution characteristics --- 
                                1          2          3          4          5          6          7          8          9         10         11         12         13         14         15         16         17         18 
Lost time                  0.0136     0.0135     0.0134     0.0136     0.0136     0.0134     0.0134     0.0135     0.0134     0.0136     0.0135     0.0135     0.0135     0.0135     0.0135     0.0135     0.0137     0.0137 
User insufficient par.     0.0069     0.0090     0.0090     0.0076     0.0069     0.0094     0.0094     0.0069     0.0083     0.0068     0.0069     0.0069     0.0079     0.0069     0.0080     0.0088     0.0063     0.0063 
Sys.insufficient par.      0.0015     0.0017     0.0014     0.0013     0.0017     0.0014     0.0019     0.0024     0.0020     0.0019     0.0024     0.0020     0.0014     0.0017     0.0014     0.0013     0.0011     0.0010 
Idle time                  0.0026     0.0004     0.0004     0.0020     0.0026     0.0000     0.0000     0.0027     0.0012     0.0027     0.0026     0.0026     0.0016     0.0026     0.0016     0.0008     0.0026     0.0027 
Communication              0.0026     0.0024     0.0026     0.0027     0.0024     0.0027     0.0022     0.0016     0.0020     0.0022     0.0015     0.0020     0.0026     0.0023     0.0025     0.0026     0.0037     0.0038 
Synchronization            0.0014     0.0009     0.0013     0.0015     0.0009     0.0015     0.0008     0.0001     0.0008     0.0009     0.0001     0.0007     0.0013     0.0009     0.0012     0.0013     0.0026     0.0027 
Variation                  0.0009     0.0012     0.0011     0.0011     0.0012     0.0011     0.0011     0.0003     0.0010     0.0011     0.0003     0.0009     0.0011     0.0012     0.0011     0.0011     0.0013     0.0011 
Overlap                    0.0000     0.0000     0.0000     0.0000     0.0000     0.0000     0.0000     0.0000     0.0000     0.0000     0.0000     0.0000     0.0000     0.0000     0.0000     0.0000     0.0000     0.0000 
Load imbalance             0.0002     0.0000     0.0000     0.0002     0.0002     0.0000     0.0000     0.0001     0.0000     0.0001     0.0000     0.0001     0.0001     0.0001     0.0001     0.0000     0.0003     0.0003 
Execution time             0.0118     0.0141     0.0141     0.0125     0.0119     0.0145     0.0145     0.0118     0.0133     0.0118     0.0118     0.0118     0.0129     0.0118     0.0129     0.0137     0.0119     0.0118 
User CPU time              0.0008     0.0009     0.0009     0.0008     0.0008     0.0009     0.0009     0.0008     0.0009     0.0008     0.0008     0.0008     0.0009     0.0008     0.0009     0.0009     0.0007     0.0007 
Sys. CPU time              0.0001     0.0001     0.0001     0.0001     0.0001     0.0001     0.0001     0.0001     0.0001     0.0001     0.0001     0.0001     0.0001     0.0001     0.0001     0.0001     0.0001     0.0001 
I/O time                   0.0000     0.0000     0.0000     0.0000     0.0000     0.0000     0.0000     0.0000     0.0000     0.0000     0.0000     0.0000     0.0000     0.0000     0.0000     0.0000     0.0000     0.0000 
Processors                     18         18         18         18         18         18         18         18         18         18         18         18         18         18         18         18         18         18 
           Communication          
Reduction                  0.0010     0.0011     0.0010     0.0010     0.0011     0.0010     0.0009     0.0001     0.0008     0.0009     0.0001     0.0007     0.0010     0.0010     0.0010     0.0010     0.0011     0.0010 
Shadow                     0.0016     0.0013     0.0016     0.0017     0.0013     0.0017     0.0013     0.0015     0.0011     0.0013     0.0014     0.0012     0.0016     0.0013     0.0016     0.0016     0.0026     0.0028 
           Synchronization        
I/O                        0.0000     0.0000     0.0000     0.0000     0.0000     0.0000     0.0000     0.0000     0.0000     0.0000     0.0000     0.0000     0.0000     0.0000     0.0000     0.0000     0.0001     0.0000 
Reduction                  0.0000     0.0000     0.0000     0.0000     0.0000     0.0000     0.0000     0.0000     0.0000     0.0000     0.0000     0.0000     0.0000     0.0000     0.0000     0.0000     0.0000     0.0000 
Shadow                     0.0014     0.0009     0.0013     0.0014     0.0009     0.0014     0.0008     0.0000     0.0007     0.0009     0.0001     0.0007     0.0013     0.0009     0.0012     0.0013     0.0025     0.0027 
           Variation              
I/O                        0.0000     0.0002     0.0002     0.0002     0.0002     0.0002     0.0002     0.0002     0.0002     0.0002     0.0002     0.0002     0.0002     0.0002     0.0002     0.0002     0.0002     0.0002 
Reduction                  0.0000     0.0000     0.0000     0.0000     0.0000     0.0000     0.0000     0.0000     0.0000     0.0000     0.0000     0.0000     0.0000     0.0000     0.0000     0.0000     0.0000     0.0000 
Shadow                     0.0009     0.0010     0.0009     0.0009     0.0010     0.0009     0.0008     0.0000     0.0008     0.0009     0.0001     0.0007     0.0009     0.0010     0.0009     0.0009     0.0010     0.0009 
           Overlap                
Reduction                  0.0000     0.0000     0.0000     0.0000     0.0000     0.0000     0.0000     0.0000     0.0000     0.0000     0.0000     0.0000     0.0000     0.0000     0.0000     0.0000     0.0000     0.0000 
Shadow                     0.0000     0.0000     0.0000     0.0000     0.0000     0.0000     0.0000     0.0000     0.0000     0.0000     0.0000     0.0000     0.0000     0.0000     0.0000     0.0000     0.0000     0.0000 


-------------------------------------------------------------------------
Name (number) and performance time of processors
omp.keldysh.ru(1) 0.935448
omp.keldysh.ru(2) 0.935353
omp.keldysh.ru(3) 0.956273
omp.keldysh.ru(4) 0.956571
omp.keldysh.ru(5) 0.950773
omp.keldysh.ru(6) 0.950738
omp.keldysh.ru(7) 0.957785
omp.keldysh.ru(8) 0.957772
omp.keldysh.ru(9) 0.953564
omp.keldysh.ru(10) 0.953599
omp.keldysh.ru(11) 0.953350
omp.keldysh.ru(12) 0.953335
omp.keldysh.ru(13) 0.953669
omp.keldysh.ru(14) 0.953881
omp.keldysh.ru(15) 0.935343
omp.keldysh.ru(16) 0.935326
omp.keldysh.ru(17) 0.950307
omp.keldysh.ru(18) 0.950300
min - omp.keldysh.ru(16) 0.935326; max - omp.keldysh.ru(7) 0.957785; mid - 0.949633
