Processor system=1*1*3*6
Statistics has been accumulated on DVM-system version 5.0, platform DVM
Analyzer is executing on DVM-system version 5.0, platform DVM
-------------------------------------------------------------------------
INTERVAL ( NLINE=8 SOURCE=red43.f ) LEVEL=0  EXE_COUNT=2
--- The main characteristics --- 
Parallelization efficiency      0.0483 
Execution time                  0.0114 
Processors                          18
Threads amount                      18
Total time                      0.2049
Productive time                 0.0099 ( CPU= 0.0088 Sys= 0.0010 I/O= 0.0000 )
Lost  time                      0.1950 
   Insufficient parallelism     0.1462 ( User= 0.1281 Sys= 0.0181 )
   Communication                0.0228 ( Real_sync= 0.0000 Starts= 0.0000 )
   Idle time                    0.0260
Load imbalance                  0.0016
Synchronization                 0.0200
Time variation                  0.0156
Overlap                         0.0000
                  Nop   Communic    Synchro  Variation    Overlap 
I/O                17     0.0000     0.0037     0.0069     0.0000 
Reduction          15     0.0095     0.0036     0.0032     0.0000 
Remote access      37     0.0134     0.0127     0.0055     0.0000 
--- The comparative characteristics --- 
                              Tmin N proc      Tmax N proc      Tmid
Lost time                   0.0107    12     0.0109    18     0.0108 
User insufficient par.      0.0060    18     0.0086    12     0.0071 
Sys.insufficient par.       0.0008    17     0.0012     1     0.0010 
Idle time                   0.0000    12     0.0021     7     0.0014 
Communication               0.0011    15     0.0021    17     0.0013 
Synchronization             0.0005     3     0.0021    17     0.0011 
Variation                   0.0005     1     0.0011     5     0.0009 
Overlap                     0.0000     2     0.0000     6     0.0000 
Load imbalance              0.0000    12     0.0002    18     0.0001 
Execution time              0.0093     1     0.0114    12     0.0099 
User CPU time               0.0004    18     0.0006    12     0.0005 
Sys. CPU time               0.0000    17     0.0001     5     0.0001 
I/O time                    0.0000     9     0.0000     1     0.0000 
Processors                      18     1         18    18         18 
                      Communic          Synchro        Variation          Overlap  
I/O             Tmin    0.0000     1     0.0001    15     0.0001     1     0.0000     1 
I/O             Tmax    0.0000    18     0.0003    17     0.0005    17     0.0000    18 
I/O             Tmid    0.0000           0.0002           0.0004           0.0000       
Reduction       Tmin    0.0004    16     0.0001    15     0.0001    15     0.0000     1 
Reduction       Tmax    0.0007    17     0.0003     5     0.0003    17     0.0000     6 
Reduction       Tmid    0.0005           0.0002           0.0002           0.0000       
Remote access   Tmin    0.0005     7     0.0002     4     0.0001    18     0.0000     2 
Remote access   Tmax    0.0014    17     0.0014    17     0.0005     7     0.0000     4 
Remote access   Tmid    0.0007           0.0007           0.0003           0.0000       
--- The execution characteristics --- 
                                1          2          3          4          5          6          7          8          9         10         11         12         13         14         15         16         17         18 
Lost time                  0.0109     0.0108     0.0108     0.0109     0.0109     0.0109     0.0109     0.0108     0.0109     0.0108     0.0108     0.0107     0.0108     0.0109     0.0108     0.0108     0.0109     0.0109 
User insufficient par.     0.0065     0.0071     0.0071     0.0065     0.0066     0.0066     0.0066     0.0083     0.0067     0.0080     0.0081     0.0086     0.0075     0.0066     0.0076     0.0067     0.0071     0.0060 
Sys.insufficient par.      0.0012     0.0011     0.0010     0.0011     0.0011     0.0010     0.0010     0.0010     0.0010     0.0010     0.0010     0.0010     0.0010     0.0010     0.0010     0.0010     0.0008     0.0008 
Idle time                  0.0021     0.0014     0.0014     0.0021     0.0020     0.0020     0.0021     0.0003     0.0021     0.0006     0.0006     0.0000     0.0011     0.0021     0.0011     0.0021     0.0008     0.0021 
Communication              0.0011     0.0012     0.0012     0.0012     0.0012     0.0012     0.0012     0.0011     0.0012     0.0012     0.0011     0.0012     0.0011     0.0012     0.0011     0.0011     0.0021     0.0021 
Synchronization            0.0006     0.0006     0.0005     0.0005     0.0010     0.0009     0.0012     0.0012     0.0011     0.0013     0.0015     0.0014     0.0011     0.0012     0.0010     0.0011     0.0021     0.0019 
Variation                  0.0005     0.0008     0.0006     0.0007     0.0011     0.0010     0.0010     0.0010     0.0009     0.0009     0.0011     0.0010     0.0008     0.0008     0.0006     0.0007     0.0010     0.0009 
Overlap                    0.0000     0.0000     0.0000     0.0000     0.0000     0.0000     0.0000     0.0000     0.0000     0.0000     0.0000     0.0000     0.0000     0.0000     0.0000     0.0000     0.0000     0.0000 
Load imbalance             0.0001     0.0001     0.0001     0.0001     0.0001     0.0001     0.0001     0.0000     0.0001     0.0000     0.0000     0.0000     0.0001     0.0001     0.0001     0.0001     0.0001     0.0002 
Execution time             0.0093     0.0100     0.0099     0.0093     0.0093     0.0093     0.0093     0.0111     0.0093     0.0108     0.0108     0.0114     0.0102     0.0093     0.0102     0.0093     0.0105     0.0093 
User CPU time              0.0004     0.0005     0.0005     0.0004     0.0005     0.0005     0.0005     0.0006     0.0005     0.0005     0.0006     0.0006     0.0005     0.0005     0.0005     0.0005     0.0005     0.0004 
Sys. CPU time              0.0001     0.0001     0.0001     0.0001     0.0001     0.0001     0.0001     0.0001     0.0001     0.0001     0.0001     0.0001     0.0001     0.0001     0.0001     0.0001     0.0000     0.0000 
I/O time                   0.0000     0.0000     0.0000     0.0000     0.0000     0.0000     0.0000     0.0000     0.0000     0.0000     0.0000     0.0000     0.0000     0.0000     0.0000     0.0000     0.0000     0.0000 
Processors                     18         18         18         18         18         18         18         18         18         18         18         18         18         18         18         18         18         18 
           Communication          
Reduction                  0.0005     0.0005     0.0005     0.0005     0.0005     0.0004     0.0007     0.0007     0.0007     0.0006     0.0004     0.0004     0.0004     0.0004     0.0004     0.0004     0.0007     0.0007 
Remote access              0.0006     0.0007     0.0007     0.0007     0.0007     0.0008     0.0005     0.0005     0.0005     0.0006     0.0007     0.0008     0.0007     0.0007     0.0007     0.0007     0.0014     0.0014 
           Synchronization        
I/O                        0.0001     0.0002     0.0001     0.0002     0.0003     0.0003     0.0001     0.0002     0.0001     0.0002     0.0003     0.0003     0.0001     0.0002     0.0001     0.0002     0.0003     0.0003 
Reduction                  0.0001     0.0002     0.0001     0.0002     0.0003     0.0002     0.0002     0.0003     0.0002     0.0002     0.0002     0.0002     0.0001     0.0002     0.0001     0.0001     0.0003     0.0002 
Remote access              0.0003     0.0002     0.0002     0.0002     0.0004     0.0003     0.0008     0.0008     0.0008     0.0008     0.0009     0.0009     0.0008     0.0008     0.0007     0.0008     0.0014     0.0013 
           Variation              
I/O                        0.0001     0.0004     0.0003     0.0004     0.0005     0.0005     0.0003     0.0004     0.0003     0.0004     0.0005     0.0005     0.0003     0.0004     0.0003     0.0004     0.0005     0.0005 
Reduction                  0.0002     0.0002     0.0001     0.0002     0.0003     0.0002     0.0001     0.0002     0.0001     0.0001     0.0003     0.0002     0.0001     0.0002     0.0001     0.0001     0.0003     0.0002 
Remote access              0.0003     0.0002     0.0002     0.0002     0.0004     0.0003     0.0005     0.0005     0.0004     0.0004     0.0004     0.0003     0.0003     0.0003     0.0002     0.0002     0.0002     0.0001 
           Overlap                
Reduction                  0.0000     0.0000     0.0000     0.0000     0.0000     0.0000     0.0000     0.0000     0.0000     0.0000     0.0000     0.0000     0.0000     0.0000     0.0000     0.0000     0.0000     0.0000 
Remote access              0.0000     0.0000     0.0000     0.0000     0.0000     0.0000     0.0000     0.0000     0.0000     0.0000     0.0000     0.0000     0.0000     0.0000     0.0000     0.0000     0.0000     0.0000 


-------------------------------------------------------------------------
Name (number) and performance time of processors
omp.keldysh.ru(1) 0.933858
omp.keldysh.ru(2) 0.933813
omp.keldysh.ru(3) 0.953729
omp.keldysh.ru(4) 0.953740
omp.keldysh.ru(5) 0.953261
omp.keldysh.ru(6) 0.953242
omp.keldysh.ru(7) 0.954637
omp.keldysh.ru(8) 0.954920
omp.keldysh.ru(9) 0.954052
omp.keldysh.ru(10) 0.954058
omp.keldysh.ru(11) 0.933964
omp.keldysh.ru(12) 0.933941
omp.keldysh.ru(13) 0.955056
omp.keldysh.ru(14) 0.955057
omp.keldysh.ru(15) 0.952931
omp.keldysh.ru(16) 0.952963
omp.keldysh.ru(17) 0.951593
omp.keldysh.ru(18) 0.951567
min - omp.keldysh.ru(2) 0.933813; max - omp.keldysh.ru(14) 0.955057; mid - 0.949243
