Processor system=4*2*2
Statistics has been accumulated on DVM-system version 5.0, platform DVM
Analyzer is executing on DVM-system version 5.0, platform DVM
-------------------------------------------------------------------------
INTERVAL ( NLINE=7 SOURCE=rem31.f ) LEVEL=0  EXE_COUNT=1
--- The main characteristics --- 
Parallelization efficiency      0.0443 
Execution time                  0.0611 
Processors                          16
Threads amount                      16
Total time                      0.9779
Productive time                 0.0433 ( CPU= 0.0114 Sys= 0.0319 I/O= 0.0000 )
Lost  time                      0.9345 
   Insufficient parallelism     0.5789 ( User= 0.1004 Sys= 0.4785 )
   Communication                0.3553 ( Real_sync= 0.0000 Starts= 0.0000 )
   Idle time                    0.0004
Load imbalance                  0.0073
Synchronization                 0.3056
Time variation                  0.1759
Overlap                         0.0002
                  Nop   Communic    Synchro  Variation    Overlap 
I/O                15     0.0000     0.0021     0.0048     0.0000 
Reduction           6     0.0021     0.0000     0.0001     0.0000 
Remote access    1863     0.3531     0.3034     0.1710     0.0002 
--- The comparative characteristics --- 
                              Tmin N proc      Tmax N proc      Tmid
Lost time                   0.0580     4     0.0594    13     0.0584 
User insufficient par.      0.0051    13     0.0071     4     0.0063 
Sys.insufficient par.       0.0176    13     0.0356     4     0.0299 
Idle time                   0.0000    16     0.0000    10     0.0000 
Communication               0.0152     4     0.0366    13     0.0222 
Synchronization             0.0066     8     0.0366    13     0.0191 
Variation                   0.0050     8     0.0159    13     0.0110 
Overlap                     0.0000    13     0.0000     4     0.0000 
Load imbalance              0.0000     4     0.0014    13     0.0005 
Execution time              0.0611    10     0.0611    16     0.0611 
User CPU time               0.0006    14     0.0008     4     0.0007 
Sys. CPU time               0.0012    13     0.0024     4     0.0020 
I/O time                    0.0000    15     0.0000     1     0.0000 
Processors                      16     1         16    16         16 
                      Communic          Synchro        Variation          Overlap  
I/O             Tmin    0.0000     1     0.0001     1     0.0000     1     0.0000     1 
I/O             Tmax    0.0000    16     0.0002    13     0.0004    13     0.0000    16 
I/O             Tmid    0.0000           0.0001           0.0003           0.0000       
Reduction       Tmin    0.0001     8     0.0000    11     0.0000    11     0.0000     1 
Reduction       Tmax    0.0003    13     0.0000     2     0.0000    15     0.0000    12 
Reduction       Tmid    0.0001           0.0000           0.0000           0.0000       
Remote access   Tmin    0.0151     4     0.0065     8     0.0047     8     0.0000    13 
Remote access   Tmax    0.0363    13     0.0364    13     0.0155    13     0.0000     4 
Remote access   Tmid    0.0221           0.0190           0.0107           0.0000       
--- The execution characteristics --- 
                                1          2          3          4          5          6          7          8          9         10         11         12         13         14         15         16 
Lost time                  0.0582     0.0581     0.0581     0.0580     0.0583     0.0582     0.0581     0.0580     0.0583     0.0581     0.0582     0.0580     0.0594     0.0593     0.0593     0.0592 
User insufficient par.     0.0063     0.0067     0.0068     0.0071     0.0062     0.0065     0.0067     0.0070     0.0061     0.0064     0.0066     0.0069     0.0051     0.0051     0.0052     0.0055 
Sys.insufficient par.      0.0331     0.0338     0.0343     0.0356     0.0321     0.0332     0.0337     0.0350     0.0319     0.0334     0.0333     0.0347     0.0176     0.0186     0.0185     0.0199 
Idle time                  0.0000     0.0000     0.0000     0.0000     0.0000     0.0000     0.0000     0.0000     0.0000     0.0000     0.0000     0.0000     0.0000     0.0000     0.0000     0.0000 
Communication              0.0188     0.0176     0.0170     0.0152     0.0199     0.0185     0.0177     0.0160     0.0202     0.0182     0.0183     0.0164     0.0366     0.0356     0.0356     0.0338 
Synchronization            0.0202     0.0172     0.0145     0.0103     0.0187     0.0159     0.0127     0.0066     0.0169     0.0130     0.0135     0.0107     0.0366     0.0344     0.0336     0.0308 
Variation                  0.0133     0.0129     0.0111     0.0096     0.0111     0.0106     0.0083     0.0050     0.0086     0.0079     0.0084     0.0085     0.0159     0.0155     0.0148     0.0143 
Overlap                    0.0000     0.0000     0.0000     0.0000     0.0000     0.0000     0.0000     0.0000     0.0000     0.0000     0.0000     0.0000     0.0000     0.0000     0.0000     0.0000 
Load imbalance             0.0002     0.0001     0.0001     0.0000     0.0003     0.0002     0.0002     0.0001     0.0003     0.0002     0.0002     0.0001     0.0014     0.0013     0.0013     0.0012 
Execution time             0.0611     0.0611     0.0611     0.0611     0.0611     0.0611     0.0611     0.0611     0.0611     0.0611     0.0611     0.0611     0.0611     0.0611     0.0611     0.0611 
User CPU time              0.0007     0.0008     0.0008     0.0008     0.0007     0.0007     0.0008     0.0008     0.0007     0.0007     0.0007     0.0008     0.0006     0.0006     0.0006     0.0006 
Sys. CPU time              0.0022     0.0023     0.0023     0.0024     0.0021     0.0022     0.0022     0.0023     0.0021     0.0022     0.0022     0.0023     0.0012     0.0012     0.0012     0.0013 
I/O time                   0.0000     0.0000     0.0000     0.0000     0.0000     0.0000     0.0000     0.0000     0.0000     0.0000     0.0000     0.0000     0.0000     0.0000     0.0000     0.0000 
Processors                     16         16         16         16         16         16         16         16         16         16         16         16         16         16         16         16 
           Communication          
Reduction                  0.0001     0.0001     0.0001     0.0001     0.0001     0.0001     0.0001     0.0001     0.0001     0.0001     0.0001     0.0001     0.0003     0.0003     0.0003     0.0003 
Remote access              0.0187     0.0175     0.0169     0.0151     0.0198     0.0184     0.0177     0.0160     0.0201     0.0182     0.0182     0.0163     0.0363     0.0353     0.0353     0.0335 
           Synchronization        
I/O                        0.0001     0.0001     0.0001     0.0001     0.0001     0.0001     0.0001     0.0001     0.0001     0.0001     0.0001     0.0001     0.0002     0.0002     0.0002     0.0002 
Reduction                  0.0000     0.0000     0.0000     0.0000     0.0000     0.0000     0.0000     0.0000     0.0000     0.0000     0.0000     0.0000     0.0000     0.0000     0.0000     0.0000 
Remote access              0.0201     0.0170     0.0144     0.0102     0.0185     0.0157     0.0125     0.0065     0.0168     0.0129     0.0134     0.0106     0.0364     0.0342     0.0334     0.0306 
           Variation              
I/O                        0.0000     0.0003     0.0003     0.0003     0.0003     0.0003     0.0003     0.0003     0.0003     0.0003     0.0003     0.0003     0.0004     0.0004     0.0004     0.0004 
Reduction                  0.0000     0.0000     0.0000     0.0000     0.0000     0.0000     0.0000     0.0000     0.0000     0.0000     0.0000     0.0000     0.0000     0.0000     0.0000     0.0000 
Remote access              0.0133     0.0126     0.0108     0.0093     0.0108     0.0102     0.0080     0.0047     0.0083     0.0076     0.0081     0.0083     0.0155     0.0152     0.0144     0.0140 
           Overlap                
Reduction                  0.0000     0.0000     0.0000     0.0000     0.0000     0.0000     0.0000     0.0000     0.0000     0.0000     0.0000     0.0000     0.0000     0.0000     0.0000     0.0000 
Remote access              0.0000     0.0000     0.0000     0.0000     0.0000     0.0000     0.0000     0.0000     0.0000     0.0000     0.0000     0.0000     0.0000     0.0000     0.0000     0.0000 


-------------------------------------------------------------------------
Name (number) and performance time of processors
omp.keldysh.ru(1) 0.935428
omp.keldysh.ru(2) 0.935387
omp.keldysh.ru(3) 0.935342
omp.keldysh.ru(4) 0.935353
omp.keldysh.ru(5) 0.958092
omp.keldysh.ru(6) 0.958373
omp.keldysh.ru(7) 0.955884
omp.keldysh.ru(8) 0.955886
omp.keldysh.ru(9) 0.960578
omp.keldysh.ru(10) 0.960565
omp.keldysh.ru(11) 0.957130
omp.keldysh.ru(12) 0.957142
omp.keldysh.ru(13) 0.959188
omp.keldysh.ru(14) 0.959140
omp.keldysh.ru(15) 0.959529
omp.keldysh.ru(16) 0.959532
min - omp.keldysh.ru(3) 0.935342; max - omp.keldysh.ru(9) 0.960578; mid - 0.952659
