Processor system=1*1*6*3
Statistics has been accumulated on DVM-system version 5.0, platform DVM
Analyzer is executing on DVM-system version 5.0, platform DVM
-------------------------------------------------------------------------
INTERVAL ( NLINE=5 SOURCE=distr4.f ) LEVEL=0  EXE_COUNT=2
--- The main characteristics --- 
Parallelization efficiency      0.0486 
Execution time                  0.0110 
Processors                          18
Threads amount                      18
Total time                      0.1979
Productive time                 0.0096 ( CPU= 0.0089 Sys= 0.0007 I/O= 0.0000 )
Lost  time                      0.1883 
   Insufficient parallelism     0.1412 ( User= 0.1287 Sys= 0.0126 )
   Communication                0.0137 ( Real_sync= 0.0000 Starts= 0.0000 )
   Idle time                    0.0333
Load imbalance                  0.0021
Synchronization                 0.0068
Time variation                  0.0104
Overlap                         0.0000
                  Nop   Communic    Synchro  Variation    Overlap 
I/O                 6     0.0000     0.0022     0.0046     0.0000 
Reduction           5     0.0079     0.0010     0.0011     0.0000 
Redistribution      5     0.0058     0.0037     0.0047     0.0000 
--- The comparative characteristics --- 
                              Tmin N proc      Tmax N proc      Tmid
Lost time                   0.0103     2     0.0105    17     0.0105 
User insufficient par.      0.0061    17     0.0090     1     0.0071 
Sys.insufficient par.       0.0005    17     0.0008     1     0.0007 
Idle time                   0.0000     2     0.0027    11     0.0019 
Communication               0.0006     1     0.0013    17     0.0008 
Synchronization             0.0002     2     0.0010    17     0.0004 
Variation                   0.0004    16     0.0011    17     0.0006 
Overlap                     0.0000     3     0.0000    16     0.0000 
Load imbalance              0.0000     2     0.0002    17     0.0001 
Execution time              0.0083    11     0.0110     2     0.0091 
User CPU time               0.0004    17     0.0006     2     0.0005 
Sys. CPU time               0.0000    17     0.0000    16     0.0000 
I/O time                    0.0000     4     0.0000     1     0.0000 
Processors                      18     1         18    18         18 
                      Communic          Synchro        Variation          Overlap  
I/O             Tmin    0.0000     1     0.0000     2     0.0001     1     0.0000     1 
I/O             Tmax    0.0000    18     0.0002     1     0.0003    17     0.0000    18 
I/O             Tmid    0.0000           0.0001           0.0003           0.0000       
Reduction       Tmin    0.0003    16     0.0000     2     0.0000     2     0.0000     3 
Reduction       Tmax    0.0009    17     0.0001    17     0.0001    17     0.0000    16 
Reduction       Tmid    0.0004           0.0001           0.0001           0.0000       
Redistribution  Tmin    0.0002     1     0.0000     1     0.0001    16     0.0000     1 
Redistribution  Tmax    0.0004    17     0.0007    17     0.0007    17     0.0000    18 
Redistribution  Tmid    0.0003           0.0002           0.0003           0.0000       
--- The execution characteristics --- 
                                1          2          3          4          5          6          7          8          9         10         11         12         13         14         15         16         17         18 
Lost time                  0.0103     0.0103     0.0105     0.0105     0.0104     0.0105     0.0104     0.0104     0.0105     0.0105     0.0105     0.0105     0.0104     0.0104     0.0105     0.0104     0.0105     0.0105 
User insufficient par.     0.0090     0.0089     0.0064     0.0065     0.0071     0.0064     0.0071     0.0082     0.0065     0.0064     0.0064     0.0065     0.0075     0.0075     0.0064     0.0085     0.0061     0.0075 
Sys.insufficient par.      0.0008     0.0007     0.0007     0.0007     0.0007     0.0007     0.0007     0.0007     0.0007     0.0007     0.0007     0.0007     0.0007     0.0007     0.0007     0.0008     0.0005     0.0006 
Idle time                  0.0000     0.0000     0.0027     0.0027     0.0019     0.0027     0.0019     0.0008     0.0027     0.0026     0.0027     0.0027     0.0016     0.0016     0.0027     0.0004     0.0027     0.0012 
Communication              0.0006     0.0008     0.0007     0.0006     0.0006     0.0007     0.0007     0.0007     0.0007     0.0007     0.0007     0.0007     0.0008     0.0007     0.0007     0.0007     0.0013     0.0013 
Synchronization            0.0003     0.0002     0.0002     0.0003     0.0004     0.0003     0.0003     0.0003     0.0004     0.0004     0.0003     0.0003     0.0004     0.0004     0.0003     0.0003     0.0010     0.0007 
Variation                  0.0005     0.0005     0.0005     0.0006     0.0007     0.0006     0.0005     0.0005     0.0007     0.0006     0.0005     0.0005     0.0005     0.0005     0.0005     0.0004     0.0011     0.0009 
Overlap                    0.0000     0.0000     0.0000     0.0000     0.0000     0.0000     0.0000     0.0000     0.0000     0.0000     0.0000     0.0000     0.0000     0.0000     0.0000     0.0000     0.0000     0.0000 
Load imbalance             0.0000     0.0000     0.0002     0.0001     0.0001     0.0002     0.0001     0.0000     0.0002     0.0002     0.0002     0.0002     0.0001     0.0001     0.0002     0.0000     0.0002     0.0001 
Execution time             0.0110     0.0110     0.0083     0.0083     0.0090     0.0083     0.0090     0.0102     0.0083     0.0084     0.0083     0.0083     0.0094     0.0094     0.0083     0.0106     0.0083     0.0098 
User CPU time              0.0006     0.0006     0.0004     0.0005     0.0005     0.0005     0.0005     0.0006     0.0005     0.0004     0.0004     0.0004     0.0005     0.0005     0.0004     0.0006     0.0004     0.0005 
Sys. CPU time              0.0000     0.0000     0.0000     0.0000     0.0000     0.0000     0.0000     0.0000     0.0000     0.0000     0.0000     0.0000     0.0000     0.0000     0.0000     0.0000     0.0000     0.0000 
I/O time                   0.0000     0.0000     0.0000     0.0000     0.0000     0.0000     0.0000     0.0000     0.0000     0.0000     0.0000     0.0000     0.0000     0.0000     0.0000     0.0000     0.0000     0.0000 
Processors                     18         18         18         18         18         18         18         18         18         18         18         18         18         18         18         18         18         18 
           Communication          
Reduction                  0.0003     0.0005     0.0004     0.0004     0.0004     0.0004     0.0004     0.0004     0.0005     0.0004     0.0004     0.0004     0.0004     0.0004     0.0003     0.0003     0.0009     0.0008 
Redistribution             0.0002     0.0003     0.0003     0.0003     0.0002     0.0003     0.0003     0.0003     0.0002     0.0003     0.0004     0.0003     0.0004     0.0003     0.0004     0.0004     0.0004     0.0004 
           Synchronization        
I/O                        0.0002     0.0000     0.0001     0.0001     0.0002     0.0001     0.0001     0.0001     0.0002     0.0002     0.0001     0.0001     0.0001     0.0001     0.0001     0.0001     0.0002     0.0001 
Reduction                  0.0001     0.0000     0.0000     0.0001     0.0001     0.0001     0.0000     0.0000     0.0001     0.0001     0.0000     0.0000     0.0001     0.0001     0.0000     0.0000     0.0001     0.0001 
Redistribution             0.0000     0.0002     0.0001     0.0001     0.0002     0.0001     0.0002     0.0001     0.0001     0.0001     0.0002     0.0002     0.0002     0.0002     0.0002     0.0001     0.0007     0.0006 
           Variation              
I/O                        0.0001     0.0002     0.0002     0.0003     0.0003     0.0003     0.0002     0.0002     0.0003     0.0003     0.0003     0.0003     0.0003     0.0003     0.0002     0.0003     0.0003     0.0002 
Reduction                  0.0001     0.0000     0.0000     0.0001     0.0001     0.0001     0.0000     0.0000     0.0001     0.0001     0.0000     0.0001     0.0001     0.0001     0.0000     0.0000     0.0001     0.0001 
Redistribution             0.0002     0.0003     0.0002     0.0002     0.0003     0.0002     0.0002     0.0002     0.0003     0.0002     0.0002     0.0002     0.0002     0.0002     0.0002     0.0001     0.0007     0.0006 
           Overlap                
Reduction                  0.0000     0.0000     0.0000     0.0000     0.0000     0.0000     0.0000     0.0000     0.0000     0.0000     0.0000     0.0000     0.0000     0.0000     0.0000     0.0000     0.0000     0.0000 


-------------------------------------------------------------------------
Name (number) and performance time of processors
omp.keldysh.ru(1) 0.933957
omp.keldysh.ru(2) 0.933862
omp.keldysh.ru(3) 0.956280
omp.keldysh.ru(4) 0.956373
omp.keldysh.ru(5) 0.933898
omp.keldysh.ru(6) 0.933896
omp.keldysh.ru(7) 0.956499
omp.keldysh.ru(8) 0.956493
omp.keldysh.ru(9) 0.956781
omp.keldysh.ru(10) 0.957021
omp.keldysh.ru(11) 0.956685
omp.keldysh.ru(12) 0.956688
omp.keldysh.ru(13) 0.959046
omp.keldysh.ru(14) 0.959034
omp.keldysh.ru(15) 0.956009
omp.keldysh.ru(16) 0.956017
omp.keldysh.ru(17) 0.951857
omp.keldysh.ru(18) 0.951851
min - omp.keldysh.ru(2) 0.933862; max - omp.keldysh.ru(13) 0.959046; mid - 0.951236
