Processor system=4*2*2
Statistics has been accumulated on DVM-system version 5.0, platform DVM
Analyzer is executing on DVM-system version 5.0, platform DVM
-------------------------------------------------------------------------
INTERVAL ( NLINE=7 SOURCE=sc31.f ) LEVEL=0  EXE_COUNT=1
--- The main characteristics --- 
Parallelization efficiency      0.1881 
Execution time                  0.0436 
Processors                          16
Threads amount                      16
Total time                      0.6981
Productive time                 0.1313 ( CPU= 0.1306 Sys= 0.0007 I/O= 0.0000 )
Lost  time                      0.5668 
   Insufficient parallelism     0.4858 ( User= 0.4750 Sys= 0.0108 )
   Communication                0.0731 ( Real_sync= 0.0000 Starts= 0.0000 )
   Idle time                    0.0079
Load imbalance                  0.0283
Synchronization                 0.0025
Time variation                  0.0058
Overlap                         0.0000
                  Nop   Communic    Synchro  Variation    Overlap 
I/O                11     0.0000     0.0024     0.0057     0.0000 
Reduction           9     0.0731     0.0001     0.0001     0.0000 
--- The comparative characteristics --- 
                              Tmin N proc      Tmax N proc      Tmid
Lost time                   0.0337    11     0.0385    16     0.0354 
User insufficient par.      0.0217    16     0.0331     2     0.0297 
Sys.insufficient par.       0.0005    14     0.0009     1     0.0007 
Idle time                   0.0000    14     0.0016    12     0.0005 
Communication               0.0002    10     0.0149    14     0.0046 
Synchronization             0.0000     2     0.0005    14     0.0002 
Variation                   0.0000     1     0.0007    14     0.0004 
Overlap                     0.0000     1     0.0000    16     0.0000 
Load imbalance              0.0000    11     0.0048    16     0.0018 
Execution time              0.0421    12     0.0436    14     0.0431 
User CPU time               0.0051    16     0.0099    11     0.0082 
Sys. CPU time               0.0000    15     0.0000     8     0.0000 
I/O time                    0.0000    13     0.0000     1     0.0000 
Processors                      16     1         16    16         16 
                      Communic          Synchro        Variation          Overlap  
I/O             Tmin    0.0000     1     0.0000     2     0.0000     1     0.0000     1 
I/O             Tmax    0.0000    16     0.0005    14     0.0007    14     0.0000    16 
I/O             Tmid    0.0000           0.0001           0.0004           0.0000       
Reduction       Tmin    0.0002    10     0.0000    16     0.0000    16     0.0000     1 
Reduction       Tmax    0.0149    14     0.0000     2     0.0000     3     0.0000    16 
Reduction       Tmid    0.0046           0.0000           0.0000           0.0000       
--- The execution characteristics --- 
                                1          2          3          4          5          6          7          8          9         10         11         12         13         14         15         16 
Lost time                  0.0356     0.0356     0.0358     0.0358     0.0337     0.0338     0.0337     0.0337     0.0340     0.0339     0.0337     0.0339     0.0384     0.0385     0.0385     0.0385 
User insufficient par.     0.0329     0.0331     0.0329     0.0316     0.0321     0.0307     0.0322     0.0323     0.0315     0.0329     0.0318     0.0303     0.0229     0.0231     0.0231     0.0217 
Sys.insufficient par.      0.0009     0.0007     0.0007     0.0007     0.0007     0.0007     0.0007     0.0007     0.0007     0.0007     0.0007     0.0007     0.0006     0.0005     0.0005     0.0006 
Idle time                  0.0000     0.0000     0.0000     0.0015     0.0001     0.0015     0.0000     0.0000     0.0015     0.0000     0.0000     0.0016     0.0000     0.0000     0.0000     0.0015 
Communication              0.0018     0.0018     0.0021     0.0021     0.0008     0.0009     0.0007     0.0007     0.0002     0.0002     0.0012     0.0013     0.0149     0.0149     0.0149     0.0146 
Synchronization            0.0000     0.0000     0.0001     0.0001     0.0001     0.0001     0.0000     0.0001     0.0000     0.0000     0.0000     0.0001     0.0004     0.0005     0.0004     0.0004 
Variation                  0.0000     0.0003     0.0003     0.0003     0.0004     0.0003     0.0003     0.0003     0.0003     0.0003     0.0003     0.0003     0.0006     0.0007     0.0006     0.0007 
Overlap                    0.0000     0.0000     0.0000     0.0000     0.0000     0.0000     0.0000     0.0000     0.0000     0.0000     0.0000     0.0000     0.0000     0.0000     0.0000     0.0000 
Load imbalance             0.0020     0.0019     0.0021     0.0022     0.0000     0.0001     0.0000     0.0001     0.0003     0.0002     0.0000     0.0002     0.0048     0.0048     0.0048     0.0048 
Execution time             0.0436     0.0436     0.0436     0.0421     0.0436     0.0421     0.0436     0.0436     0.0421     0.0436     0.0436     0.0421     0.0436     0.0436     0.0436     0.0421 
User CPU time              0.0079     0.0080     0.0078     0.0078     0.0099     0.0098     0.0099     0.0098     0.0096     0.0097     0.0099     0.0097     0.0052     0.0051     0.0051     0.0051 
Sys. CPU time              0.0000     0.0000     0.0000     0.0000     0.0000     0.0000     0.0000     0.0000     0.0000     0.0000     0.0000     0.0000     0.0000     0.0000     0.0000     0.0000 
I/O time                   0.0000     0.0000     0.0000     0.0000     0.0000     0.0000     0.0000     0.0000     0.0000     0.0000     0.0000     0.0000     0.0000     0.0000     0.0000     0.0000 
Processors                     16         16         16         16         16         16         16         16         16         16         16         16         16         16         16         16 
           Communication          
Reduction                  0.0018     0.0018     0.0021     0.0021     0.0008     0.0009     0.0007     0.0007     0.0002     0.0002     0.0012     0.0013     0.0149     0.0149     0.0149     0.0146 
           Synchronization        
I/O                        0.0000     0.0000     0.0001     0.0001     0.0001     0.0001     0.0000     0.0001     0.0000     0.0000     0.0000     0.0001     0.0004     0.0005     0.0004     0.0004 
Reduction                  0.0000     0.0000     0.0000     0.0000     0.0000     0.0000     0.0000     0.0000     0.0000     0.0000     0.0000     0.0000     0.0000     0.0000     0.0000     0.0000 
           Variation              
I/O                        0.0000     0.0002     0.0003     0.0003     0.0004     0.0003     0.0003     0.0003     0.0003     0.0003     0.0003     0.0003     0.0006     0.0007     0.0006     0.0007 
Reduction                  0.0000     0.0000     0.0000     0.0000     0.0000     0.0000     0.0000     0.0000     0.0000     0.0000     0.0000     0.0000     0.0000     0.0000     0.0000     0.0000 
           Overlap                
Reduction                  0.0000     0.0000     0.0000     0.0000     0.0000     0.0000     0.0000     0.0000     0.0000     0.0000     0.0000     0.0000     0.0000     0.0000     0.0000     0.0000 


-------------------------------------------------------------------------
Name (number) and performance time of processors
omp.keldysh.ru(1) 0.933901
omp.keldysh.ru(2) 0.933825
omp.keldysh.ru(3) 0.956693
omp.keldysh.ru(4) 0.956738
omp.keldysh.ru(5) 0.956819
omp.keldysh.ru(6) 0.956775
omp.keldysh.ru(7) 0.953411
omp.keldysh.ru(8) 0.953404
omp.keldysh.ru(9) 0.957341
omp.keldysh.ru(10) 0.957326
omp.keldysh.ru(11) 0.933894
omp.keldysh.ru(12) 0.933905
omp.keldysh.ru(13) 0.954356
omp.keldysh.ru(14) 0.954358
omp.keldysh.ru(15) 0.954593
omp.keldysh.ru(16) 0.954923
min - omp.keldysh.ru(2) 0.933825; max - omp.keldysh.ru(9) 0.957341; mid - 0.950141
