Processor system=1*2*7
Statistics has been accumulated on DVM-system version 5.0, platform DVM
Analyzer is executing on DVM-system version 5.0, platform DVM
-------------------------------------------------------------------------
INTERVAL ( NLINE=7 SOURCE=acr32.f ) LEVEL=0  EXE_COUNT=1
--- The main characteristics --- 
Parallelization efficiency      0.0655 
Execution time                  0.0214 
Processors                          14
Threads amount                      14
Total time                      0.3002
Productive time                 0.0197 ( CPU= 0.0170 Sys= 0.0026 I/O= 0.0000 )
Lost  time                      0.2805 
   Insufficient parallelism     0.2213 ( User= 0.1868 Sys= 0.0345 )
   Communication                0.0588 ( Real_sync= 0.0000 Starts= 0.0000 )
   Idle time                    0.0003
Load imbalance                  0.0036
Synchronization                 0.1425
Time variation                  0.1309
Overlap                         0.0019
                  Nop   Communic    Synchro  Variation    Overlap 
I/O                11     0.0000     0.0142     0.0172     0.0000 
Reduction          27     0.0104     0.0199     0.0199     0.0000 
Shadow             62     0.0469     0.1084     0.0938     0.0019 
--- The comparative characteristics --- 
                              Tmin N proc      Tmax N proc      Tmid
Lost time                   0.0198     6     0.0204    11     0.0200 
User insufficient par.      0.0101     9     0.0158     6     0.0133 
Sys.insufficient par.       0.0015    11     0.0031     7     0.0025 
Idle time                   0.0000    14     0.0001     8     0.0000 
Communication               0.0010     7     0.0088    11     0.0042 
Synchronization             0.0008     8     0.0175    14     0.0102 
Variation                   0.0010     8     0.0145    14     0.0093 
Overlap                     0.0000     9     0.0005     1     0.0001 
Load imbalance              0.0000     6     0.0006    11     0.0003 
Execution time              0.0214     8     0.0214    14     0.0214 
User CPU time               0.0009     9     0.0014     6     0.0012 
Sys. CPU time               0.0001    11     0.0002     7     0.0002 
I/O time                    0.0000    13     0.0000     1     0.0000 
Processors                      14     1         14    14         14 
                      Communic          Synchro        Variation          Overlap  
I/O             Tmin    0.0000     1     0.0000     1     0.0000     1     0.0000     1 
I/O             Tmax    0.0000    14     0.0018    14     0.0021    14     0.0000    14 
I/O             Tmid    0.0000           0.0010           0.0012           0.0000       
Reduction       Tmin    0.0004     6     0.0000     1     0.0000     1     0.0000     2 
Reduction       Tmax    0.0012     1     0.0022    14     0.0022    14     0.0000     1 
Reduction       Tmid    0.0007           0.0014           0.0014           0.0000       
Shadow          Tmin    0.0005     7     0.0007     8     0.0007     8     0.0000     9 
Shadow          Tmax    0.0071     9     0.0134    14     0.0103    14     0.0005     1 
Shadow          Tmid    0.0034           0.0077           0.0067           0.0001       
--- The execution characteristics --- 
                                1          2          3          4          5          6          7          8          9         10         11         12         13         14 
Lost time                  0.0198     0.0198     0.0198     0.0198     0.0198     0.0198     0.0198     0.0199     0.0204     0.0203     0.0204     0.0203     0.0203     0.0203 
User insufficient par.     0.0155     0.0157     0.0157     0.0157     0.0158     0.0158     0.0156     0.0152     0.0101     0.0102     0.0101     0.0105     0.0103     0.0107 
Sys.insufficient par.      0.0026     0.0030     0.0029     0.0030     0.0029     0.0029     0.0031     0.0020     0.0021     0.0021     0.0015     0.0022     0.0020     0.0022 
Idle time                  0.0000     0.0000     0.0000     0.0000     0.0000     0.0000     0.0001     0.0001     0.0000     0.0000     0.0000     0.0000     0.0000     0.0000 
Communication              0.0018     0.0011     0.0012     0.0011     0.0011     0.0011     0.0010     0.0025     0.0082     0.0080     0.0088     0.0076     0.0079     0.0074 
Synchronization            0.0012     0.0072     0.0072     0.0074     0.0069     0.0071     0.0097     0.0008     0.0161     0.0155     0.0160     0.0146     0.0154     0.0175 
Variation                  0.0020     0.0083     0.0082     0.0084     0.0079     0.0081     0.0108     0.0010     0.0127     0.0123     0.0126     0.0117     0.0122     0.0145 
Overlap                    0.0005     0.0002     0.0002     0.0002     0.0002     0.0002     0.0001     0.0003     0.0000     0.0000     0.0000     0.0000     0.0000     0.0000 
Load imbalance             0.0001     0.0000     0.0000     0.0000     0.0000     0.0000     0.0000     0.0001     0.0006     0.0006     0.0006     0.0005     0.0006     0.0005 
Execution time             0.0214     0.0214     0.0214     0.0214     0.0214     0.0214     0.0214     0.0214     0.0214     0.0214     0.0214     0.0214     0.0214     0.0214 
User CPU time              0.0014     0.0014     0.0014     0.0014     0.0014     0.0014     0.0014     0.0014     0.0009     0.0009     0.0009     0.0010     0.0009     0.0010 
Sys. CPU time              0.0002     0.0002     0.0002     0.0002     0.0002     0.0002     0.0002     0.0002     0.0002     0.0002     0.0001     0.0002     0.0002     0.0002 
I/O time                   0.0000     0.0000     0.0000     0.0000     0.0000     0.0000     0.0000     0.0000     0.0000     0.0000     0.0000     0.0000     0.0000     0.0000 
Processors                     14         14         14         14         14         14         14         14         14         14         14         14         14         14 
           Communication          
Reduction                  0.0012     0.0004     0.0005     0.0005     0.0005     0.0004     0.0004     0.0004     0.0011     0.0010     0.0010     0.0009     0.0011     0.0010 
Shadow                     0.0006     0.0005     0.0006     0.0006     0.0005     0.0006     0.0005     0.0021     0.0071     0.0069     0.0071     0.0066     0.0068     0.0064 
           Synchronization        
I/O                        0.0000     0.0011     0.0010     0.0011     0.0010     0.0010     0.0018     0.0000     0.0011     0.0010     0.0011     0.0010     0.0011     0.0018 
Reduction                  0.0000     0.0016     0.0015     0.0016     0.0015     0.0015     0.0022     0.0001     0.0016     0.0015     0.0016     0.0015     0.0016     0.0022 
Shadow                     0.0012     0.0045     0.0047     0.0047     0.0044     0.0045     0.0057     0.0007     0.0133     0.0129     0.0133     0.0121     0.0128     0.0134 
           Variation              
I/O                        0.0000     0.0013     0.0012     0.0013     0.0012     0.0013     0.0020     0.0003     0.0014     0.0013     0.0013     0.0012     0.0013     0.0021 
Reduction                  0.0000     0.0016     0.0015     0.0016     0.0015     0.0015     0.0022     0.0001     0.0016     0.0015     0.0016     0.0015     0.0015     0.0022 
Shadow                     0.0020     0.0054     0.0055     0.0056     0.0053     0.0053     0.0066     0.0007     0.0097     0.0096     0.0097     0.0090     0.0094     0.0103 
           Overlap                
Reduction                  0.0000     0.0000     0.0000     0.0000     0.0000     0.0000     0.0000     0.0000     0.0000     0.0000     0.0000     0.0000     0.0000     0.0000 
Shadow                     0.0005     0.0002     0.0002     0.0002     0.0002     0.0002     0.0001     0.0003     0.0000     0.0000     0.0000     0.0000     0.0000     0.0000 


-------------------------------------------------------------------------
Name (number) and performance time of processors
omp.keldysh.ru(1) 0.935371
omp.keldysh.ru(2) 0.935302
omp.keldysh.ru(3) 0.954248
omp.keldysh.ru(4) 0.954578
omp.keldysh.ru(5) 0.959102
omp.keldysh.ru(6) 0.959083
omp.keldysh.ru(7) 0.960023
omp.keldysh.ru(8) 0.959763
omp.keldysh.ru(9) 0.957270
omp.keldysh.ru(10) 0.957282
omp.keldysh.ru(11) 0.957440
omp.keldysh.ru(12) 0.957449
omp.keldysh.ru(13) 0.959757
omp.keldysh.ru(14) 0.959762
min - omp.keldysh.ru(2) 0.935302; max - omp.keldysh.ru(7) 0.960023; mid - 0.954745
