Processor system=6*1*3
Statistics has been accumulated on DVM-system version 5.0, platform DVM
Analyzer is executing on DVM-system version 5.0, platform DVM
-------------------------------------------------------------------------
INTERVAL ( NLINE=5 SOURCE=alignplus33.f ) LEVEL=0  EXE_COUNT=2
--- The main characteristics --- 
Parallelization efficiency      0.0521 
Execution time                  0.0051 
Processors                          18
Threads amount                      18
Total time                      0.0918
Productive time                 0.0048 ( CPU= 0.0045 Sys= 0.0002 I/O= 0.0000 )
Lost  time                      0.0870 
   Insufficient parallelism     0.0731 ( User= 0.0690 Sys= 0.0041 )
   Communication                0.0116 ( Real_sync= 0.0000 Starts= 0.0000 )
   Idle time                    0.0024
Load imbalance                  0.0005
Synchronization                 0.0051
Time variation                  0.0075
Overlap                         0.0000
                  Nop   Communic    Synchro  Variation    Overlap 
I/O                 6     0.0000     0.0034     0.0058     0.0000 
Reduction           5     0.0116     0.0018     0.0017     0.0000 
--- The comparative characteristics --- 
                              Tmin N proc      Tmax N proc      Tmid
Lost time                   0.0048     3     0.0049     5     0.0048 
User insufficient par.      0.0025     5     0.0040     3     0.0038 
Sys.insufficient par.       0.0001    17     0.0004     1     0.0002 
Idle time                   0.0000    18     0.0016     5     0.0001 
Communication               0.0005     1     0.0009    17     0.0006 
Synchronization             0.0001    10     0.0005    18     0.0003 
Variation                   0.0001     1     0.0006    18     0.0004 
Overlap                     0.0000     3     0.0000    17     0.0000 
Load imbalance              0.0000     3     0.0001     5     0.0000 
Execution time              0.0035     5     0.0051    18     0.0050 
User CPU time               0.0002     5     0.0003     2     0.0003 
Sys. CPU time               0.0000    17     0.0000    12     0.0000 
I/O time                    0.0000    11     0.0000     1     0.0000 
Processors                      18     1         18    18         18 
                      Communic          Synchro        Variation          Overlap  
I/O             Tmin    0.0000     1     0.0000    10     0.0000     1     0.0000     1 
I/O             Tmax    0.0000    18     0.0003    18     0.0005    18     0.0000    18 
I/O             Tmid    0.0000           0.0002           0.0003           0.0000       
Reduction       Tmin    0.0005     1     0.0000     1     0.0000     4     0.0000     3 
Reduction       Tmax    0.0009    17     0.0002    18     0.0002    15     0.0000    17 
Reduction       Tmid    0.0006           0.0001           0.0001           0.0000       
--- The execution characteristics --- 
                                1          2          3          4          5          6          7          8          9         10         11         12         13         14         15         16         17         18 
Lost time                  0.0048     0.0048     0.0048     0.0048     0.0049     0.0048     0.0048     0.0048     0.0048     0.0048     0.0048     0.0048     0.0048     0.0048     0.0048     0.0049     0.0049     0.0049 
User insufficient par.     0.0039     0.0040     0.0040     0.0039     0.0025     0.0040     0.0039     0.0040     0.0039     0.0038     0.0039     0.0039     0.0039     0.0039     0.0040     0.0038     0.0038     0.0038 
Sys.insufficient par.      0.0004     0.0002     0.0002     0.0002     0.0002     0.0002     0.0002     0.0002     0.0002     0.0002     0.0002     0.0003     0.0002     0.0002     0.0002     0.0002     0.0001     0.0002 
Idle time                  0.0001     0.0000     0.0000     0.0000     0.0016     0.0000     0.0000     0.0000     0.0001     0.0001     0.0001     0.0000     0.0000     0.0000     0.0000     0.0000     0.0000     0.0000 
Communication              0.0005     0.0005     0.0005     0.0006     0.0006     0.0005     0.0006     0.0006     0.0006     0.0006     0.0006     0.0006     0.0007     0.0007     0.0006     0.0009     0.0009     0.0009 
Synchronization            0.0001     0.0003     0.0005     0.0001     0.0003     0.0005     0.0001     0.0003     0.0004     0.0001     0.0003     0.0004     0.0001     0.0003     0.0004     0.0001     0.0004     0.0005 
Variation                  0.0001     0.0004     0.0006     0.0002     0.0004     0.0006     0.0002     0.0004     0.0005     0.0002     0.0005     0.0006     0.0003     0.0004     0.0006     0.0003     0.0005     0.0006 
Overlap                    0.0000     0.0000     0.0000     0.0000     0.0000     0.0000     0.0000     0.0000     0.0000     0.0000     0.0000     0.0000     0.0000     0.0000     0.0000     0.0000     0.0000     0.0000 
Load imbalance             0.0000     0.0000     0.0000     0.0000     0.0001     0.0000     0.0000     0.0000     0.0000     0.0000     0.0000     0.0000     0.0000     0.0000     0.0000     0.0001     0.0001     0.0001 
Execution time             0.0050     0.0051     0.0051     0.0051     0.0035     0.0051     0.0051     0.0051     0.0050     0.0050     0.0050     0.0051     0.0051     0.0051     0.0051     0.0051     0.0051     0.0051 
User CPU time              0.0003     0.0003     0.0003     0.0003     0.0002     0.0003     0.0003     0.0003     0.0003     0.0003     0.0003     0.0003     0.0003     0.0003     0.0003     0.0002     0.0002     0.0002 
Sys. CPU time              0.0000     0.0000     0.0000     0.0000     0.0000     0.0000     0.0000     0.0000     0.0000     0.0000     0.0000     0.0000     0.0000     0.0000     0.0000     0.0000     0.0000     0.0000 
I/O time                   0.0000     0.0000     0.0000     0.0000     0.0000     0.0000     0.0000     0.0000     0.0000     0.0000     0.0000     0.0000     0.0000     0.0000     0.0000     0.0000     0.0000     0.0000 
Processors                     18         18         18         18         18         18         18         18         18         18         18         18         18         18         18         18         18         18 
           Communication          
Reduction                  0.0005     0.0005     0.0005     0.0006     0.0006     0.0005     0.0006     0.0006     0.0006     0.0006     0.0006     0.0006     0.0007     0.0007     0.0006     0.0009     0.0009     0.0009 
           Synchronization        
I/O                        0.0001     0.0002     0.0003     0.0001     0.0002     0.0003     0.0001     0.0002     0.0002     0.0000     0.0002     0.0003     0.0001     0.0002     0.0003     0.0001     0.0003     0.0003 
Reduction                  0.0000     0.0001     0.0002     0.0000     0.0001     0.0002     0.0000     0.0001     0.0002     0.0000     0.0001     0.0002     0.0000     0.0001     0.0002     0.0000     0.0001     0.0002 
           Variation              
I/O                        0.0000     0.0003     0.0004     0.0002     0.0003     0.0004     0.0002     0.0003     0.0004     0.0002     0.0004     0.0004     0.0003     0.0003     0.0004     0.0002     0.0004     0.0005 
Reduction                  0.0000     0.0001     0.0002     0.0000     0.0001     0.0002     0.0000     0.0001     0.0002     0.0000     0.0001     0.0002     0.0000     0.0001     0.0002     0.0000     0.0001     0.0002 
           Overlap                
Reduction                  0.0000     0.0000     0.0000     0.0000     0.0000     0.0000     0.0000     0.0000     0.0000     0.0000     0.0000     0.0000     0.0000     0.0000     0.0000     0.0000     0.0000     0.0000 


-------------------------------------------------------------------------
Name (number) and performance time of processors
omp.keldysh.ru(1) 0.935495
omp.keldysh.ru(2) 0.935415
omp.keldysh.ru(3) 0.960210
omp.keldysh.ru(4) 0.960219
omp.keldysh.ru(5) 0.935447
omp.keldysh.ru(6) 0.935427
omp.keldysh.ru(7) 0.956842
omp.keldysh.ru(8) 0.957148
omp.keldysh.ru(9) 0.959649
omp.keldysh.ru(10) 0.959649
omp.keldysh.ru(11) 0.958462
omp.keldysh.ru(12) 0.958439
omp.keldysh.ru(13) 0.959452
omp.keldysh.ru(14) 0.959427
omp.keldysh.ru(15) 0.957454
omp.keldysh.ru(16) 0.957466
omp.keldysh.ru(17) 0.958482
omp.keldysh.ru(18) 0.958468
min - omp.keldysh.ru(2) 0.935415; max - omp.keldysh.ru(4) 0.960219; mid - 0.953508
