Processor system=2*4*2
Statistics has been accumulated on DVM-system version 5.0, platform DVM
Analyzer is executing on DVM-system version 5.0, platform DVM
-------------------------------------------------------------------------
INTERVAL ( NLINE=8 SOURCE=red31.f ) LEVEL=0  EXE_COUNT=1
--- The main characteristics --- 
Parallelization efficiency      0.0729 
Execution time                  0.0101 
Processors                          16
Threads amount                      16
Total time                      0.1616
Productive time                 0.0118 ( CPU= 0.0109 Sys= 0.0009 I/O= 0.0000 )
Lost  time                      0.1498 
   Insufficient parallelism     0.1065 ( User= 0.0928 Sys= 0.0137 )
   Communication                0.0109 ( Real_sync= 0.0000 Starts= 0.0000 )
   Idle time                    0.0324
Load imbalance                  0.0026
Synchronization                 0.0068
Time variation                  0.0063
Overlap                         0.0000
                  Nop   Communic    Synchro  Variation    Overlap 
I/O                16     0.0000     0.0008     0.0037     0.0000 
Reduction          14     0.0071     0.0011     0.0005     0.0000 
Remote access      36     0.0038     0.0048     0.0022     0.0000 
--- The comparative characteristics --- 
                              Tmin N proc      Tmax N proc      Tmid
Lost time                   0.0092     8     0.0096    15     0.0094 
User insufficient par.      0.0039    15     0.0078     8     0.0058 
Sys.insufficient par.       0.0007    14     0.0011     1     0.0009 
Idle time                   0.0000     8     0.0038     9     0.0020 
Communication               0.0005     7     0.0012    14     0.0007 
Synchronization             0.0002     1     0.0007    14     0.0004 
Variation                   0.0001     1     0.0005     2     0.0004 
Overlap                     0.0000     2     0.0000    12     0.0000 
Load imbalance              0.0000     8     0.0004    15     0.0002 
Execution time              0.0063     9     0.0101     8     0.0081 
User CPU time               0.0005    15     0.0008     8     0.0007 
Sys. CPU time               0.0000    14     0.0001     2     0.0001 
I/O time                    0.0000     3     0.0000     1     0.0000 
Processors                      16     1         16    16         16 
                      Communic          Synchro        Variation          Overlap  
I/O             Tmin    0.0000     1     0.0000    12     0.0000     1     0.0000     1 
I/O             Tmax    0.0000    16     0.0001     2     0.0003     2     0.0000    16 
I/O             Tmid    0.0000           0.0001           0.0002           0.0000       
Reduction       Tmin    0.0002     1     0.0000     7     0.0000    16     0.0000     1 
Reduction       Tmax    0.0007    14     0.0002    14     0.0001     1     0.0000    12 
Reduction       Tmid    0.0004           0.0001           0.0000           0.0000       
Remote access   Tmin    0.0001     2     0.0000     1     0.0000     1     0.0000     2 
Remote access   Tmax    0.0005    15     0.0005    14     0.0002     2     0.0000     1 
Remote access   Tmid    0.0002           0.0003           0.0001           0.0000       
--- The execution characteristics --- 
                                1          2          3          4          5          6          7          8          9         10         11         12         13         14         15         16 
Lost time                  0.0093     0.0094     0.0093     0.0093     0.0094     0.0092     0.0092     0.0092     0.0095     0.0094     0.0095     0.0093     0.0094     0.0094     0.0096     0.0095 
User insufficient par.     0.0062     0.0042     0.0064     0.0056     0.0052     0.0074     0.0075     0.0078     0.0042     0.0060     0.0042     0.0070     0.0064     0.0064     0.0039     0.0046 
Sys.insufficient par.      0.0011     0.0009     0.0009     0.0009     0.0009     0.0009     0.0009     0.0009     0.0009     0.0009     0.0009     0.0009     0.0007     0.0007     0.0007     0.0008 
Idle time                  0.0015     0.0038     0.0015     0.0023     0.0027     0.0004     0.0004     0.0000     0.0038     0.0019     0.0038     0.0008     0.0012     0.0012     0.0038     0.0031 
Communication              0.0005     0.0005     0.0005     0.0005     0.0005     0.0005     0.0005     0.0005     0.0006     0.0005     0.0006     0.0006     0.0011     0.0012     0.0012     0.0010 
Synchronization            0.0002     0.0004     0.0004     0.0004     0.0004     0.0004     0.0003     0.0003     0.0004     0.0003     0.0003     0.0003     0.0007     0.0007     0.0007     0.0005 
Variation                  0.0001     0.0005     0.0005     0.0005     0.0005     0.0005     0.0004     0.0004     0.0004     0.0004     0.0004     0.0003     0.0004     0.0004     0.0004     0.0003 
Overlap                    0.0000     0.0000     0.0000     0.0000     0.0000     0.0000     0.0000     0.0000     0.0000     0.0000     0.0000     0.0000     0.0000     0.0000     0.0000     0.0000 
Load imbalance             0.0001     0.0002     0.0001     0.0001     0.0002     0.0000     0.0000     0.0000     0.0003     0.0001     0.0003     0.0001     0.0002     0.0002     0.0004     0.0003 
Execution time             0.0086     0.0063     0.0086     0.0078     0.0074     0.0097     0.0097     0.0101     0.0063     0.0082     0.0063     0.0093     0.0089     0.0089     0.0063     0.0070 
User CPU time              0.0007     0.0006     0.0008     0.0007     0.0007     0.0008     0.0008     0.0008     0.0006     0.0007     0.0006     0.0008     0.0007     0.0007     0.0005     0.0006 
Sys. CPU time              0.0001     0.0001     0.0001     0.0001     0.0001     0.0001     0.0001     0.0001     0.0001     0.0001     0.0001     0.0001     0.0000     0.0000     0.0000     0.0001 
I/O time                   0.0000     0.0000     0.0000     0.0000     0.0000     0.0000     0.0000     0.0000     0.0000     0.0000     0.0000     0.0000     0.0000     0.0000     0.0000     0.0000 
Processors                     16         16         16         16         16         16         16         16         16         16         16         16         16         16         16         16 
           Communication          
Reduction                  0.0002     0.0004     0.0004     0.0004     0.0004     0.0004     0.0003     0.0003     0.0004     0.0003     0.0004     0.0004     0.0007     0.0007     0.0007     0.0007 
Remote access              0.0002     0.0001     0.0001     0.0002     0.0002     0.0002     0.0002     0.0002     0.0002     0.0002     0.0002     0.0002     0.0004     0.0005     0.0005     0.0003 
           Synchronization        
I/O                        0.0001     0.0001     0.0000     0.0001     0.0001     0.0001     0.0001     0.0001     0.0000     0.0000     0.0000     0.0000     0.0001     0.0001     0.0001     0.0001 
Reduction                  0.0001     0.0001     0.0000     0.0001     0.0001     0.0001     0.0000     0.0000     0.0001     0.0000     0.0000     0.0000     0.0001     0.0002     0.0001     0.0001 
Remote access              0.0000     0.0003     0.0003     0.0003     0.0003     0.0003     0.0002     0.0002     0.0003     0.0003     0.0003     0.0003     0.0005     0.0005     0.0005     0.0004 
           Variation              
I/O                        0.0000     0.0003     0.0002     0.0003     0.0003     0.0003     0.0002     0.0002     0.0002     0.0002     0.0002     0.0002     0.0003     0.0002     0.0003     0.0002 
Reduction                  0.0001     0.0001     0.0000     0.0000     0.0000     0.0000     0.0000     0.0000     0.0000     0.0000     0.0000     0.0000     0.0000     0.0000     0.0000     0.0000 
Remote access              0.0000     0.0002     0.0002     0.0002     0.0002     0.0002     0.0001     0.0001     0.0001     0.0001     0.0001     0.0001     0.0001     0.0001     0.0001     0.0001 
           Overlap                
Reduction                  0.0000     0.0000     0.0000     0.0000     0.0000     0.0000     0.0000     0.0000     0.0000     0.0000     0.0000     0.0000     0.0000     0.0000     0.0000     0.0000 
Remote access              0.0000     0.0000     0.0000     0.0000     0.0000     0.0000     0.0000     0.0000     0.0000     0.0000     0.0000     0.0000     0.0000     0.0000     0.0000     0.0000 


-------------------------------------------------------------------------
Name (number) and performance time of processors
omp.keldysh.ru(1) 0.933940
omp.keldysh.ru(2) 0.933879
omp.keldysh.ru(3) 0.954355
omp.keldysh.ru(4) 0.954360
omp.keldysh.ru(5) 0.933602
omp.keldysh.ru(6) 0.933941
omp.keldysh.ru(7) 0.956346
omp.keldysh.ru(8) 0.956339
omp.keldysh.ru(9) 0.955237
omp.keldysh.ru(10) 0.955241
omp.keldysh.ru(11) 0.933932
omp.keldysh.ru(12) 0.933917
omp.keldysh.ru(13) 0.956458
omp.keldysh.ru(14) 0.956443
omp.keldysh.ru(15) 0.956523
omp.keldysh.ru(16) 0.956520
min - omp.keldysh.ru(5) 0.933602; max - omp.keldysh.ru(15) 0.956523; mid - 0.947565
