Processor system=4*2*1*2
Statistics has been accumulated on DVM-system version 5.0, platform DVM
Analyzer is executing on DVM-system version 5.0, platform DVM
-------------------------------------------------------------------------
INTERVAL ( NLINE=5 SOURCE=align44.f ) LEVEL=0  EXE_COUNT=1
--- The main characteristics --- 
Parallelization efficiency      0.0659 
Execution time                  0.0093 
Processors                          16
Threads amount                      16
Total time                      0.1487
Productive time                 0.0098 ( CPU= 0.0094 Sys= 0.0004 I/O= 0.0000 )
Lost  time                      0.1389 
   Insufficient parallelism     0.1024 ( User= 0.0962 Sys= 0.0063 )
   Communication                0.0055 ( Real_sync= 0.0000 Starts= 0.0000 )
   Idle time                    0.0310
Load imbalance                  0.0021
Synchronization                 0.0007
Time variation                  0.0033
Overlap                         0.0000
                  Nop   Communic    Synchro  Variation    Overlap 
I/O                 9     0.0000     0.0006     0.0032     0.0000 
Reduction           7     0.0055     0.0001     0.0000     0.0000 
--- The comparative characteristics --- 
                              Tmin N proc      Tmax N proc      Tmid
Lost time                   0.0085    12     0.0088    14     0.0087 
User insufficient par.      0.0048    14     0.0079    12     0.0060 
Sys.insufficient par.       0.0003    15     0.0006     1     0.0004 
Idle time                   0.0000    12     0.0030    14     0.0019 
Communication               0.0001     1     0.0006    14     0.0003 
Synchronization             0.0000     1     0.0001    14     0.0000 
Variation                   0.0000     1     0.0002    13     0.0002 
Overlap                     0.0000     1     0.0000    12     0.0000 
Load imbalance              0.0000    12     0.0002    14     0.0001 
Execution time              0.0063    14     0.0093    12     0.0074 
User CPU time               0.0005    14     0.0007    12     0.0006 
Sys. CPU time               0.0000    15     0.0000     5     0.0000 
I/O time                    0.0000    13     0.0000     1     0.0000 
Processors                      16     1         16    16         16 
                      Communic          Synchro        Variation          Overlap  
I/O             Tmin    0.0000     1     0.0000     1     0.0000     1     0.0000     1 
I/O             Tmax    0.0000    16     0.0001    14     0.0002    13     0.0000    16 
I/O             Tmid    0.0000           0.0000           0.0002           0.0000       
Reduction       Tmin    0.0001     1     0.0000    10     0.0000    10     0.0000     1 
Reduction       Tmax    0.0006    14     0.0000    14     0.0000    14     0.0000    12 
Reduction       Tmid    0.0003           0.0000           0.0000           0.0000       
--- The execution characteristics --- 
                                1          2          3          4          5          6          7          8          9         10         11         12         13         14         15         16 
Lost time                  0.0087     0.0086     0.0086     0.0086     0.0086     0.0087     0.0086     0.0087     0.0087     0.0087     0.0087     0.0085     0.0087     0.0088     0.0088     0.0088 
User insufficient par.     0.0050     0.0064     0.0064     0.0075     0.0068     0.0051     0.0068     0.0051     0.0060     0.0050     0.0060     0.0079     0.0070     0.0048     0.0048     0.0056 
Sys.insufficient par.      0.0006     0.0004     0.0004     0.0004     0.0004     0.0004     0.0004     0.0004     0.0004     0.0004     0.0004     0.0004     0.0003     0.0003     0.0003     0.0004 
Idle time                  0.0030     0.0015     0.0016     0.0004     0.0012     0.0030     0.0012     0.0030     0.0019     0.0030     0.0020     0.0000     0.0008     0.0030     0.0030     0.0023 
Communication              0.0001     0.0003     0.0003     0.0003     0.0002     0.0003     0.0003     0.0003     0.0003     0.0003     0.0003     0.0003     0.0006     0.0006     0.0006     0.0005 
Synchronization            0.0000     0.0000     0.0000     0.0000     0.0000     0.0000     0.0000     0.0001     0.0000     0.0000     0.0000     0.0000     0.0001     0.0001     0.0001     0.0001 
Variation                  0.0000     0.0002     0.0002     0.0002     0.0002     0.0002     0.0002     0.0002     0.0002     0.0002     0.0002     0.0002     0.0002     0.0002     0.0002     0.0002 
Overlap                    0.0000     0.0000     0.0000     0.0000     0.0000     0.0000     0.0000     0.0000     0.0000     0.0000     0.0000     0.0000     0.0000     0.0000     0.0000     0.0000 
Load imbalance             0.0002     0.0001     0.0001     0.0000     0.0000     0.0002     0.0001     0.0002     0.0001     0.0002     0.0001     0.0000     0.0001     0.0002     0.0002     0.0002 
Execution time             0.0063     0.0077     0.0077     0.0089     0.0081     0.0063     0.0081     0.0063     0.0073     0.0063     0.0073     0.0093     0.0085     0.0063     0.0063     0.0070 
User CPU time              0.0005     0.0006     0.0006     0.0007     0.0007     0.0005     0.0006     0.0005     0.0006     0.0005     0.0006     0.0007     0.0006     0.0005     0.0005     0.0005 
Sys. CPU time              0.0000     0.0000     0.0000     0.0000     0.0000     0.0000     0.0000     0.0000     0.0000     0.0000     0.0000     0.0000     0.0000     0.0000     0.0000     0.0000 
I/O time                   0.0000     0.0000     0.0000     0.0000     0.0000     0.0000     0.0000     0.0000     0.0000     0.0000     0.0000     0.0000     0.0000     0.0000     0.0000     0.0000 
Processors                     16         16         16         16         16         16         16         16         16         16         16         16         16         16         16         16 
           Communication          
Reduction                  0.0001     0.0003     0.0003     0.0003     0.0002     0.0003     0.0003     0.0003     0.0003     0.0003     0.0003     0.0003     0.0006     0.0006     0.0006     0.0005 
           Synchronization        
I/O                        0.0000     0.0000     0.0000     0.0000     0.0000     0.0000     0.0000     0.0000     0.0000     0.0000     0.0000     0.0000     0.0001     0.0001     0.0001     0.0001 
Reduction                  0.0000     0.0000     0.0000     0.0000     0.0000     0.0000     0.0000     0.0000     0.0000     0.0000     0.0000     0.0000     0.0000     0.0000     0.0000     0.0000 
           Variation              
I/O                        0.0000     0.0002     0.0002     0.0002     0.0002     0.0002     0.0002     0.0002     0.0002     0.0002     0.0002     0.0002     0.0002     0.0002     0.0002     0.0002 
Reduction                  0.0000     0.0000     0.0000     0.0000     0.0000     0.0000     0.0000     0.0000     0.0000     0.0000     0.0000     0.0000     0.0000     0.0000     0.0000     0.0000 
           Overlap                
Reduction                  0.0000     0.0000     0.0000     0.0000     0.0000     0.0000     0.0000     0.0000     0.0000     0.0000     0.0000     0.0000     0.0000     0.0000     0.0000     0.0000 


-------------------------------------------------------------------------
Name (number) and performance time of processors
omp.keldysh.ru(1) 0.933974
omp.keldysh.ru(2) 0.933906
omp.keldysh.ru(3) 0.933634
omp.keldysh.ru(4) 0.933976
omp.keldysh.ru(5) 0.949532
omp.keldysh.ru(6) 0.949535
omp.keldysh.ru(7) 0.951565
omp.keldysh.ru(8) 0.951570
omp.keldysh.ru(9) 0.953843
omp.keldysh.ru(10) 0.953843
omp.keldysh.ru(11) 0.952872
omp.keldysh.ru(12) 0.952851
omp.keldysh.ru(13) 0.952512
omp.keldysh.ru(14) 0.952467
omp.keldysh.ru(15) 0.951881
omp.keldysh.ru(16) 0.951874
min - omp.keldysh.ru(3) 0.933634; max - omp.keldysh.ru(10) 0.953843; mid - 0.947490
