Processor system=3*1*3*2
Statistics has been accumulated on DVM-system version 5.0, platform DVM
Analyzer is executing on DVM-system version 5.0, platform DVM
-------------------------------------------------------------------------
INTERVAL ( NLINE=8 SOURCE=sha43.f ) LEVEL=0  EXE_COUNT=2
--- The main characteristics --- 
Parallelization efficiency      0.0690 
Execution time                  0.0142 
Processors                          18
Threads amount                      18
Total time                      0.2548
Productive time                 0.0176 ( CPU= 0.0156 Sys= 0.0019 I/O= 0.0000 )
Lost  time                      0.2372 
   Insufficient parallelism     0.1677 ( User= 0.1344 Sys= 0.0334 )
   Communication                0.0451 ( Real_sync= 0.0000 Starts= 0.0000 )
   Idle time                    0.0244
Load imbalance                  0.0035
Synchronization                 0.0208
Time variation                  0.0225
Overlap                         0.0000
                  Nop   Communic    Synchro  Variation    Overlap 
I/O                 6     0.0000     0.0019     0.0044     0.0000 
Reduction           5     0.0270     0.0014     0.0014     0.0000 
Shadow              5     0.0181     0.0175     0.0167     0.0000 
--- The comparative characteristics --- 
                              Tmin N proc      Tmax N proc      Tmid
Lost time                   0.0130    10     0.0134    17     0.0132 
User insufficient par.      0.0062    17     0.0086    18     0.0075 
Sys.insufficient par.       0.0010    17     0.0027    10     0.0019 
Idle time                   0.0000    18     0.0020    12     0.0014 
Communication               0.0013    10     0.0042    17     0.0025 
Synchronization             0.0001     9     0.0027    17     0.0012 
Variation                   0.0002     9     0.0017     2     0.0012 
Overlap                     0.0000     1     0.0000     9     0.0000 
Load imbalance              0.0000    10     0.0004    17     0.0002 
Execution time              0.0122    12     0.0142    18     0.0128 
User CPU time               0.0007    17     0.0010    16     0.0009 
Sys. CPU time               0.0001    17     0.0002    10     0.0001 
I/O time                    0.0000     4     0.0000     1     0.0000 
Processors                      18     1         18    18         18 
                      Communic          Synchro        Variation          Overlap  
I/O             Tmin    0.0000     1     0.0000     7     0.0000     1     0.0000     1 
I/O             Tmax    0.0000    18     0.0002    10     0.0003     2     0.0000    18 
I/O             Tmid    0.0000           0.0001           0.0002           0.0000       
Reduction       Tmin    0.0004    10     0.0000     3     0.0000     3     0.0000     1 
Reduction       Tmax    0.0019     1     0.0001    10     0.0001    10     0.0000    18 
Reduction       Tmid    0.0015           0.0001           0.0001           0.0000       
Shadow          Tmin    0.0006    12     0.0000     9     0.0000     9     0.0000     1 
Shadow          Tmax    0.0024    17     0.0026    17     0.0013     4     0.0000     9 
Shadow          Tmid    0.0010           0.0010           0.0009           0.0000       
--- The execution characteristics --- 
                                1          2          3          4          5          6          7          8          9         10         11         12         13         14         15         16         17         18 
Lost time                  0.0133     0.0133     0.0132     0.0132     0.0132     0.0131     0.0132     0.0131     0.0130     0.0130     0.0132     0.0131     0.0133     0.0133     0.0131     0.0130     0.0134     0.0131 
User insufficient par.     0.0073     0.0074     0.0069     0.0069     0.0086     0.0085     0.0070     0.0080     0.0078     0.0079     0.0069     0.0070     0.0069     0.0069     0.0071     0.0084     0.0062     0.0086 
Sys.insufficient par.      0.0017     0.0016     0.0019     0.0019     0.0015     0.0015     0.0021     0.0021     0.0027     0.0027     0.0022     0.0022     0.0015     0.0014     0.0019     0.0019     0.0010     0.0016 
Idle time                  0.0013     0.0013     0.0020     0.0020     0.0003     0.0003     0.0020     0.0008     0.0011     0.0011     0.0020     0.0020     0.0019     0.0020     0.0019     0.0006     0.0019     0.0000 
Communication              0.0030     0.0030     0.0025     0.0025     0.0028     0.0028     0.0022     0.0022     0.0015     0.0013     0.0021     0.0019     0.0030     0.0029     0.0022     0.0021     0.0042     0.0030 
Synchronization            0.0014     0.0018     0.0008     0.0014     0.0012     0.0016     0.0006     0.0011     0.0001     0.0005     0.0006     0.0008     0.0013     0.0017     0.0007     0.0009     0.0027     0.0018 
Variation                  0.0012     0.0017     0.0013     0.0017     0.0013     0.0017     0.0010     0.0014     0.0002     0.0006     0.0009     0.0012     0.0013     0.0017     0.0011     0.0014     0.0013     0.0016 
Overlap                    0.0000     0.0000     0.0000     0.0000     0.0000     0.0000     0.0000     0.0000     0.0000     0.0000     0.0000     0.0000     0.0000     0.0000     0.0000     0.0000     0.0000     0.0000 
Load imbalance             0.0003     0.0003     0.0003     0.0002     0.0002     0.0001     0.0002     0.0001     0.0000     0.0000     0.0002     0.0002     0.0003     0.0003     0.0001     0.0000     0.0004     0.0001 
Execution time             0.0128     0.0128     0.0122     0.0122     0.0139     0.0139     0.0122     0.0133     0.0131     0.0131     0.0122     0.0122     0.0122     0.0122     0.0122     0.0136     0.0122     0.0142 
User CPU time              0.0007     0.0008     0.0008     0.0008     0.0009     0.0009     0.0008     0.0009     0.0010     0.0010     0.0009     0.0009     0.0008     0.0008     0.0009     0.0010     0.0007     0.0009 
Sys. CPU time              0.0001     0.0001     0.0001     0.0001     0.0001     0.0001     0.0001     0.0001     0.0002     0.0002     0.0001     0.0001     0.0001     0.0001     0.0001     0.0001     0.0001     0.0001 
I/O time                   0.0000     0.0000     0.0000     0.0000     0.0000     0.0000     0.0000     0.0000     0.0000     0.0000     0.0000     0.0000     0.0000     0.0000     0.0000     0.0000     0.0000     0.0000 
Processors                     18         18         18         18         18         18         18         18         18         18         18         18         18         18         18         18         18         18 
           Communication          
Reduction                  0.0019     0.0018     0.0017     0.0017     0.0018     0.0018     0.0014     0.0014     0.0005     0.0004     0.0013     0.0012     0.0018     0.0018     0.0014     0.0013     0.0018     0.0018 
Shadow                     0.0011     0.0011     0.0007     0.0008     0.0010     0.0010     0.0008     0.0008     0.0010     0.0009     0.0007     0.0006     0.0012     0.0011     0.0008     0.0008     0.0024     0.0012 
           Synchronization        
I/O                        0.0000     0.0002     0.0000     0.0002     0.0001     0.0002     0.0000     0.0002     0.0000     0.0002     0.0000     0.0001     0.0000     0.0002     0.0000     0.0002     0.0001     0.0002 
Reduction                  0.0000     0.0001     0.0000     0.0001     0.0000     0.0001     0.0000     0.0001     0.0000     0.0001     0.0000     0.0001     0.0000     0.0001     0.0000     0.0001     0.0000     0.0001 
Shadow                     0.0013     0.0014     0.0008     0.0011     0.0012     0.0013     0.0005     0.0008     0.0000     0.0002     0.0005     0.0005     0.0012     0.0014     0.0006     0.0006     0.0026     0.0015 
           Variation              
I/O                        0.0000     0.0003     0.0002     0.0003     0.0002     0.0003     0.0002     0.0003     0.0002     0.0003     0.0002     0.0003     0.0002     0.0003     0.0002     0.0003     0.0002     0.0003 
Reduction                  0.0000     0.0001     0.0000     0.0001     0.0000     0.0001     0.0000     0.0001     0.0000     0.0001     0.0000     0.0001     0.0000     0.0001     0.0000     0.0001     0.0000     0.0001 
Shadow                     0.0011     0.0013     0.0011     0.0013     0.0011     0.0012     0.0008     0.0010     0.0000     0.0001     0.0007     0.0007     0.0011     0.0012     0.0009     0.0009     0.0011     0.0012 
           Overlap                
Reduction                  0.0000     0.0000     0.0000     0.0000     0.0000     0.0000     0.0000     0.0000     0.0000     0.0000     0.0000     0.0000     0.0000     0.0000     0.0000     0.0000     0.0000     0.0000 
Shadow                     0.0000     0.0000     0.0000     0.0000     0.0000     0.0000     0.0000     0.0000     0.0000     0.0000     0.0000     0.0000     0.0000     0.0000     0.0000     0.0000     0.0000     0.0000 


-------------------------------------------------------------------------
Name (number) and performance time of processors
omp.keldysh.ru(1) 0.935448
omp.keldysh.ru(2) 0.935336
omp.keldysh.ru(3) 0.956657
omp.keldysh.ru(4) 0.956666
omp.keldysh.ru(5) 0.955850
omp.keldysh.ru(6) 0.955804
omp.keldysh.ru(7) 0.954540
omp.keldysh.ru(8) 0.954529
omp.keldysh.ru(9) 0.956396
omp.keldysh.ru(10) 0.956335
omp.keldysh.ru(11) 0.957651
omp.keldysh.ru(12) 0.957353
omp.keldysh.ru(13) 0.959618
omp.keldysh.ru(14) 0.959616
omp.keldysh.ru(15) 0.958203
omp.keldysh.ru(16) 0.958203
omp.keldysh.ru(17) 0.956051
omp.keldysh.ru(18) 0.956025
min - omp.keldysh.ru(2) 0.935336; max - omp.keldysh.ru(13) 0.959618; mid - 0.954460
