Processor system=3*3*2*1
Statistics has been accumulated on DVM-system version 5.0, platform DVM
Analyzer is executing on DVM-system version 5.0, platform DVM
-------------------------------------------------------------------------
INTERVAL ( NLINE=7 SOURCE=rem43.f ) LEVEL=0  EXE_COUNT=2
--- The main characteristics --- 
Parallelization efficiency      0.0469 
Execution time                  0.3962 
Processors                          18
Threads amount                      18
Total time                      7.1319
Productive time                 0.3342 ( CPU= 0.0174 Sys= 0.3168 I/O= 0.0000 )
Lost  time                      6.7977 
   Insufficient parallelism     5.5647 ( User= 0.1789 Sys= 5.3858 )
   Communication                1.2279 ( Real_sync= 0.0000 Starts= 0.0000 )
   Idle time                    0.0051
Load imbalance                  0.0306
Synchronization                 2.9853
Time variation                  2.4467
Overlap                         0.0004
                  Nop   Communic    Synchro  Variation    Overlap 
I/O                17     0.0000     0.0110     0.0139     0.0000 
Reduction           8     0.0059     0.0005     0.0006     0.0000 
Remote access    4155     1.2220     2.9737     2.4321     0.0004 
--- The comparative characteristics --- 
                              Tmin N proc      Tmax N proc      Tmid
Lost time                   0.3759     6     0.3846    17     0.3776 
User insufficient par.      0.0075    17     0.0120     6     0.0099 
Sys.insufficient par.       0.1839    17     0.3266    12     0.2992 
Idle time                   0.0000     7     0.0016    12     0.0003 
Communication               0.0374    12     0.1932    17     0.0682 
Synchronization             0.0187    16     0.2747    17     0.1659 
Variation                   0.0041    16     0.2026    18     0.1359 
Overlap                     0.0000    14     0.0001    16     0.0000 
Load imbalance              0.0000     6     0.0087    17     0.0017 
Execution time              0.3946    12     0.3962     7     0.3959 
User CPU time               0.0008    17     0.0011     6     0.0010 
Sys. CPU time               0.0108    17     0.0192    12     0.0176 
I/O time                    0.0000    10     0.0000     1     0.0000 
Processors                      18     1         18    18         18 
                      Communic          Synchro        Variation          Overlap  
I/O             Tmin    0.0000     1     0.0001    16     0.0003    16     0.0000     1 
I/O             Tmax    0.0000    18     0.0008    17     0.0010    17     0.0000    18 
I/O             Tmid    0.0000           0.0006           0.0008           0.0000       
Reduction       Tmin    0.0001    16     0.0000     4     0.0000     4     0.0000     1 
Reduction       Tmax    0.0007    18     0.0000    18     0.0000    18     0.0000     2 
Reduction       Tmid    0.0003           0.0000           0.0000           0.0000       
Remote access   Tmin    0.0372    12     0.0185    16     0.0038    16     0.0000     8 
Remote access   Tmax    0.1924    17     0.2738    17     0.2015    18     0.0001    16 
Remote access   Tmid    0.0679           0.1652           0.1351           0.0000       
--- The execution characteristics --- 
                                1          2          3          4          5          6          7          8          9         10         11         12         13         14         15         16         17         18 
Lost time                  0.3773     0.3768     0.3773     0.3766     0.3767     0.3759     0.3774     0.3768     0.3773     0.3765     0.3767     0.3760     0.3774     0.3768     0.3772     0.3763     0.3846     0.3840 
User insufficient par.     0.0095     0.0107     0.0096     0.0094     0.0108     0.0120     0.0097     0.0108     0.0080     0.0107     0.0106     0.0104     0.0096     0.0107     0.0097     0.0111     0.0075     0.0082 
Sys.insufficient par.      0.3050     0.3124     0.3055     0.3171     0.3142     0.3259     0.3041     0.3128     0.3070     0.3186     0.3147     0.3266     0.3045     0.3128     0.3068     0.3204     0.1839     0.1936 
Idle time                  0.0000     0.0000     0.0001     0.0016     0.0000     0.0000     0.0000     0.0000     0.0016     0.0001     0.0001     0.0016     0.0000     0.0000     0.0000     0.0000     0.0000     0.0000 
Communication              0.0628     0.0537     0.0621     0.0485     0.0518     0.0381     0.0636     0.0533     0.0607     0.0471     0.0513     0.0374     0.0633     0.0533     0.0607     0.0448     0.1932     0.1822 
Synchronization            0.1954     0.1783     0.1846     0.1627     0.1739     0.1531     0.1910     0.1737     0.1373     0.1162     0.1662     0.1447     0.1875     0.1697     0.0932     0.0187     0.2747     0.2646 
Variation                  0.1552     0.1543     0.1459     0.1447     0.1510     0.1501     0.1516     0.1510     0.0998     0.0995     0.1435     0.1425     0.1477     0.1466     0.0570     0.0041     0.1995     0.2026 
Overlap                    0.0000     0.0000     0.0000     0.0000     0.0000     0.0000     0.0000     0.0000     0.0000     0.0000     0.0000     0.0000     0.0000     0.0000     0.0001     0.0001     0.0000     0.0000 
Load imbalance             0.0014     0.0009     0.0013     0.0007     0.0008     0.0000     0.0014     0.0009     0.0013     0.0005     0.0007     0.0000     0.0014     0.0009     0.0012     0.0004     0.0087     0.0081 
Execution time             0.3962     0.3962     0.3962     0.3946     0.3962     0.3962     0.3962     0.3962     0.3946     0.3962     0.3962     0.3946     0.3962     0.3962     0.3962     0.3962     0.3962     0.3962 
User CPU time              0.0009     0.0010     0.0010     0.0009     0.0010     0.0011     0.0010     0.0010     0.0009     0.0010     0.0010     0.0010     0.0009     0.0010     0.0010     0.0010     0.0008     0.0008 
Sys. CPU time              0.0179     0.0184     0.0180     0.0187     0.0185     0.0192     0.0179     0.0184     0.0181     0.0187     0.0185     0.0192     0.0179     0.0184     0.0180     0.0188     0.0108     0.0114 
I/O time                   0.0000     0.0000     0.0000     0.0000     0.0000     0.0000     0.0000     0.0000     0.0000     0.0000     0.0000     0.0000     0.0000     0.0000     0.0000     0.0000     0.0000     0.0000 
Processors                     18         18         18         18         18         18         18         18         18         18         18         18         18         18         18         18         18         18 
           Communication          
Reduction                  0.0004     0.0004     0.0003     0.0003     0.0003     0.0003     0.0003     0.0003     0.0003     0.0002     0.0002     0.0002     0.0003     0.0003     0.0002     0.0001     0.0007     0.0007 
Remote access              0.0624     0.0534     0.0618     0.0482     0.0515     0.0378     0.0632     0.0529     0.0604     0.0468     0.0511     0.0372     0.0630     0.0530     0.0605     0.0448     0.1924     0.1815 
           Synchronization        
I/O                        0.0007     0.0007     0.0007     0.0006     0.0007     0.0006     0.0007     0.0007     0.0005     0.0005     0.0006     0.0006     0.0007     0.0006     0.0002     0.0001     0.0008     0.0008 
Reduction                  0.0000     0.0000     0.0000     0.0000     0.0000     0.0000     0.0000     0.0000     0.0000     0.0000     0.0000     0.0000     0.0000     0.0000     0.0000     0.0000     0.0000     0.0000 
Remote access              0.1947     0.1775     0.1838     0.1621     0.1732     0.1525     0.1903     0.1730     0.1367     0.1157     0.1655     0.1441     0.1868     0.1690     0.0930     0.0185     0.2738     0.2637 
           Variation              
I/O                        0.0006     0.0009     0.0009     0.0008     0.0008     0.0008     0.0008     0.0008     0.0007     0.0007     0.0008     0.0008     0.0008     0.0008     0.0004     0.0003     0.0010     0.0010 
Reduction                  0.0000     0.0000     0.0000     0.0000     0.0000     0.0000     0.0000     0.0000     0.0000     0.0000     0.0000     0.0000     0.0000     0.0000     0.0000     0.0000     0.0000     0.0000 
Remote access              0.1546     0.1534     0.1450     0.1438     0.1501     0.1493     0.1508     0.1501     0.0990     0.0988     0.1427     0.1416     0.1469     0.1458     0.0566     0.0038     0.1984     0.2015 
           Overlap                
Reduction                  0.0000     0.0000     0.0000     0.0000     0.0000     0.0000     0.0000     0.0000     0.0000     0.0000     0.0000     0.0000     0.0000     0.0000     0.0000     0.0000     0.0000     0.0000 
Remote access              0.0000     0.0000     0.0000     0.0000     0.0000     0.0000     0.0000     0.0000     0.0000     0.0000     0.0000     0.0000     0.0000     0.0000     0.0001     0.0001     0.0000     0.0000 


-------------------------------------------------------------------------
Name (number) and performance time of processors
omp.keldysh.ru(1) 0.935418
omp.keldysh.ru(2) 0.935350
omp.keldysh.ru(3) 0.953349
omp.keldysh.ru(4) 0.953369
omp.keldysh.ru(5) 0.935431
omp.keldysh.ru(6) 0.935453
omp.keldysh.ru(7) 0.951452
omp.keldysh.ru(8) 0.951479
omp.keldysh.ru(9) 0.953751
omp.keldysh.ru(10) 0.953751
omp.keldysh.ru(11) 0.956565
omp.keldysh.ru(12) 0.956559
omp.keldysh.ru(13) 0.952925
omp.keldysh.ru(14) 0.952910
omp.keldysh.ru(15) 0.953593
omp.keldysh.ru(16) 0.953896
omp.keldysh.ru(17) 0.953039
omp.keldysh.ru(18) 0.953039
min - omp.keldysh.ru(2) 0.935350; max - omp.keldysh.ru(11) 0.956565; mid - 0.949518
