Processor system=3*6*1
Statistics has been accumulated on DVM-system version 5.0, platform DVM
Analyzer is executing on DVM-system version 5.0, platform DVM
-------------------------------------------------------------------------
INTERVAL ( NLINE=5 SOURCE=align32.f ) LEVEL=0  EXE_COUNT=2
--- The main characteristics --- 
Parallelization efficiency      0.0666 
Execution time                  0.0054 
Processors                          18
Threads amount                      18
Total time                      0.0974
Productive time                 0.0065 ( CPU= 0.0062 Sys= 0.0002 I/O= 0.0000 )
Lost  time                      0.0909 
   Insufficient parallelism     0.0783 ( User= 0.0738 Sys= 0.0045 )
   Communication                0.0121 ( Real_sync= 0.0000 Starts= 0.0000 )
   Idle time                    0.0005
Load imbalance                  0.0006
Synchronization                 0.0015
Time variation                  0.0039
Overlap                         0.0000
                  Nop   Communic    Synchro  Variation    Overlap 
I/O                 6     0.0000     0.0012     0.0037     0.0000 
Reduction           5     0.0121     0.0003     0.0003     0.0000 
--- The comparative characteristics --- 
                              Tmin N proc      Tmax N proc      Tmid
Lost time                   0.0050     2     0.0051    18     0.0051 
User insufficient par.      0.0040     9     0.0042     7     0.0041 
Sys.insufficient par.       0.0002    18     0.0004     1     0.0002 
Idle time                   0.0000    17     0.0002     9     0.0000 
Communication               0.0005     1     0.0009    18     0.0007 
Synchronization             0.0000     6     0.0001     8     0.0001 
Variation                   0.0000     1     0.0003     8     0.0002 
Overlap                     0.0000     1     0.0000    18     0.0000 
Load imbalance              0.0000    15     0.0001    18     0.0000 
Execution time              0.0053     9     0.0054    17     0.0054 
User CPU time               0.0003    18     0.0004    15     0.0003 
Sys. CPU time               0.0000    18     0.0000    13     0.0000 
I/O time                    0.0000     5     0.0000     1     0.0000 
Processors                      18     1         18    18         18 
                      Communic          Synchro        Variation          Overlap  
I/O             Tmin    0.0000     1     0.0000     6     0.0000     1     0.0000     1 
I/O             Tmax    0.0000    18     0.0001    18     0.0003    17     0.0000    18 
I/O             Tmid    0.0000           0.0001           0.0002           0.0000       
Reduction       Tmin    0.0005     1     0.0000     1     0.0000     5     0.0000     1 
Reduction       Tmax    0.0009    18     0.0000    12     0.0000    12     0.0000    18 
Reduction       Tmid    0.0007           0.0000           0.0000           0.0000       
--- The execution characteristics --- 
                                1          2          3          4          5          6          7          8          9         10         11         12         13         14         15         16         17         18 
Lost time                  0.0050     0.0050     0.0050     0.0050     0.0051     0.0051     0.0050     0.0050     0.0050     0.0050     0.0051     0.0051     0.0050     0.0050     0.0050     0.0050     0.0051     0.0051 
User insufficient par.     0.0041     0.0042     0.0041     0.0041     0.0041     0.0041     0.0042     0.0042     0.0040     0.0041     0.0041     0.0041     0.0042     0.0041     0.0041     0.0041     0.0040     0.0041 
Sys.insufficient par.      0.0004     0.0003     0.0002     0.0003     0.0002     0.0002     0.0003     0.0003     0.0002     0.0002     0.0002     0.0002     0.0003     0.0003     0.0002     0.0003     0.0002     0.0002 
Idle time                  0.0000     0.0000     0.0000     0.0000     0.0000     0.0000     0.0000     0.0000     0.0002     0.0000     0.0000     0.0000     0.0000     0.0001     0.0000     0.0000     0.0000     0.0000 
Communication              0.0005     0.0006     0.0007     0.0007     0.0008     0.0008     0.0006     0.0006     0.0006     0.0006     0.0008     0.0008     0.0006     0.0006     0.0006     0.0006     0.0009     0.0009 
Synchronization            0.0001     0.0000     0.0000     0.0001     0.0000     0.0000     0.0001     0.0001     0.0001     0.0001     0.0001     0.0001     0.0001     0.0001     0.0001     0.0001     0.0001     0.0001 
Variation                  0.0000     0.0002     0.0002     0.0002     0.0002     0.0002     0.0003     0.0003     0.0002     0.0002     0.0003     0.0003     0.0002     0.0002     0.0002     0.0002     0.0003     0.0003 
Overlap                    0.0000     0.0000     0.0000     0.0000     0.0000     0.0000     0.0000     0.0000     0.0000     0.0000     0.0000     0.0000     0.0000     0.0000     0.0000     0.0000     0.0000     0.0000 
Load imbalance             0.0000     0.0000     0.0000     0.0000     0.0001     0.0001     0.0000     0.0000     0.0000     0.0000     0.0001     0.0001     0.0000     0.0000     0.0000     0.0000     0.0001     0.0001 
Execution time             0.0054     0.0054     0.0054     0.0054     0.0054     0.0054     0.0054     0.0054     0.0053     0.0054     0.0054     0.0054     0.0054     0.0053     0.0054     0.0054     0.0054     0.0054 
User CPU time              0.0003     0.0004     0.0004     0.0004     0.0003     0.0003     0.0004     0.0004     0.0003     0.0004     0.0003     0.0003     0.0004     0.0004     0.0004     0.0004     0.0003     0.0003 
Sys. CPU time              0.0000     0.0000     0.0000     0.0000     0.0000     0.0000     0.0000     0.0000     0.0000     0.0000     0.0000     0.0000     0.0000     0.0000     0.0000     0.0000     0.0000     0.0000 
I/O time                   0.0000     0.0000     0.0000     0.0000     0.0000     0.0000     0.0000     0.0000     0.0000     0.0000     0.0000     0.0000     0.0000     0.0000     0.0000     0.0000     0.0000     0.0000 
Processors                     18         18         18         18         18         18         18         18         18         18         18         18         18         18         18         18         18         18 
           Communication          
Reduction                  0.0005     0.0006     0.0007     0.0007     0.0008     0.0008     0.0006     0.0006     0.0006     0.0006     0.0008     0.0008     0.0006     0.0006     0.0006     0.0006     0.0009     0.0009 
           Synchronization        
I/O                        0.0001     0.0000     0.0000     0.0001     0.0000     0.0000     0.0001     0.0001     0.0001     0.0001     0.0001     0.0001     0.0000     0.0000     0.0001     0.0001     0.0001     0.0001 
Reduction                  0.0000     0.0000     0.0000     0.0000     0.0000     0.0000     0.0000     0.0000     0.0000     0.0000     0.0000     0.0000     0.0000     0.0000     0.0000     0.0000     0.0000     0.0000 
           Variation              
I/O                        0.0000     0.0002     0.0002     0.0002     0.0002     0.0002     0.0002     0.0003     0.0002     0.0002     0.0002     0.0003     0.0002     0.0002     0.0002     0.0002     0.0003     0.0003 
Reduction                  0.0000     0.0000     0.0000     0.0000     0.0000     0.0000     0.0000     0.0000     0.0000     0.0000     0.0000     0.0000     0.0000     0.0000     0.0000     0.0000     0.0000     0.0000 
           Overlap                
Reduction                  0.0000     0.0000     0.0000     0.0000     0.0000     0.0000     0.0000     0.0000     0.0000     0.0000     0.0000     0.0000     0.0000     0.0000     0.0000     0.0000     0.0000     0.0000 


-------------------------------------------------------------------------
Name (number) and performance time of processors
omp.keldysh.ru(1) 0.935428
omp.keldysh.ru(2) 0.935337
omp.keldysh.ru(3) 0.954195
omp.keldysh.ru(4) 0.954510
omp.keldysh.ru(5) 0.951258
omp.keldysh.ru(6) 0.951245
omp.keldysh.ru(7) 0.952430
omp.keldysh.ru(8) 0.952400
omp.keldysh.ru(9) 0.951399
omp.keldysh.ru(10) 0.951400
omp.keldysh.ru(11) 0.953077
omp.keldysh.ru(12) 0.953098
omp.keldysh.ru(13) 0.954942
omp.keldysh.ru(14) 0.954962
omp.keldysh.ru(15) 0.952053
omp.keldysh.ru(16) 0.951935
omp.keldysh.ru(17) 0.951122
omp.keldysh.ru(18) 0.951097
min - omp.keldysh.ru(2) 0.935337; max - omp.keldysh.ru(14) 0.954962; mid - 0.950660
