Processor system=4*1*1*4
Statistics has been accumulated on DVM-system version 5.0, platform DVM
Analyzer is executing on DVM-system version 5.0, platform DVM
-------------------------------------------------------------------------
INTERVAL ( NLINE=5 SOURCE=prf42.f ) LEVEL=0  EXE_COUNT=1
--- The main characteristics --- 
Parallelization efficiency      0.0537 
Execution time                  0.0134 
Processors                          16
Threads amount                      16
Total time                      0.2152
Productive time                 0.0116 ( CPU= 0.0097 Sys= 0.0018 I/O= 0.0000 )
Lost  time                      0.2036 
   Insufficient parallelism     0.1734 ( User= 0.1462 Sys= 0.0272 )
   Communication                0.0082 ( Real_sync= 0.0000 Starts= 0.0000 )
   Idle time                    0.0220
Load imbalance                  0.0017
Synchronization                 0.2382
Time variation                  0.2400
Overlap                         0.0110
                  Nop   Communic    Synchro  Variation    Overlap 
I/O                11     0.0000     0.0378     0.0397     0.0000 
Reduction          21     0.0082     0.0902     0.0901     0.0000 
Remote access     180     0.0000     0.1103     0.1102     0.0110 
--- The comparative characteristics --- 
                              Tmin N proc      Tmax N proc      Tmid
Lost time                   0.0126    10     0.0130    14     0.0127 
User insufficient par.      0.0052    13     0.0105    10     0.0091 
Sys.insufficient par.       0.0012    14     0.0020     1     0.0017 
Idle time                   0.0000    10     0.0055    13     0.0014 
Communication               0.0002     9     0.0012    15     0.0005 
Synchronization             0.0007     9     0.0506    14     0.0149 
Variation                   0.0008     9     0.0507    14     0.0150 
Overlap                     0.0000    13     0.0012    10     0.0007 
Load imbalance              0.0000    10     0.0004    14     0.0001 
Execution time              0.0080    13     0.0134    10     0.0121 
User CPU time               0.0003    13     0.0007    10     0.0006 
Sys. CPU time               0.0001    14     0.0001    12     0.0001 
I/O time                    0.0000     4     0.0000     1     0.0000 
Processors                      16     1         16    16         16 
                      Communic          Synchro        Variation          Overlap  
I/O             Tmin    0.0000     1     0.0001     9     0.0002     9     0.0000     1 
I/O             Tmax    0.0000    16     0.0079    14     0.0081    14     0.0000    16 
I/O             Tmid    0.0000           0.0024           0.0025           0.0000       
Reduction       Tmin    0.0002     9     0.0001     9     0.0001     9     0.0000     1 
Reduction       Tmax    0.0012    15     0.0191    14     0.0191    14     0.0000     5 
Reduction       Tmid    0.0005           0.0056           0.0056           0.0000       
Remote access   Tmin    0.0000     1     0.0005     9     0.0005     9     0.0000    13 
Remote access   Tmax    0.0000    16     0.0235    14     0.0235    14     0.0012    10 
Remote access   Tmid    0.0000           0.0069           0.0069           0.0007       
--- The execution characteristics --- 
                                1          2          3          4          5          6          7          8          9         10         11         12         13         14         15         16 
Lost time                  0.0126     0.0126     0.0126     0.0126     0.0126     0.0126     0.0126     0.0126     0.0126     0.0126     0.0126     0.0126     0.0130     0.0130     0.0130     0.0130 
User insufficient par.     0.0102     0.0103     0.0105     0.0105     0.0105     0.0105     0.0105     0.0105     0.0105     0.0105     0.0104     0.0104     0.0052     0.0052     0.0052     0.0053 
Sys.insufficient par.      0.0020     0.0019     0.0018     0.0018     0.0019     0.0018     0.0019     0.0018     0.0019     0.0018     0.0019     0.0019     0.0012     0.0012     0.0012     0.0012 
Idle time                  0.0000     0.0000     0.0000     0.0000     0.0000     0.0000     0.0000     0.0000     0.0000     0.0000     0.0000     0.0000     0.0055     0.0055     0.0054     0.0054 
Communication              0.0005     0.0005     0.0003     0.0003     0.0003     0.0003     0.0003     0.0003     0.0002     0.0002     0.0003     0.0003     0.0011     0.0012     0.0012     0.0011 
Synchronization            0.0039     0.0063     0.0027     0.0031     0.0017     0.0017     0.0050     0.0041     0.0007     0.0009     0.0047     0.0047     0.0491     0.0506     0.0505     0.0486 
Variation                  0.0038     0.0064     0.0028     0.0032     0.0018     0.0018     0.0051     0.0042     0.0008     0.0010     0.0048     0.0049     0.0493     0.0507     0.0506     0.0487 
Overlap                    0.0008     0.0008     0.0010     0.0010     0.0011     0.0011     0.0007     0.0007     0.0012     0.0012     0.0007     0.0007     0.0000     0.0000     0.0000     0.0000 
Load imbalance             0.0000     0.0000     0.0000     0.0000     0.0000     0.0000     0.0000     0.0000     0.0000     0.0000     0.0000     0.0000     0.0004     0.0004     0.0004     0.0004 
Execution time             0.0134     0.0134     0.0134     0.0134     0.0134     0.0134     0.0134     0.0134     0.0134     0.0134     0.0134     0.0134     0.0080     0.0080     0.0080     0.0080 
User CPU time              0.0007     0.0007     0.0007     0.0007     0.0007     0.0007     0.0007     0.0007     0.0007     0.0007     0.0007     0.0007     0.0003     0.0003     0.0003     0.0004 
Sys. CPU time              0.0001     0.0001     0.0001     0.0001     0.0001     0.0001     0.0001     0.0001     0.0001     0.0001     0.0001     0.0001     0.0001     0.0001     0.0001     0.0001 
I/O time                   0.0000     0.0000     0.0000     0.0000     0.0000     0.0000     0.0000     0.0000     0.0000     0.0000     0.0000     0.0000     0.0000     0.0000     0.0000     0.0000 
Processors                     16         16         16         16         16         16         16         16         16         16         16         16         16         16         16         16 
           Communication          
Reduction                  0.0005     0.0005     0.0003     0.0003     0.0003     0.0003     0.0003     0.0003     0.0002     0.0002     0.0003     0.0003     0.0011     0.0012     0.0012     0.0011 
           Synchronization        
I/O                        0.0007     0.0011     0.0005     0.0005     0.0003     0.0003     0.0009     0.0007     0.0001     0.0001     0.0007     0.0008     0.0077     0.0079     0.0079     0.0076 
Reduction                  0.0012     0.0012     0.0010     0.0010     0.0004     0.0004     0.0021     0.0017     0.0001     0.0002     0.0024     0.0024     0.0190     0.0191     0.0191     0.0188 
Remote access              0.0020     0.0040     0.0013     0.0016     0.0010     0.0010     0.0020     0.0016     0.0005     0.0006     0.0016     0.0015     0.0224     0.0235     0.0234     0.0222 
           Variation              
I/O                        0.0006     0.0012     0.0006     0.0006     0.0004     0.0004     0.0010     0.0009     0.0002     0.0002     0.0009     0.0009     0.0078     0.0081     0.0080     0.0077 
Reduction                  0.0012     0.0012     0.0010     0.0010     0.0004     0.0004     0.0021     0.0017     0.0001     0.0002     0.0024     0.0024     0.0190     0.0191     0.0191     0.0188 
Remote access              0.0020     0.0040     0.0013     0.0016     0.0010     0.0010     0.0020     0.0016     0.0005     0.0006     0.0015     0.0015     0.0224     0.0235     0.0234     0.0222 
           Overlap                
Reduction                  0.0000     0.0000     0.0000     0.0000     0.0000     0.0000     0.0000     0.0000     0.0000     0.0000     0.0000     0.0000     0.0000     0.0000     0.0000     0.0000 
Remote access              0.0008     0.0008     0.0010     0.0010     0.0011     0.0011     0.0007     0.0007     0.0012     0.0012     0.0007     0.0007     0.0000     0.0000     0.0000     0.0000 


-------------------------------------------------------------------------
Name (number) and performance time of processors
omp.keldysh.ru(1) 0.933987
omp.keldysh.ru(2) 0.933898
omp.keldysh.ru(3) 0.957200
omp.keldysh.ru(4) 0.957741
omp.keldysh.ru(5) 0.957514
omp.keldysh.ru(6) 0.957519
omp.keldysh.ru(7) 0.958992
omp.keldysh.ru(8) 0.958968
omp.keldysh.ru(9) 0.933921
omp.keldysh.ru(10) 0.933914
omp.keldysh.ru(11) 0.954829
omp.keldysh.ru(12) 0.954817
omp.keldysh.ru(13) 0.958929
omp.keldysh.ru(14) 0.958935
omp.keldysh.ru(15) 0.959512
omp.keldysh.ru(16) 0.959504
min - omp.keldysh.ru(2) 0.933898; max - omp.keldysh.ru(15) 0.959512; mid - 0.951886
