Processor system=6*3*1
Statistics has been accumulated on DVM-system version 5.0, platform DVM
Analyzer is executing on DVM-system version 5.0, platform DVM
-------------------------------------------------------------------------
INTERVAL ( NLINE=5 SOURCE=prf32.f ) LEVEL=0  EXE_COUNT=2
--- The main characteristics --- 
Parallelization efficiency      0.0337 
Execution time                  0.0162 
Processors                          18
Threads amount                      18
Total time                      0.2919
Productive time                 0.0098 ( CPU= 0.0069 Sys= 0.0029 I/O= 0.0000 )
Lost  time                      0.2821 
   Insufficient parallelism     0.1587 ( User= 0.1094 Sys= 0.0493 )
   Communication                0.0959 ( Real_sync= 0.0000 Starts= 0.0000 )
   Idle time                    0.0275
Load imbalance                  0.0013
Synchronization                 0.1370
Time variation                  0.1006
Overlap                         0.0484
                  Nop   Communic    Synchro  Variation    Overlap 
I/O                12     0.0000     0.0116     0.0149     0.0000 
Reduction          22     0.0090     0.0008     0.0007     0.0000 
Remote access     172     0.0869     0.1247     0.0850     0.0484 
--- The comparative characteristics --- 
                              Tmin N proc      Tmax N proc      Tmid
Lost time                   0.0156     9     0.0158    18     0.0157 
User insufficient par.      0.0054    12     0.0075    17     0.0061 
Sys.insufficient par.       0.0019    17     0.0030     1     0.0027 
Idle time                   0.0000    17     0.0023     4     0.0015 
Communication               0.0051     4     0.0063    17     0.0053 
Synchronization             0.0019     1     0.0116     4     0.0076 
Variation                   0.0015     1     0.0089     4     0.0056 
Overlap                     0.0005    17     0.0062     1     0.0027 
Load imbalance              0.0000     9     0.0002    18     0.0001 
Execution time              0.0140     4     0.0162    17     0.0147 
User CPU time               0.0003     1     0.0005     9     0.0004 
Sys. CPU time               0.0001    17     0.0002     3     0.0002 
I/O time                    0.0000     6     0.0000     1     0.0000 
Processors                      18     1         18    18         18 
                      Communic          Synchro        Variation          Overlap  
I/O             Tmin    0.0000     1     0.0002     1     0.0002     1     0.0000     1 
I/O             Tmax    0.0000    18     0.0011     4     0.0013     4     0.0000    18 
I/O             Tmid    0.0000           0.0006           0.0008           0.0000       
Reduction       Tmin    0.0003    16     0.0000    13     0.0000    13     0.0000     1 
Reduction       Tmax    0.0008     2     0.0001     3     0.0000    18     0.0000    16 
Reduction       Tmid    0.0005           0.0000           0.0000           0.0000       
Remote access   Tmin    0.0045     4     0.0016     1     0.0013     1     0.0005    17 
Remote access   Tmax    0.0056    17     0.0109    17     0.0075     4     0.0062     1 
Remote access   Tmid    0.0048           0.0069           0.0047           0.0027       
--- The execution characteristics --- 
                                1          2          3          4          5          6          7          8          9         10         11         12         13         14         15         16         17         18 
Lost time                  0.0157     0.0156     0.0156     0.0157     0.0157     0.0157     0.0157     0.0157     0.0156     0.0157     0.0156     0.0157     0.0157     0.0156     0.0156     0.0157     0.0157     0.0158 
User insufficient par.     0.0054     0.0064     0.0064     0.0054     0.0055     0.0061     0.0061     0.0055     0.0071     0.0055     0.0072     0.0054     0.0055     0.0068     0.0068     0.0054     0.0075     0.0054 
Sys.insufficient par.      0.0030     0.0027     0.0029     0.0029     0.0029     0.0028     0.0029     0.0029     0.0028     0.0027     0.0028     0.0028     0.0028     0.0028     0.0029     0.0028     0.0019     0.0020 
Idle time                  0.0022     0.0011     0.0011     0.0023     0.0022     0.0015     0.0015     0.0022     0.0004     0.0022     0.0004     0.0023     0.0022     0.0008     0.0008     0.0022     0.0000     0.0022 
Communication              0.0051     0.0053     0.0051     0.0051     0.0051     0.0053     0.0051     0.0051     0.0053     0.0053     0.0052     0.0053     0.0052     0.0052     0.0052     0.0053     0.0063     0.0061 
Synchronization            0.0019     0.0025     0.0034     0.0116     0.0114     0.0037     0.0113     0.0115     0.0034     0.0110     0.0108     0.0035     0.0108     0.0106     0.0028     0.0092     0.0113     0.0063 
Variation                  0.0015     0.0022     0.0028     0.0089     0.0086     0.0030     0.0085     0.0085     0.0026     0.0080     0.0079     0.0026     0.0078     0.0077     0.0021     0.0063     0.0074     0.0042 
Overlap                    0.0062     0.0061     0.0050     0.0007     0.0007     0.0051     0.0007     0.0007     0.0051     0.0007     0.0008     0.0051     0.0007     0.0009     0.0053     0.0010     0.0005     0.0034 
Load imbalance             0.0001     0.0000     0.0000     0.0001     0.0001     0.0001     0.0001     0.0001     0.0000     0.0001     0.0000     0.0001     0.0001     0.0000     0.0000     0.0001     0.0001     0.0002 
Execution time             0.0140     0.0151     0.0151     0.0140     0.0140     0.0147     0.0147     0.0141     0.0158     0.0140     0.0158     0.0140     0.0140     0.0155     0.0155     0.0140     0.0162     0.0141 
User CPU time              0.0003     0.0004     0.0004     0.0003     0.0003     0.0004     0.0004     0.0004     0.0005     0.0004     0.0004     0.0003     0.0003     0.0004     0.0004     0.0004     0.0005     0.0003 
Sys. CPU time              0.0002     0.0002     0.0002     0.0002     0.0002     0.0002     0.0002     0.0002     0.0002     0.0002     0.0002     0.0002     0.0002     0.0002     0.0002     0.0002     0.0001     0.0001 
I/O time                   0.0000     0.0000     0.0000     0.0000     0.0000     0.0000     0.0000     0.0000     0.0000     0.0000     0.0000     0.0000     0.0000     0.0000     0.0000     0.0000     0.0000     0.0000 
Processors                     18         18         18         18         18         18         18         18         18         18         18         18         18         18         18         18         18         18 
           Communication          
Reduction                  0.0006     0.0008     0.0005     0.0006     0.0006     0.0005     0.0005     0.0005     0.0004     0.0005     0.0005     0.0004     0.0004     0.0004     0.0003     0.0003     0.0007     0.0006 
Remote access              0.0045     0.0045     0.0046     0.0045     0.0046     0.0048     0.0046     0.0047     0.0049     0.0049     0.0047     0.0049     0.0048     0.0048     0.0049     0.0050     0.0056     0.0055 
           Synchronization        
I/O                        0.0002     0.0002     0.0005     0.0011     0.0010     0.0005     0.0010     0.0010     0.0005     0.0009     0.0009     0.0005     0.0009     0.0009     0.0004     0.0003     0.0004     0.0004 
Reduction                  0.0000     0.0000     0.0001     0.0001     0.0000     0.0000     0.0000     0.0000     0.0000     0.0000     0.0000     0.0000     0.0000     0.0000     0.0000     0.0000     0.0000     0.0000 
Remote access              0.0016     0.0022     0.0028     0.0104     0.0103     0.0031     0.0102     0.0104     0.0029     0.0101     0.0099     0.0029     0.0099     0.0097     0.0024     0.0089     0.0109     0.0059 
           Variation              
I/O                        0.0002     0.0004     0.0007     0.0013     0.0012     0.0007     0.0012     0.0012     0.0006     0.0010     0.0011     0.0007     0.0011     0.0011     0.0006     0.0005     0.0006     0.0006 
Reduction                  0.0000     0.0000     0.0000     0.0000     0.0000     0.0000     0.0000     0.0000     0.0000     0.0000     0.0000     0.0000     0.0000     0.0000     0.0000     0.0000     0.0000     0.0000 
Remote access              0.0013     0.0017     0.0020     0.0075     0.0073     0.0022     0.0073     0.0073     0.0019     0.0069     0.0068     0.0019     0.0067     0.0066     0.0015     0.0058     0.0068     0.0036 
           Overlap                
Reduction                  0.0000     0.0000     0.0000     0.0000     0.0000     0.0000     0.0000     0.0000     0.0000     0.0000     0.0000     0.0000     0.0000     0.0000     0.0000     0.0000     0.0000     0.0000 
Remote access              0.0062     0.0061     0.0050     0.0007     0.0007     0.0051     0.0007     0.0007     0.0051     0.0007     0.0008     0.0051     0.0007     0.0009     0.0052     0.0010     0.0005     0.0034 


-------------------------------------------------------------------------
Name (number) and performance time of processors
omp.keldysh.ru(1) 0.935359
omp.keldysh.ru(2) 0.935274
omp.keldysh.ru(3) 0.957154
omp.keldysh.ru(4) 0.957196
omp.keldysh.ru(5) 0.935320
omp.keldysh.ru(6) 0.935318
omp.keldysh.ru(7) 0.956632
omp.keldysh.ru(8) 0.956628
omp.keldysh.ru(9) 0.957931
omp.keldysh.ru(10) 0.957695
omp.keldysh.ru(11) 0.955497
omp.keldysh.ru(12) 0.955497
omp.keldysh.ru(13) 0.958805
omp.keldysh.ru(14) 0.958796
omp.keldysh.ru(15) 0.957629
omp.keldysh.ru(16) 0.957628
omp.keldysh.ru(17) 0.957390
omp.keldysh.ru(18) 0.957386
min - omp.keldysh.ru(2) 0.935274; max - omp.keldysh.ru(13) 0.958805; mid - 0.952396
