Processor system=1*1*4*4
Statistics has been accumulated on DVM-system version 5.0, platform DVM
Analyzer is executing on DVM-system version 5.0, platform DVM
-------------------------------------------------------------------------
INTERVAL ( NLINE=5 SOURCE=prf41.f ) LEVEL=0  EXE_COUNT=1
--- The main characteristics --- 
Parallelization efficiency      0.0533 
Execution time                  0.0378 
Processors                          16
Threads amount                      16
Total time                      0.6055
Productive time                 0.0323 ( CPU= 0.0094 Sys= 0.0229 I/O= 0.0000 )
Lost  time                      0.5732 
   Insufficient parallelism     0.4439 ( User= 0.1003 Sys= 0.3436 )
   Communication                0.1037 ( Real_sync= 0.0000 Starts= 0.0000 )
   Idle time                    0.0255
Load imbalance                  0.0042
Synchronization                 0.1065
Time variation                  0.0941
Overlap                         0.1080
                  Nop   Communic    Synchro  Variation    Overlap 
I/O                11     0.0000     0.0130     0.0153     0.0000 
Reduction          21     0.0288     0.0005     0.0005     0.0000 
Remote access     180     0.0750     0.0930     0.0783     0.1079 
--- The comparative characteristics --- 
                              Tmin N proc      Tmax N proc      Tmid
Lost time                   0.0356     8     0.0364    13     0.0358 
User insufficient par.      0.0055    14     0.0077    16     0.0063 
Sys.insufficient par.       0.0147    13     0.0241     4     0.0215 
Idle time                   0.0000    16     0.0023    14     0.0016 
Communication               0.0036     4     0.0139    13     0.0065 
Synchronization             0.0014    12     0.0158    13     0.0067 
Variation                   0.0009    12     0.0164    13     0.0059 
Overlap                     0.0044    15     0.0083    12     0.0067 
Load imbalance              0.0000     8     0.0008    13     0.0003 
Execution time              0.0355    14     0.0378    16     0.0362 
User CPU time               0.0005    13     0.0007    11     0.0006 
Sys. CPU time               0.0010    13     0.0016     4     0.0014 
I/O time                    0.0000    15     0.0000     1     0.0000 
Processors                      16     1         16    16         16 
                      Communic          Synchro        Variation          Overlap  
I/O             Tmin    0.0000     1     0.0001    12     0.0002    12     0.0000     1 
I/O             Tmax    0.0000    16     0.0022    15     0.0024    15     0.0000    16 
I/O             Tmid    0.0000           0.0008           0.0010           0.0000       
Reduction       Tmin    0.0004    12     0.0000     8     0.0000     8     0.0000     3 
Reduction       Tmax    0.0051    13     0.0000    13     0.0000    13     0.0000     8 
Reduction       Tmid    0.0018           0.0000           0.0000           0.0000       
Remote access   Tmin    0.0029     4     0.0013    12     0.0006    12     0.0044    15 
Remote access   Tmax    0.0087    13     0.0136    13     0.0140    13     0.0083    12 
Remote access   Tmid    0.0047           0.0058           0.0049           0.0067       
--- The execution characteristics --- 
                                1          2          3          4          5          6          7          8          9         10         11         12         13         14         15         16 
Lost time                  0.0357     0.0357     0.0357     0.0357     0.0356     0.0357     0.0356     0.0356     0.0356     0.0357     0.0356     0.0357     0.0364     0.0364     0.0364     0.0362 
User insufficient par.     0.0056     0.0064     0.0064     0.0057     0.0067     0.0057     0.0067     0.0074     0.0071     0.0057     0.0071     0.0057     0.0055     0.0055     0.0055     0.0077 
Sys.insufficient par.      0.0238     0.0236     0.0234     0.0241     0.0236     0.0235     0.0234     0.0241     0.0235     0.0235     0.0235     0.0241     0.0147     0.0148     0.0149     0.0150 
Idle time                  0.0023     0.0016     0.0015     0.0023     0.0012     0.0023     0.0012     0.0004     0.0008     0.0023     0.0008     0.0023     0.0022     0.0023     0.0022     0.0000 
Communication              0.0040     0.0042     0.0044     0.0036     0.0042     0.0042     0.0044     0.0037     0.0042     0.0042     0.0042     0.0036     0.0139     0.0137     0.0137     0.0135 
Synchronization            0.0048     0.0050     0.0051     0.0025     0.0050     0.0047     0.0053     0.0023     0.0048     0.0043     0.0039     0.0014     0.0158     0.0155     0.0157     0.0103 
Variation                  0.0032     0.0036     0.0036     0.0021     0.0034     0.0032     0.0036     0.0017     0.0030     0.0026     0.0022     0.0009     0.0164     0.0162     0.0161     0.0123 
Overlap                    0.0071     0.0071     0.0067     0.0078     0.0069     0.0070     0.0068     0.0080     0.0071     0.0071     0.0071     0.0083     0.0045     0.0045     0.0044     0.0075 
Load imbalance             0.0002     0.0001     0.0001     0.0001     0.0001     0.0001     0.0001     0.0000     0.0001     0.0001     0.0000     0.0001     0.0008     0.0008     0.0008     0.0006 
Execution time             0.0356     0.0363     0.0363     0.0356     0.0367     0.0356     0.0367     0.0375     0.0371     0.0356     0.0371     0.0356     0.0356     0.0355     0.0356     0.0378 
User CPU time              0.0005     0.0006     0.0006     0.0005     0.0006     0.0006     0.0006     0.0007     0.0007     0.0006     0.0007     0.0006     0.0005     0.0005     0.0005     0.0006 
Sys. CPU time              0.0016     0.0016     0.0016     0.0016     0.0016     0.0016     0.0016     0.0016     0.0016     0.0016     0.0016     0.0016     0.0010     0.0010     0.0010     0.0010 
I/O time                   0.0000     0.0000     0.0000     0.0000     0.0000     0.0000     0.0000     0.0000     0.0000     0.0000     0.0000     0.0000     0.0000     0.0000     0.0000     0.0000 
Processors                     16         16         16         16         16         16         16         16         16         16         16         16         16         16         16         16 
           Communication          
Reduction                  0.0009     0.0009     0.0009     0.0007     0.0007     0.0007     0.0008     0.0006     0.0007     0.0007     0.0008     0.0004     0.0051     0.0051     0.0050     0.0049 
Remote access              0.0031     0.0033     0.0035     0.0029     0.0035     0.0035     0.0036     0.0032     0.0035     0.0035     0.0034     0.0033     0.0087     0.0087     0.0087     0.0086 
           Synchronization        
I/O                        0.0005     0.0005     0.0006     0.0003     0.0006     0.0005     0.0006     0.0002     0.0005     0.0004     0.0003     0.0001     0.0022     0.0022     0.0022     0.0013 
Reduction                  0.0000     0.0000     0.0000     0.0000     0.0000     0.0000     0.0000     0.0000     0.0000     0.0000     0.0000     0.0000     0.0000     0.0000     0.0000     0.0000 
Remote access              0.0042     0.0044     0.0044     0.0022     0.0044     0.0042     0.0047     0.0021     0.0043     0.0039     0.0036     0.0013     0.0136     0.0133     0.0134     0.0089 
           Variation              
I/O                        0.0004     0.0007     0.0008     0.0004     0.0007     0.0007     0.0007     0.0004     0.0006     0.0005     0.0004     0.0002     0.0023     0.0023     0.0024     0.0015 
Reduction                  0.0000     0.0000     0.0000     0.0000     0.0000     0.0000     0.0000     0.0000     0.0000     0.0000     0.0000     0.0000     0.0000     0.0000     0.0000     0.0000 
Remote access              0.0027     0.0028     0.0028     0.0016     0.0027     0.0025     0.0028     0.0014     0.0024     0.0020     0.0017     0.0006     0.0140     0.0138     0.0137     0.0108 
           Overlap                
Reduction                  0.0000     0.0000     0.0000     0.0000     0.0000     0.0000     0.0000     0.0000     0.0000     0.0000     0.0000     0.0000     0.0000     0.0000     0.0000     0.0000 
Remote access              0.0071     0.0071     0.0067     0.0078     0.0069     0.0070     0.0068     0.0080     0.0071     0.0071     0.0071     0.0083     0.0045     0.0045     0.0044     0.0075 


-------------------------------------------------------------------------
Name (number) and performance time of processors
omp.keldysh.ru(1) 0.935402
omp.keldysh.ru(2) 0.935337
omp.keldysh.ru(3) 0.958568
omp.keldysh.ru(4) 0.959201
omp.keldysh.ru(5) 0.958605
omp.keldysh.ru(6) 0.958616
omp.keldysh.ru(7) 0.954241
omp.keldysh.ru(8) 0.954230
omp.keldysh.ru(9) 0.957240
omp.keldysh.ru(10) 0.957214
omp.keldysh.ru(11) 0.958096
omp.keldysh.ru(12) 0.958118
omp.keldysh.ru(13) 0.935482
omp.keldysh.ru(14) 0.935421
omp.keldysh.ru(15) 0.956189
omp.keldysh.ru(16) 0.956182
min - omp.keldysh.ru(2) 0.935337; max - omp.keldysh.ru(4) 0.959201; mid - 0.951759
