Processor system=3*3*2*1
Statistics has been accumulated on DVM-system version 5.0, platform DVM
Analyzer is executing on DVM-system version 5.0, platform DVM
-------------------------------------------------------------------------
INTERVAL ( NLINE=7 SOURCE=sh41.f ) LEVEL=0  EXE_COUNT=2
--- The main characteristics --- 
Parallelization efficiency      0.1315 
Execution time                  2.0806 
Processors                          18
Threads amount                      18
Total time                     37.4509
Productive time                 4.9262 ( CPU= 4.8572 Sys= 0.0690 I/O= 0.0000 )
Lost  time                     32.5247 
   Insufficient parallelism    28.4785 ( User= 27.3049 Sys= 1.1736 )
   Communication                3.9934 ( Real_sync= 0.0000 Starts= 0.0000 )
   Idle time                    0.0528
Load imbalance                  1.4592
Synchronization                 2.1659
Time variation                  1.4812
Overlap                         0.0000
                  Nop   Communic    Synchro  Variation    Overlap 
I/O                12     0.0000     0.0284     0.0320     0.0000 
Reduction          10     1.8124     0.0009     0.0008     0.0000 
Shadow             10     2.1810     2.1366     1.4484     0.0000 
--- The comparative characteristics --- 
                              Tmin N proc      Tmax N proc      Tmid
Lost time                   1.7259     9     1.9420    18     1.8069 
User insufficient par.      0.9950    18     1.5911    15     1.5169 
Sys.insufficient par.       0.0400    18     0.1292    10     0.0652 
Idle time                   0.0000    13     0.0083    18     0.0029 
Communication               0.0371     9     0.8988    18     0.2219 
Synchronization             0.0005     9     0.7303    18     0.1203 
Variation                   0.0008    10     0.1033    15     0.0823 
Overlap                     0.0000     1     0.0000     9     0.0000 
Load imbalance              0.0000     9     0.2162    18     0.0811 
Execution time              2.0723    18     2.0806    13     2.0777 
User CPU time               0.1362    18     0.3487     9     0.2698 
Sys. CPU time               0.0023    18     0.0076    10     0.0038 
I/O time                    0.0000    11     0.0000     1     0.0000 
Processors                      18     1         18    18         18 
                      Communic          Synchro        Variation          Overlap  
I/O             Tmin    0.0000     1     0.0001     9     0.0003     9     0.0000     1 
I/O             Tmax    0.0000    18     0.0053    17     0.0055    17     0.0000    18 
I/O             Tmid    0.0000           0.0016           0.0018           0.0000       
Reduction       Tmin    0.0002    10     0.0000    16     0.0000    16     0.0000     1 
Reduction       Tmax    0.1749    17     0.0001    10     0.0001     6     0.0000    18 
Reduction       Tmid    0.1007           0.0000           0.0000           0.0000       
Shadow          Tmin    0.0253     4     0.0004     9     0.0002    10     0.0000     1 
Shadow          Tmax    0.7250    18     0.7251    18     0.1025    15     0.0000     9 
Shadow          Tmid    0.1212           0.1187           0.0805           0.0000       
--- The execution characteristics --- 
                                1          2          3          4          5          6          7          8          9         10         11         12         13         14         15         16         17         18 
Lost time                  1.8300     1.8269     1.7643     1.7545     1.8229     1.8223     1.7854     1.7624     1.7259     1.7643     1.7820     1.8250     1.8223     1.8205     1.7678     1.7655     1.9407     1.9420 
User insufficient par.     1.5835     1.5774     1.5826     1.5810     1.5823     1.5805     1.5892     1.5867     1.5847     1.5782     1.5808     1.5693     1.5842     1.5794     1.5911     1.5815     0.9976     0.9950 
Sys.insufficient par.      0.0451     0.0474     0.0672     0.0597     0.0416     0.0454     0.0886     0.0696     0.1022     0.1292     0.0740     0.1080     0.0405     0.0422     0.0643     0.0687     0.0401     0.0400 
Idle time                  0.0016     0.0016     0.0035     0.0031     0.0066     0.0046     0.0004     0.0012     0.0019     0.0039     0.0019     0.0008     0.0000     0.0000     0.0023     0.0027     0.0083     0.0083 
Communication              0.1998     0.2005     0.1110     0.1107     0.1925     0.1919     0.1072     0.1050     0.0371     0.0530     0.1252     0.1468     0.1977     0.1989     0.1101     0.1127     0.8946     0.8988 
Synchronization            0.0697     0.0687     0.0309     0.0328     0.0631     0.0619     0.0214     0.0216     0.0005     0.0018     0.0520     0.0545     0.0674     0.0682     0.0445     0.0466     0.7300     0.7303 
Variation                  0.1008     0.0997     0.0829     0.1019     0.0952     0.0952     0.0490     0.0769     0.0476     0.0008     0.1007     0.0401     0.0975     0.0977     0.1033     0.1032     0.0954     0.0934 
Overlap                    0.0000     0.0000     0.0000     0.0000     0.0000     0.0000     0.0000     0.0000     0.0000     0.0000     0.0000     0.0000     0.0000     0.0000     0.0000     0.0000     0.0000     0.0000 
Load imbalance             0.1042     0.1010     0.0384     0.0286     0.0971     0.0965     0.0595     0.0366     0.0000     0.0384     0.0561     0.0991     0.0964     0.0947     0.0419     0.0397     0.2148     0.2162 
Execution time             2.0790     2.0791     2.0771     2.0775     2.0740     2.0760     2.0802     2.0794     2.0787     2.0767     2.0787     2.0798     2.0806     2.0806     2.0783     2.0779     2.0723     2.0723 
User CPU time              0.2479     0.2509     0.3124     0.3226     0.2552     0.2556     0.2900     0.3141     0.3487     0.3087     0.2943     0.2493     0.2559     0.2576     0.3090     0.3110     0.1376     0.1362 
Sys. CPU time              0.0026     0.0028     0.0040     0.0035     0.0024     0.0027     0.0052     0.0041     0.0060     0.0076     0.0044     0.0064     0.0024     0.0025     0.0038     0.0040     0.0024     0.0023 
I/O time                   0.0000     0.0000     0.0000     0.0000     0.0000     0.0000     0.0000     0.0000     0.0000     0.0000     0.0000     0.0000     0.0000     0.0000     0.0000     0.0000     0.0000     0.0000 
Processors                     18         18         18         18         18         18         18         18         18         18         18         18         18         18         18         18         18         18 
           Communication          
Reduction                  0.1434     0.1412     0.0776     0.0855     0.1366     0.1366     0.0687     0.0725     0.0061     0.0002     0.0854     0.0760     0.1380     0.1382     0.0788     0.0790     0.1749     0.1737 
Shadow                     0.0564     0.0592     0.0334     0.0253     0.0559     0.0552     0.0384     0.0325     0.0310     0.0528     0.0398     0.0708     0.0597     0.0607     0.0313     0.0337     0.7197     0.7250 
           Synchronization        
I/O                        0.0022     0.0023     0.0005     0.0004     0.0025     0.0022     0.0005     0.0003     0.0001     0.0003     0.0004     0.0008     0.0022     0.0021     0.0005     0.0006     0.0053     0.0052 
Reduction                  0.0001     0.0001     0.0001     0.0001     0.0001     0.0001     0.0001     0.0001     0.0000     0.0001     0.0000     0.0001     0.0001     0.0000     0.0000     0.0000     0.0001     0.0001 
Shadow                     0.0675     0.0663     0.0303     0.0323     0.0605     0.0596     0.0209     0.0212     0.0004     0.0015     0.0515     0.0536     0.0652     0.0661     0.0440     0.0459     0.7247     0.7251 
           Variation              
I/O                        0.0021     0.0025     0.0008     0.0006     0.0027     0.0025     0.0007     0.0005     0.0003     0.0005     0.0007     0.0011     0.0024     0.0023     0.0007     0.0008     0.0055     0.0054 
Reduction                  0.0000     0.0001     0.0001     0.0000     0.0001     0.0001     0.0000     0.0000     0.0000     0.0000     0.0000     0.0000     0.0000     0.0000     0.0000     0.0000     0.0000     0.0000 
Shadow                     0.0986     0.0971     0.0821     0.1012     0.0924     0.0927     0.0482     0.0764     0.0472     0.0002     0.1000     0.0390     0.0951     0.0954     0.1025     0.1023     0.0898     0.0880 
           Overlap                
Reduction                  0.0000     0.0000     0.0000     0.0000     0.0000     0.0000     0.0000     0.0000     0.0000     0.0000     0.0000     0.0000     0.0000     0.0000     0.0000     0.0000     0.0000     0.0000 
Shadow                     0.0000     0.0000     0.0000     0.0000     0.0000     0.0000     0.0000     0.0000     0.0000     0.0000     0.0000     0.0000     0.0000     0.0000     0.0000     0.0000     0.0000     0.0000 


-------------------------------------------------------------------------
Name (number) and performance time of processors
omp.keldysh.ru(1) 0.935415
omp.keldysh.ru(2) 0.935328
omp.keldysh.ru(3) 0.935396
omp.keldysh.ru(4) 0.935435
omp.keldysh.ru(5) 0.955071
omp.keldysh.ru(6) 0.955038
omp.keldysh.ru(7) 0.935402
omp.keldysh.ru(8) 0.935415
omp.keldysh.ru(9) 0.957926
omp.keldysh.ru(10) 0.957915
omp.keldysh.ru(11) 0.956965
omp.keldysh.ru(12) 0.956959
omp.keldysh.ru(13) 0.959956
omp.keldysh.ru(14) 0.959651
omp.keldysh.ru(15) 0.957129
omp.keldysh.ru(16) 0.957127
omp.keldysh.ru(17) 0.954885
omp.keldysh.ru(18) 0.954885
min - omp.keldysh.ru(2) 0.935328; max - omp.keldysh.ru(13) 0.959956; mid - 0.949772
