Processor system=4*1*4
Statistics has been accumulated on DVM-system version 5.0, platform DVM
Analyzer is executing on DVM-system version 5.0, platform DVM
-------------------------------------------------------------------------
INTERVAL ( NLINE=8 SOURCE=red32.f ) LEVEL=0  EXE_COUNT=1
--- The main characteristics --- 
Parallelization efficiency      0.0602 
Execution time                  0.0070 
Processors                          16
Threads amount                      16
Total time                      0.1127
Productive time                 0.0068 ( CPU= 0.0059 Sys= 0.0009 I/O= 0.0000 )
Lost  time                      0.1059 
   Insufficient parallelism     0.0875 ( User= 0.0736 Sys= 0.0139 )
   Communication                0.0178 ( Real_sync= 0.0000 Starts= 0.0000 )
   Idle time                    0.0006
Load imbalance                  0.0003
Synchronization                 0.0137
Time variation                  0.0110
Overlap                         0.0000
                  Nop   Communic    Synchro  Variation    Overlap 
I/O                16     0.0000     0.0025     0.0056     0.0000 
Reduction          14     0.0094     0.0023     0.0018     0.0000 
Remote access      36     0.0084     0.0089     0.0036     0.0000 
--- The comparative characteristics --- 
                              Tmin N proc      Tmax N proc      Tmid
Lost time                   0.0066     7     0.0067    14     0.0066 
User insufficient par.      0.0044    14     0.0047     7     0.0046 
Sys.insufficient par.       0.0007    14     0.0011     1     0.0009 
Idle time                   0.0000    16     0.0002     6     0.0000 
Communication               0.0009     1     0.0016    14     0.0011 
Synchronization             0.0003     4     0.0013    14     0.0009 
Variation                   0.0004     1     0.0009     6     0.0007 
Overlap                     0.0000     2     0.0000     3     0.0000 
Load imbalance              0.0000     7     0.0001    14     0.0000 
Execution time              0.0069     6     0.0070    16     0.0070 
User CPU time               0.0003    14     0.0004     7     0.0004 
Sys. CPU time               0.0000    14     0.0001     2     0.0001 
I/O time                    0.0000     9     0.0000     1     0.0000 
Processors                      16     1         16    16         16 
                      Communic          Synchro        Variation          Overlap  
I/O             Tmin    0.0000     1     0.0001     1     0.0001     1     0.0000     1 
I/O             Tmax    0.0000    16     0.0002    14     0.0004    14     0.0000    16 
I/O             Tmid    0.0000           0.0002           0.0004           0.0000       
Reduction       Tmin    0.0004     1     0.0001     4     0.0001    12     0.0000     1 
Reduction       Tmax    0.0008    15     0.0002    14     0.0002     2     0.0000    13 
Reduction       Tmid    0.0006           0.0001           0.0001           0.0000       
Remote access   Tmin    0.0003     7     0.0001     4     0.0001     4     0.0000     2 
Remote access   Tmax    0.0008    14     0.0009    14     0.0004     5     0.0000     3 
Remote access   Tmid    0.0005           0.0006           0.0002           0.0000       
--- The execution characteristics --- 
                                1          2          3          4          5          6          7          8          9         10         11         12         13         14         15         16 
Lost time                  0.0066     0.0066     0.0066     0.0066     0.0066     0.0066     0.0066     0.0066     0.0066     0.0066     0.0066     0.0066     0.0066     0.0067     0.0067     0.0066 
User insufficient par.     0.0045     0.0047     0.0047     0.0047     0.0045     0.0046     0.0047     0.0047     0.0047     0.0047     0.0047     0.0047     0.0044     0.0044     0.0044     0.0045 
Sys.insufficient par.      0.0011     0.0009     0.0009     0.0009     0.0009     0.0009     0.0009     0.0009     0.0009     0.0009     0.0009     0.0009     0.0007     0.0007     0.0007     0.0008 
Idle time                  0.0001     0.0001     0.0000     0.0000     0.0002     0.0002     0.0000     0.0000     0.0000     0.0000     0.0000     0.0000     0.0000     0.0000     0.0000     0.0000 
Communication              0.0009     0.0009     0.0010     0.0010     0.0010     0.0010     0.0009     0.0009     0.0010     0.0011     0.0010     0.0010     0.0015     0.0016     0.0016     0.0014 
Synchronization            0.0005     0.0007     0.0004     0.0003     0.0009     0.0010     0.0009     0.0009     0.0009     0.0010     0.0008     0.0009     0.0011     0.0013     0.0012     0.0010 
Variation                  0.0004     0.0008     0.0006     0.0006     0.0008     0.0009     0.0008     0.0008     0.0007     0.0008     0.0007     0.0006     0.0006     0.0007     0.0006     0.0006 
Overlap                    0.0000     0.0000     0.0000     0.0000     0.0000     0.0000     0.0000     0.0000     0.0000     0.0000     0.0000     0.0000     0.0000     0.0000     0.0000     0.0000 
Load imbalance             0.0000     0.0000     0.0000     0.0000     0.0000     0.0000     0.0000     0.0000     0.0000     0.0000     0.0000     0.0000     0.0000     0.0001     0.0001     0.0000 
Execution time             0.0070     0.0070     0.0070     0.0070     0.0069     0.0069     0.0070     0.0070     0.0070     0.0070     0.0070     0.0070     0.0070     0.0070     0.0070     0.0070 
User CPU time              0.0004     0.0004     0.0004     0.0004     0.0004     0.0004     0.0004     0.0004     0.0004     0.0004     0.0004     0.0004     0.0004     0.0003     0.0003     0.0004 
Sys. CPU time              0.0001     0.0001     0.0001     0.0001     0.0001     0.0001     0.0001     0.0001     0.0001     0.0001     0.0001     0.0001     0.0000     0.0000     0.0000     0.0001 
I/O time                   0.0000     0.0000     0.0000     0.0000     0.0000     0.0000     0.0000     0.0000     0.0000     0.0000     0.0000     0.0000     0.0000     0.0000     0.0000     0.0000 
Processors                     16         16         16         16         16         16         16         16         16         16         16         16         16         16         16         16 
           Communication          
Reduction                  0.0004     0.0005     0.0004     0.0004     0.0007     0.0006     0.0006     0.0006     0.0005     0.0005     0.0005     0.0005     0.0008     0.0008     0.0008     0.0007 
Remote access              0.0005     0.0004     0.0005     0.0006     0.0004     0.0004     0.0003     0.0004     0.0005     0.0005     0.0005     0.0005     0.0007     0.0008     0.0008     0.0007 
           Synchronization        
I/O                        0.0001     0.0002     0.0002     0.0001     0.0001     0.0002     0.0002     0.0002     0.0001     0.0002     0.0001     0.0001     0.0001     0.0002     0.0002     0.0002 
Reduction                  0.0001     0.0002     0.0001     0.0001     0.0001     0.0002     0.0001     0.0001     0.0001     0.0002     0.0001     0.0001     0.0001     0.0002     0.0002     0.0002 
Remote access              0.0002     0.0003     0.0001     0.0001     0.0006     0.0006     0.0006     0.0006     0.0006     0.0007     0.0006     0.0006     0.0008     0.0009     0.0008     0.0007 
           Variation              
I/O                        0.0001     0.0004     0.0004     0.0004     0.0003     0.0004     0.0004     0.0004     0.0003     0.0004     0.0004     0.0004     0.0003     0.0004     0.0004     0.0004 
Reduction                  0.0001     0.0002     0.0001     0.0001     0.0001     0.0002     0.0001     0.0001     0.0001     0.0001     0.0001     0.0001     0.0001     0.0002     0.0001     0.0001 
Remote access              0.0002     0.0003     0.0001     0.0001     0.0004     0.0004     0.0003     0.0003     0.0003     0.0003     0.0002     0.0002     0.0002     0.0002     0.0001     0.0001 
           Overlap                
Reduction                  0.0000     0.0000     0.0000     0.0000     0.0000     0.0000     0.0000     0.0000     0.0000     0.0000     0.0000     0.0000     0.0000     0.0000     0.0000     0.0000 
Remote access              0.0000     0.0000     0.0000     0.0000     0.0000     0.0000     0.0000     0.0000     0.0000     0.0000     0.0000     0.0000     0.0000     0.0000     0.0000     0.0000 


-------------------------------------------------------------------------
Name (number) and performance time of processors
omp.keldysh.ru(1) 0.933944
omp.keldysh.ru(2) 0.933885
omp.keldysh.ru(3) 0.952781
omp.keldysh.ru(4) 0.952798
omp.keldysh.ru(5) 0.956269
omp.keldysh.ru(6) 0.956285
omp.keldysh.ru(7) 0.933792
omp.keldysh.ru(8) 0.933755
omp.keldysh.ru(9) 0.954908
omp.keldysh.ru(10) 0.954910
omp.keldysh.ru(11) 0.934013
omp.keldysh.ru(12) 0.934014
omp.keldysh.ru(13) 0.952956
omp.keldysh.ru(14) 0.952647
omp.keldysh.ru(15) 0.953122
omp.keldysh.ru(16) 0.953118
min - omp.keldysh.ru(8) 0.933755; max - omp.keldysh.ru(6) 0.956285; mid - 0.946450
