Processor system=2*3*3*1
Statistics has been accumulated on DVM-system version 5.0, platform DVM
Analyzer is executing on DVM-system version 5.0, platform DVM
-------------------------------------------------------------------------
INTERVAL ( NLINE=7 SOURCE=rem41.f ) LEVEL=0  EXE_COUNT=2
--- The main characteristics --- 
Parallelization efficiency      0.0467 
Execution time                  0.3896 
Processors                          18
Threads amount                      18
Total time                      7.0131
Productive time                 0.3276 ( CPU= 0.0201 Sys= 0.3075 I/O= 0.0000 )
Lost  time                      6.6855 
   Insufficient parallelism     5.4524 ( User= 0.2248 Sys= 5.2275 )
   Communication                1.2309 ( Real_sync= 0.0000 Starts= 0.0000 )
   Idle time                    0.0022
Load imbalance                  0.0348
Synchronization                 2.0945
Time variation                  1.4565
Overlap                         0.0003
                  Nop   Communic    Synchro  Variation    Overlap 
I/O                17     0.0000     0.0055     0.0089     0.0000 
Reduction           8     0.0048     0.0000     0.0001     0.0000 
Remote access    4155     1.2261     2.0890     1.4476     0.0003 
--- The comparative characteristics --- 
                              Tmin N proc      Tmax N proc      Tmid
Lost time                   0.3695     9     0.3781    17     0.3714 
User insufficient par.      0.0100    17     0.0148     9     0.0125 
Sys.insufficient par.       0.1800    17     0.3208     9     0.2904 
Idle time                   0.0000     9     0.0003    14     0.0001 
Communication               0.0340     9     0.1882    17     0.0684 
Synchronization             0.0512     6     0.2244    17     0.1164 
Variation                   0.0343     6     0.1460    17     0.0809 
Overlap                     0.0000    10     0.0001     5     0.0000 
Load imbalance              0.0000     9     0.0086    17     0.0019 
Execution time              0.3893    14     0.3896     9     0.3895 
User CPU time               0.0009    17     0.0013     9     0.0011 
Sys. CPU time               0.0106    17     0.0189     9     0.0171 
I/O time                    0.0000    18     0.0000     1     0.0000 
Processors                      18     1         18    18         18 
                      Communic          Synchro        Variation          Overlap  
I/O             Tmin    0.0000     1     0.0002    15     0.0002     1     0.0000     1 
I/O             Tmax    0.0000    18     0.0005    17     0.0007    17     0.0000    18 
I/O             Tmid    0.0000           0.0003           0.0005           0.0000       
Reduction       Tmin    0.0001     5     0.0000    16     0.0000    16     0.0000     1 
Reduction       Tmax    0.0009    18     0.0000    18     0.0000    18     0.0000    16 
Reduction       Tmid    0.0003           0.0000           0.0000           0.0000       
Remote access   Tmin    0.0338     9     0.0510     6     0.0339     6     0.0000    10 
Remote access   Tmax    0.1873    17     0.2238    17     0.1453    17     0.0001     5 
Remote access   Tmid    0.0681           0.1161           0.0804           0.0000       
--- The execution characteristics --- 
                                1          2          3          4          5          6          7          8          9         10         11         12         13         14         15         16         17         18 
Lost time                  0.3710     0.3709     0.3703     0.3708     0.3706     0.3700     0.3702     0.3700     0.3695     0.3714     0.3712     0.3707     0.3711     0.3711     0.3705     0.3706     0.3781     0.3774 
User insufficient par.     0.0125     0.0124     0.0137     0.0126     0.0126     0.0136     0.0140     0.0136     0.0148     0.0118     0.0116     0.0126     0.0116     0.0112     0.0130     0.0130     0.0100     0.0103 
Sys.insufficient par.      0.2985     0.2994     0.3083     0.3007     0.3037     0.3129     0.3087     0.3123     0.3208     0.2916     0.2955     0.3027     0.2958     0.2972     0.3057     0.3029     0.1800     0.1909 
Idle time                  0.0003     0.0001     0.0001     0.0002     0.0002     0.0001     0.0001     0.0001     0.0000     0.0000     0.0002     0.0000     0.0002     0.0003     0.0000     0.0001     0.0000     0.0001 
Communication              0.0597     0.0590     0.0482     0.0573     0.0541     0.0434     0.0474     0.0440     0.0340     0.0680     0.0639     0.0554     0.0635     0.0624     0.0517     0.0546     0.1882     0.1761 
Synchronization            0.1202     0.1184     0.1008     0.1108     0.0680     0.0512     0.1068     0.0983     0.0880     0.1325     0.1257     0.1114     0.1153     0.1132     0.0864     0.1096     0.2244     0.2136 
Variation                  0.0821     0.0816     0.0782     0.0759     0.0359     0.0343     0.0857     0.0812     0.0855     0.0845     0.0810     0.0792     0.0711     0.0694     0.0598     0.0797     0.1460     0.1455 
Overlap                    0.0000     0.0000     0.0000     0.0000     0.0001     0.0001     0.0000     0.0000     0.0000     0.0000     0.0000     0.0000     0.0000     0.0000     0.0001     0.0000     0.0000     0.0000 
Load imbalance             0.0015     0.0014     0.0008     0.0013     0.0011     0.0005     0.0007     0.0006     0.0000     0.0019     0.0017     0.0012     0.0017     0.0016     0.0010     0.0012     0.0086     0.0080 
Execution time             0.3893     0.3895     0.3895     0.3894     0.3894     0.3895     0.3895     0.3896     0.3896     0.3896     0.3894     0.3896     0.3894     0.3893     0.3896     0.3895     0.3896     0.3895 
User CPU time              0.0011     0.0011     0.0012     0.0011     0.0011     0.0012     0.0012     0.0012     0.0013     0.0011     0.0011     0.0011     0.0011     0.0010     0.0012     0.0012     0.0009     0.0009 
Sys. CPU time              0.0175     0.0176     0.0181     0.0177     0.0179     0.0184     0.0182     0.0184     0.0189     0.0172     0.0174     0.0178     0.0174     0.0175     0.0180     0.0178     0.0106     0.0112 
I/O time                   0.0000     0.0000     0.0000     0.0000     0.0000     0.0000     0.0000     0.0000     0.0000     0.0000     0.0000     0.0000     0.0000     0.0000     0.0000     0.0000     0.0000     0.0000 
Processors                     18         18         18         18         18         18         18         18         18         18         18         18         18         18         18         18         18         18 
           Communication          
Reduction                  0.0003     0.0003     0.0002     0.0002     0.0001     0.0001     0.0002     0.0002     0.0002     0.0002     0.0002     0.0002     0.0002     0.0002     0.0001     0.0002     0.0009     0.0009 
Remote access              0.0594     0.0588     0.0480     0.0570     0.0541     0.0434     0.0472     0.0439     0.0338     0.0678     0.0637     0.0552     0.0633     0.0622     0.0516     0.0545     0.1873     0.1751 
           Synchronization        
I/O                        0.0003     0.0003     0.0003     0.0003     0.0002     0.0002     0.0003     0.0003     0.0003     0.0003     0.0003     0.0003     0.0003     0.0003     0.0002     0.0003     0.0005     0.0005 
Reduction                  0.0000     0.0000     0.0000     0.0000     0.0000     0.0000     0.0000     0.0000     0.0000     0.0000     0.0000     0.0000     0.0000     0.0000     0.0000     0.0000     0.0000     0.0000 
Remote access              0.1199     0.1181     0.1005     0.1106     0.0677     0.0510     0.1065     0.0980     0.0877     0.1322     0.1254     0.1111     0.1151     0.1129     0.0862     0.1093     0.2238     0.2131 
           Variation              
I/O                        0.0002     0.0005     0.0005     0.0005     0.0004     0.0004     0.0005     0.0005     0.0005     0.0005     0.0005     0.0005     0.0005     0.0005     0.0004     0.0005     0.0007     0.0007 
Reduction                  0.0000     0.0000     0.0000     0.0000     0.0000     0.0000     0.0000     0.0000     0.0000     0.0000     0.0000     0.0000     0.0000     0.0000     0.0000     0.0000     0.0000     0.0000 
Remote access              0.0819     0.0811     0.0777     0.0754     0.0355     0.0339     0.0851     0.0807     0.0850     0.0840     0.0805     0.0787     0.0706     0.0689     0.0594     0.0793     0.1453     0.1447 
           Overlap                
Reduction                  0.0000     0.0000     0.0000     0.0000     0.0000     0.0000     0.0000     0.0000     0.0000     0.0000     0.0000     0.0000     0.0000     0.0000     0.0000     0.0000     0.0000     0.0000 
Remote access              0.0000     0.0000     0.0000     0.0000     0.0001     0.0001     0.0000     0.0000     0.0000     0.0000     0.0000     0.0000     0.0000     0.0000     0.0001     0.0000     0.0000     0.0000 


-------------------------------------------------------------------------
Name (number) and performance time of processors
omp.keldysh.ru(1) 0.935393
omp.keldysh.ru(2) 0.935352
omp.keldysh.ru(3) 0.955423
omp.keldysh.ru(4) 0.955402
omp.keldysh.ru(5) 0.955704
omp.keldysh.ru(6) 0.955708
omp.keldysh.ru(7) 0.954234
omp.keldysh.ru(8) 0.954230
omp.keldysh.ru(9) 0.957176
omp.keldysh.ru(10) 0.957161
omp.keldysh.ru(11) 0.958149
omp.keldysh.ru(12) 0.958136
omp.keldysh.ru(13) 0.935425
omp.keldysh.ru(14) 0.935413
omp.keldysh.ru(15) 0.955649
omp.keldysh.ru(16) 0.955649
omp.keldysh.ru(17) 0.954985
omp.keldysh.ru(18) 0.954647
min - omp.keldysh.ru(2) 0.935352; max - omp.keldysh.ru(11) 0.958149; mid - 0.951324
