Processor system=1*6*1*3
Statistics has been accumulated on DVM-system version 5.0, platform DVM
Analyzer is executing on DVM-system version 5.0, platform DVM
-------------------------------------------------------------------------
INTERVAL ( NLINE=7 SOURCE=rem42.f ) LEVEL=0  EXE_COUNT=2
--- The main characteristics --- 
Parallelization efficiency      0.0489 
Execution time                  0.0382 
Processors                          18
Threads amount                      18
Total time                      0.6885
Productive time                 0.0337 ( CPU= 0.0126 Sys= 0.0210 I/O= 0.0000 )
Lost  time                      0.6548 
   Insufficient parallelism     0.5723 ( User= 0.2141 Sys= 0.3583 )
   Communication                0.0364 ( Real_sync= 0.0000 Starts= 0.0000 )
   Idle time                    0.0460
Load imbalance                  0.0043
Synchronization                24.2361
Time variation                 24.2388
Overlap                         0.0002
                  Nop   Communic    Synchro  Variation    Overlap 
I/O                17     0.0000     0.1019     0.1046     0.0000 
Reduction           8     0.0364     0.0055     0.0054     0.0000 
Remote access    4155     0.0000    24.1288    24.1288     0.0002 
--- The comparative characteristics --- 
                              Tmin N proc      Tmax N proc      Tmid
Lost time                   0.0361     4     0.0373    18     0.0364 
User insufficient par.      0.0058    18     0.0148     4     0.0119 
Sys.insufficient par.       0.0107    18     0.0213     7     0.0199 
Idle time                   0.0000     4     0.0060    18     0.0026 
Communication               0.0002     8     0.0148    18     0.0020 
Synchronization             0.0099     8    10.5913    18     1.3465 
Variation                   0.0100     8    10.5916    18     1.3466 
Overlap                     0.0000     2     0.0001     8     0.0000 
Load imbalance              0.0000     4     0.0011    18     0.0002 
Execution time              0.0322    17     0.0382     4     0.0357 
User CPU time               0.0003    18     0.0009     4     0.0007 
Sys. CPU time               0.0006    18     0.0013     7     0.0012 
I/O time                    0.0000     7     0.0000     1     0.0000 
Processors                      18     1         18    18         18 
                      Communic          Synchro        Variation          Overlap  
I/O             Tmin    0.0000     1     0.0003     7     0.0005     7     0.0000     1 
I/O             Tmax    0.0000    18     0.0430    18     0.0432    18     0.0000    18 
I/O             Tmid    0.0000           0.0057           0.0058           0.0000       
Reduction       Tmin    0.0002     8     0.0000    16     0.0000    15     0.0000     1 
Reduction       Tmax    0.0148    18     0.0018    17     0.0018    17     0.0000    16 
Reduction       Tmid    0.0020           0.0003           0.0003           0.0000       
Remote access   Tmin    0.0000     1     0.0095     8     0.0095     8     0.0000     2 
Remote access   Tmax    0.0000    18    10.5466    18    10.5467    18     0.0001     8 
Remote access   Tmid    0.0000           1.3405           1.3405           0.0000       
--- The execution characteristics --- 
                                1          2          3          4          5          6          7          8          9         10         11         12         13         14         15         16         17         18 
Lost time                  0.0362     0.0364     0.0362     0.0361     0.0362     0.0362     0.0364     0.0363     0.0362     0.0363     0.0364     0.0364     0.0362     0.0362     0.0363     0.0363     0.0373     0.0373 
User insufficient par.     0.0132     0.0113     0.0136     0.0148     0.0132     0.0134     0.0109     0.0126     0.0143     0.0121     0.0102     0.0104     0.0139     0.0139     0.0117     0.0130     0.0058     0.0058 
Sys.insufficient par.      0.0212     0.0209     0.0211     0.0210     0.0212     0.0210     0.0213     0.0212     0.0212     0.0211     0.0209     0.0207     0.0210     0.0210     0.0210     0.0209     0.0109     0.0107 
Idle time                  0.0012     0.0035     0.0012     0.0000     0.0016     0.0015     0.0039     0.0023     0.0004     0.0027     0.0046     0.0046     0.0008     0.0008     0.0031     0.0019     0.0060     0.0060 
Communication              0.0006     0.0007     0.0003     0.0003     0.0003     0.0003     0.0002     0.0002     0.0004     0.0004     0.0007     0.0007     0.0005     0.0005     0.0005     0.0005     0.0146     0.0148 
Synchronization            0.2180     0.3552     0.1562     0.1562     0.1416     0.0695     0.0109     0.0099     0.1661     0.1528     0.3600     0.3678     0.2958     0.2957     0.2263     0.2067    10.4563    10.5913 
Variation                  0.2179     0.3554     0.1564     0.1563     0.1417     0.0696     0.0111     0.0100     0.1662     0.1530     0.3602     0.3679     0.2959     0.2958     0.2264     0.2068    10.4566    10.5916 
Overlap                    0.0000     0.0000     0.0000     0.0000     0.0000     0.0000     0.0001     0.0001     0.0000     0.0000     0.0000     0.0000     0.0000     0.0000     0.0000     0.0000     0.0000     0.0000 
Load imbalance             0.0001     0.0002     0.0001     0.0000     0.0001     0.0001     0.0002     0.0001     0.0000     0.0002     0.0003     0.0003     0.0001     0.0001     0.0002     0.0001     0.0011     0.0011 
Execution time             0.0371     0.0348     0.0371     0.0382     0.0367     0.0367     0.0344     0.0359     0.0379     0.0355     0.0337     0.0336     0.0375     0.0375     0.0351     0.0363     0.0322     0.0322 
User CPU time              0.0008     0.0007     0.0008     0.0009     0.0008     0.0008     0.0006     0.0007     0.0008     0.0007     0.0006     0.0006     0.0008     0.0008     0.0007     0.0008     0.0003     0.0003 
Sys. CPU time              0.0012     0.0012     0.0012     0.0012     0.0012     0.0012     0.0013     0.0012     0.0012     0.0012     0.0012     0.0012     0.0012     0.0012     0.0012     0.0012     0.0006     0.0006 
I/O time                   0.0000     0.0000     0.0000     0.0000     0.0000     0.0000     0.0000     0.0000     0.0000     0.0000     0.0000     0.0000     0.0000     0.0000     0.0000     0.0000     0.0000     0.0000 
Processors                     18         18         18         18         18         18         18         18         18         18         18         18         18         18         18         18         18         18 
           Communication          
Reduction                  0.0006     0.0007     0.0003     0.0003     0.0003     0.0003     0.0002     0.0002     0.0004     0.0004     0.0007     0.0007     0.0005     0.0005     0.0005     0.0005     0.0146     0.0148 
           Synchronization        
I/O                        0.0011     0.0019     0.0008     0.0008     0.0008     0.0006     0.0003     0.0003     0.0008     0.0007     0.0019     0.0019     0.0013     0.0013     0.0010     0.0009     0.0425     0.0430 
Reduction                  0.0002     0.0002     0.0001     0.0001     0.0001     0.0001     0.0001     0.0001     0.0001     0.0001     0.0003     0.0003     0.0001     0.0001     0.0000     0.0000     0.0018     0.0018 
Remote access              0.2167     0.3532     0.1553     0.1552     0.1407     0.0688     0.0105     0.0095     0.1652     0.1520     0.3579     0.3656     0.2944     0.2943     0.2253     0.2057    10.4120    10.5466 
           Variation              
I/O                        0.0010     0.0020     0.0010     0.0010     0.0010     0.0007     0.0005     0.0005     0.0010     0.0009     0.0021     0.0021     0.0014     0.0014     0.0012     0.0011     0.0427     0.0432 
Reduction                  0.0002     0.0002     0.0001     0.0001     0.0001     0.0001     0.0001     0.0001     0.0001     0.0001     0.0003     0.0003     0.0001     0.0001     0.0000     0.0000     0.0018     0.0018 
Remote access              0.2167     0.3532     0.1553     0.1552     0.1406     0.0688     0.0105     0.0095     0.1652     0.1520     0.3579     0.3655     0.2944     0.2943     0.2252     0.2057    10.4122    10.5467 
           Overlap                
Reduction                  0.0000     0.0000     0.0000     0.0000     0.0000     0.0000     0.0000     0.0000     0.0000     0.0000     0.0000     0.0000     0.0000     0.0000     0.0000     0.0000     0.0000     0.0000 
Remote access              0.0000     0.0000     0.0000     0.0000     0.0000     0.0000     0.0001     0.0001     0.0000     0.0000     0.0000     0.0000     0.0000     0.0000     0.0000     0.0000     0.0000     0.0000 


-------------------------------------------------------------------------
Name (number) and performance time of processors
omp.keldysh.ru(1) 0.935265
omp.keldysh.ru(2) 0.935211
omp.keldysh.ru(3) 0.959978
omp.keldysh.ru(4) 0.960128
omp.keldysh.ru(5) 0.959664
omp.keldysh.ru(6) 0.959837
omp.keldysh.ru(7) 0.958573
omp.keldysh.ru(8) 0.958581
omp.keldysh.ru(9) 0.957444
omp.keldysh.ru(10) 0.957451
omp.keldysh.ru(11) 0.958359
omp.keldysh.ru(12) 0.958377
omp.keldysh.ru(13) 0.957088
omp.keldysh.ru(14) 0.957695
omp.keldysh.ru(15) 0.935284
omp.keldysh.ru(16) 0.935306
omp.keldysh.ru(17) 0.958857
omp.keldysh.ru(18) 0.958852
min - omp.keldysh.ru(2) 0.935211; max - omp.keldysh.ru(4) 0.960128; mid - 0.953442
