Processor system=1*2*4*2
Statistics has been accumulated on DVM-system version 5.0, platform DVM
Analyzer is executing on DVM-system version 5.0, platform DVM
-------------------------------------------------------------------------
INTERVAL ( NLINE=8 SOURCE=red42.f ) LEVEL=0  EXE_COUNT=1
--- The main characteristics --- 
Parallelization efficiency      0.0479 
Execution time                  0.0108 
Processors                          16
Threads amount                      16
Total time                      0.1735
Productive time                 0.0083 ( CPU= 0.0075 Sys= 0.0008 I/O= 0.0000 )
Lost  time                      0.1652 
   Insufficient parallelism     0.1246 ( User= 0.1118 Sys= 0.0128 )
   Communication                0.0043 ( Real_sync= 0.0000 Starts= 0.0000 )
   Idle time                    0.0362
Load imbalance                  0.0023
Synchronization                 0.1271
Time variation                  0.1292
Overlap                         0.0001
                  Nop   Communic    Synchro  Variation    Overlap 
I/O                16     0.0000     0.0475     0.0495     0.0000 
Reduction          14     0.0043     0.0397     0.0397     0.0001 
Remote access      36     0.0000     0.0400     0.0400     0.0000 
--- The comparative characteristics --- 
                              Tmin N proc      Tmax N proc      Tmid
Lost time                   0.0102     4     0.0106    16     0.0103 
User insufficient par.      0.0037    16     0.0090     4     0.0070 
Sys.insufficient par.       0.0006    14     0.0011     1     0.0008 
Idle time                   0.0000     4     0.0059    16     0.0023 
Communication               0.0002     1     0.0003    16     0.0003 
Synchronization             0.0001     3     0.0288    14     0.0079 
Variation                   0.0002     4     0.0289    14     0.0081 
Overlap                     0.0000     9     0.0000     4     0.0000 
Load imbalance              0.0000     4     0.0004    16     0.0001 
Execution time              0.0050    16     0.0108     4     0.0086 
User CPU time               0.0002    16     0.0006     4     0.0005 
Sys. CPU time               0.0000    14     0.0001     2     0.0001 
I/O time                    0.0000    14     0.0000     1     0.0000 
Processors                      16     1         16    16         16 
                      Communic          Synchro        Variation          Overlap  
I/O             Tmin    0.0000     1     0.0000     3     0.0002     4     0.0000     1 
I/O             Tmax    0.0000    16     0.0107    14     0.0108    14     0.0000    16 
I/O             Tmid    0.0000           0.0030           0.0031           0.0000       
Reduction       Tmin    0.0002     1     0.0000     4     0.0000     4     0.0000     9 
Reduction       Tmax    0.0003    16     0.0090    14     0.0090    14     0.0000     4 
Reduction       Tmid    0.0003           0.0025           0.0025           0.0000       
Remote access   Tmin    0.0000     1     0.0000     4     0.0000     3     0.0000     1 
Remote access   Tmax    0.0000    16     0.0091    14     0.0091    14     0.0000     4 
Remote access   Tmid    0.0000           0.0025           0.0025           0.0000       
--- The execution characteristics --- 
                                1          2          3          4          5          6          7          8          9         10         11         12         13         14         15         16 
Lost time                  0.0103     0.0102     0.0102     0.0102     0.0102     0.0103     0.0102     0.0103     0.0103     0.0103     0.0103     0.0103     0.0106     0.0105     0.0106     0.0106 
User insufficient par.     0.0075     0.0083     0.0084     0.0090     0.0087     0.0077     0.0087     0.0077     0.0077     0.0077     0.0077     0.0077     0.0038     0.0038     0.0038     0.0037 
Sys.insufficient par.      0.0011     0.0009     0.0008     0.0009     0.0008     0.0008     0.0008     0.0008     0.0008     0.0008     0.0008     0.0008     0.0006     0.0006     0.0006     0.0007 
Idle time                  0.0015     0.0008     0.0008     0.0000     0.0004     0.0015     0.0004     0.0015     0.0015     0.0015     0.0015     0.0015     0.0059     0.0058     0.0059     0.0059 
Communication              0.0002     0.0003     0.0003     0.0003     0.0003     0.0003     0.0003     0.0003     0.0003     0.0003     0.0003     0.0002     0.0003     0.0003     0.0003     0.0003 
Synchronization            0.0057     0.0054     0.0001     0.0001     0.0004     0.0004     0.0003     0.0003     0.0014     0.0014     0.0019     0.0020     0.0265     0.0288     0.0287     0.0237 
Variation                  0.0055     0.0055     0.0003     0.0002     0.0006     0.0006     0.0004     0.0004     0.0016     0.0016     0.0021     0.0021     0.0267     0.0289     0.0288     0.0238 
Overlap                    0.0000     0.0000     0.0000     0.0000     0.0000     0.0000     0.0000     0.0000     0.0000     0.0000     0.0000     0.0000     0.0000     0.0000     0.0000     0.0000 
Load imbalance             0.0001     0.0000     0.0000     0.0000     0.0000     0.0001     0.0000     0.0001     0.0001     0.0001     0.0001     0.0001     0.0004     0.0004     0.0004     0.0004 
Execution time             0.0093     0.0101     0.0101     0.0108     0.0105     0.0093     0.0105     0.0093     0.0093     0.0093     0.0093     0.0093     0.0050     0.0050     0.0050     0.0050 
User CPU time              0.0005     0.0006     0.0006     0.0006     0.0006     0.0005     0.0006     0.0005     0.0005     0.0005     0.0005     0.0005     0.0003     0.0003     0.0003     0.0002 
Sys. CPU time              0.0001     0.0001     0.0001     0.0001     0.0001     0.0001     0.0001     0.0001     0.0001     0.0001     0.0001     0.0001     0.0000     0.0000     0.0000     0.0000 
I/O time                   0.0000     0.0000     0.0000     0.0000     0.0000     0.0000     0.0000     0.0000     0.0000     0.0000     0.0000     0.0000     0.0000     0.0000     0.0000     0.0000 
Processors                     16         16         16         16         16         16         16         16         16         16         16         16         16         16         16         16 
           Communication          
Reduction                  0.0002     0.0003     0.0003     0.0003     0.0003     0.0003     0.0003     0.0003     0.0003     0.0003     0.0003     0.0002     0.0003     0.0003     0.0003     0.0003 
           Synchronization        
I/O                        0.0021     0.0020     0.0000     0.0001     0.0002     0.0002     0.0002     0.0002     0.0006     0.0006     0.0008     0.0008     0.0098     0.0107     0.0106     0.0088 
Reduction                  0.0017     0.0017     0.0000     0.0000     0.0001     0.0001     0.0001     0.0001     0.0005     0.0004     0.0006     0.0006     0.0083     0.0090     0.0090     0.0074 
Remote access              0.0019     0.0017     0.0000     0.0000     0.0001     0.0001     0.0001     0.0001     0.0004     0.0004     0.0005     0.0005     0.0084     0.0091     0.0091     0.0076 
           Variation              
I/O                        0.0019     0.0021     0.0002     0.0002     0.0004     0.0004     0.0003     0.0003     0.0007     0.0007     0.0009     0.0009     0.0100     0.0108     0.0108     0.0089 
Reduction                  0.0017     0.0017     0.0000     0.0000     0.0001     0.0001     0.0001     0.0001     0.0005     0.0004     0.0006     0.0006     0.0083     0.0090     0.0090     0.0074 
Remote access              0.0019     0.0017     0.0000     0.0000     0.0001     0.0001     0.0001     0.0001     0.0004     0.0004     0.0005     0.0005     0.0084     0.0091     0.0091     0.0076 
           Overlap                
Reduction                  0.0000     0.0000     0.0000     0.0000     0.0000     0.0000     0.0000     0.0000     0.0000     0.0000     0.0000     0.0000     0.0000     0.0000     0.0000     0.0000 
Remote access              0.0000     0.0000     0.0000     0.0000     0.0000     0.0000     0.0000     0.0000     0.0000     0.0000     0.0000     0.0000     0.0000     0.0000     0.0000     0.0000 


-------------------------------------------------------------------------
Name (number) and performance time of processors
omp.keldysh.ru(1) 0.935547
omp.keldysh.ru(2) 0.935471
omp.keldysh.ru(3) 0.957882
omp.keldysh.ru(4) 0.957882
omp.keldysh.ru(5) 0.958814
omp.keldysh.ru(6) 0.958831
omp.keldysh.ru(7) 0.935428
omp.keldysh.ru(8) 0.935407
omp.keldysh.ru(9) 0.959065
omp.keldysh.ru(10) 0.959067
omp.keldysh.ru(11) 0.958667
omp.keldysh.ru(12) 0.958693
omp.keldysh.ru(13) 0.956438
omp.keldysh.ru(14) 0.956438
omp.keldysh.ru(15) 0.958827
omp.keldysh.ru(16) 0.958517
min - omp.keldysh.ru(8) 0.935407; max - omp.keldysh.ru(10) 0.959067; mid - 0.952561
