Processor system=3*1*2*3
Statistics has been accumulated on DVM-system version 5.0, platform DVM
Analyzer is executing on DVM-system version 5.0, platform DVM
-------------------------------------------------------------------------
INTERVAL ( NLINE=7 SOURCE=sh41.f ) LEVEL=0  EXE_COUNT=2
--- The main characteristics --- 
Parallelization efficiency      0.1383 
Execution time                  2.0748 
Processors                          18
Threads amount                      18
Total time                     37.3456
Productive time                 5.1649 ( CPU= 5.1033 Sys= 0.0616 I/O= 0.0000 )
Lost  time                     32.1807 
   Insufficient parallelism    28.4177 ( User= 27.3702 Sys= 1.0474 )
   Communication                3.7434 ( Real_sync= 0.0000 Starts= 0.0000 )
   Idle time                    0.0196
Load imbalance                  1.4645
Synchronization                 2.0381
Time variation                  1.1727
Overlap                         0.0000
                  Nop   Communic    Synchro  Variation    Overlap 
I/O                12     0.0000     0.0245     0.0278     0.0000 
Reduction          10     1.6575     0.0005     0.0006     0.0000 
Shadow             10     2.0859     2.0131     1.1443     0.0000 
--- The comparative characteristics --- 
                              Tmin N proc      Tmax N proc      Tmid
Lost time                   1.7065    11     1.9329    18     1.7878 
User insufficient par.      0.9950    17     1.5945    15     1.5206 
Sys.insufficient par.       0.0330    18     0.1274     8     0.0582 
Idle time                   0.0000     2     0.0062    18     0.0011 
Communication               0.0364    11     0.8959    18     0.2080 
Synchronization             0.0002    11     0.7282    18     0.1132 
Variation                   0.0005     8     0.0917     5     0.0652 
Overlap                     0.0000     2     0.0000    11     0.0000 
Load imbalance              0.0000    11     0.2265    18     0.0814 
Execution time              2.0686    18     2.0748     2     2.0737 
User CPU time               0.1399    18     0.3631    11     0.2835 
Sys. CPU time               0.0019    18     0.0075     8     0.0034 
I/O time                    0.0000     4     0.0000     1     0.0000 
Processors                      18     1         18    18         18 
                      Communic          Synchro        Variation          Overlap  
I/O             Tmin    0.0000     1     0.0001     8     0.0003     8     0.0000     1 
I/O             Tmax    0.0000    18     0.0054    18     0.0056    18     0.0000    18 
I/O             Tmid    0.0000           0.0014           0.0015           0.0000       
Reduction       Tmin    0.0001    11     0.0000    12     0.0000    12     0.0000     2 
Reduction       Tmax    0.1822    18     0.0000     8     0.0000     8     0.0000    18 
Reduction       Tmid    0.0921           0.0000           0.0000           0.0000       
Shadow          Tmin    0.0249    16     0.0001    11     0.0002     8     0.0000     1 
Shadow          Tmax    0.7138    18     0.7228    18     0.0911     5     0.0000    11 
Shadow          Tmid    0.1159           0.1118           0.0636           0.0000       
--- The execution characteristics --- 
                                1          2          3          4          5          6          7          8          9         10         11         12         13         14         15         16         17         18 
Lost time                  1.8149     1.7603     1.8038     1.8032     1.7621     1.8186     1.7462     1.7569     1.7837     1.7517     1.7065     1.7464     1.7913     1.7434     1.7970     1.8015     1.8601     1.9329 
User insufficient par.     1.5898     1.5826     1.5841     1.5820     1.5893     1.5833     1.5889     1.5806     1.5889     1.5863     1.5824     1.5846     1.5856     1.5844     1.5945     1.5902     0.9950     0.9978 
Sys.insufficient par.      0.0420     0.0599     0.0378     0.0398     0.0562     0.0491     0.0690     0.1274     0.0901     0.0670     0.0876     0.0696     0.0411     0.0503     0.0380     0.0408     0.0488     0.0330 
Idle time                  0.0000     0.0000     0.0039     0.0035     0.0000     0.0016     0.0000     0.0000     0.0000     0.0000     0.0000     0.0000     0.0000     0.0000     0.0000     0.0043     0.0000     0.0062 
Communication              0.1831     0.1178     0.1780     0.1779     0.1166     0.1846     0.0884     0.0490     0.1046     0.0985     0.0364     0.0922     0.1647     0.1086     0.1645     0.1662     0.8162     0.8959 
Synchronization            0.0670     0.0502     0.0524     0.0536     0.0520     0.0752     0.0263     0.0105     0.0177     0.0202     0.0002     0.0179     0.0494     0.0259     0.0356     0.0369     0.7187     0.7282 
Variation                  0.0769     0.0898     0.0745     0.0866     0.0917     0.0786     0.0645     0.0005     0.0113     0.0508     0.0302     0.0290     0.0757     0.0787     0.0726     0.0856     0.0907     0.0851 
Overlap                    0.0000     0.0000     0.0000     0.0000     0.0000     0.0000     0.0000     0.0000     0.0000     0.0000     0.0000     0.0000     0.0000     0.0000     0.0000     0.0000     0.0000     0.0000 
Load imbalance             0.1085     0.0538     0.0973     0.0967     0.0556     0.1121     0.0398     0.0505     0.0772     0.0453     0.0000     0.0400     0.0849     0.0369     0.0906     0.0951     0.1537     0.2265 
Execution time             2.0747     2.0748     2.0709     2.0713     2.0747     2.0732     2.0748     2.0748     2.0747     2.0747     2.0748     2.0748     2.0747     2.0747     2.0747     2.0705     2.0747     2.0686 
User CPU time              0.2574     0.3110     0.2687     0.2693     0.3093     0.2533     0.3245     0.3103     0.2858     0.3191     0.3631     0.3242     0.2810     0.3284     0.2755     0.2708     0.2118     0.1399 
Sys. CPU time              0.0025     0.0035     0.0022     0.0023     0.0033     0.0029     0.0041     0.0075     0.0053     0.0039     0.0052     0.0041     0.0024     0.0030     0.0022     0.0024     0.0029     0.0019 
I/O time                   0.0000     0.0000     0.0000     0.0000     0.0000     0.0000     0.0000     0.0000     0.0000     0.0000     0.0000     0.0000     0.0000     0.0000     0.0000     0.0000     0.0000     0.0000 
Processors                     18         18         18         18         18         18         18         18         18         18         18         18         18         18         18         18         18         18 
           Communication          
Reduction                  0.1219     0.0825     0.1279     0.1399     0.0828     0.1261     0.0521     0.0063     0.0528     0.0578     0.0001     0.0370     0.1224     0.0780     0.1268     0.1413     0.1198     0.1822 
Shadow                     0.0612     0.0354     0.0502     0.0380     0.0338     0.0585     0.0363     0.0427     0.0518     0.0406     0.0363     0.0553     0.0423     0.0306     0.0378     0.0249     0.6965     0.7138 
           Synchronization        
I/O                        0.0017     0.0003     0.0022     0.0021     0.0004     0.0019     0.0005     0.0001     0.0005     0.0007     0.0001     0.0004     0.0016     0.0005     0.0018     0.0025     0.0017     0.0054 
Reduction                  0.0000     0.0000     0.0000     0.0000     0.0000     0.0000     0.0000     0.0000     0.0000     0.0000     0.0000     0.0000     0.0000     0.0000     0.0000     0.0000     0.0000     0.0000 
Shadow                     0.0653     0.0499     0.0502     0.0514     0.0516     0.0733     0.0258     0.0104     0.0171     0.0195     0.0001     0.0175     0.0477     0.0254     0.0338     0.0344     0.7170     0.7228 
           Variation              
I/O                        0.0016     0.0005     0.0024     0.0023     0.0006     0.0021     0.0007     0.0003     0.0007     0.0009     0.0003     0.0006     0.0018     0.0007     0.0020     0.0027     0.0019     0.0056 
Reduction                  0.0000     0.0000     0.0000     0.0000     0.0000     0.0000     0.0000     0.0000     0.0000     0.0000     0.0000     0.0000     0.0000     0.0000     0.0000     0.0000     0.0000     0.0000 
Shadow                     0.0752     0.0893     0.0721     0.0842     0.0911     0.0765     0.0638     0.0002     0.0105     0.0498     0.0298     0.0283     0.0739     0.0780     0.0706     0.0828     0.0888     0.0794 
           Overlap                
Reduction                  0.0000     0.0000     0.0000     0.0000     0.0000     0.0000     0.0000     0.0000     0.0000     0.0000     0.0000     0.0000     0.0000     0.0000     0.0000     0.0000     0.0000     0.0000 
Shadow                     0.0000     0.0000     0.0000     0.0000     0.0000     0.0000     0.0000     0.0000     0.0000     0.0000     0.0000     0.0000     0.0000     0.0000     0.0000     0.0000     0.0000     0.0000 


-------------------------------------------------------------------------
Name (number) and performance time of processors
omp.keldysh.ru(1) 0.935442
omp.keldysh.ru(2) 0.935384
omp.keldysh.ru(3) 0.954366
omp.keldysh.ru(4) 0.954535
omp.keldysh.ru(5) 0.954483
omp.keldysh.ru(6) 0.954479
omp.keldysh.ru(7) 0.957304
omp.keldysh.ru(8) 0.957295
omp.keldysh.ru(9) 0.954697
omp.keldysh.ru(10) 0.954711
omp.keldysh.ru(11) 0.956151
omp.keldysh.ru(12) 0.956160
omp.keldysh.ru(13) 0.956118
omp.keldysh.ru(14) 0.956517
omp.keldysh.ru(15) 0.957292
omp.keldysh.ru(16) 0.957280
omp.keldysh.ru(17) 0.957775
omp.keldysh.ru(18) 0.957688
min - omp.keldysh.ru(2) 0.935384; max - omp.keldysh.ru(17) 0.957775; mid - 0.953760
