Processor system=3*1*6
Statistics has been accumulated on DVM-system version 5.0, platform DVM
Analyzer is executing on DVM-system version 5.0, platform DVM
-------------------------------------------------------------------------
INTERVAL ( NLINE=7 SOURCE=d_sor3d.f ) LEVEL=0  EXE_COUNT=2
--- The main characteristics --- 
Parallelization efficiency      0.6546 
Execution time                  6.2673 
Processors                          18
Threads amount                      18
Total time                    112.8120
Productive time                73.8430 ( CPU= 73.2053 Sys= 0.6371 I/O= 0.0005 )
Lost  time                     38.9690 
   Insufficient parallelism    11.2588 ( User= 0.4186 Sys= 10.8402 )
   Communication               27.6825 ( Real_sync= 0.0013 Starts= 0.0000 )
   Idle time                    0.0277
Load imbalance                  3.4278
Synchronization                 4.4681
Time variation                  5.4763
Overlap                         0.0007
                  Nop   Communic  Real_sync    Synchro  Variation    Overlap 
I/O               107     0.0000     0.0000     0.0167     0.1192     0.0000 
Reduction         100    10.3126     0.0000     0.0059     0.0061     0.0002 
Shadow            102    17.2800     0.0000     4.4455     5.3510     0.0005 
--- The comparative characteristics --- 
                              Tmin N proc      Tmax N proc      Tmid
Lost time                   1.9745     8     2.7122    18     2.1649 
User insufficient par.      0.0151    17     0.0272    13     0.0233 
Sys.insufficient par.       0.3219    18     0.8479     8     0.6022 
Idle time                   0.0000     3     0.0039    17     0.0015 
Communication               1.1022     8     2.3705    18     1.5379 
Real synchronization        0.0000    15     0.0005    18     0.0001 
Synchronization             0.0655    12     0.5982     1     0.2482 
Variation                   0.1022    12     0.4801    13     0.3042 
Overlap                     0.0000     4     0.0002     7     0.0000 
Load imbalance              0.0000     8     0.7377    18     0.1904 
Execution time              6.2634    17     6.2673     3     6.2658 
User CPU time               3.5362    18     4.2435    10     4.0670 
Sys. CPU time               0.0189    18     0.0499     8     0.0354 
I/O time                    0.0000     7     0.0004     1     0.0000 
Processors                      18     1         18    18         18 
                      Communic        Real_sync          Synchro        Variation          Overlap  
I/O             Tmin    0.0000     1     0.0000     1     0.0001     7     0.0000     1     0.0000     1 
I/O             Tmax    0.0000    18     0.0000    18     0.0012    18     0.0072    17     0.0000    18 
I/O             Tmid    0.0000           0.0000           0.0009           0.0066           0.0000       
Reduction       Tmin    0.0014    18     0.0000     1     0.0000     7     0.0000     7     0.0000     4 
Reduction       Tmax    1.2141     1     0.0000    18     0.0004    17     0.0004    17     0.0002     7 
Reduction       Tmid    0.5729           0.0000           0.0003           0.0003           0.0000       
Shadow          Tmin    0.2771     7     0.0000     1     0.0638    12     0.0946    12     0.0000     1 
Shadow          Tmax    2.3610    18     0.0000    18     0.5977     1     0.4733    13     0.0002     8 
Shadow          Tmid    0.9600           0.0000           0.2470           0.2973           0.0000       
--- The execution characteristics --- 
                                1          2          3          4          5          6          7          8          9         10         11         12         13         14         15         16         17         18 
Lost time                  2.2400     2.1682     2.1560     2.1352     2.1938     2.2014     2.1246     1.9745     1.9903     1.9805     1.9929     2.0432     2.1840     2.0826     2.1015     2.0615     2.6267     2.7122 
User insufficient par.     0.0255     0.0267     0.0261     0.0256     0.0247     0.0253     0.0230     0.0210     0.0197     0.0239     0.0244     0.0231     0.0272     0.0240     0.0216     0.0242     0.0151     0.0174 
Sys.insufficient par.      0.5493     0.5733     0.5521     0.5287     0.4885     0.4254     0.8249     0.8479     0.8334     0.7372     0.7705     0.7347     0.5662     0.5870     0.5820     0.5545     0.3627     0.3219 
Idle time                  0.0000     0.0000     0.0000     0.0000     0.0016     0.0000     0.0034     0.0034     0.0035     0.0000     0.0000     0.0008     0.0012     0.0012     0.0034     0.0027     0.0039     0.0024 
Communication              1.6652     1.5682     1.5779     1.5808     1.6790     1.7507     1.2732     1.1022     1.1337     1.2194     1.1979     1.2846     1.5894     1.4704     1.4945     1.4800     2.2450     2.3705 
Real synchronization       0.0000     0.0000     0.0000     0.0000     0.0000     0.0000     0.0000     0.0000     0.0000     0.0000     0.0000     0.0000     0.0000     0.0000     0.0000     0.0000     0.0005     0.0005 
Synchronization            0.5982     0.4935     0.4587     0.4354     0.4169     0.4008     0.2257     0.1288     0.1103     0.0976     0.0692     0.0655     0.2237     0.1310     0.0959     0.0996     0.2167     0.2006 
Variation                  0.4042     0.3663     0.3215     0.2808     0.2447     0.2372     0.3490     0.2532     0.2006     0.1633     0.1190     0.1022     0.4801     0.4115     0.3575     0.3361     0.4390     0.4099 
Overlap                    0.0000     0.0000     0.0000     0.0000     0.0000     0.0000     0.0002     0.0002     0.0001     0.0001     0.0001     0.0000     0.0000     0.0000     0.0000     0.0000     0.0000     0.0000 
Load imbalance             0.2658     0.1936     0.1815     0.1607     0.2193     0.2268     0.1500     0.0000     0.0158     0.0060     0.0184     0.0687     0.2095     0.1081     0.1269     0.0869     0.6522     0.7377 
Execution time             6.2673     6.2673     6.2673     6.2673     6.2657     6.2673     6.2639     6.2639     6.2639     6.2673     6.2673     6.2665     6.2661     6.2661     6.2639     6.2646     6.2634     6.2649 
User CPU time              3.9950     4.0655     4.0788     4.1010     4.0448     4.0409     4.0942     4.2429     4.2280     4.2435     4.2291     4.1809     4.0500     4.1502     4.1316     4.1733     3.6193     3.5362 
Sys. CPU time              0.0320     0.0337     0.0325     0.0311     0.0287     0.0250     0.0485     0.0499     0.0490     0.0434     0.0453     0.0432     0.0333     0.0345     0.0342     0.0326     0.0213     0.0189 
I/O time                   0.0004     0.0000     0.0000     0.0000     0.0000     0.0000     0.0000     0.0000     0.0000     0.0000     0.0000     0.0000     0.0000     0.0000     0.0000     0.0000     0.0000     0.0000 
Processors                     18         18         18         18         18         18         18         18         18         18         18         18         18         18         18         18         18         18 
           Communication          
Reduction                  1.2141     1.0161     0.8426     0.6848     0.5251     0.3711     0.9959     0.7734     0.6153     0.4598     0.3014     0.1488     0.8271     0.6199     0.4602     0.3042     0.1512     0.0014 
Shadow                     0.4509     0.5517     0.7349     0.8956     1.1534     1.3790     0.2771     0.3286     0.5180     0.6907     0.8961     1.1355     0.7620     0.8498     1.0342     1.1754     2.0859     2.3610 
           Real synchronization   
           Synchronization        
I/O                        0.0003     0.0005     0.0005     0.0010     0.0010     0.0012     0.0001     0.0010     0.0011     0.0012     0.0012     0.0012     0.0005     0.0011     0.0011     0.0012     0.0012     0.0012 
Reduction                  0.0002     0.0003     0.0002     0.0004     0.0003     0.0004     0.0000     0.0004     0.0004     0.0004     0.0004     0.0004     0.0002     0.0003     0.0003     0.0004     0.0004     0.0004 
Shadow                     0.5977     0.4928     0.4581     0.4340     0.4156     0.3992     0.2256     0.1275     0.1088     0.0960     0.0676     0.0638     0.2230     0.1295     0.0944     0.0980     0.2150     0.1989 
           Variation              
I/O                        0.0000     0.0066     0.0065     0.0071     0.0071     0.0072     0.0062     0.0070     0.0072     0.0072     0.0072     0.0072     0.0066     0.0072     0.0072     0.0072     0.0072     0.0072 
Reduction                  0.0002     0.0003     0.0002     0.0004     0.0004     0.0004     0.0000     0.0004     0.0004     0.0004     0.0004     0.0004     0.0002     0.0004     0.0004     0.0004     0.0004     0.0004 
Shadow                     0.4040     0.3595     0.3148     0.2733     0.2373     0.2296     0.3428     0.2458     0.1930     0.1557     0.1113     0.0946     0.4733     0.4040     0.3499     0.3285     0.4313     0.4022 
           Overlap                
Reduction                  0.0000     0.0000     0.0000     0.0000     0.0000     0.0000     0.0002     0.0000     0.0000     0.0000     0.0000     0.0000     0.0000     0.0000     0.0000     0.0000     0.0000     0.0000 
Shadow                     0.0000     0.0000     0.0000     0.0000     0.0000     0.0000     0.0000     0.0002     0.0001     0.0001     0.0001     0.0000     0.0000     0.0000     0.0000     0.0000     0.0000     0.0000 


-------------------------------------------------------------------------
Name (number) and performance time of processors
omp.keldysh.ru(1) 0.935550
omp.keldysh.ru(2) 0.935196
omp.keldysh.ru(3) 0.960894
omp.keldysh.ru(4) 0.960742
omp.keldysh.ru(5) 0.957066
omp.keldysh.ru(6) 0.956770
omp.keldysh.ru(7) 0.935386
omp.keldysh.ru(8) 0.935565
omp.keldysh.ru(9) 0.959441
omp.keldysh.ru(10) 0.958977
omp.keldysh.ru(11) 0.956774
omp.keldysh.ru(12) 0.957068
omp.keldysh.ru(13) 0.956657
omp.keldysh.ru(14) 0.956644
omp.keldysh.ru(15) 0.959278
omp.keldysh.ru(16) 0.959281
omp.keldysh.ru(17) 0.956517
omp.keldysh.ru(18) 0.956690
min - omp.keldysh.ru(2) 0.935196; max - omp.keldysh.ru(3) 0.960894; mid - 0.953028
