Processor system=3*1*6
Statistics has been accumulated on DVM-system version 5.0, platform DVM
Analyzer is executing on DVM-system version 5.0, platform DVM
-------------------------------------------------------------------------
INTERVAL ( NLINE=5 SOURCE=prf31.f ) LEVEL=0  EXE_COUNT=2
--- The main characteristics --- 
Parallelization efficiency      0.0313 
Execution time                  0.0169 
Processors                          18
Threads amount                      18
Total time                      0.3039
Productive time                 0.0095 ( CPU= 0.0066 Sys= 0.0029 I/O= 0.0000 )
Lost  time                      0.2944 
   Insufficient parallelism     0.1526 ( User= 0.1037 Sys= 0.0489 )
   Communication                0.0963 ( Real_sync= 0.0000 Starts= 0.0000 )
   Idle time                    0.0454
Load imbalance                  0.0025
Synchronization                 0.1410
Time variation                  0.1067
Overlap                         0.0503
                  Nop   Communic    Synchro  Variation    Overlap 
I/O                12     0.0000     0.0132     0.0155     0.0000 
Reduction          22     0.0111     0.0019     0.0020     0.0000 
Remote access     172     0.0852     0.1259     0.0891     0.0503 
--- The comparative characteristics --- 
                              Tmin N proc      Tmax N proc      Tmid
Lost time                   0.0162     1     0.0165    17     0.0164 
User insufficient par.      0.0045     3     0.0081     1     0.0058 
Sys.insufficient par.       0.0018    17     0.0029     6     0.0027 
Idle time                   0.0000     1     0.0039     3     0.0025 
Communication               0.0051     6     0.0064    17     0.0054 
Synchronization             0.0018     3     0.0117     8     0.0078 
Variation                   0.0016     3     0.0090     8     0.0059 
Overlap                     0.0006    17     0.0062     4     0.0028 
Load imbalance              0.0000     1     0.0003    17     0.0001 
Execution time              0.0130     3     0.0169     1     0.0144 
User CPU time               0.0003    17     0.0005     1     0.0004 
Sys. CPU time               0.0001    17     0.0002     6     0.0002 
I/O time                    0.0000     4     0.0000     1     0.0000 
Processors                      18     1         18    18         18 
                      Communic          Synchro        Variation          Overlap  
I/O             Tmin    0.0000     1     0.0002     3     0.0003     3     0.0000     1 
I/O             Tmax    0.0000    18     0.0011     8     0.0013     8     0.0000    18 
I/O             Tmid    0.0000           0.0007           0.0009           0.0000       
Reduction       Tmin    0.0005    15     0.0000    16     0.0000    16     0.0000     1 
Reduction       Tmax    0.0010    17     0.0001    18     0.0001    18     0.0000    16 
Reduction       Tmid    0.0006           0.0001           0.0001           0.0000       
Remote access   Tmin    0.0045     7     0.0015     3     0.0012     3     0.0006    17 
Remote access   Tmax    0.0054    17     0.0110    17     0.0076     8     0.0062     4 
Remote access   Tmid    0.0047           0.0070           0.0050           0.0028       
--- The execution characteristics --- 
                                1          2          3          4          5          6          7          8          9         10         11         12         13         14         15         16         17         18 
Lost time                  0.0162     0.0164     0.0164     0.0164     0.0164     0.0162     0.0164     0.0163     0.0164     0.0162     0.0164     0.0163     0.0163     0.0163     0.0164     0.0164     0.0165     0.0164 
User insufficient par.     0.0081     0.0056     0.0045     0.0046     0.0045     0.0074     0.0046     0.0067     0.0052     0.0078     0.0045     0.0059     0.0070     0.0070     0.0047     0.0046     0.0045     0.0063 
Sys.insufficient par.      0.0029     0.0027     0.0027     0.0027     0.0028     0.0029     0.0029     0.0029     0.0029     0.0028     0.0028     0.0029     0.0029     0.0028     0.0029     0.0026     0.0018     0.0021 
Idle time                  0.0000     0.0027     0.0039     0.0038     0.0038     0.0008     0.0038     0.0016     0.0031     0.0004     0.0038     0.0023     0.0012     0.0012     0.0037     0.0038     0.0038     0.0019 
Communication              0.0052     0.0054     0.0053     0.0054     0.0053     0.0051     0.0052     0.0052     0.0052     0.0053     0.0052     0.0052     0.0052     0.0052     0.0051     0.0054     0.0064     0.0061 
Synchronization            0.0027     0.0031     0.0018     0.0021     0.0036     0.0046     0.0116     0.0117     0.0115     0.0115     0.0113     0.0056     0.0110     0.0110     0.0109     0.0097     0.0115     0.0056 
Variation                  0.0023     0.0028     0.0016     0.0019     0.0031     0.0039     0.0089     0.0090     0.0087     0.0088     0.0086     0.0045     0.0082     0.0082     0.0081     0.0067     0.0077     0.0038 
Overlap                    0.0059     0.0058     0.0062     0.0062     0.0054     0.0048     0.0007     0.0007     0.0007     0.0007     0.0007     0.0043     0.0009     0.0009     0.0009     0.0008     0.0006     0.0040 
Load imbalance             0.0000     0.0002     0.0002     0.0002     0.0002     0.0000     0.0002     0.0001     0.0002     0.0000     0.0002     0.0001     0.0001     0.0001     0.0002     0.0002     0.0003     0.0002 
Execution time             0.0169     0.0142     0.0130     0.0131     0.0131     0.0161     0.0131     0.0153     0.0138     0.0165     0.0130     0.0146     0.0157     0.0157     0.0132     0.0131     0.0131     0.0150 
User CPU time              0.0005     0.0004     0.0003     0.0003     0.0003     0.0005     0.0003     0.0004     0.0003     0.0005     0.0003     0.0004     0.0004     0.0004     0.0003     0.0003     0.0003     0.0004 
Sys. CPU time              0.0002     0.0002     0.0002     0.0002     0.0002     0.0002     0.0002     0.0002     0.0002     0.0002     0.0002     0.0002     0.0002     0.0002     0.0002     0.0002     0.0001     0.0001 
I/O time                   0.0000     0.0000     0.0000     0.0000     0.0000     0.0000     0.0000     0.0000     0.0000     0.0000     0.0000     0.0000     0.0000     0.0000     0.0000     0.0000     0.0000     0.0000 
Processors                     18         18         18         18         18         18         18         18         18         18         18         18         18         18         18         18         18         18 
           Communication          
Reduction                  0.0006     0.0007     0.0005     0.0006     0.0007     0.0005     0.0007     0.0006     0.0006     0.0006     0.0006     0.0006     0.0005     0.0005     0.0005     0.0005     0.0010     0.0008 
Remote access              0.0046     0.0047     0.0048     0.0048     0.0047     0.0046     0.0045     0.0045     0.0045     0.0046     0.0046     0.0046     0.0047     0.0047     0.0047     0.0049     0.0054     0.0053 
           Synchronization        
I/O                        0.0004     0.0004     0.0002     0.0003     0.0005     0.0008     0.0011     0.0011     0.0011     0.0011     0.0011     0.0009     0.0010     0.0010     0.0010     0.0003     0.0004     0.0003 
Reduction                  0.0001     0.0001     0.0001     0.0001     0.0001     0.0001     0.0001     0.0001     0.0001     0.0001     0.0001     0.0001     0.0001     0.0001     0.0001     0.0000     0.0001     0.0001 
Remote access              0.0022     0.0026     0.0015     0.0017     0.0030     0.0037     0.0104     0.0105     0.0102     0.0103     0.0102     0.0046     0.0099     0.0099     0.0098     0.0093     0.0110     0.0052 
           Variation              
I/O                        0.0003     0.0005     0.0003     0.0004     0.0006     0.0009     0.0013     0.0013     0.0013     0.0013     0.0012     0.0010     0.0012     0.0012     0.0012     0.0005     0.0006     0.0005 
Reduction                  0.0001     0.0001     0.0001     0.0001     0.0001     0.0001     0.0001     0.0001     0.0001     0.0001     0.0001     0.0001     0.0001     0.0001     0.0001     0.0000     0.0001     0.0001 
Remote access              0.0019     0.0021     0.0012     0.0013     0.0023     0.0029     0.0076     0.0076     0.0074     0.0074     0.0073     0.0033     0.0069     0.0069     0.0068     0.0062     0.0070     0.0032 
           Overlap                
Reduction                  0.0000     0.0000     0.0000     0.0000     0.0000     0.0000     0.0000     0.0000     0.0000     0.0000     0.0000     0.0000     0.0000     0.0000     0.0000     0.0000     0.0000     0.0000 
Remote access              0.0059     0.0058     0.0062     0.0062     0.0054     0.0048     0.0007     0.0007     0.0007     0.0007     0.0007     0.0043     0.0009     0.0009     0.0009     0.0008     0.0006     0.0040 


-------------------------------------------------------------------------
Name (number) and performance time of processors
omp.keldysh.ru(1) 0.933997
omp.keldysh.ru(2) 0.933940
omp.keldysh.ru(3) 0.948484
omp.keldysh.ru(4) 0.948142
omp.keldysh.ru(5) 0.949760
omp.keldysh.ru(6) 0.949746
omp.keldysh.ru(7) 0.933754
omp.keldysh.ru(8) 0.933768
omp.keldysh.ru(9) 0.954925
omp.keldysh.ru(10) 0.954919
omp.keldysh.ru(11) 0.951019
omp.keldysh.ru(12) 0.951024
omp.keldysh.ru(13) 0.955614
omp.keldysh.ru(14) 0.955545
omp.keldysh.ru(15) 0.953790
omp.keldysh.ru(16) 0.953799
omp.keldysh.ru(17) 0.950052
omp.keldysh.ru(18) 0.950057
min - omp.keldysh.ru(7) 0.933754; max - omp.keldysh.ru(13) 0.955614; mid - 0.947908
