Processor system=3*1*6
Statistics has been accumulated on DVM-system version 5.0, platform DVM
Analyzer is executing on DVM-system version 5.0, platform DVM
-------------------------------------------------------------------------
INTERVAL ( NLINE=8 SOURCE=red32.f ) LEVEL=0  EXE_COUNT=2
--- The main characteristics --- 
Parallelization efficiency      0.0442 
Execution time                  0.0120 
Processors                          18
Threads amount                      18
Total time                      0.2167
Productive time                 0.0096 ( CPU= 0.0086 Sys= 0.0010 I/O= 0.0000 )
Lost  time                      0.2072 
   Insufficient parallelism     0.1516 ( User= 0.1349 Sys= 0.0168 )
   Communication                0.0229 ( Real_sync= 0.0000 Starts= 0.0000 )
   Idle time                    0.0326
Load imbalance                  0.0018
Synchronization                 0.0201
Time variation                  0.0149
Overlap                         0.0000
                  Nop   Communic    Synchro  Variation    Overlap 
I/O                17     0.0000     0.0033     0.0065     0.0000 
Reduction          15     0.0097     0.0035     0.0025     0.0000 
Remote access      37     0.0132     0.0133     0.0058     0.0000 
--- The comparative characteristics --- 
                              Tmin N proc      Tmax N proc      Tmid
Lost time                   0.0114    12     0.0116    17     0.0115 
User insufficient par.      0.0064    17     0.0092    12     0.0075 
Sys.insufficient par.       0.0008    17     0.0012     1     0.0009 
Idle time                   0.0000    12     0.0027     1     0.0018 
Communication               0.0011     1     0.0017    17     0.0013 
Synchronization             0.0005     4     0.0017    17     0.0011 
Variation                   0.0006    16     0.0011     7     0.0008 
Overlap                     0.0000     2     0.0000    14     0.0000 
Load imbalance              0.0000    12     0.0002    17     0.0001 
Execution time              0.0094     1     0.0120    12     0.0102 
User CPU time               0.0004    17     0.0006    12     0.0005 
Sys. CPU time               0.0000    17     0.0001     4     0.0001 
I/O time                    0.0000     4     0.0000     1     0.0000 
Processors                      18     1         18    18         18 
                      Communic          Synchro        Variation          Overlap  
I/O             Tmin    0.0000     1     0.0001    10     0.0001     1     0.0000     1 
I/O             Tmax    0.0000    18     0.0003    17     0.0004    17     0.0000    18 
I/O             Tmid    0.0000           0.0002           0.0004           0.0000       
Reduction       Tmin    0.0004    15     0.0001     3     0.0001    15     0.0000     2 
Reduction       Tmax    0.0007     8     0.0003     7     0.0002     5     0.0000    14 
Reduction       Tmid    0.0005           0.0002           0.0001           0.0000       
Remote access   Tmin    0.0005     7     0.0002     4     0.0001    18     0.0000     2 
Remote access   Tmax    0.0011    17     0.0012    17     0.0005     7     0.0000     6 
Remote access   Tmid    0.0007           0.0007           0.0003           0.0000       
--- The execution characteristics --- 
                                1          2          3          4          5          6          7          8          9         10         11         12         13         14         15         16         17         18 
Lost time                  0.0115     0.0115     0.0115     0.0115     0.0115     0.0116     0.0115     0.0114     0.0115     0.0116     0.0115     0.0114     0.0114     0.0114     0.0115     0.0115     0.0116     0.0115 
User insufficient par.     0.0066     0.0069     0.0069     0.0068     0.0077     0.0067     0.0078     0.0088     0.0082     0.0068     0.0081     0.0092     0.0085     0.0085     0.0068     0.0068     0.0064     0.0072 
Sys.insufficient par.      0.0012     0.0010     0.0010     0.0010     0.0010     0.0010     0.0009     0.0009     0.0009     0.0009     0.0009     0.0009     0.0009     0.0009     0.0009     0.0009     0.0008     0.0009 
Idle time                  0.0027     0.0025     0.0025     0.0025     0.0016     0.0026     0.0016     0.0004     0.0012     0.0026     0.0012     0.0000     0.0008     0.0008     0.0026     0.0025     0.0026     0.0019 
Communication              0.0011     0.0012     0.0012     0.0012     0.0012     0.0013     0.0012     0.0013     0.0012     0.0013     0.0013     0.0013     0.0012     0.0012     0.0012     0.0012     0.0017     0.0015 
Synchronization            0.0008     0.0007     0.0005     0.0005     0.0009     0.0009     0.0014     0.0014     0.0012     0.0012     0.0014     0.0015     0.0013     0.0012     0.0011     0.0011     0.0017     0.0014 
Variation                  0.0007     0.0008     0.0007     0.0006     0.0010     0.0010     0.0011     0.0010     0.0009     0.0009     0.0010     0.0009     0.0009     0.0008     0.0007     0.0006     0.0008     0.0007 
Overlap                    0.0000     0.0000     0.0000     0.0000     0.0000     0.0000     0.0000     0.0000     0.0000     0.0000     0.0000     0.0000     0.0000     0.0000     0.0000     0.0000     0.0000     0.0000 
Load imbalance             0.0001     0.0001     0.0001     0.0001     0.0001     0.0001     0.0001     0.0000     0.0001     0.0001     0.0001     0.0000     0.0000     0.0000     0.0001     0.0001     0.0002     0.0001 
Execution time             0.0094     0.0095     0.0095     0.0095     0.0105     0.0094     0.0105     0.0116     0.0109     0.0094     0.0109     0.0120     0.0113     0.0113     0.0095     0.0095     0.0094     0.0101 
User CPU time              0.0004     0.0004     0.0004     0.0004     0.0005     0.0004     0.0005     0.0006     0.0005     0.0004     0.0005     0.0006     0.0005     0.0005     0.0004     0.0004     0.0004     0.0005 
Sys. CPU time              0.0001     0.0001     0.0001     0.0001     0.0001     0.0001     0.0001     0.0001     0.0001     0.0001     0.0001     0.0001     0.0001     0.0001     0.0001     0.0001     0.0000     0.0001 
I/O time                   0.0000     0.0000     0.0000     0.0000     0.0000     0.0000     0.0000     0.0000     0.0000     0.0000     0.0000     0.0000     0.0000     0.0000     0.0000     0.0000     0.0000     0.0000 
Processors                     18         18         18         18         18         18         18         18         18         18         18         18         18         18         18         18         18         18 
           Communication          
Reduction                  0.0005     0.0005     0.0005     0.0005     0.0005     0.0005     0.0007     0.0007     0.0007     0.0007     0.0005     0.0005     0.0005     0.0005     0.0004     0.0004     0.0006     0.0005 
Remote access              0.0006     0.0007     0.0007     0.0007     0.0007     0.0008     0.0005     0.0006     0.0005     0.0006     0.0007     0.0008     0.0008     0.0007     0.0008     0.0008     0.0011     0.0010 
           Synchronization        
I/O                        0.0002     0.0002     0.0001     0.0001     0.0002     0.0002     0.0002     0.0002     0.0001     0.0001     0.0002     0.0002     0.0002     0.0002     0.0001     0.0001     0.0003     0.0002 
Reduction                  0.0002     0.0002     0.0001     0.0001     0.0002     0.0002     0.0003     0.0003     0.0002     0.0002     0.0002     0.0002     0.0002     0.0001     0.0001     0.0001     0.0002     0.0002 
Remote access              0.0004     0.0003     0.0002     0.0002     0.0004     0.0005     0.0009     0.0009     0.0009     0.0009     0.0010     0.0010     0.0009     0.0009     0.0008     0.0008     0.0012     0.0010 
           Variation              
I/O                        0.0001     0.0004     0.0003     0.0003     0.0004     0.0004     0.0004     0.0004     0.0003     0.0003     0.0004     0.0004     0.0004     0.0004     0.0003     0.0003     0.0004     0.0004 
Reduction                  0.0002     0.0001     0.0001     0.0001     0.0002     0.0002     0.0001     0.0001     0.0001     0.0001     0.0002     0.0002     0.0001     0.0001     0.0001     0.0001     0.0002     0.0002 
Remote access              0.0004     0.0003     0.0002     0.0002     0.0004     0.0004     0.0005     0.0005     0.0005     0.0004     0.0004     0.0004     0.0003     0.0003     0.0002     0.0002     0.0002     0.0001 
           Overlap                
Reduction                  0.0000     0.0000     0.0000     0.0000     0.0000     0.0000     0.0000     0.0000     0.0000     0.0000     0.0000     0.0000     0.0000     0.0000     0.0000     0.0000     0.0000     0.0000 
Remote access              0.0000     0.0000     0.0000     0.0000     0.0000     0.0000     0.0000     0.0000     0.0000     0.0000     0.0000     0.0000     0.0000     0.0000     0.0000     0.0000     0.0000     0.0000 


-------------------------------------------------------------------------
Name (number) and performance time of processors
omp.keldysh.ru(1) 0.934058
omp.keldysh.ru(2) 0.934004
omp.keldysh.ru(3) 0.956922
omp.keldysh.ru(4) 0.957258
omp.keldysh.ru(5) 0.958089
omp.keldysh.ru(6) 0.958375
omp.keldysh.ru(7) 0.959951
omp.keldysh.ru(8) 0.959964
omp.keldysh.ru(9) 0.955320
omp.keldysh.ru(10) 0.955333
omp.keldysh.ru(11) 0.956245
omp.keldysh.ru(12) 0.956243
omp.keldysh.ru(13) 0.955147
omp.keldysh.ru(14) 0.955109
omp.keldysh.ru(15) 0.957448
omp.keldysh.ru(16) 0.956797
omp.keldysh.ru(17) 0.933759
omp.keldysh.ru(18) 0.933821
min - omp.keldysh.ru(17) 0.933759; max - omp.keldysh.ru(8) 0.959964; mid - 0.951880
