Processor system=3*6*1
Statistics has been accumulated on DVM-system version 5.0, platform DVM
Analyzer is executing on DVM-system version 5.0, platform DVM
-------------------------------------------------------------------------
INTERVAL ( NLINE=5 SOURCE=align33.f ) LEVEL=0  EXE_COUNT=2
--- The main characteristics --- 
Parallelization efficiency      0.0483 
Execution time                  0.0088 
Processors                          18
Threads amount                      18
Total time                      0.1590
Productive time                 0.0077 ( CPU= 0.0075 Sys= 0.0001 I/O= 0.0000 )
Lost  time                      0.1514 
   Insufficient parallelism     0.1165 ( User= 0.1140 Sys= 0.0025 )
   Communication                0.0024 ( Real_sync= 0.0000 Starts= 0.0000 )
   Idle time                    0.0325
Load imbalance                  0.0019
Synchronization                 0.0004
Time variation                  0.0031
                  Nop   Communic    Synchro  Variation 
I/O                 3     0.0000     0.0004     0.0031 
Reduction           2     0.0024     0.0000     0.0000 
--- The comparative characteristics --- 
                              Tmin N proc      Tmax N proc      Tmid
Lost time                   0.0083     9     0.0085     6     0.0084 
User insufficient par.      0.0055     3     0.0080     9     0.0063 
Sys.insufficient par.       0.0001    18     0.0003     1     0.0001 
Idle time                   0.0000    11     0.0027     3     0.0018 
Communication               0.0000     1     0.0002    18     0.0001 
Synchronization             0.0000     8     0.0000    17     0.0000 
Variation                   0.0000     1     0.0002    17     0.0002 
Load imbalance              0.0000     9     0.0002     6     0.0001 
Execution time              0.0062     3     0.0088    11     0.0070 
User CPU time               0.0004     6     0.0005     9     0.0004 
Sys. CPU time               0.0000    12     0.0000     2     0.0000 
I/O time                    0.0000     8     0.0000     1     0.0000 
Processors                      18     1         18    18         18 
                      Communic          Synchro        Variation  
I/O             Tmin    0.0000     1     0.0000     8     0.0000     1 
I/O             Tmax    0.0000    18     0.0000    17     0.0002    17 
I/O             Tmid    0.0000           0.0000           0.0002       
Reduction       Tmin    0.0000     1     0.0000    14     0.0000    14 
Reduction       Tmax    0.0002    18     0.0000    18     0.0000    18 
Reduction       Tmid    0.0001           0.0000           0.0000       
--- The execution characteristics --- 
                                1          2          3          4          5          6          7          8          9         10         11         12         13         14         15         16         17         18 
Lost time                  0.0084     0.0084     0.0085     0.0084     0.0084     0.0085     0.0084     0.0084     0.0083     0.0084     0.0083     0.0084     0.0084     0.0084     0.0084     0.0085     0.0084     0.0084 
User insufficient par.     0.0056     0.0056     0.0055     0.0066     0.0062     0.0062     0.0055     0.0056     0.0080     0.0056     0.0080     0.0073     0.0069     0.0069     0.0056     0.0056     0.0056     0.0077 
Sys.insufficient par.      0.0003     0.0001     0.0001     0.0001     0.0001     0.0001     0.0001     0.0001     0.0001     0.0001     0.0001     0.0001     0.0001     0.0001     0.0001     0.0001     0.0001     0.0001 
Idle time                  0.0026     0.0026     0.0027     0.0016     0.0020     0.0020     0.0027     0.0026     0.0000     0.0026     0.0000     0.0008     0.0012     0.0012     0.0026     0.0026     0.0026     0.0004 
Communication              0.0000     0.0001     0.0001     0.0001     0.0002     0.0002     0.0001     0.0001     0.0001     0.0001     0.0002     0.0002     0.0001     0.0001     0.0001     0.0001     0.0002     0.0002 
Synchronization            0.0000     0.0000     0.0000     0.0000     0.0000     0.0000     0.0000     0.0000     0.0000     0.0000     0.0000     0.0000     0.0000     0.0000     0.0000     0.0000     0.0000     0.0000 
Variation                  0.0000     0.0002     0.0002     0.0002     0.0002     0.0002     0.0002     0.0002     0.0002     0.0002     0.0002     0.0002     0.0002     0.0002     0.0002     0.0002     0.0002     0.0002 
Load imbalance             0.0001     0.0001     0.0002     0.0001     0.0001     0.0002     0.0001     0.0001     0.0000     0.0001     0.0000     0.0001     0.0001     0.0001     0.0001     0.0001     0.0001     0.0001 
Execution time             0.0063     0.0063     0.0062     0.0073     0.0069     0.0069     0.0062     0.0062     0.0088     0.0063     0.0088     0.0080     0.0077     0.0077     0.0062     0.0062     0.0063     0.0085 
User CPU time              0.0004     0.0004     0.0004     0.0004     0.0004     0.0004     0.0004     0.0004     0.0005     0.0004     0.0005     0.0004     0.0005     0.0005     0.0004     0.0004     0.0004     0.0005 
Sys. CPU time              0.0000     0.0000     0.0000     0.0000     0.0000     0.0000     0.0000     0.0000     0.0000     0.0000     0.0000     0.0000     0.0000     0.0000     0.0000     0.0000     0.0000     0.0000 
I/O time                   0.0000     0.0000     0.0000     0.0000     0.0000     0.0000     0.0000     0.0000     0.0000     0.0000     0.0000     0.0000     0.0000     0.0000     0.0000     0.0000     0.0000     0.0000 
Processors                     18         18         18         18         18         18         18         18         18         18         18         18         18         18         18         18         18         18 
           Communication          
Reduction                  0.0000     0.0001     0.0001     0.0001     0.0002     0.0002     0.0001     0.0001     0.0001     0.0001     0.0002     0.0002     0.0001     0.0001     0.0001     0.0001     0.0002     0.0002 
           Synchronization        
I/O                        0.0000     0.0000     0.0000     0.0000     0.0000     0.0000     0.0000     0.0000     0.0000     0.0000     0.0000     0.0000     0.0000     0.0000     0.0000     0.0000     0.0000     0.0000 
Reduction                  0.0000     0.0000     0.0000     0.0000     0.0000     0.0000     0.0000     0.0000     0.0000     0.0000     0.0000     0.0000     0.0000     0.0000     0.0000     0.0000     0.0000     0.0000 
           Variation              
I/O                        0.0000     0.0002     0.0002     0.0002     0.0002     0.0002     0.0002     0.0002     0.0002     0.0002     0.0002     0.0002     0.0002     0.0002     0.0002     0.0002     0.0002     0.0002 
Reduction                  0.0000     0.0000     0.0000     0.0000     0.0000     0.0000     0.0000     0.0000     0.0000     0.0000     0.0000     0.0000     0.0000     0.0000     0.0000     0.0000     0.0000     0.0000 


-------------------------------------------------------------------------
Name (number) and performance time of processors
omp.keldysh.ru(1) 0.933877
omp.keldysh.ru(2) 0.933811
omp.keldysh.ru(3) 0.957853
omp.keldysh.ru(4) 0.957828
omp.keldysh.ru(5) 0.959754
omp.keldysh.ru(6) 0.959731
omp.keldysh.ru(7) 0.955503
omp.keldysh.ru(8) 0.955860
omp.keldysh.ru(9) 0.957622
omp.keldysh.ru(10) 0.957613
omp.keldysh.ru(11) 0.958777
omp.keldysh.ru(12) 0.958741
omp.keldysh.ru(13) 0.956614
omp.keldysh.ru(14) 0.956586
omp.keldysh.ru(15) 0.959517
omp.keldysh.ru(16) 0.959531
omp.keldysh.ru(17) 0.956185
omp.keldysh.ru(18) 0.956182
min - omp.keldysh.ru(2) 0.933811; max - omp.keldysh.ru(5) 0.959754; mid - 0.955088
