Processor system=6*1*3
Statistics has been accumulated on DVM-system version 5.0, platform DVM
Analyzer is executing on DVM-system version 5.0, platform DVM
-------------------------------------------------------------------------
INTERVAL ( NLINE=6 SOURCE=distrmult3.f ) LEVEL=0  EXE_COUNT=2
--- The main characteristics --- 
Parallelization efficiency      0.0530 
Execution time                  0.0144 
Processors                          18
Threads amount                      18
Total time                      0.2598
Productive time                 0.0138 ( CPU= 0.0117 Sys= 0.0020 I/O= 0.0000 )
Lost  time                      0.2460 
   Insufficient parallelism     0.1686 ( User= 0.1337 Sys= 0.0349 )
   Communication                0.0431 ( Real_sync= 0.0000 Starts= 0.0000 )
   Idle time                    0.0343
Load imbalance                  0.0028
Synchronization                 0.0138
Time variation                  0.0247
Overlap                         0.0001
                  Nop   Communic    Synchro  Variation    Overlap 
I/O                12     0.0000     0.0022     0.0052     0.0000 
Reduction          10     0.0271     0.0015     0.0015     0.0001 
Remote access       6     0.0000     0.0036     0.0036     0.0000 
Redistribution     10     0.0160     0.0065     0.0143     0.0000 
--- The comparative characteristics --- 
                              Tmin N proc      Tmax N proc      Tmid
Lost time                   0.0135     4     0.0138    17     0.0137 
User insufficient par.      0.0064    17     0.0093    12     0.0074 
Sys.insufficient par.       0.0011    18     0.0023     8     0.0019 
Idle time                   0.0000    12     0.0027    10     0.0019 
Communication               0.0018     8     0.0037    18     0.0024 
Synchronization             0.0004     1     0.0012    18     0.0008 
Variation                   0.0008     8     0.0025    17     0.0014 
Overlap                     0.0000     1     0.0000    11     0.0000 
Load imbalance              0.0000     4     0.0003    17     0.0002 
Execution time              0.0118    10     0.0144    12     0.0125 
User CPU time               0.0005    17     0.0008     4     0.0007 
Sys. CPU time               0.0001    18     0.0001     8     0.0001 
I/O time                    0.0000     2     0.0000     1     0.0000 
Processors                      18     1         18    18         18 
                      Communic          Synchro        Variation          Overlap  
I/O             Tmin    0.0000     1     0.0001     1     0.0001     1     0.0000     1 
I/O             Tmax    0.0000    18     0.0002    18     0.0004    18     0.0000    18 
I/O             Tmid    0.0000           0.0001           0.0003           0.0000       
Reduction       Tmin    0.0008     8     0.0001     9     0.0001     9     0.0000     1 
Reduction       Tmax    0.0027    17     0.0001    18     0.0001    18     0.0000    11 
Reduction       Tmid    0.0015           0.0001           0.0001           0.0000       
Remote access   Tmin    0.0000     1     0.0000     1     0.0001     1     0.0000     1 
Remote access   Tmax    0.0000    18     0.0003    18     0.0003    17     0.0000    18 
Remote access   Tmid    0.0000           0.0002           0.0002           0.0000       
Redistribution  Tmin    0.0007     1     0.0002     1     0.0002     8     0.0000     1 
Redistribution  Tmax    0.0011    18     0.0006    17     0.0017    17     0.0000    18 
Redistribution  Tmid    0.0009           0.0004           0.0008           0.0000       
--- The execution characteristics --- 
                                1          2          3          4          5          6          7          8          9         10         11         12         13         14         15         16         17         18 
Lost time                  0.0136     0.0136     0.0137     0.0135     0.0136     0.0136     0.0136     0.0136     0.0136     0.0137     0.0137     0.0136     0.0137     0.0137     0.0138     0.0138     0.0138     0.0138 
User insufficient par.     0.0074     0.0074     0.0067     0.0089     0.0068     0.0078     0.0079     0.0069     0.0068     0.0067     0.0068     0.0093     0.0081     0.0081     0.0067     0.0067     0.0064     0.0082 
Sys.insufficient par.      0.0023     0.0022     0.0022     0.0022     0.0023     0.0022     0.0023     0.0023     0.0023     0.0021     0.0023     0.0022     0.0015     0.0014     0.0015     0.0015     0.0011     0.0011 
Idle time                  0.0020     0.0019     0.0027     0.0004     0.0027     0.0016     0.0015     0.0026     0.0026     0.0027     0.0026     0.0000     0.0012     0.0012     0.0026     0.0026     0.0026     0.0008 
Communication              0.0020     0.0020     0.0021     0.0020     0.0019     0.0020     0.0019     0.0018     0.0019     0.0021     0.0020     0.0021     0.0030     0.0030     0.0030     0.0029     0.0037     0.0037 
Synchronization            0.0004     0.0007     0.0009     0.0006     0.0007     0.0008     0.0006     0.0007     0.0006     0.0008     0.0008     0.0008     0.0008     0.0008     0.0009     0.0008     0.0012     0.0012 
Variation                  0.0008     0.0011     0.0014     0.0011     0.0010     0.0012     0.0008     0.0008     0.0008     0.0011     0.0010     0.0011     0.0019     0.0019     0.0020     0.0016     0.0025     0.0025 
Overlap                    0.0000     0.0000     0.0000     0.0000     0.0000     0.0000     0.0000     0.0000     0.0000     0.0000     0.0000     0.0000     0.0000     0.0000     0.0000     0.0000     0.0000     0.0000 
Load imbalance             0.0001     0.0001     0.0002     0.0000     0.0001     0.0001     0.0001     0.0001     0.0001     0.0002     0.0002     0.0000     0.0002     0.0002     0.0003     0.0003     0.0003     0.0003 
Execution time             0.0125     0.0125     0.0118     0.0140     0.0118     0.0129     0.0129     0.0118     0.0118     0.0118     0.0118     0.0144     0.0133     0.0133     0.0118     0.0118     0.0118     0.0137 
User CPU time              0.0007     0.0007     0.0006     0.0008     0.0007     0.0007     0.0007     0.0006     0.0007     0.0006     0.0006     0.0007     0.0007     0.0007     0.0006     0.0006     0.0005     0.0006 
Sys. CPU time              0.0001     0.0001     0.0001     0.0001     0.0001     0.0001     0.0001     0.0001     0.0001     0.0001     0.0001     0.0001     0.0001     0.0001     0.0001     0.0001     0.0001     0.0001 
I/O time                   0.0000     0.0000     0.0000     0.0000     0.0000     0.0000     0.0000     0.0000     0.0000     0.0000     0.0000     0.0000     0.0000     0.0000     0.0000     0.0000     0.0000     0.0000 
Processors                     18         18         18         18         18         18         18         18         18         18         18         18         18         18         18         18         18         18 
           Communication          
Reduction                  0.0013     0.0013     0.0014     0.0013     0.0011     0.0012     0.0009     0.0008     0.0010     0.0012     0.0011     0.0012     0.0021     0.0021     0.0021     0.0019     0.0027     0.0026 
Redistribution             0.0007     0.0008     0.0007     0.0007     0.0008     0.0008     0.0010     0.0010     0.0009     0.0009     0.0009     0.0009     0.0008     0.0009     0.0009     0.0010     0.0010     0.0011 
           Synchronization        
I/O                        0.0001     0.0001     0.0001     0.0001     0.0001     0.0001     0.0001     0.0001     0.0001     0.0001     0.0001     0.0001     0.0001     0.0001     0.0001     0.0001     0.0002     0.0002 
Reduction                  0.0001     0.0001     0.0001     0.0001     0.0001     0.0001     0.0001     0.0001     0.0001     0.0001     0.0001     0.0001     0.0001     0.0001     0.0001     0.0001     0.0001     0.0001 
Remote access              0.0000     0.0002     0.0002     0.0002     0.0002     0.0002     0.0002     0.0002     0.0002     0.0002     0.0002     0.0002     0.0002     0.0002     0.0002     0.0002     0.0003     0.0003 
Redistribution             0.0002     0.0003     0.0004     0.0003     0.0003     0.0004     0.0003     0.0003     0.0003     0.0003     0.0004     0.0004     0.0004     0.0004     0.0004     0.0004     0.0006     0.0006 
           Variation              
I/O                        0.0001     0.0003     0.0003     0.0003     0.0003     0.0003     0.0003     0.0003     0.0003     0.0003     0.0003     0.0003     0.0003     0.0003     0.0003     0.0003     0.0003     0.0004 
Reduction                  0.0001     0.0001     0.0001     0.0001     0.0001     0.0001     0.0001     0.0001     0.0001     0.0001     0.0001     0.0001     0.0001     0.0001     0.0001     0.0001     0.0001     0.0001 
Remote access              0.0001     0.0002     0.0002     0.0002     0.0002     0.0002     0.0002     0.0002     0.0002     0.0002     0.0002     0.0002     0.0002     0.0002     0.0002     0.0002     0.0003     0.0003 
Redistribution             0.0006     0.0006     0.0007     0.0006     0.0004     0.0006     0.0003     0.0002     0.0003     0.0005     0.0005     0.0005     0.0014     0.0014     0.0013     0.0011     0.0017     0.0017 
           Overlap                
Reduction                  0.0000     0.0000     0.0000     0.0000     0.0000     0.0000     0.0000     0.0000     0.0000     0.0000     0.0000     0.0000     0.0000     0.0000     0.0000     0.0000     0.0000     0.0000 


-------------------------------------------------------------------------
Name (number) and performance time of processors
omp.keldysh.ru(1) 0.935426
omp.keldysh.ru(2) 0.935383
omp.keldysh.ru(3) 0.935443
omp.keldysh.ru(4) 0.935440
omp.keldysh.ru(5) 0.956729
omp.keldysh.ru(6) 0.957012
omp.keldysh.ru(7) 0.959431
omp.keldysh.ru(8) 0.959422
omp.keldysh.ru(9) 0.955711
omp.keldysh.ru(10) 0.955714
omp.keldysh.ru(11) 0.956991
omp.keldysh.ru(12) 0.956995
omp.keldysh.ru(13) 0.954870
omp.keldysh.ru(14) 0.954852
omp.keldysh.ru(15) 0.954878
omp.keldysh.ru(16) 0.954875
omp.keldysh.ru(17) 0.951874
omp.keldysh.ru(18) 0.951853
min - omp.keldysh.ru(2) 0.935383; max - omp.keldysh.ru(7) 0.959431; mid - 0.951272
