Processor system=2*2*4*1
Statistics has been accumulated on DVM-system version 5.0, platform DVM
Analyzer is executing on DVM-system version 5.0, platform DVM
-------------------------------------------------------------------------
INTERVAL ( NLINE=7 SOURCE=reda42.f ) LEVEL=0  EXE_COUNT=1
--- The main characteristics --- 
Parallelization efficiency      0.0566 
Execution time                  0.0058 
Processors                          16
Threads amount                      16
Total time                      0.0925
Productive time                 0.0052 ( CPU= 0.0049 Sys= 0.0004 I/O= 0.0000 )
Lost  time                      0.0873 
   Insufficient parallelism     0.0786 ( User= 0.0728 Sys= 0.0058 )
   Communication                0.0042 ( Real_sync= 0.0000 Starts= 0.0000 )
   Idle time                    0.0045
Load imbalance                  0.0003
Synchronization                 0.0198
Time variation                  0.0226
Overlap                         0.0008
                  Nop   Communic    Synchro  Variation    Overlap 
I/O                 6     0.0000     0.0062     0.0089     0.0000 
Reduction           4     0.0042     0.0044     0.0044     0.0008 
Remote access      21     0.0000     0.0092     0.0092     0.0000 
--- The comparative characteristics --- 
                              Tmin N proc      Tmax N proc      Tmid
Lost time                   0.0054     1     0.0055    16     0.0055 
User insufficient par.      0.0033    16     0.0048     5     0.0046 
Sys.insufficient par.       0.0003    16     0.0005     1     0.0004 
Idle time                   0.0000     6     0.0016    16     0.0003 
Communication               0.0002     1     0.0004    16     0.0003 
Synchronization             0.0000     1     0.0053    15     0.0012 
Variation                   0.0000     1     0.0054    15     0.0014 
Overlap                     0.0000    13     0.0001     8     0.0000 
Load imbalance              0.0000     6     0.0001    16     0.0000 
Execution time              0.0042    16     0.0058     6     0.0055 
User CPU time               0.0002    16     0.0003     5     0.0003 
Sys. CPU time               0.0000    16     0.0000    14     0.0000 
I/O time                    0.0000    13     0.0000     1     0.0000 
Processors                      16     1         16    16         16 
                      Communic          Synchro        Variation          Overlap  
I/O             Tmin    0.0000     1     0.0000     1     0.0000     1     0.0000     1 
I/O             Tmax    0.0000    16     0.0017    15     0.0019    15     0.0000    16 
I/O             Tmid    0.0000           0.0004           0.0006           0.0000       
Reduction       Tmin    0.0002     1     0.0000     7     0.0000     7     0.0000    13 
Reduction       Tmax    0.0004    16     0.0013    15     0.0013    15     0.0001     8 
Reduction       Tmid    0.0003           0.0003           0.0003           0.0000       
Remote access   Tmin    0.0000     1     0.0000     1     0.0000     1     0.0000     1 
Remote access   Tmax    0.0000    16     0.0023    15     0.0023    15     0.0000    16 
Remote access   Tmid    0.0000           0.0006           0.0006           0.0000       
--- The execution characteristics --- 
                                1          2          3          4          5          6          7          8          9         10         11         12         13         14         15         16 
Lost time                  0.0054     0.0054     0.0054     0.0054     0.0054     0.0054     0.0054     0.0054     0.0054     0.0054     0.0054     0.0054     0.0055     0.0054     0.0055     0.0055 
User insufficient par.     0.0047     0.0048     0.0048     0.0048     0.0048     0.0048     0.0048     0.0048     0.0048     0.0048     0.0048     0.0048     0.0033     0.0047     0.0039     0.0033 
Sys.insufficient par.      0.0005     0.0004     0.0004     0.0004     0.0004     0.0004     0.0004     0.0004     0.0004     0.0004     0.0004     0.0004     0.0003     0.0004     0.0003     0.0003 
Idle time                  0.0000     0.0000     0.0000     0.0000     0.0000     0.0000     0.0001     0.0001     0.0000     0.0000     0.0000     0.0000     0.0016     0.0001     0.0010     0.0016 
Communication              0.0002     0.0003     0.0002     0.0002     0.0002     0.0002     0.0002     0.0002     0.0002     0.0002     0.0002     0.0002     0.0004     0.0003     0.0004     0.0004 
Synchronization            0.0000     0.0003     0.0005     0.0004     0.0002     0.0002     0.0001     0.0002     0.0003     0.0003     0.0003     0.0003     0.0051     0.0016     0.0053     0.0048 
Variation                  0.0000     0.0005     0.0006     0.0006     0.0004     0.0004     0.0003     0.0003     0.0005     0.0004     0.0005     0.0004     0.0053     0.0018     0.0054     0.0050 
Overlap                    0.0001     0.0001     0.0001     0.0001     0.0001     0.0001     0.0001     0.0001     0.0001     0.0001     0.0001     0.0001     0.0000     0.0000     0.0000     0.0000 
Load imbalance             0.0000     0.0000     0.0000     0.0000     0.0000     0.0000     0.0000     0.0000     0.0000     0.0000     0.0000     0.0000     0.0001     0.0000     0.0001     0.0001 
Execution time             0.0058     0.0058     0.0058     0.0058     0.0058     0.0058     0.0057     0.0057     0.0058     0.0058     0.0058     0.0058     0.0042     0.0057     0.0048     0.0042 
User CPU time              0.0003     0.0003     0.0003     0.0003     0.0003     0.0003     0.0003     0.0003     0.0003     0.0003     0.0003     0.0003     0.0002     0.0003     0.0003     0.0002 
Sys. CPU time              0.0000     0.0000     0.0000     0.0000     0.0000     0.0000     0.0000     0.0000     0.0000     0.0000     0.0000     0.0000     0.0000     0.0000     0.0000     0.0000 
I/O time                   0.0000     0.0000     0.0000     0.0000     0.0000     0.0000     0.0000     0.0000     0.0000     0.0000     0.0000     0.0000     0.0000     0.0000     0.0000     0.0000 
Processors                     16         16         16         16         16         16         16         16         16         16         16         16         16         16         16         16 
           Communication          
Reduction                  0.0002     0.0003     0.0002     0.0002     0.0002     0.0002     0.0002     0.0002     0.0002     0.0002     0.0002     0.0002     0.0004     0.0003     0.0004     0.0004 
           Synchronization        
I/O                        0.0000     0.0000     0.0001     0.0001     0.0000     0.0001     0.0000     0.0000     0.0001     0.0001     0.0001     0.0001     0.0017     0.0005     0.0017     0.0016 
Reduction                  0.0000     0.0000     0.0001     0.0001     0.0000     0.0000     0.0000     0.0000     0.0000     0.0000     0.0000     0.0000     0.0012     0.0004     0.0013     0.0011 
Remote access              0.0000     0.0003     0.0003     0.0002     0.0001     0.0001     0.0001     0.0001     0.0002     0.0002     0.0002     0.0002     0.0022     0.0007     0.0023     0.0021 
           Variation              
I/O                        0.0000     0.0002     0.0003     0.0003     0.0002     0.0002     0.0002     0.0002     0.0003     0.0002     0.0002     0.0002     0.0019     0.0007     0.0019     0.0018 
Reduction                  0.0000     0.0000     0.0001     0.0001     0.0000     0.0000     0.0000     0.0000     0.0000     0.0000     0.0000     0.0000     0.0012     0.0004     0.0013     0.0011 
Remote access              0.0000     0.0003     0.0003     0.0003     0.0001     0.0001     0.0001     0.0001     0.0002     0.0002     0.0002     0.0002     0.0022     0.0007     0.0023     0.0021 
           Overlap                
Reduction                  0.0001     0.0001     0.0001     0.0001     0.0001     0.0001     0.0001     0.0001     0.0001     0.0001     0.0001     0.0001     0.0000     0.0000     0.0000     0.0000 


-------------------------------------------------------------------------
Name (number) and performance time of processors
omp.keldysh.ru(1) 0.933679
omp.keldysh.ru(2) 0.933639
omp.keldysh.ru(3) 0.953602
omp.keldysh.ru(4) 0.953648
omp.keldysh.ru(5) 0.955211
omp.keldysh.ru(6) 0.955170
omp.keldysh.ru(7) 0.954386
omp.keldysh.ru(8) 0.954362
omp.keldysh.ru(9) 0.955957
omp.keldysh.ru(10) 0.956237
omp.keldysh.ru(11) 0.933847
omp.keldysh.ru(12) 0.933855
omp.keldysh.ru(13) 0.956503
omp.keldysh.ru(14) 0.956485
omp.keldysh.ru(15) 0.957058
omp.keldysh.ru(16) 0.957087
min - omp.keldysh.ru(2) 0.933639; max - omp.keldysh.ru(16) 0.957087; mid - 0.950045
