Processor system=1*3*6*1
Statistics has been accumulated on DVM-system version 5.0, platform DVM
Analyzer is executing on DVM-system version 5.0, platform DVM
-------------------------------------------------------------------------
INTERVAL ( NLINE=8 SOURCE=red42.f ) LEVEL=0  EXE_COUNT=2
--- The main characteristics --- 
Parallelization efficiency      0.0439 
Execution time                  0.0130 
Processors                          18
Threads amount                      18
Total time                      0.2337
Productive time                 0.0103 ( CPU= 0.0093 Sys= 0.0009 I/O= 0.0000 )
Lost  time                      0.2235 
   Insufficient parallelism     0.1743 ( User= 0.1582 Sys= 0.0162 )
   Communication                0.0048 ( Real_sync= 0.0000 Starts= 0.0000 )
   Idle time                    0.0444
Load imbalance                  0.0025
Synchronization                 0.0642
Time variation                  0.0665
Overlap                         0.0000
                  Nop   Communic    Synchro  Variation    Overlap 
I/O                17     0.0000     0.0238     0.0260     0.0000 
Reduction          15     0.0048     0.0201     0.0201     0.0000 
Remote access      37     0.0000     0.0203     0.0204     0.0000 
--- The comparative characteristics --- 
                              Tmin N proc      Tmax N proc      Tmid
Lost time                   0.0123     9     0.0127    17     0.0124 
User insufficient par.      0.0044    17     0.0111    11     0.0088 
Sys.insufficient par.       0.0007    17     0.0011     1     0.0009 
Idle time                   0.0000    11     0.0073    17     0.0025 
Communication               0.0002     1     0.0003    17     0.0003 
Synchronization             0.0001    15     0.0246    17     0.0036 
Variation                   0.0003    15     0.0248    17     0.0037 
Overlap                     0.0000     3     0.0000    15     0.0000 
Load imbalance              0.0000     9     0.0004    17     0.0001 
Execution time              0.0057    17     0.0130    11     0.0105 
User CPU time               0.0003    17     0.0007    11     0.0005 
Sys. CPU time               0.0000    17     0.0001    13     0.0001 
I/O time                    0.0000    17     0.0000     1     0.0000 
Processors                      18     1         18    18         18 
                      Communic          Synchro        Variation          Overlap  
I/O             Tmin    0.0000     1     0.0001    15     0.0002    15     0.0000     1 
I/O             Tmax    0.0000    18     0.0091    17     0.0092    17     0.0000    18 
I/O             Tmid    0.0000           0.0013           0.0014           0.0000       
Reduction       Tmin    0.0002     1     0.0001    15     0.0001    15     0.0000     3 
Reduction       Tmax    0.0003    17     0.0077    17     0.0077    17     0.0000    11 
Reduction       Tmid    0.0003           0.0011           0.0011           0.0000       
Remote access   Tmin    0.0000     1     0.0000    15     0.0000    15     0.0000     1 
Remote access   Tmax    0.0000    18     0.0078    17     0.0078    17     0.0000    15 
Remote access   Tmid    0.0000           0.0011           0.0011           0.0000       
--- The execution characteristics --- 
                                1          2          3          4          5          6          7          8          9         10         11         12         13         14         15         16         17         18 
Lost time                  0.0124     0.0126     0.0125     0.0125     0.0123     0.0123     0.0124     0.0124     0.0123     0.0124     0.0123     0.0123     0.0125     0.0123     0.0123     0.0125     0.0127     0.0126 
User insufficient par.     0.0092     0.0064     0.0070     0.0074     0.0107     0.0107     0.0085     0.0096     0.0111     0.0089     0.0111     0.0100     0.0081     0.0104     0.0104     0.0078     0.0044     0.0064 
Sys.insufficient par.      0.0011     0.0009     0.0009     0.0009     0.0009     0.0009     0.0009     0.0009     0.0009     0.0009     0.0009     0.0009     0.0009     0.0009     0.0009     0.0009     0.0007     0.0009 
Idle time                  0.0020     0.0050     0.0043     0.0039     0.0004     0.0004     0.0027     0.0016     0.0000     0.0023     0.0000     0.0012     0.0031     0.0008     0.0008     0.0035     0.0073     0.0050 
Communication              0.0002     0.0003     0.0003     0.0003     0.0003     0.0003     0.0003     0.0003     0.0003     0.0003     0.0003     0.0003     0.0003     0.0003     0.0003     0.0003     0.0003     0.0002 
Synchronization            0.0103     0.0082     0.0015     0.0014     0.0014     0.0014     0.0013     0.0013     0.0012     0.0012     0.0020     0.0019     0.0005     0.0005     0.0001     0.0003     0.0246     0.0052 
Variation                  0.0102     0.0083     0.0016     0.0015     0.0016     0.0015     0.0014     0.0014     0.0014     0.0013     0.0021     0.0021     0.0006     0.0006     0.0003     0.0004     0.0248     0.0054 
Overlap                    0.0000     0.0000     0.0000     0.0000     0.0000     0.0000     0.0000     0.0000     0.0000     0.0000     0.0000     0.0000     0.0000     0.0000     0.0000     0.0000     0.0000     0.0000 
Load imbalance             0.0001     0.0003     0.0002     0.0002     0.0000     0.0000     0.0002     0.0001     0.0000     0.0001     0.0000     0.0001     0.0002     0.0000     0.0000     0.0002     0.0004     0.0003 
Execution time             0.0110     0.0080     0.0087     0.0091     0.0126     0.0126     0.0102     0.0114     0.0130     0.0106     0.0130     0.0118     0.0099     0.0122     0.0122     0.0095     0.0057     0.0080 
User CPU time              0.0005     0.0004     0.0004     0.0004     0.0006     0.0006     0.0005     0.0006     0.0007     0.0005     0.0007     0.0006     0.0005     0.0006     0.0006     0.0005     0.0003     0.0004 
Sys. CPU time              0.0000     0.0001     0.0001     0.0001     0.0001     0.0001     0.0001     0.0001     0.0001     0.0001     0.0001     0.0001     0.0001     0.0001     0.0001     0.0001     0.0000     0.0001 
I/O time                   0.0000     0.0000     0.0000     0.0000     0.0000     0.0000     0.0000     0.0000     0.0000     0.0000     0.0000     0.0000     0.0000     0.0000     0.0000     0.0000     0.0000     0.0000 
Processors                     18         18         18         18         18         18         18         18         18         18         18         18         18         18         18         18         18         18 
           Communication          
Reduction                  0.0002     0.0003     0.0003     0.0003     0.0003     0.0003     0.0003     0.0003     0.0003     0.0003     0.0003     0.0003     0.0003     0.0003     0.0003     0.0003     0.0003     0.0002 
           Synchronization        
I/O                        0.0038     0.0030     0.0006     0.0005     0.0005     0.0005     0.0005     0.0005     0.0005     0.0004     0.0007     0.0007     0.0002     0.0002     0.0001     0.0001     0.0091     0.0019 
Reduction                  0.0032     0.0025     0.0005     0.0004     0.0005     0.0005     0.0004     0.0004     0.0004     0.0004     0.0006     0.0006     0.0001     0.0001     0.0001     0.0001     0.0077     0.0016 
Remote access              0.0033     0.0026     0.0004     0.0004     0.0004     0.0004     0.0004     0.0004     0.0004     0.0004     0.0006     0.0006     0.0001     0.0001     0.0000     0.0001     0.0078     0.0017 
           Variation              
I/O                        0.0037     0.0032     0.0007     0.0007     0.0007     0.0007     0.0006     0.0006     0.0006     0.0006     0.0009     0.0009     0.0003     0.0003     0.0002     0.0002     0.0092     0.0021 
Reduction                  0.0032     0.0025     0.0005     0.0004     0.0005     0.0005     0.0004     0.0004     0.0004     0.0004     0.0006     0.0006     0.0001     0.0001     0.0001     0.0001     0.0077     0.0016 
Remote access              0.0033     0.0026     0.0004     0.0004     0.0004     0.0004     0.0004     0.0004     0.0004     0.0004     0.0006     0.0006     0.0001     0.0001     0.0000     0.0001     0.0078     0.0017 
           Overlap                
Reduction                  0.0000     0.0000     0.0000     0.0000     0.0000     0.0000     0.0000     0.0000     0.0000     0.0000     0.0000     0.0000     0.0000     0.0000     0.0000     0.0000     0.0000     0.0000 
Remote access              0.0000     0.0000     0.0000     0.0000     0.0000     0.0000     0.0000     0.0000     0.0000     0.0000     0.0000     0.0000     0.0000     0.0000     0.0000     0.0000     0.0000     0.0000 


-------------------------------------------------------------------------
Name (number) and performance time of processors
omp.keldysh.ru(1) 0.935387
omp.keldysh.ru(2) 0.935338
omp.keldysh.ru(3) 0.959038
omp.keldysh.ru(4) 0.959044
omp.keldysh.ru(5) 0.960195
omp.keldysh.ru(6) 0.960520
omp.keldysh.ru(7) 0.957471
omp.keldysh.ru(8) 0.957475
omp.keldysh.ru(9) 0.956889
omp.keldysh.ru(10) 0.956898
omp.keldysh.ru(11) 0.935448
omp.keldysh.ru(12) 0.935462
omp.keldysh.ru(13) 0.954159
omp.keldysh.ru(14) 0.954165
omp.keldysh.ru(15) 0.957269
omp.keldysh.ru(16) 0.957292
omp.keldysh.ru(17) 0.960138
omp.keldysh.ru(18) 0.960170
min - omp.keldysh.ru(2) 0.935338; max - omp.keldysh.ru(6) 0.960520; mid - 0.952909
