Processor system=7*1*2
Statistics has been accumulated on DVM-system version 5.0, platform DVM
Analyzer is executing on DVM-system version 5.0, platform DVM
-------------------------------------------------------------------------
INTERVAL ( NLINE=7 SOURCE=d_sor3d.f ) LEVEL=0  EXE_COUNT=1
--- The main characteristics --- 
Parallelization efficiency      0.2832 
Execution time                 13.6135 
Processors                          14
Threads amount                      14
Total time                    190.5886
Productive time                53.9839 ( CPU= 52.6744 Sys= 1.3088 I/O= 0.0007 )
Lost  time                    136.6047 
   Insufficient parallelism    17.3183 ( User= 0.2949 Sys= 17.0234 )
   Communication              119.2576 ( Real_sync= 0.0052 Starts= 0.0000 )
   Idle time                    0.0288
Load imbalance                  6.2155
Synchronization                 6.4290
Time variation                  7.5151
Overlap                         0.0007
                  Nop   Communic  Real_sync    Synchro  Variation    Overlap 
I/O               107     0.0000     0.0000     0.0141     0.0979     0.0000 
Reduction         100    54.0263     0.0000     0.0071     0.0070     0.0004 
Shadow            102    65.0744     0.0000     6.4079     7.4101     0.0003 
--- The comparative characteristics --- 
                              Tmin N proc      Tmax N proc      Tmid
Lost time                   9.3136     8    10.2372    13     9.7575 
User insufficient par.      0.0155    13     0.0261     2     0.0211 
Sys.insufficient par.       0.6688    14     1.7381     3     1.2160 
Idle time                   0.0000     7     0.0038    10     0.0021 
Communication               7.5938     4     9.5082    13     8.5184 
Real synchronization        0.0000     4     0.0008    13     0.0004 
Synchronization             0.1191     8     1.2268     1     0.4592 
Variation                   0.2161     8     0.8660    13     0.5368 
Overlap                     0.0000     4     0.0003     7     0.0000 
Load imbalance              0.0000     8     0.9236    13     0.4440 
Execution time             13.6096    10    13.6135     7    13.6114 
User CPU time               3.3217    13     4.1785     8     3.7625 
Sys. CPU time               0.0514    14     0.1337     3     0.0935 
I/O time                    0.0000     9     0.0005     1     0.0000 
Processors                      14     1         14    14         14 
                      Communic        Real_sync          Synchro        Variation          Overlap  
I/O             Tmin    0.0000     1     0.0000     1     0.0002     7     0.0000     1     0.0000     1 
I/O             Tmax    0.0000    14     0.0000    14     0.0020    14     0.0084    14     0.0000    14 
I/O             Tmid    0.0000           0.0000           0.0010           0.0070           0.0000       
Reduction       Tmin    0.0014    14     0.0000     1     0.0000     7     0.0000     7     0.0000     4 
Reduction       Tmax    7.8839     1     0.0000    14     0.0009    12     0.0009    12     0.0002     7 
Reduction       Tmid    3.8590           0.0000           0.0005           0.0005           0.0000       
Shadow          Tmin    0.9740     3     0.0000     1     0.1179     8     0.2085     8     0.0000     1 
Shadow          Tmax    9.4774    14     0.0000    14     1.2260     1     0.8567    13     0.0001     7 
Shadow          Tmid    4.6482           0.0000           0.4577           0.5293           0.0000       
--- The execution characteristics --- 
                                1          2          3          4          5          6          7          8          9         10         11         12         13         14 
Lost time                  9.7814     9.6719     9.4298     9.3175     9.4266     9.3210     9.4276     9.3136    10.1611    10.0884    10.1791    10.0709    10.2372    10.1787 
User insufficient par.     0.0228     0.0261     0.0223     0.0239     0.0238     0.0223     0.0234     0.0247     0.0166     0.0189     0.0184     0.0167     0.0155     0.0193 
Sys.insufficient par.      0.8327     0.7823     1.7381     1.6974     1.7276     1.6755     1.7010     1.5780     1.0075     0.9713     0.9751     0.9584     0.7097     0.6688 
Idle time                  0.0001     0.0031     0.0016     0.0023     0.0000     0.0030     0.0000     0.0000     0.0038     0.0038     0.0020     0.0038     0.0038     0.0016 
Communication              8.9258     8.8603     7.6678     7.5938     7.6752     7.6202     7.7032     7.7108     9.1333     9.0943     9.1836     9.0920     9.5082     9.4891 
Real synchronization       0.0001     0.0001     0.0000     0.0000     0.0000     0.0000     0.0000     0.0000     0.0008     0.0008     0.0008     0.0008     0.0008     0.0008 
Synchronization            1.2268     1.1744     0.2210     0.2119     0.1878     0.1644     0.1453     0.1191     0.5363     0.5057     0.5102     0.4732     0.4875     0.4654 
Variation                  0.5159     0.5030     0.4158     0.3867     0.3396     0.3041     0.2650     0.2161     0.7792     0.7285     0.7204     0.6581     0.8660     0.8167 
Overlap                    0.0000     0.0000     0.0001     0.0000     0.0002     0.0000     0.0003     0.0000     0.0000     0.0000     0.0000     0.0000     0.0000     0.0000 
Load imbalance             0.4683     0.3584     0.1162     0.0039     0.1131     0.0074     0.1140     0.0000     0.8476     0.7748     0.8656     0.7574     0.9236     0.8652 
Execution time            13.6134    13.6104    13.6119    13.6112    13.6135    13.6105    13.6135    13.6135    13.6097    13.6096    13.6115    13.6097    13.6097    13.6119 
User CPU time              3.7680     3.8814     4.0500     4.1655     4.0540     4.1636     4.0550     4.1785     3.3749     3.4504     3.3593     3.4689     3.3217     3.3833 
Sys. CPU time              0.0635     0.0602     0.1337     0.1306     0.1329     0.1289     0.1308     0.1214     0.0775     0.0747     0.0750     0.0737     0.0546     0.0514 
I/O time                   0.0005     0.0000     0.0000     0.0000     0.0000     0.0000     0.0000     0.0000     0.0000     0.0000     0.0000     0.0000     0.0000     0.0000 
Processors                     14         14         14         14         14         14         14         14         14         14         14         14         14         14 
           Communication          
Reduction                  7.8839     6.8185     6.6934     5.5888     5.5055     4.4022     4.3145     3.2100     3.2248     2.1182     2.1333     1.0255     1.1062     0.0014 
Shadow                     1.0409     2.0405     0.9740     2.0050     2.1696     3.2177     3.3886     4.4108     5.8978     6.9654     7.0397     8.0559     8.3913     9.4774 
           Real synchronization   
           Synchronization        
I/O                        0.0004     0.0009     0.0003     0.0009     0.0002     0.0007     0.0002     0.0008     0.0013     0.0014     0.0013     0.0019     0.0019     0.0020 
Reduction                  0.0003     0.0005     0.0002     0.0005     0.0001     0.0004     0.0000     0.0004     0.0007     0.0006     0.0006     0.0009     0.0009     0.0008 
Shadow                     1.2260     1.1730     0.2205     0.2105     0.1876     0.1633     0.1451     0.1179     0.5344     0.5036     0.5082     0.4704     0.4847     0.4626 
           Variation              
I/O                        0.0000     0.0074     0.0068     0.0073     0.0067     0.0072     0.0067     0.0072     0.0078     0.0079     0.0079     0.0084     0.0084     0.0084 
Reduction                  0.0003     0.0005     0.0002     0.0005     0.0001     0.0004     0.0000     0.0004     0.0006     0.0006     0.0006     0.0009     0.0009     0.0008 
Shadow                     0.5156     0.4950     0.4088     0.3789     0.3329     0.2965     0.2583     0.2085     0.7708     0.7199     0.7119     0.6489     0.8567     0.8075 
           Overlap                
Reduction                  0.0000     0.0000     0.0000     0.0000     0.0002     0.0000     0.0002     0.0000     0.0000     0.0000     0.0000     0.0000     0.0000     0.0000 
Shadow                     0.0000     0.0000     0.0000     0.0000     0.0000     0.0000     0.0001     0.0000     0.0000     0.0000     0.0000     0.0000     0.0000     0.0000 


-------------------------------------------------------------------------
Name (number) and performance time of processors
omp.keldysh.ru(1) 0.933912
omp.keldysh.ru(2) 0.933831
omp.keldysh.ru(3) 0.954060
omp.keldysh.ru(4) 0.954090
omp.keldysh.ru(5) 0.933596
omp.keldysh.ru(6) 0.933917
omp.keldysh.ru(7) 0.955584
omp.keldysh.ru(8) 0.955576
omp.keldysh.ru(9) 0.955352
omp.keldysh.ru(10) 0.955353
omp.keldysh.ru(11) 0.955332
omp.keldysh.ru(12) 0.955350
omp.keldysh.ru(13) 0.958289
omp.keldysh.ru(14) 0.958274
min - omp.keldysh.ru(5) 0.933596; max - omp.keldysh.ru(13) 0.958289; mid - 0.949465
