Processor system=3*3*1*2
Statistics has been accumulated on DVM-system version 5.0, platform DVM
Analyzer is executing on DVM-system version 5.0, platform DVM
-------------------------------------------------------------------------
INTERVAL ( NLINE=5 SOURCE=prf42.f ) LEVEL=0  EXE_COUNT=2
--- The main characteristics --- 
Parallelization efficiency      0.0500 
Execution time                  0.0109 
Processors                          18
Threads amount                      18
Total time                      0.1954
Productive time                 0.0098 ( CPU= 0.0078 Sys= 0.0019 I/O= 0.0000 )
Lost  time                      0.1856 
   Insufficient parallelism     0.1662 ( User= 0.1331 Sys= 0.0331 )
   Communication                0.0067 ( Real_sync= 0.0000 Starts= 0.0000 )
   Idle time                    0.0127
Load imbalance                  0.0009
Synchronization                 0.1907
Time variation                  0.1927
Overlap                         0.0127
                  Nop   Communic    Synchro  Variation    Overlap 
I/O                12     0.0000     0.0295     0.0316     0.0000 
Reduction          22     0.0067     0.0730     0.0730     0.0000 
Remote access     180     0.0000     0.0882     0.0882     0.0127 
--- The comparative characteristics --- 
                              Tmin N proc      Tmax N proc      Tmid
Lost time                   0.0103     7     0.0105    18     0.0103 
User insufficient par.      0.0042    18     0.0081     8     0.0074 
Sys.insufficient par.       0.0012    17     0.0021     1     0.0018 
Idle time                   0.0000     8     0.0040    18     0.0007 
Communication               0.0002    16     0.0011    18     0.0004 
Synchronization             0.0002    16     0.0530    17     0.0106 
Variation                   0.0003    16     0.0532    17     0.0107 
Overlap                     0.0000    17     0.0013    16     0.0007 
Load imbalance              0.0000     7     0.0003    18     0.0000 
Execution time              0.0069    18     0.0109    12     0.0101 
User CPU time               0.0002    18     0.0005     8     0.0004 
Sys. CPU time               0.0001    18     0.0001    12     0.0001 
I/O time                    0.0000    17     0.0000     1     0.0000 
Processors                      18     1         18    18         18 
                      Communic          Synchro        Variation          Overlap  
I/O             Tmin    0.0000     1     0.0000    16     0.0002    16     0.0000     1 
I/O             Tmax    0.0000    18     0.0082    17     0.0083    17     0.0000    18 
I/O             Tmid    0.0000           0.0016           0.0018           0.0000       
Reduction       Tmin    0.0002    16     0.0000    16     0.0000    16     0.0000     1 
Reduction       Tmax    0.0011    18     0.0208    17     0.0208    17     0.0000    16 
Reduction       Tmid    0.0004           0.0041           0.0041           0.0000       
Remote access   Tmin    0.0000     1     0.0001    16     0.0001    16     0.0000    17 
Remote access   Tmax    0.0000    18     0.0241    17     0.0241    17     0.0013    16 
Remote access   Tmid    0.0000           0.0049           0.0049           0.0007       
--- The execution characteristics --- 
                                1          2          3          4          5          6          7          8          9         10         11         12         13         14         15         16         17         18 
Lost time                  0.0103     0.0103     0.0103     0.0103     0.0103     0.0104     0.0103     0.0103     0.0103     0.0103     0.0103     0.0103     0.0103     0.0104     0.0103     0.0103     0.0105     0.0105 
User insufficient par.     0.0078     0.0078     0.0081     0.0081     0.0080     0.0063     0.0081     0.0081     0.0080     0.0080     0.0081     0.0081     0.0080     0.0058     0.0081     0.0081     0.0042     0.0042 
Sys.insufficient par.      0.0021     0.0019     0.0019     0.0019     0.0019     0.0019     0.0019     0.0019     0.0019     0.0019     0.0019     0.0019     0.0019     0.0019     0.0019     0.0019     0.0012     0.0012 
Idle time                  0.0001     0.0001     0.0000     0.0000     0.0001     0.0020     0.0000     0.0000     0.0000     0.0000     0.0000     0.0000     0.0001     0.0024     0.0000     0.0000     0.0040     0.0040 
Communication              0.0004     0.0005     0.0003     0.0003     0.0002     0.0002     0.0002     0.0002     0.0004     0.0004     0.0003     0.0003     0.0003     0.0003     0.0002     0.0002     0.0011     0.0011 
Synchronization            0.0058     0.0097     0.0058     0.0057     0.0024     0.0023     0.0032     0.0031     0.0080     0.0080     0.0071     0.0068     0.0084     0.0080     0.0004     0.0002     0.0530     0.0528 
Variation                  0.0057     0.0098     0.0059     0.0059     0.0025     0.0025     0.0033     0.0032     0.0081     0.0081     0.0072     0.0070     0.0085     0.0082     0.0005     0.0003     0.0532     0.0529 
Overlap                    0.0006     0.0006     0.0007     0.0007     0.0011     0.0011     0.0010     0.0010     0.0006     0.0006     0.0006     0.0006     0.0005     0.0005     0.0013     0.0013     0.0000     0.0000 
Load imbalance             0.0000     0.0000     0.0000     0.0000     0.0000     0.0001     0.0000     0.0000     0.0000     0.0000     0.0000     0.0000     0.0000     0.0001     0.0000     0.0000     0.0003     0.0003 
Execution time             0.0108     0.0108     0.0109     0.0109     0.0108     0.0089     0.0109     0.0109     0.0109     0.0109     0.0109     0.0109     0.0108     0.0085     0.0108     0.0108     0.0069     0.0069 
User CPU time              0.0005     0.0005     0.0005     0.0005     0.0005     0.0004     0.0005     0.0005     0.0005     0.0005     0.0005     0.0005     0.0005     0.0003     0.0005     0.0005     0.0002     0.0002 
Sys. CPU time              0.0001     0.0001     0.0001     0.0001     0.0001     0.0001     0.0001     0.0001     0.0001     0.0001     0.0001     0.0001     0.0001     0.0001     0.0001     0.0001     0.0001     0.0001 
I/O time                   0.0000     0.0000     0.0000     0.0000     0.0000     0.0000     0.0000     0.0000     0.0000     0.0000     0.0000     0.0000     0.0000     0.0000     0.0000     0.0000     0.0000     0.0000 
Processors                     18         18         18         18         18         18         18         18         18         18         18         18         18         18         18         18         18         18 
           Communication          
Reduction                  0.0004     0.0005     0.0003     0.0003     0.0002     0.0002     0.0002     0.0002     0.0004     0.0004     0.0003     0.0003     0.0003     0.0003     0.0002     0.0002     0.0011     0.0011 
           Synchronization        
I/O                        0.0009     0.0016     0.0008     0.0008     0.0004     0.0004     0.0005     0.0005     0.0013     0.0013     0.0011     0.0010     0.0013     0.0013     0.0001     0.0000     0.0082     0.0082 
Reduction                  0.0024     0.0024     0.0023     0.0023     0.0005     0.0004     0.0012     0.0011     0.0027     0.0027     0.0033     0.0032     0.0036     0.0034     0.0001     0.0000     0.0208     0.0206 
Remote access              0.0025     0.0057     0.0026     0.0025     0.0015     0.0015     0.0015     0.0015     0.0041     0.0041     0.0027     0.0026     0.0035     0.0034     0.0002     0.0001     0.0241     0.0240 
           Variation              
I/O                        0.0008     0.0017     0.0010     0.0010     0.0005     0.0005     0.0006     0.0006     0.0014     0.0014     0.0012     0.0012     0.0014     0.0014     0.0002     0.0002     0.0083     0.0083 
Reduction                  0.0024     0.0024     0.0023     0.0023     0.0005     0.0004     0.0012     0.0011     0.0027     0.0027     0.0033     0.0032     0.0036     0.0034     0.0001     0.0000     0.0208     0.0206 
Remote access              0.0025     0.0057     0.0026     0.0025     0.0015     0.0015     0.0015     0.0015     0.0041     0.0041     0.0027     0.0026     0.0035     0.0034     0.0002     0.0001     0.0241     0.0240 
           Overlap                
Reduction                  0.0000     0.0000     0.0000     0.0000     0.0000     0.0000     0.0000     0.0000     0.0000     0.0000     0.0000     0.0000     0.0000     0.0000     0.0000     0.0000     0.0000     0.0000 
Remote access              0.0006     0.0006     0.0007     0.0007     0.0011     0.0011     0.0010     0.0010     0.0006     0.0006     0.0006     0.0006     0.0005     0.0005     0.0013     0.0013     0.0000     0.0000 


-------------------------------------------------------------------------
Name (number) and performance time of processors
omp.keldysh.ru(1) 0.933879
omp.keldysh.ru(2) 0.933805
omp.keldysh.ru(3) 0.953715
omp.keldysh.ru(4) 0.953762
omp.keldysh.ru(5) 0.958652
omp.keldysh.ru(6) 0.958650
omp.keldysh.ru(7) 0.957952
omp.keldysh.ru(8) 0.957953
omp.keldysh.ru(9) 0.933774
omp.keldysh.ru(10) 0.933776
omp.keldysh.ru(11) 0.953959
omp.keldysh.ru(12) 0.953937
omp.keldysh.ru(13) 0.956457
omp.keldysh.ru(14) 0.956728
omp.keldysh.ru(15) 0.956477
omp.keldysh.ru(16) 0.956479
omp.keldysh.ru(17) 0.958248
omp.keldysh.ru(18) 0.958202
min - omp.keldysh.ru(9) 0.933774; max - omp.keldysh.ru(5) 0.958652; mid - 0.951467
