Processor system=3*6*1*1
Statistics has been accumulated on DVM-system version 5.0, platform DVM
Analyzer is executing on DVM-system version 5.0, platform DVM
-------------------------------------------------------------------------
INTERVAL ( NLINE=5 SOURCE=align44.f ) LEVEL=0  EXE_COUNT=2
--- The main characteristics --- 
Parallelization efficiency      0.0534 
Execution time                  0.0100 
Processors                          18
Threads amount                      18
Total time                      0.1795
Productive time                 0.0096 ( CPU= 0.0092 Sys= 0.0004 I/O= 0.0000 )
Lost  time                      0.1699 
   Insufficient parallelism     0.1169 ( User= 0.1101 Sys= 0.0068 )
   Communication                0.0076 ( Real_sync= 0.0000 Starts= 0.0000 )
   Idle time                    0.0455
Load imbalance                  0.0036
Synchronization                 0.0007
Time variation                  0.0036
Overlap                         0.0000
                  Nop   Communic    Synchro  Variation    Overlap 
I/O                10     0.0000     0.0007     0.0035     0.0000 
Reduction           8     0.0076     0.0000     0.0001     0.0000 
--- The comparative characteristics --- 
                              Tmin N proc      Tmax N proc      Tmid
Lost time                   0.0092     8     0.0097     6     0.0094 
User insufficient par.      0.0037     5     0.0084    12     0.0061 
Sys.insufficient par.       0.0002    18     0.0006     1     0.0004 
Idle time                   0.0000    12     0.0050     5     0.0025 
Communication               0.0002     1     0.0009    18     0.0004 
Synchronization             0.0000    14     0.0001    17     0.0000 
Variation                   0.0000     1     0.0002    17     0.0002 
Overlap                     0.0000     3     0.0000    16     0.0000 
Load imbalance              0.0000     8     0.0005     6     0.0002 
Execution time              0.0050     5     0.0100    12     0.0074 
User CPU time               0.0002     6     0.0007     8     0.0005 
Sys. CPU time               0.0000    18     0.0000     2     0.0000 
I/O time                    0.0000    13     0.0000     1     0.0000 
Processors                      18     1         18    18         18 
                      Communic          Synchro        Variation          Overlap  
I/O             Tmin    0.0000     1     0.0000    13     0.0000     1     0.0000     1 
I/O             Tmax    0.0000    18     0.0001    17     0.0002    17     0.0000    18 
I/O             Tmid    0.0000           0.0000           0.0002           0.0000       
Reduction       Tmin    0.0002     1     0.0000     1     0.0000     6     0.0000     3 
Reduction       Tmax    0.0009    18     0.0000    18     0.0000    18     0.0000    16 
Reduction       Tmid    0.0004           0.0000           0.0000           0.0000       
--- The execution characteristics --- 
                                1          2          3          4          5          6          7          8          9         10         11         12         13         14         15         16         17         18 
Lost time                  0.0093     0.0093     0.0095     0.0094     0.0097     0.0097     0.0093     0.0092     0.0094     0.0095     0.0095     0.0095     0.0093     0.0095     0.0093     0.0094     0.0094     0.0096 
User insufficient par.     0.0066     0.0067     0.0038     0.0052     0.0037     0.0037     0.0064     0.0078     0.0071     0.0049     0.0070     0.0084     0.0075     0.0045     0.0075     0.0056     0.0080     0.0058 
Sys.insufficient par.      0.0006     0.0004     0.0004     0.0004     0.0003     0.0003     0.0004     0.0004     0.0004     0.0004     0.0003     0.0003     0.0004     0.0004     0.0004     0.0004     0.0003     0.0002 
Idle time                  0.0020     0.0020     0.0050     0.0035     0.0050     0.0050     0.0023     0.0008     0.0016     0.0039     0.0016     0.0000     0.0012     0.0043     0.0012     0.0031     0.0004     0.0027 
Communication              0.0002     0.0002     0.0003     0.0003     0.0007     0.0008     0.0002     0.0002     0.0003     0.0003     0.0007     0.0008     0.0002     0.0002     0.0003     0.0003     0.0008     0.0009 
Synchronization            0.0000     0.0000     0.0000     0.0000     0.0000     0.0001     0.0000     0.0000     0.0000     0.0000     0.0000     0.0001     0.0000     0.0000     0.0000     0.0000     0.0001     0.0001 
Variation                  0.0000     0.0002     0.0002     0.0002     0.0002     0.0002     0.0002     0.0002     0.0002     0.0002     0.0002     0.0002     0.0002     0.0002     0.0002     0.0002     0.0002     0.0002 
Overlap                    0.0000     0.0000     0.0000     0.0000     0.0000     0.0000     0.0000     0.0000     0.0000     0.0000     0.0000     0.0000     0.0000     0.0000     0.0000     0.0000     0.0000     0.0000 
Load imbalance             0.0001     0.0001     0.0003     0.0002     0.0004     0.0005     0.0001     0.0000     0.0001     0.0002     0.0003     0.0002     0.0001     0.0002     0.0001     0.0002     0.0002     0.0004 
Execution time             0.0080     0.0080     0.0050     0.0065     0.0050     0.0050     0.0076     0.0092     0.0084     0.0061     0.0084     0.0100     0.0088     0.0057     0.0088     0.0069     0.0096     0.0073 
User CPU time              0.0006     0.0006     0.0004     0.0005     0.0003     0.0002     0.0006     0.0007     0.0006     0.0005     0.0005     0.0005     0.0007     0.0005     0.0006     0.0005     0.0005     0.0003 
Sys. CPU time              0.0000     0.0000     0.0000     0.0000     0.0000     0.0000     0.0000     0.0000     0.0000     0.0000     0.0000     0.0000     0.0000     0.0000     0.0000     0.0000     0.0000     0.0000 
I/O time                   0.0000     0.0000     0.0000     0.0000     0.0000     0.0000     0.0000     0.0000     0.0000     0.0000     0.0000     0.0000     0.0000     0.0000     0.0000     0.0000     0.0000     0.0000 
Processors                     18         18         18         18         18         18         18         18         18         18         18         18         18         18         18         18         18         18 
           Communication          
Reduction                  0.0002     0.0002     0.0003     0.0003     0.0007     0.0008     0.0002     0.0002     0.0003     0.0003     0.0007     0.0008     0.0002     0.0002     0.0003     0.0003     0.0008     0.0009 
           Synchronization        
I/O                        0.0000     0.0000     0.0000     0.0000     0.0000     0.0001     0.0000     0.0000     0.0000     0.0000     0.0000     0.0000     0.0000     0.0000     0.0000     0.0000     0.0001     0.0001 
Reduction                  0.0000     0.0000     0.0000     0.0000     0.0000     0.0000     0.0000     0.0000     0.0000     0.0000     0.0000     0.0000     0.0000     0.0000     0.0000     0.0000     0.0000     0.0000 
           Variation              
I/O                        0.0000     0.0002     0.0002     0.0002     0.0002     0.0002     0.0002     0.0002     0.0002     0.0002     0.0002     0.0002     0.0002     0.0002     0.0002     0.0002     0.0002     0.0002 
Reduction                  0.0000     0.0000     0.0000     0.0000     0.0000     0.0000     0.0000     0.0000     0.0000     0.0000     0.0000     0.0000     0.0000     0.0000     0.0000     0.0000     0.0000     0.0000 
           Overlap                
Reduction                  0.0000     0.0000     0.0000     0.0000     0.0000     0.0000     0.0000     0.0000     0.0000     0.0000     0.0000     0.0000     0.0000     0.0000     0.0000     0.0000     0.0000     0.0000 


-------------------------------------------------------------------------
Name (number) and performance time of processors
omp.keldysh.ru(1) 0.933821
omp.keldysh.ru(2) 0.933749
omp.keldysh.ru(3) 0.953186
omp.keldysh.ru(4) 0.952881
omp.keldysh.ru(5) 0.952229
omp.keldysh.ru(6) 0.952234
omp.keldysh.ru(7) 0.953087
omp.keldysh.ru(8) 0.953089
omp.keldysh.ru(9) 0.951753
omp.keldysh.ru(10) 0.951761
omp.keldysh.ru(11) 0.933960
omp.keldysh.ru(12) 0.933955
omp.keldysh.ru(13) 0.952757
omp.keldysh.ru(14) 0.952738
omp.keldysh.ru(15) 0.954459
omp.keldysh.ru(16) 0.954446
omp.keldysh.ru(17) 0.953606
omp.keldysh.ru(18) 0.953589
min - omp.keldysh.ru(2) 0.933749; max - omp.keldysh.ru(15) 0.954459; mid - 0.948739
