Processor system=2*1*3*3
Statistics has been accumulated on DVM-system version 5.0, platform DVM
Analyzer is executing on DVM-system version 5.0, platform DVM
-------------------------------------------------------------------------
INTERVAL ( NLINE=8 SOURCE=red41.f ) LEVEL=0  EXE_COUNT=2
--- The main characteristics --- 
Parallelization efficiency      0.0696 
Execution time                  0.0118 
Processors                          18
Threads amount                      18
Total time                      0.2115
Productive time                 0.0147 ( CPU= 0.0137 Sys= 0.0010 I/O= 0.0000 )
Lost  time                      0.1968 
   Insufficient parallelism     0.1358 ( User= 0.1186 Sys= 0.0172 )
   Communication                0.0114 ( Real_sync= 0.0000 Starts= 0.0000 )
   Idle time                    0.0496
Load imbalance                  0.0031
Synchronization                 0.0084
Time variation                  0.0086
Overlap                         0.0000
                  Nop   Communic    Synchro  Variation    Overlap 
I/O                17     0.0000     0.0020     0.0048     0.0000 
Reduction          15     0.0077     0.0018     0.0016     0.0000 
Remote access      37     0.0037     0.0046     0.0022     0.0000 
--- The comparative characteristics --- 
                              Tmin N proc      Tmax N proc      Tmid
Lost time                   0.0108     8     0.0111     3     0.0109 
User insufficient par.      0.0038    15     0.0093    12     0.0066 
Sys.insufficient par.       0.0008    17     0.0012     1     0.0010 
Idle time                   0.0000    12     0.0058    15     0.0028 
Communication               0.0005     6     0.0013    18     0.0006 
Synchronization             0.0003     1     0.0009    17     0.0005 
Variation                   0.0002     1     0.0006     2     0.0005 
Overlap                     0.0000     2     0.0000     8     0.0000 
Load imbalance              0.0000     8     0.0003     1     0.0002 
Execution time              0.0060    15     0.0118    12     0.0090 
User CPU time               0.0006     1     0.0009     8     0.0008 
Sys. CPU time               0.0000    17     0.0001     2     0.0001 
I/O time                    0.0000    14     0.0000     1     0.0000 
Processors                      18     1         18    18         18 
                      Communic          Synchro        Variation          Overlap  
I/O             Tmin    0.0000     1     0.0001    14     0.0001     1     0.0000     1 
I/O             Tmax    0.0000    18     0.0001     1     0.0003     2     0.0000    18 
I/O             Tmid    0.0000           0.0001           0.0003           0.0000       
Reduction       Tmin    0.0003     1     0.0001     8     0.0000    14     0.0000     1 
Reduction       Tmax    0.0008    18     0.0002    17     0.0001     1     0.0000     8 
Reduction       Tmid    0.0004           0.0001           0.0001           0.0000       
Remote access   Tmin    0.0001     2     0.0000     1     0.0000     1     0.0000     2 
Remote access   Tmax    0.0006    17     0.0006    17     0.0002     3     0.0000     1 
Remote access   Tmid    0.0002           0.0003           0.0001           0.0000       
--- The execution characteristics --- 
                                1          2          3          4          5          6          7          8          9         10         11         12         13         14         15         16         17         18 
Lost time                  0.0111     0.0109     0.0111     0.0110     0.0108     0.0110     0.0109     0.0108     0.0110     0.0109     0.0108     0.0108     0.0111     0.0109     0.0111     0.0109     0.0109     0.0111 
User insufficient par.     0.0047     0.0074     0.0038     0.0063     0.0078     0.0053     0.0078     0.0089     0.0056     0.0082     0.0081     0.0093     0.0045     0.0071     0.0038     0.0067     0.0080     0.0054 
Sys.insufficient par.      0.0012     0.0010     0.0010     0.0010     0.0010     0.0010     0.0009     0.0009     0.0009     0.0010     0.0010     0.0009     0.0010     0.0010     0.0010     0.0010     0.0008     0.0008 
Idle time                  0.0047     0.0019     0.0058     0.0031     0.0016     0.0043     0.0015     0.0004     0.0039     0.0012     0.0012     0.0000     0.0050     0.0023     0.0058     0.0027     0.0008     0.0035 
Communication              0.0006     0.0005     0.0005     0.0005     0.0005     0.0005     0.0005     0.0005     0.0006     0.0006     0.0006     0.0006     0.0005     0.0006     0.0005     0.0005     0.0013     0.0013 
Synchronization            0.0003     0.0005     0.0005     0.0005     0.0004     0.0004     0.0004     0.0004     0.0005     0.0005     0.0004     0.0004     0.0003     0.0003     0.0003     0.0003     0.0009     0.0009 
Variation                  0.0002     0.0006     0.0006     0.0006     0.0006     0.0006     0.0005     0.0005     0.0005     0.0005     0.0005     0.0004     0.0004     0.0004     0.0004     0.0004     0.0004     0.0004 
Overlap                    0.0000     0.0000     0.0000     0.0000     0.0000     0.0000     0.0000     0.0000     0.0000     0.0000     0.0000     0.0000     0.0000     0.0000     0.0000     0.0000     0.0000     0.0000 
Load imbalance             0.0003     0.0001     0.0003     0.0002     0.0001     0.0002     0.0001     0.0000     0.0002     0.0001     0.0001     0.0000     0.0003     0.0001     0.0003     0.0001     0.0001     0.0003 
Execution time             0.0071     0.0098     0.0060     0.0086     0.0102     0.0075     0.0102     0.0114     0.0079     0.0106     0.0106     0.0118     0.0067     0.0094     0.0060     0.0090     0.0110     0.0083 
User CPU time              0.0006     0.0008     0.0006     0.0007     0.0009     0.0007     0.0008     0.0009     0.0007     0.0008     0.0009     0.0009     0.0006     0.0008     0.0006     0.0008     0.0008     0.0006 
Sys. CPU time              0.0001     0.0001     0.0001     0.0001     0.0001     0.0001     0.0001     0.0001     0.0001     0.0001     0.0001     0.0001     0.0001     0.0001     0.0001     0.0001     0.0000     0.0000 
I/O time                   0.0000     0.0000     0.0000     0.0000     0.0000     0.0000     0.0000     0.0000     0.0000     0.0000     0.0000     0.0000     0.0000     0.0000     0.0000     0.0000     0.0000     0.0000 
Processors                     18         18         18         18         18         18         18         18         18         18         18         18         18         18         18         18         18         18 
           Communication          
Reduction                  0.0003     0.0004     0.0004     0.0004     0.0004     0.0004     0.0004     0.0004     0.0004     0.0004     0.0004     0.0004     0.0004     0.0004     0.0004     0.0003     0.0008     0.0008 
Remote access              0.0003     0.0001     0.0001     0.0001     0.0001     0.0001     0.0001     0.0001     0.0002     0.0002     0.0002     0.0002     0.0002     0.0002     0.0002     0.0002     0.0006     0.0006 
           Synchronization        
I/O                        0.0001     0.0001     0.0001     0.0001     0.0001     0.0001     0.0001     0.0001     0.0001     0.0001     0.0001     0.0001     0.0001     0.0001     0.0001     0.0001     0.0001     0.0001 
Reduction                  0.0001     0.0001     0.0001     0.0001     0.0001     0.0001     0.0001     0.0001     0.0001     0.0001     0.0001     0.0001     0.0001     0.0001     0.0001     0.0001     0.0002     0.0002 
Remote access              0.0000     0.0002     0.0003     0.0003     0.0002     0.0002     0.0002     0.0002     0.0003     0.0003     0.0002     0.0002     0.0002     0.0002     0.0002     0.0002     0.0006     0.0006 
           Variation              
I/O                        0.0001     0.0003     0.0003     0.0003     0.0003     0.0003     0.0003     0.0003     0.0003     0.0003     0.0003     0.0002     0.0002     0.0002     0.0002     0.0002     0.0003     0.0003 
Reduction                  0.0001     0.0001     0.0001     0.0001     0.0001     0.0001     0.0001     0.0001     0.0001     0.0001     0.0001     0.0001     0.0001     0.0000     0.0001     0.0001     0.0001     0.0001 
Remote access              0.0000     0.0002     0.0002     0.0002     0.0002     0.0002     0.0002     0.0002     0.0001     0.0001     0.0001     0.0001     0.0001     0.0001     0.0001     0.0001     0.0001     0.0001 
           Overlap                
Reduction                  0.0000     0.0000     0.0000     0.0000     0.0000     0.0000     0.0000     0.0000     0.0000     0.0000     0.0000     0.0000     0.0000     0.0000     0.0000     0.0000     0.0000     0.0000 
Remote access              0.0000     0.0000     0.0000     0.0000     0.0000     0.0000     0.0000     0.0000     0.0000     0.0000     0.0000     0.0000     0.0000     0.0000     0.0000     0.0000     0.0000     0.0000 


-------------------------------------------------------------------------
Name (number) and performance time of processors
omp.keldysh.ru(1) 0.933921
omp.keldysh.ru(2) 0.933838
omp.keldysh.ru(3) 0.955140
omp.keldysh.ru(4) 0.955245
omp.keldysh.ru(5) 0.958585
omp.keldysh.ru(6) 0.958583
omp.keldysh.ru(7) 0.959029
omp.keldysh.ru(8) 0.959032
omp.keldysh.ru(9) 0.957347
omp.keldysh.ru(10) 0.957354
omp.keldysh.ru(11) 0.960150
omp.keldysh.ru(12) 0.960156
omp.keldysh.ru(13) 0.958574
omp.keldysh.ru(14) 0.958572
omp.keldysh.ru(15) 0.957659
omp.keldysh.ru(16) 0.957689
omp.keldysh.ru(17) 0.933513
omp.keldysh.ru(18) 0.933848
min - omp.keldysh.ru(17) 0.933513; max - omp.keldysh.ru(12) 0.960156; mid - 0.952680
