Processor system=3*6*1*1
Statistics has been accumulated on DVM-system version 5.0, platform DVM
Analyzer is executing on DVM-system version 5.0, platform DVM
-------------------------------------------------------------------------
INTERVAL ( NLINE=7 SOURCE=acr42.f ) LEVEL=0  EXE_COUNT=2
--- The main characteristics --- 
Parallelization efficiency      0.0531 
Execution time                  0.8756 
Processors                          18
Threads amount                      18
Total time                     15.7611
Productive time                 0.8373 ( CPU= 0.8296 Sys= 0.0076 I/O= 0.0000 )
Lost  time                     14.9238 
   Insufficient parallelism    14.2340 ( User= 14.1035 Sys= 0.1305 )
   Communication                0.0048 ( Real_sync= 0.0000 Starts= 0.0000 )
   Idle time                    0.6850
Load imbalance                  0.0381
Synchronization                 3.9449
Time variation                  3.9467
Overlap                         0.0039
                  Nop   Communic    Synchro  Variation    Overlap 
I/O                12     0.0000     1.3158     1.3176     0.0000 
Reduction          10     0.0048     0.6562     0.6562     0.0000 
Shadow             28     0.0000     1.9729     1.9728     0.0039 
--- The comparative characteristics --- 
                              Tmin N proc      Tmax N proc      Tmid
Lost time                   0.8270     6     0.8443    17     0.8291 
User insufficient par.      0.5298    17     0.8184     3     0.7835 
Sys.insufficient par.       0.0022    18     0.0088     1     0.0073 
Idle time                   0.0000     6     0.3117    17     0.0381 
Communication               0.0002     6     0.0004    17     0.0003 
Synchronization             0.0057     4     1.8495    17     0.2192 
Variation                   0.0058     4     1.8496    17     0.2193 
Overlap                     0.0000    17     0.0004    16     0.0002 
Load imbalance              0.0000     6     0.0173    17     0.0021 
Execution time              0.5639    17     0.8756     6     0.8376 
User CPU time               0.0312    17     0.0481     3     0.0461 
Sys. CPU time               0.0001    18     0.0005     1     0.0004 
I/O time                    0.0000     5     0.0000     1     0.0000 
Processors                      18     1         18    18         18 
                      Communic          Synchro        Variation          Overlap  
I/O             Tmin    0.0000     1     0.0007    15     0.0007     1     0.0000     1 
I/O             Tmax    0.0000    18     0.6194    17     0.6195    17     0.0000    18 
I/O             Tmid    0.0000           0.0731           0.0732           0.0000       
Reduction       Tmin    0.0002     6     0.0004    16     0.0004    16     0.0000     1 
Reduction       Tmax    0.0004    17     0.3096    17     0.3096    17     0.0000    12 
Reduction       Tmid    0.0003           0.0365           0.0365           0.0000       
Shadow          Tmin    0.0000     1     0.0031     4     0.0030     4     0.0000    17 
Shadow          Tmax    0.0000    18     0.9205    17     0.9205    17     0.0004    16 
Shadow          Tmid    0.0000           0.1096           0.1096           0.0002       
--- The execution characteristics --- 
                                1          2          3          4          5          6          7          8          9         10         11         12         13         14         15         16         17         18 
Lost time                  0.8270     0.8272     0.8270     0.8270     0.8272     0.8270     0.8272     0.8270     0.8270     0.8271     0.8270     0.8270     0.8282     0.8282     0.8271     0.8272     0.8443     0.8441 
User insufficient par.     0.8179     0.8155     0.8184     0.8184     0.8148     0.8183     0.8145     0.8184     0.8176     0.8168     0.8183     0.8183     0.8011     0.8011     0.8163     0.8151     0.5298     0.5329 
Sys.insufficient par.      0.0088     0.0082     0.0083     0.0083     0.0082     0.0085     0.0081     0.0084     0.0083     0.0084     0.0084     0.0084     0.0043     0.0043     0.0085     0.0083     0.0024     0.0022 
Idle time                  0.0000     0.0031     0.0000     0.0000     0.0039     0.0000     0.0043     0.0000     0.0008     0.0016     0.0000     0.0000     0.0226     0.0226     0.0020     0.0035     0.3117     0.3087 
Communication              0.0002     0.0003     0.0002     0.0002     0.0002     0.0002     0.0002     0.0002     0.0003     0.0003     0.0003     0.0003     0.0003     0.0003     0.0002     0.0003     0.0004     0.0004 
Synchronization            0.0066     0.0068     0.0105     0.0057     0.0107     0.0070     0.0112     0.0066     0.0122     0.0092     0.0070     0.0080     0.0849     0.0856     0.0062     0.0062     1.8495     1.8110 
Variation                  0.0064     0.0070     0.0106     0.0058     0.0109     0.0071     0.0113     0.0067     0.0123     0.0093     0.0071     0.0081     0.0850     0.0857     0.0064     0.0063     1.8496     1.8112 
Overlap                    0.0002     0.0002     0.0002     0.0004     0.0002     0.0002     0.0002     0.0002     0.0002     0.0001     0.0002     0.0002     0.0002     0.0002     0.0004     0.0004     0.0000     0.0000 
Load imbalance             0.0000     0.0002     0.0000     0.0000     0.0002     0.0000     0.0002     0.0000     0.0000     0.0001     0.0000     0.0000     0.0013     0.0013     0.0001     0.0002     0.0173     0.0172 
Execution time             0.8756     0.8725     0.8756     0.8756     0.8717     0.8756     0.8713     0.8756     0.8748     0.8740     0.8756     0.8756     0.8530     0.8530     0.8736     0.8721     0.5639     0.5670 
User CPU time              0.0481     0.0480     0.0481     0.0481     0.0479     0.0481     0.0479     0.0481     0.0481     0.0480     0.0481     0.0481     0.0471     0.0471     0.0480     0.0479     0.0312     0.0313 
Sys. CPU time              0.0005     0.0005     0.0005     0.0005     0.0005     0.0005     0.0005     0.0005     0.0005     0.0005     0.0005     0.0005     0.0003     0.0002     0.0005     0.0005     0.0001     0.0001 
I/O time                   0.0000     0.0000     0.0000     0.0000     0.0000     0.0000     0.0000     0.0000     0.0000     0.0000     0.0000     0.0000     0.0000     0.0000     0.0000     0.0000     0.0000     0.0000 
Processors                     18         18         18         18         18         18         18         18         18         18         18         18         18         18         18         18         18         18 
           Communication          
Reduction                  0.0002     0.0003     0.0002     0.0002     0.0002     0.0002     0.0002     0.0002     0.0003     0.0003     0.0003     0.0003     0.0003     0.0003     0.0002     0.0003     0.0004     0.0004 
           Synchronization        
I/O                        0.0009     0.0011     0.0018     0.0013     0.0025     0.0013     0.0024     0.0014     0.0022     0.0017     0.0010     0.0011     0.0335     0.0342     0.0007     0.0009     0.6194     0.6085 
Reduction                  0.0009     0.0008     0.0016     0.0013     0.0014     0.0013     0.0016     0.0014     0.0017     0.0016     0.0010     0.0010     0.0135     0.0135     0.0004     0.0004     0.3096     0.3034 
Shadow                     0.0048     0.0049     0.0071     0.0031     0.0068     0.0044     0.0072     0.0038     0.0083     0.0059     0.0051     0.0058     0.0379     0.0380     0.0052     0.0050     0.9205     0.8992 
           Variation              
I/O                        0.0007     0.0012     0.0019     0.0014     0.0026     0.0014     0.0025     0.0016     0.0023     0.0018     0.0011     0.0013     0.0336     0.0343     0.0008     0.0010     0.6195     0.6086 
Reduction                  0.0009     0.0008     0.0016     0.0013     0.0014     0.0013     0.0016     0.0014     0.0017     0.0016     0.0010     0.0010     0.0135     0.0135     0.0004     0.0004     0.3096     0.3034 
Shadow                     0.0048     0.0049     0.0071     0.0030     0.0068     0.0044     0.0072     0.0038     0.0083     0.0058     0.0051     0.0058     0.0379     0.0380     0.0052     0.0050     0.9205     0.8992 
           Overlap                
Reduction                  0.0000     0.0000     0.0000     0.0000     0.0000     0.0000     0.0000     0.0000     0.0000     0.0000     0.0000     0.0000     0.0000     0.0000     0.0000     0.0000     0.0000     0.0000 
Shadow                     0.0002     0.0002     0.0002     0.0004     0.0002     0.0002     0.0002     0.0002     0.0002     0.0001     0.0002     0.0002     0.0002     0.0002     0.0004     0.0004     0.0000     0.0000 


-------------------------------------------------------------------------
Name (number) and performance time of processors
omp.keldysh.ru(1) 0.934047
omp.keldysh.ru(2) 0.933977
omp.keldysh.ru(3) 0.956931
omp.keldysh.ru(4) 0.957180
omp.keldysh.ru(5) 0.954668
omp.keldysh.ru(6) 0.954624
omp.keldysh.ru(7) 0.948465
omp.keldysh.ru(8) 0.948467
omp.keldysh.ru(9) 0.954872
omp.keldysh.ru(10) 0.954867
omp.keldysh.ru(11) 0.955932
omp.keldysh.ru(12) 0.955944
omp.keldysh.ru(13) 0.955933
omp.keldysh.ru(14) 0.955941
omp.keldysh.ru(15) 0.954715
omp.keldysh.ru(16) 0.954652
omp.keldysh.ru(17) 0.933674
omp.keldysh.ru(18) 0.934003
min - omp.keldysh.ru(17) 0.933674; max - omp.keldysh.ru(4) 0.957180; mid - 0.949938
