Processor system=1*1*6*3
Statistics has been accumulated on DVM-system version 5.0, platform DVM
Analyzer is executing on DVM-system version 5.0, platform DVM
-------------------------------------------------------------------------
INTERVAL ( NLINE=8 SOURCE=red41.f ) LEVEL=0  EXE_COUNT=2
--- The main characteristics --- 
Parallelization efficiency      0.0965 
Execution time                  0.0075 
Processors                          18
Threads amount                      18
Total time                      0.1354
Productive time                 0.0131 ( CPU= 0.0121 Sys= 0.0010 I/O= 0.0000 )
Lost  time                      0.1223 
   Insufficient parallelism     0.1096 ( User= 0.0924 Sys= 0.0171 )
   Communication                0.0109 ( Real_sync= 0.0000 Starts= 0.0000 )
   Idle time                    0.0019
Load imbalance                  0.0005
Synchronization                 0.0069
Time variation                  0.0079
Overlap                         0.0000
                  Nop   Communic    Synchro  Variation    Overlap 
I/O                17     0.0000     0.0012     0.0047     0.0000 
Reduction          15     0.0074     0.0012     0.0010     0.0000 
Remote access      37     0.0035     0.0045     0.0022     0.0000 
--- The comparative characteristics --- 
                              Tmin N proc      Tmax N proc      Tmid
Lost time                   0.0068     9     0.0069    11     0.0068 
User insufficient par.      0.0037    11     0.0053    16     0.0051 
Sys.insufficient par.       0.0008    17     0.0011     1     0.0010 
Idle time                   0.0000    10     0.0016    11     0.0001 
Communication               0.0005     7     0.0014    17     0.0006 
Synchronization             0.0002     1     0.0009    17     0.0004 
Variation                   0.0002     1     0.0006     2     0.0004 
Overlap                     0.0000     2     0.0000     1     0.0000 
Load imbalance              0.0000     9     0.0001    11     0.0000 
Execution time              0.0059    11     0.0075    10     0.0074 
User CPU time               0.0006    11     0.0007     9     0.0007 
Sys. CPU time               0.0000    17     0.0001    14     0.0001 
I/O time                    0.0000     4     0.0000     1     0.0000 
Processors                      18     1         18    18         18 
                      Communic          Synchro        Variation          Overlap  
I/O             Tmin    0.0000     1     0.0000    11     0.0001     1     0.0000     1 
I/O             Tmax    0.0000    18     0.0001     2     0.0003     4     0.0000    18 
I/O             Tmid    0.0000           0.0001           0.0003           0.0000       
Reduction       Tmin    0.0003     1     0.0000    13     0.0000    11     0.0000     1 
Reduction       Tmax    0.0008    18     0.0002    18     0.0001     1     0.0000    16 
Reduction       Tmid    0.0004           0.0001           0.0001           0.0000       
Remote access   Tmin    0.0001     2     0.0000     1     0.0000     1     0.0000     2 
Remote access   Tmax    0.0006    17     0.0006    17     0.0002     2     0.0000     1 
Remote access   Tmid    0.0002           0.0002           0.0001           0.0000       
--- The execution characteristics --- 
                                1          2          3          4          5          6          7          8          9         10         11         12         13         14         15         16         17         18 
Lost time                  0.0068     0.0068     0.0068     0.0068     0.0068     0.0068     0.0068     0.0068     0.0068     0.0068     0.0069     0.0068     0.0068     0.0068     0.0068     0.0068     0.0069     0.0069 
User insufficient par.     0.0052     0.0053     0.0053     0.0053     0.0053     0.0053     0.0053     0.0052     0.0053     0.0053     0.0037     0.0053     0.0053     0.0053     0.0053     0.0053     0.0047     0.0047 
Sys.insufficient par.      0.0011     0.0010     0.0010     0.0009     0.0010     0.0009     0.0010     0.0010     0.0010     0.0009     0.0010     0.0010     0.0010     0.0010     0.0010     0.0009     0.0008     0.0008 
Idle time                  0.0000     0.0000     0.0000     0.0000     0.0000     0.0000     0.0000     0.0000     0.0000     0.0000     0.0016     0.0000     0.0000     0.0000     0.0000     0.0000     0.0000     0.0000 
Communication              0.0005     0.0005     0.0005     0.0005     0.0005     0.0005     0.0005     0.0005     0.0005     0.0005     0.0005     0.0005     0.0005     0.0005     0.0005     0.0005     0.0014     0.0013 
Synchronization            0.0002     0.0004     0.0004     0.0004     0.0004     0.0004     0.0003     0.0004     0.0004     0.0003     0.0003     0.0003     0.0003     0.0003     0.0003     0.0003     0.0009     0.0008 
Variation                  0.0002     0.0006     0.0006     0.0006     0.0006     0.0006     0.0005     0.0005     0.0005     0.0004     0.0004     0.0004     0.0004     0.0004     0.0003     0.0003     0.0004     0.0004 
Overlap                    0.0000     0.0000     0.0000     0.0000     0.0000     0.0000     0.0000     0.0000     0.0000     0.0000     0.0000     0.0000     0.0000     0.0000     0.0000     0.0000     0.0000     0.0000 
Load imbalance             0.0001     0.0000     0.0000     0.0000     0.0000     0.0000     0.0000     0.0000     0.0000     0.0000     0.0001     0.0000     0.0000     0.0000     0.0000     0.0000     0.0001     0.0001 
Execution time             0.0075     0.0075     0.0075     0.0075     0.0075     0.0075     0.0075     0.0075     0.0075     0.0075     0.0059     0.0075     0.0075     0.0075     0.0075     0.0075     0.0075     0.0075 
User CPU time              0.0006     0.0007     0.0007     0.0007     0.0007     0.0007     0.0007     0.0007     0.0007     0.0007     0.0006     0.0007     0.0007     0.0007     0.0007     0.0007     0.0006     0.0006 
Sys. CPU time              0.0001     0.0001     0.0001     0.0001     0.0001     0.0001     0.0001     0.0001     0.0001     0.0001     0.0001     0.0001     0.0001     0.0001     0.0001     0.0001     0.0000     0.0000 
I/O time                   0.0000     0.0000     0.0000     0.0000     0.0000     0.0000     0.0000     0.0000     0.0000     0.0000     0.0000     0.0000     0.0000     0.0000     0.0000     0.0000     0.0000     0.0000 
Processors                     18         18         18         18         18         18         18         18         18         18         18         18         18         18         18         18         18         18 
           Communication          
Reduction                  0.0003     0.0004     0.0004     0.0004     0.0004     0.0004     0.0004     0.0004     0.0004     0.0004     0.0004     0.0004     0.0004     0.0004     0.0003     0.0003     0.0008     0.0008 
Remote access              0.0002     0.0001     0.0001     0.0001     0.0001     0.0001     0.0001     0.0002     0.0001     0.0002     0.0002     0.0001     0.0002     0.0001     0.0002     0.0002     0.0006     0.0006 
           Synchronization        
I/O                        0.0001     0.0001     0.0001     0.0001     0.0001     0.0001     0.0001     0.0001     0.0001     0.0001     0.0000     0.0001     0.0001     0.0001     0.0000     0.0000     0.0001     0.0001 
Reduction                  0.0001     0.0001     0.0001     0.0001     0.0001     0.0001     0.0000     0.0000     0.0001     0.0000     0.0001     0.0000     0.0000     0.0000     0.0000     0.0000     0.0002     0.0002 
Remote access              0.0000     0.0002     0.0002     0.0002     0.0003     0.0003     0.0002     0.0003     0.0002     0.0002     0.0002     0.0002     0.0002     0.0002     0.0002     0.0002     0.0006     0.0006 
           Variation              
I/O                        0.0001     0.0003     0.0003     0.0003     0.0003     0.0003     0.0003     0.0003     0.0003     0.0003     0.0002     0.0003     0.0003     0.0003     0.0002     0.0002     0.0003     0.0003 
Reduction                  0.0001     0.0001     0.0001     0.0001     0.0001     0.0001     0.0001     0.0001     0.0001     0.0001     0.0000     0.0000     0.0000     0.0000     0.0000     0.0000     0.0000     0.0000 
Remote access              0.0000     0.0002     0.0002     0.0002     0.0002     0.0002     0.0002     0.0002     0.0001     0.0001     0.0001     0.0001     0.0001     0.0001     0.0001     0.0001     0.0001     0.0001 
           Overlap                
Reduction                  0.0000     0.0000     0.0000     0.0000     0.0000     0.0000     0.0000     0.0000     0.0000     0.0000     0.0000     0.0000     0.0000     0.0000     0.0000     0.0000     0.0000     0.0000 
Remote access              0.0000     0.0000     0.0000     0.0000     0.0000     0.0000     0.0000     0.0000     0.0000     0.0000     0.0000     0.0000     0.0000     0.0000     0.0000     0.0000     0.0000     0.0000 


-------------------------------------------------------------------------
Name (number) and performance time of processors
omp.keldysh.ru(1) 0.933981
omp.keldysh.ru(2) 0.933917
omp.keldysh.ru(3) 0.934038
omp.keldysh.ru(4) 0.934017
omp.keldysh.ru(5) 0.951501
omp.keldysh.ru(6) 0.951489
omp.keldysh.ru(7) 0.950307
omp.keldysh.ru(8) 0.950294
omp.keldysh.ru(9) 0.953950
omp.keldysh.ru(10) 0.953946
omp.keldysh.ru(11) 0.952788
omp.keldysh.ru(12) 0.952763
omp.keldysh.ru(13) 0.951607
omp.keldysh.ru(14) 0.951582
omp.keldysh.ru(15) 0.951591
omp.keldysh.ru(16) 0.951907
omp.keldysh.ru(17) 0.950931
omp.keldysh.ru(18) 0.950915
min - omp.keldysh.ru(2) 0.933917; max - omp.keldysh.ru(9) 0.953950; mid - 0.947862
