Processor system=4*1*4
Statistics has been accumulated on DVM-system version 5.0, platform DVM
Analyzer is executing on DVM-system version 5.0, platform DVM
-------------------------------------------------------------------------
INTERVAL ( NLINE=8 SOURCE=sha32.f ) LEVEL=0  EXE_COUNT=1
--- The main characteristics --- 
Parallelization efficiency      0.0499 
Execution time                  0.0088 
Processors                          16
Threads amount                      16
Total time                      0.1415
Productive time                 0.0071 ( CPU= 0.0065 Sys= 0.0006 I/O= 0.0000 )
Lost  time                      0.1345 
   Insufficient parallelism     0.1018 ( User= 0.0931 Sys= 0.0088 )
   Communication                0.0086 ( Real_sync= 0.0000 Starts= 0.0000 )
   Idle time                    0.0241
Load imbalance                  0.0014
Synchronization                 0.0079
Time variation                  0.0093
Overlap                         0.0000
                  Nop   Communic    Synchro  Variation    Overlap 
I/O                 6     0.0000     0.0024     0.0049     0.0000 
Reduction           4     0.0057     0.0014     0.0014     0.0000 
Shadow              4     0.0028     0.0040     0.0030     0.0000 
--- The comparative characteristics --- 
                              Tmin N proc      Tmax N proc      Tmid
Lost time                   0.0083     3     0.0085    13     0.0084 
User insufficient par.      0.0050     1     0.0072     3     0.0058 
Sys.insufficient par.       0.0004    15     0.0007     1     0.0005 
Idle time                   0.0000     3     0.0023    14     0.0015 
Communication               0.0004     6     0.0008    13     0.0005 
Synchronization             0.0001     5     0.0009    14     0.0005 
Variation                   0.0001     1     0.0009    14     0.0006 
Overlap                     0.0000     2     0.0000     9     0.0000 
Load imbalance              0.0000     3     0.0002    13     0.0001 
Execution time              0.0065    14     0.0088     3     0.0073 
User CPU time               0.0003    13     0.0005     3     0.0004 
Sys. CPU time               0.0000    15     0.0000     6     0.0000 
I/O time                    0.0000    12     0.0000     1     0.0000 
Processors                      16     1         16    16         16 
                      Communic          Synchro        Variation          Overlap  
I/O             Tmin    0.0000     1     0.0000     1     0.0000     1     0.0000     1 
I/O             Tmax    0.0000    16     0.0003    14     0.0004    14     0.0000    16 
I/O             Tmid    0.0000           0.0002           0.0003           0.0000       
Reduction       Tmin    0.0003     5     0.0000     9     0.0000     9     0.0000     2 
Reduction       Tmax    0.0005    13     0.0001    14     0.0001    14     0.0000     9 
Reduction       Tmid    0.0004           0.0001           0.0001           0.0000       
Shadow          Tmin    0.0001     1     0.0001     5     0.0000     5     0.0000     2 
Shadow          Tmax    0.0003    13     0.0005    14     0.0003    14     0.0000     9 
Shadow          Tmid    0.0002           0.0003           0.0002           0.0000       
--- The execution characteristics --- 
                                1          2          3          4          5          6          7          8          9         10         11         12         13         14         15         16 
Lost time                  0.0085     0.0083     0.0083     0.0084     0.0083     0.0083     0.0084     0.0084     0.0084     0.0084     0.0084     0.0084     0.0085     0.0085     0.0085     0.0084 
User insufficient par.     0.0050     0.0072     0.0072     0.0061     0.0069     0.0069     0.0051     0.0051     0.0051     0.0058     0.0058     0.0051     0.0050     0.0051     0.0051     0.0065 
Sys.insufficient par.      0.0007     0.0005     0.0005     0.0005     0.0006     0.0006     0.0006     0.0006     0.0006     0.0006     0.0006     0.0006     0.0004     0.0004     0.0004     0.0005 
Idle time                  0.0023     0.0000     0.0000     0.0012     0.0004     0.0004     0.0023     0.0023     0.0023     0.0016     0.0016     0.0023     0.0022     0.0023     0.0022     0.0008 
Communication              0.0005     0.0006     0.0006     0.0005     0.0005     0.0004     0.0004     0.0004     0.0005     0.0004     0.0004     0.0004     0.0008     0.0007     0.0008     0.0007 
Synchronization            0.0001     0.0007     0.0005     0.0006     0.0001     0.0006     0.0004     0.0005     0.0002     0.0006     0.0004     0.0004     0.0005     0.0009     0.0007     0.0007 
Variation                  0.0001     0.0008     0.0007     0.0007     0.0002     0.0007     0.0005     0.0006     0.0003     0.0007     0.0005     0.0006     0.0005     0.0009     0.0007     0.0007 
Overlap                    0.0000     0.0000     0.0000     0.0000     0.0000     0.0000     0.0000     0.0000     0.0000     0.0000     0.0000     0.0000     0.0000     0.0000     0.0000     0.0000 
Load imbalance             0.0001     0.0000     0.0000     0.0001     0.0000     0.0000     0.0001     0.0001     0.0001     0.0001     0.0001     0.0001     0.0002     0.0002     0.0002     0.0001 
Execution time             0.0066     0.0088     0.0088     0.0077     0.0084     0.0084     0.0066     0.0066     0.0066     0.0073     0.0073     0.0066     0.0066     0.0065     0.0066     0.0081 
User CPU time              0.0003     0.0005     0.0005     0.0004     0.0005     0.0005     0.0004     0.0004     0.0004     0.0004     0.0004     0.0004     0.0003     0.0003     0.0003     0.0004 
Sys. CPU time              0.0000     0.0000     0.0000     0.0000     0.0000     0.0000     0.0000     0.0000     0.0000     0.0000     0.0000     0.0000     0.0000     0.0000     0.0000     0.0000 
I/O time                   0.0000     0.0000     0.0000     0.0000     0.0000     0.0000     0.0000     0.0000     0.0000     0.0000     0.0000     0.0000     0.0000     0.0000     0.0000     0.0000 
Processors                     16         16         16         16         16         16         16         16         16         16         16         16         16         16         16         16 
           Communication          
Reduction                  0.0004     0.0004     0.0004     0.0004     0.0003     0.0003     0.0003     0.0003     0.0003     0.0003     0.0003     0.0003     0.0005     0.0004     0.0005     0.0004 
Shadow                     0.0001     0.0002     0.0001     0.0001     0.0002     0.0001     0.0001     0.0001     0.0002     0.0001     0.0001     0.0002     0.0003     0.0003     0.0003     0.0002 
           Synchronization        
I/O                        0.0000     0.0002     0.0002     0.0002     0.0000     0.0002     0.0002     0.0002     0.0000     0.0002     0.0001     0.0002     0.0000     0.0003     0.0002     0.0002 
Reduction                  0.0000     0.0001     0.0001     0.0001     0.0000     0.0001     0.0001     0.0001     0.0000     0.0001     0.0001     0.0001     0.0000     0.0001     0.0001     0.0001 
Shadow                     0.0001     0.0004     0.0003     0.0003     0.0001     0.0002     0.0001     0.0002     0.0001     0.0002     0.0002     0.0002     0.0004     0.0005     0.0005     0.0004 
           Variation              
I/O                        0.0000     0.0004     0.0003     0.0004     0.0002     0.0004     0.0003     0.0003     0.0002     0.0004     0.0003     0.0003     0.0002     0.0004     0.0003     0.0004 
Reduction                  0.0000     0.0001     0.0001     0.0001     0.0000     0.0001     0.0001     0.0001     0.0000     0.0001     0.0001     0.0001     0.0000     0.0001     0.0001     0.0001 
Shadow                     0.0001     0.0003     0.0002     0.0003     0.0000     0.0002     0.0001     0.0002     0.0001     0.0002     0.0001     0.0001     0.0002     0.0003     0.0003     0.0003 
           Overlap                
Reduction                  0.0000     0.0000     0.0000     0.0000     0.0000     0.0000     0.0000     0.0000     0.0000     0.0000     0.0000     0.0000     0.0000     0.0000     0.0000     0.0000 
Shadow                     0.0000     0.0000     0.0000     0.0000     0.0000     0.0000     0.0000     0.0000     0.0000     0.0000     0.0000     0.0000     0.0000     0.0000     0.0000     0.0000 


-------------------------------------------------------------------------
Name (number) and performance time of processors
omp.keldysh.ru(1) 0.933831
omp.keldysh.ru(2) 0.933779
omp.keldysh.ru(3) 0.958768
omp.keldysh.ru(4) 0.958761
omp.keldysh.ru(5) 0.933698
omp.keldysh.ru(6) 0.933654
omp.keldysh.ru(7) 0.956242
omp.keldysh.ru(8) 0.956245
omp.keldysh.ru(9) 0.959354
omp.keldysh.ru(10) 0.959090
omp.keldysh.ru(11) 0.955641
omp.keldysh.ru(12) 0.955632
omp.keldysh.ru(13) 0.958463
omp.keldysh.ru(14) 0.958456
omp.keldysh.ru(15) 0.958400
omp.keldysh.ru(16) 0.958356
min - omp.keldysh.ru(6) 0.933654; max - omp.keldysh.ru(9) 0.959354; mid - 0.951773
