Processor system=4*2*2
Statistics has been accumulated on DVM-system version 5.0, platform DVM
Analyzer is executing on DVM-system version 5.0, platform DVM
-------------------------------------------------------------------------
INTERVAL ( NLINE=9 SOURCE=jac3d.f ) LEVEL=0  EXE_COUNT=1
--- The main characteristics --- 
Parallelization efficiency      0.7004 
Execution time                  7.4746 
Processors                          16
Threads amount                      16
Total time                    119.5935
Productive time                83.7649 ( CPU= 82.4779 Sys= 1.2849 I/O= 0.0020 )
Lost  time                     35.8286 
   Insufficient parallelism    20.0090 ( User= 0.7051 Sys= 19.3039 )
   Communication               15.7607 ( Real_sync= 0.0088 Starts= 0.0000 )
   Idle time                    0.0589
Load imbalance                  3.8954
Synchronization                27.0114
Time variation                 33.5389
Overlap                         0.0009
                  Nop   Communic  Real_sync    Synchro  Variation    Overlap 
I/O               107     0.0000     0.0000    22.2050    22.1828     0.0000 
Reduction         100    12.9247     0.0000     0.0064     0.0062     0.0002 
Shadow            100     2.7036     0.0000     4.8000    11.3499     0.0007 
--- The comparative characteristics --- 
                              Tmin N proc      Tmax N proc      Tmid
Lost time                   1.9959     7     2.8475    14     2.2393 
User insufficient par.      0.0361    14     0.0536    11     0.0441 
Sys.insufficient par.       0.4265     2     1.9342     6     1.2065 
Idle time                   0.0000     6     0.0061    13     0.0037 
Communication               0.0690     8     2.2035    14     0.9850 
Real synchronization        0.0000    10     0.0012    13     0.0006 
Synchronization             0.0290     6     3.5608     1     1.6882 
Variation                   0.0406     6     4.7204     2     2.0962 
Overlap                     0.0000     2     0.0002     5     0.0001 
Load imbalance              0.0000     7     0.8516    14     0.2435 
Execution time              7.4685    13     7.4746     6     7.4709 
User CPU time               4.5870    14     5.3883     2     5.1549 
Sys. CPU time               0.0284     2     0.1289     6     0.0803 
I/O time                    0.0000     6     0.0012     1     0.0001 
Processors                      16     1         16    16         16 
                      Communic        Real_sync          Synchro        Variation          Overlap  
I/O             Tmin    0.0000     1     0.0000     1     0.0105     6     0.0106     6     0.0000     1 
I/O             Tmax    0.0000    16     0.0000    16     3.0412     1     3.0295     4     0.0000    16 
I/O             Tmid    0.0000           0.0000           1.3878           1.3864           0.0000       
Reduction       Tmin    0.0059    12     0.0000     1     0.0002    15     0.0002    15     0.0000     5 
Reduction       Tmax    1.6684    15     0.0000    16     0.0005    10     0.0005     7     0.0001    15 
Reduction       Tmid    0.8078           0.0000           0.0004           0.0004           0.0000       
Shadow          Tmin    0.0196     3     0.0000     1     0.0174    10     0.0295     6     0.0000     1 
Shadow          Tmax    0.5445    14     0.0000    16     0.6125    15     1.6910     2     0.0002     5 
Shadow          Tmid    0.1690           0.0000           0.3000           0.7094           0.0000       
--- The execution characteristics --- 
                                1          2          3          4          5          6          7          8          9         10         11         12         13         14         15         16 
Lost time                  2.0800     2.0578     2.0624     2.0651     2.0514     2.0521     1.9959     2.0438     2.0317     2.0487     2.0069     2.0043     2.8252     2.8475     2.8281     2.8275 
User insufficient par.     0.0446     0.0455     0.0388     0.0476     0.0425     0.0412     0.0530     0.0387     0.0514     0.0427     0.0536     0.0439     0.0432     0.0361     0.0457     0.0366 
Sys.insufficient par.      0.4473     0.4265     0.4310     0.4300     1.9295     1.9342     1.8462     1.9313     1.8957     1.9257     1.8619     1.8819     0.5824     0.6025     0.5784     0.5993 
Idle time                  0.0021     0.0048     0.0059     0.0040     0.0011     0.0000     0.0004     0.0049     0.0011     0.0034     0.0049     0.0049     0.0061     0.0054     0.0061     0.0038 
Communication              1.5861     1.5811     1.5868     1.5835     0.0783     0.0766     0.0963     0.0690     0.0835     0.0768     0.0865     0.0737     2.1934     2.2035     2.1978     2.1878 
Real synchronization       0.0010     0.0010     0.0010     0.0010     0.0000     0.0000     0.0000     0.0000     0.0000     0.0000     0.0000     0.0000     0.0012     0.0012     0.0012     0.0012 
Synchronization            3.5608     3.5509     3.5397     3.5483     0.0376     0.0290     0.1281     0.0420     0.1003     0.0574     0.1179     0.0833     3.0688     3.0354     3.0786     3.0333 
Variation                  4.7110     4.7204     4.7079     4.7169     0.0548     0.0406     0.1734     0.0622     0.1238     0.0890     0.1803     0.1369     3.4920     3.3986     3.5029     3.4282 
Overlap                    0.0000     0.0000     0.0000     0.0000     0.0002     0.0001     0.0000     0.0001     0.0000     0.0001     0.0000     0.0001     0.0000     0.0000     0.0001     0.0001 
Load imbalance             0.0853     0.0620     0.0665     0.0692     0.0555     0.0562     0.0000     0.0479     0.0358     0.0528     0.0110     0.0084     0.8293     0.8516     0.8322     0.8316 
Execution time             7.4725     7.4698     7.4687     7.4706     7.4735     7.4746     7.4742     7.4697     7.4735     7.4712     7.4697     7.4697     7.4685     7.4692     7.4685     7.4707 
User CPU time              5.3647     5.3883     5.3834     5.3808     5.2945     5.2936     5.3556     5.3020     5.3165     5.2976     5.3436     5.3448     4.6105     4.5870     4.6079     4.6071 
Sys. CPU time              0.0286     0.0284     0.0287     0.0286     0.1286     0.1289     0.1230     0.1287     0.1263     0.1283     0.1241     0.1254     0.0388     0.0401     0.0385     0.0399 
I/O time                   0.0012     0.0001     0.0000     0.0001     0.0000     0.0000     0.0000     0.0000     0.0001     0.0000     0.0001     0.0000     0.0001     0.0000     0.0001     0.0000 
Processors                     16         16         16         16         16         16         16         16         16         16         16         16         16         16         16         16 
           Communication          
Reduction                  1.5518     1.5461     1.5527     1.5489     0.0124     0.0082     0.0201     0.0062     0.0159     0.0170     0.0220     0.0059     1.6623     1.6409     1.6684     1.6460 
Shadow                     0.0199     0.0207     0.0196     0.0203     0.0655     0.0682     0.0760     0.0625     0.0672     0.0597     0.0640     0.0674     0.5127     0.5445     0.5116     0.5237 
           Real synchronization   
           Synchronization        
I/O                        3.0412     3.0293     3.0228     3.0300     0.0164     0.0105     0.0524     0.0234     0.0476     0.0394     0.0626     0.0492     2.4622     2.4232     2.4659     2.4286 
Reduction                  0.0004     0.0004     0.0003     0.0003     0.0005     0.0005     0.0005     0.0005     0.0005     0.0005     0.0005     0.0004     0.0003     0.0002     0.0002     0.0002 
Shadow                     0.5192     0.5212     0.5166     0.5180     0.0207     0.0179     0.0751     0.0180     0.0521     0.0174     0.0548     0.0338     0.6064     0.6119     0.6125     0.6045 
           Variation              
I/O                        3.0219     3.0290     3.0227     3.0295     0.0164     0.0106     0.0524     0.0234     0.0472     0.0394     0.0622     0.0490     2.4619     2.4231     2.4656     2.4285 
Reduction                  0.0004     0.0004     0.0003     0.0003     0.0005     0.0005     0.0005     0.0005     0.0005     0.0005     0.0005     0.0003     0.0003     0.0003     0.0002     0.0002 
Shadow                     1.6887     1.6910     1.6849     1.6872     0.0379     0.0295     0.1206     0.0382     0.0760     0.0491     0.1176     0.0875     1.0298     0.9753     1.0371     0.9994 
           Overlap                
Reduction                  0.0000     0.0000     0.0000     0.0000     0.0000     0.0000     0.0000     0.0000     0.0000     0.0000     0.0000     0.0000     0.0000     0.0000     0.0001     0.0001 
Shadow                     0.0000     0.0000     0.0000     0.0000     0.0002     0.0001     0.0000     0.0001     0.0000     0.0001     0.0000     0.0001     0.0000     0.0000     0.0000     0.0000 


-------------------------------------------------------------------------
Name (number) and performance time of processors
omp.keldysh.ru(1) 0.935431
omp.keldysh.ru(2) 0.935357
omp.keldysh.ru(3) 0.957867
omp.keldysh.ru(4) 0.958067
omp.keldysh.ru(5) 0.953926
omp.keldysh.ru(6) 0.953911
omp.keldysh.ru(7) 0.953812
omp.keldysh.ru(8) 0.953832
omp.keldysh.ru(9) 0.955026
omp.keldysh.ru(10) 0.955310
omp.keldysh.ru(11) 0.953990
omp.keldysh.ru(12) 0.953985
omp.keldysh.ru(13) 0.957382
omp.keldysh.ru(14) 0.957341
omp.keldysh.ru(15) 0.935446
omp.keldysh.ru(16) 0.935445
min - omp.keldysh.ru(2) 0.935357; max - omp.keldysh.ru(4) 0.958067; mid - 0.950383
