Processor system=1*3*6*1
Statistics has been accumulated on DVM-system version 5.0, platform DVM
Analyzer is executing on DVM-system version 5.0, platform DVM
-------------------------------------------------------------------------
INTERVAL ( NLINE=5 SOURCE=prf41.f ) LEVEL=0  EXE_COUNT=2
--- The main characteristics --- 
Parallelization efficiency      0.0440 
Execution time                  0.0418 
Processors                          18
Threads amount                      18
Total time                      0.7531
Productive time                 0.0331 ( CPU= 0.0094 Sys= 0.0236 I/O= 0.0000 )
Lost  time                      0.7200 
   Insufficient parallelism     0.5212 ( User= 0.1188 Sys= 0.4024 )
   Communication                0.1632 ( Real_sync= 0.0000 Starts= 0.0000 )
   Idle time                    0.0356
Load imbalance                  0.0031
Synchronization                 0.2430
Time variation                  0.1940
Overlap                         0.1384
                  Nop   Communic    Synchro  Variation    Overlap 
I/O                12     0.0000     0.0318     0.0347     0.0000 
Reduction          22     0.0521     0.0008     0.0008     0.0000 
Remote access     180     0.1111     0.2104     0.1585     0.1384 
--- The comparative characteristics --- 
                              Tmin N proc      Tmax N proc      Tmid
Lost time                   0.0398     9     0.0404    17     0.0400 
User insufficient par.      0.0058    18     0.0087     4     0.0066 
Sys.insufficient par.       0.0143    17     0.0249    12     0.0224 
Idle time                   0.0000     4     0.0027    10     0.0020 
Communication               0.0064    12     0.0179    17     0.0091 
Synchronization             0.0033    12     0.0243    17     0.0135 
Variation                   0.0016    15     0.0225    17     0.0108 
Overlap                     0.0047    17     0.0123    12     0.0077 
Load imbalance              0.0000     9     0.0006    17     0.0002 
Execution time              0.0392    10     0.0418     4     0.0399 
User CPU time               0.0005     6     0.0006     9     0.0005 
Sys. CPU time               0.0008    17     0.0015    12     0.0013 
I/O time                    0.0000     6     0.0000     1     0.0000 
Processors                      18     1         18    18         18 
                      Communic          Synchro        Variation          Overlap  
I/O             Tmin    0.0000     1     0.0001    16     0.0003    16     0.0000     1 
I/O             Tmax    0.0000    18     0.0037    17     0.0038    17     0.0000    18 
I/O             Tmid    0.0000           0.0018           0.0019           0.0000       
Reduction       Tmin    0.0006    15     0.0000    12     0.0000    12     0.0000     1 
Reduction       Tmax    0.0071    17     0.0000    18     0.0001    18     0.0000    15 
Reduction       Tmid    0.0029           0.0000           0.0000           0.0000       
Remote access   Tmin    0.0050     9     0.0030    12     0.0012    15     0.0047    17 
Remote access   Tmax    0.0108    17     0.0206    17     0.0186    17     0.0123    12 
Remote access   Tmid    0.0062           0.0117           0.0088           0.0077       
--- The execution characteristics --- 
                                1          2          3          4          5          6          7          8          9         10         11         12         13         14         15         16         17         18 
Lost time                  0.0400     0.0400     0.0400     0.0399     0.0400     0.0400     0.0399     0.0400     0.0398     0.0400     0.0400     0.0398     0.0399     0.0400     0.0398     0.0400     0.0404     0.0404 
User insufficient par.     0.0060     0.0067     0.0067     0.0087     0.0071     0.0059     0.0072     0.0062     0.0075     0.0061     0.0061     0.0058     0.0076     0.0058     0.0059     0.0059     0.0079     0.0058 
Sys.insufficient par.      0.0229     0.0226     0.0229     0.0226     0.0225     0.0241     0.0227     0.0227     0.0231     0.0227     0.0225     0.0249     0.0236     0.0236     0.0247     0.0237     0.0143     0.0162 
Idle time                  0.0026     0.0019     0.0020     0.0000     0.0015     0.0026     0.0016     0.0026     0.0012     0.0027     0.0026     0.0027     0.0008     0.0026     0.0026     0.0026     0.0004     0.0026 
Communication              0.0085     0.0087     0.0084     0.0086     0.0089     0.0074     0.0085     0.0085     0.0081     0.0085     0.0088     0.0064     0.0079     0.0079     0.0066     0.0077     0.0179     0.0158 
Synchronization            0.0168     0.0180     0.0171     0.0178     0.0184     0.0048     0.0172     0.0171     0.0160     0.0168     0.0171     0.0033     0.0044     0.0059     0.0036     0.0046     0.0243     0.0198 
Variation                  0.0130     0.0142     0.0136     0.0141     0.0145     0.0035     0.0137     0.0135     0.0126     0.0131     0.0133     0.0022     0.0023     0.0035     0.0016     0.0022     0.0225     0.0206 
Overlap                    0.0063     0.0054     0.0056     0.0054     0.0055     0.0119     0.0055     0.0055     0.0057     0.0055     0.0055     0.0123     0.0121     0.0112     0.0118     0.0118     0.0047     0.0065 
Load imbalance             0.0002     0.0002     0.0001     0.0001     0.0002     0.0001     0.0001     0.0002     0.0000     0.0002     0.0002     0.0000     0.0000     0.0001     0.0000     0.0001     0.0006     0.0006 
Execution time             0.0392     0.0399     0.0399     0.0418     0.0403     0.0392     0.0403     0.0392     0.0407     0.0392     0.0392     0.0392     0.0411     0.0392     0.0392     0.0392     0.0414     0.0392 
User CPU time              0.0005     0.0005     0.0005     0.0006     0.0005     0.0005     0.0006     0.0005     0.0006     0.0005     0.0005     0.0005     0.0006     0.0005     0.0005     0.0005     0.0006     0.0005 
Sys. CPU time              0.0013     0.0013     0.0013     0.0013     0.0013     0.0014     0.0013     0.0013     0.0014     0.0013     0.0013     0.0015     0.0014     0.0014     0.0015     0.0014     0.0008     0.0010 
I/O time                   0.0000     0.0000     0.0000     0.0000     0.0000     0.0000     0.0000     0.0000     0.0000     0.0000     0.0000     0.0000     0.0000     0.0000     0.0000     0.0000     0.0000     0.0000 
Processors                     18         18         18         18         18         18         18         18         18         18         18         18         18         18         18         18         18         18 
           Communication          
Reduction                  0.0026     0.0034     0.0033     0.0036     0.0033     0.0013     0.0033     0.0033     0.0030     0.0032     0.0031     0.0008     0.0012     0.0013     0.0006     0.0010     0.0071     0.0067 
Remote access              0.0059     0.0053     0.0052     0.0051     0.0056     0.0061     0.0052     0.0053     0.0050     0.0052     0.0056     0.0056     0.0068     0.0066     0.0060     0.0067     0.0108     0.0091 
           Synchronization        
I/O                        0.0023     0.0023     0.0023     0.0023     0.0025     0.0005     0.0023     0.0023     0.0022     0.0022     0.0023     0.0003     0.0001     0.0004     0.0002     0.0001     0.0037     0.0036 
Reduction                  0.0000     0.0000     0.0000     0.0000     0.0000     0.0000     0.0000     0.0000     0.0000     0.0000     0.0000     0.0000     0.0000     0.0000     0.0000     0.0000     0.0000     0.0000 
Remote access              0.0145     0.0156     0.0148     0.0155     0.0158     0.0043     0.0149     0.0148     0.0138     0.0146     0.0147     0.0030     0.0042     0.0054     0.0034     0.0045     0.0206     0.0161 
           Variation              
I/O                        0.0022     0.0025     0.0025     0.0024     0.0027     0.0006     0.0024     0.0024     0.0023     0.0024     0.0025     0.0005     0.0003     0.0006     0.0004     0.0003     0.0038     0.0038 
Reduction                  0.0000     0.0001     0.0001     0.0000     0.0000     0.0000     0.0000     0.0000     0.0000     0.0000     0.0000     0.0000     0.0000     0.0000     0.0000     0.0000     0.0000     0.0001 
Remote access              0.0108     0.0117     0.0111     0.0116     0.0118     0.0028     0.0112     0.0110     0.0102     0.0107     0.0107     0.0017     0.0019     0.0029     0.0012     0.0018     0.0186     0.0168 
           Overlap                
Reduction                  0.0000     0.0000     0.0000     0.0000     0.0000     0.0000     0.0000     0.0000     0.0000     0.0000     0.0000     0.0000     0.0000     0.0000     0.0000     0.0000     0.0000     0.0000 
Remote access              0.0063     0.0054     0.0056     0.0054     0.0055     0.0119     0.0055     0.0055     0.0057     0.0055     0.0055     0.0123     0.0121     0.0112     0.0118     0.0118     0.0047     0.0065 


-------------------------------------------------------------------------
Name (number) and performance time of processors
omp.keldysh.ru(1) 0.935485
omp.keldysh.ru(2) 0.935418
omp.keldysh.ru(3) 0.958260
omp.keldysh.ru(4) 0.958466
omp.keldysh.ru(5) 0.954411
omp.keldysh.ru(6) 0.954411
omp.keldysh.ru(7) 0.955325
omp.keldysh.ru(8) 0.955326
omp.keldysh.ru(9) 0.955709
omp.keldysh.ru(10) 0.956104
omp.keldysh.ru(11) 0.956877
omp.keldysh.ru(12) 0.956874
omp.keldysh.ru(13) 0.935580
omp.keldysh.ru(14) 0.935582
omp.keldysh.ru(15) 0.957285
omp.keldysh.ru(16) 0.957303
omp.keldysh.ru(17) 0.954081
omp.keldysh.ru(18) 0.954047
min - omp.keldysh.ru(2) 0.935418; max - omp.keldysh.ru(4) 0.958466; mid - 0.951475
