Processor system=1*3*3*2
Statistics has been accumulated on DVM-system version 5.0, platform DVM
Analyzer is executing on DVM-system version 5.0, platform DVM
-------------------------------------------------------------------------
INTERVAL ( NLINE=8 SOURCE=red41.f ) LEVEL=0  EXE_COUNT=2
--- The main characteristics --- 
Parallelization efficiency      0.0709 
Execution time                  0.0122 
Processors                          18
Threads amount                      18
Total time                      0.2194
Productive time                 0.0155 ( CPU= 0.0145 Sys= 0.0010 I/O= 0.0000 )
Lost  time                      0.2039 
   Insufficient parallelism     0.1582 ( User= 0.1407 Sys= 0.0175 )
   Communication                0.0117 ( Real_sync= 0.0000 Starts= 0.0000 )
   Idle time                    0.0340
Load imbalance                  0.0022
Synchronization                 0.0080
Time variation                  0.0086
Overlap                         0.0000
                  Nop   Communic    Synchro  Variation    Overlap 
I/O                17     0.0000     0.0013     0.0047     0.0000 
Reduction          15     0.0084     0.0015     0.0011     0.0000 
Remote access      37     0.0034     0.0052     0.0029     0.0000 
--- The comparative characteristics --- 
                              Tmin N proc      Tmax N proc      Tmid
Lost time                   0.0112    12     0.0114    18     0.0113 
User insufficient par.      0.0066    18     0.0093    12     0.0078 
Sys.insufficient par.       0.0007    17     0.0012     1     0.0010 
Idle time                   0.0000    17     0.0027    10     0.0019 
Communication               0.0005    13     0.0016    17     0.0007 
Synchronization             0.0003     1     0.0010    17     0.0004 
Variation                   0.0003     1     0.0006     2     0.0005 
Overlap                     0.0000     3     0.0000     2     0.0000 
Load imbalance              0.0000    12     0.0002    18     0.0001 
Execution time              0.0095     1     0.0122    17     0.0103 
User CPU time               0.0007    18     0.0009    12     0.0008 
Sys. CPU time               0.0000    17     0.0001    13     0.0001 
I/O time                    0.0000    11     0.0000     1     0.0000 
Processors                      18     1         18    18         18 
                      Communic          Synchro        Variation          Overlap  
I/O             Tmin    0.0000     1     0.0000    10     0.0001     1     0.0000     1 
I/O             Tmax    0.0000    18     0.0001     2     0.0003     2     0.0000    18 
I/O             Tmid    0.0000           0.0001           0.0003           0.0000       
Reduction       Tmin    0.0003    13     0.0000    15     0.0000    10     0.0000     1 
Reduction       Tmax    0.0009    17     0.0002    17     0.0001     1     0.0000     2 
Reduction       Tmid    0.0005           0.0001           0.0001           0.0000       
Remote access   Tmin    0.0001     4     0.0001     1     0.0001     1     0.0000     2 
Remote access   Tmax    0.0007    17     0.0008    17     0.0002     2     0.0000     1 
Remote access   Tmid    0.0002           0.0003           0.0002           0.0000       
--- The execution characteristics --- 
                                1          2          3          4          5          6          7          8          9         10         11         12         13         14         15         16         17         18 
Lost time                  0.0114     0.0113     0.0113     0.0114     0.0114     0.0113     0.0113     0.0113     0.0114     0.0114     0.0113     0.0112     0.0113     0.0113     0.0113     0.0113     0.0113     0.0114 
User insufficient par.     0.0069     0.0078     0.0078     0.0072     0.0072     0.0082     0.0082     0.0086     0.0072     0.0071     0.0072     0.0093     0.0090     0.0090     0.0072     0.0072     0.0090     0.0066 
Sys.insufficient par.      0.0012     0.0010     0.0010     0.0010     0.0010     0.0010     0.0010     0.0010     0.0010     0.0009     0.0010     0.0010     0.0010     0.0010     0.0010     0.0010     0.0007     0.0009 
Idle time                  0.0027     0.0019     0.0019     0.0027     0.0027     0.0015     0.0015     0.0012     0.0026     0.0027     0.0026     0.0004     0.0008     0.0008     0.0026     0.0026     0.0000     0.0026 
Communication              0.0006     0.0006     0.0006     0.0006     0.0006     0.0006     0.0006     0.0005     0.0006     0.0006     0.0005     0.0005     0.0005     0.0005     0.0005     0.0005     0.0016     0.0013 
Synchronization            0.0003     0.0005     0.0005     0.0005     0.0004     0.0004     0.0004     0.0004     0.0005     0.0004     0.0003     0.0004     0.0003     0.0003     0.0003     0.0003     0.0010     0.0008 
Variation                  0.0003     0.0006     0.0006     0.0006     0.0006     0.0006     0.0006     0.0005     0.0005     0.0004     0.0004     0.0005     0.0004     0.0004     0.0004     0.0004     0.0005     0.0004 
Overlap                    0.0000     0.0000     0.0000     0.0000     0.0000     0.0000     0.0000     0.0000     0.0000     0.0000     0.0000     0.0000     0.0000     0.0000     0.0000     0.0000     0.0000     0.0000 
Load imbalance             0.0002     0.0001     0.0001     0.0002     0.0002     0.0001     0.0001     0.0001     0.0001     0.0002     0.0001     0.0000     0.0000     0.0000     0.0001     0.0001     0.0001     0.0002 
Execution time             0.0095     0.0102     0.0103     0.0095     0.0095     0.0106     0.0106     0.0110     0.0096     0.0095     0.0096     0.0118     0.0114     0.0114     0.0095     0.0096     0.0122     0.0096 
User CPU time              0.0007     0.0008     0.0008     0.0008     0.0008     0.0008     0.0008     0.0009     0.0008     0.0008     0.0008     0.0009     0.0009     0.0009     0.0008     0.0008     0.0008     0.0007 
Sys. CPU time              0.0001     0.0001     0.0001     0.0001     0.0001     0.0001     0.0001     0.0001     0.0001     0.0001     0.0001     0.0001     0.0001     0.0001     0.0001     0.0001     0.0000     0.0001 
I/O time                   0.0000     0.0000     0.0000     0.0000     0.0000     0.0000     0.0000     0.0000     0.0000     0.0000     0.0000     0.0000     0.0000     0.0000     0.0000     0.0000     0.0000     0.0000 
Processors                     18         18         18         18         18         18         18         18         18         18         18         18         18         18         18         18         18         18 
           Communication          
Reduction                  0.0004     0.0005     0.0005     0.0004     0.0005     0.0005     0.0004     0.0004     0.0005     0.0005     0.0004     0.0004     0.0003     0.0003     0.0004     0.0004     0.0009     0.0008 
Remote access              0.0002     0.0001     0.0001     0.0001     0.0001     0.0001     0.0001     0.0001     0.0002     0.0002     0.0001     0.0001     0.0001     0.0001     0.0001     0.0001     0.0007     0.0005 
           Synchronization        
I/O                        0.0001     0.0001     0.0001     0.0001     0.0001     0.0001     0.0001     0.0001     0.0001     0.0000     0.0001     0.0001     0.0000     0.0001     0.0000     0.0000     0.0001     0.0001 
Reduction                  0.0001     0.0001     0.0001     0.0001     0.0001     0.0001     0.0001     0.0001     0.0001     0.0001     0.0001     0.0001     0.0000     0.0001     0.0000     0.0000     0.0002     0.0002 
Remote access              0.0001     0.0003     0.0003     0.0003     0.0003     0.0003     0.0003     0.0003     0.0003     0.0003     0.0002     0.0002     0.0002     0.0002     0.0002     0.0002     0.0008     0.0005 
           Variation              
I/O                        0.0001     0.0003     0.0003     0.0003     0.0003     0.0003     0.0003     0.0003     0.0003     0.0002     0.0003     0.0003     0.0002     0.0003     0.0002     0.0002     0.0003     0.0003 
Reduction                  0.0001     0.0001     0.0001     0.0001     0.0001     0.0001     0.0001     0.0001     0.0001     0.0000     0.0001     0.0001     0.0001     0.0000     0.0000     0.0000     0.0000     0.0000 
Remote access              0.0001     0.0002     0.0002     0.0002     0.0002     0.0002     0.0002     0.0002     0.0002     0.0001     0.0001     0.0001     0.0001     0.0001     0.0001     0.0001     0.0002     0.0001 
           Overlap                
Reduction                  0.0000     0.0000     0.0000     0.0000     0.0000     0.0000     0.0000     0.0000     0.0000     0.0000     0.0000     0.0000     0.0000     0.0000     0.0000     0.0000     0.0000     0.0000 
Remote access              0.0000     0.0000     0.0000     0.0000     0.0000     0.0000     0.0000     0.0000     0.0000     0.0000     0.0000     0.0000     0.0000     0.0000     0.0000     0.0000     0.0000     0.0000 


-------------------------------------------------------------------------
Name (number) and performance time of processors
omp.keldysh.ru(1) 0.933829
omp.keldysh.ru(2) 0.933756
omp.keldysh.ru(3) 0.952263
omp.keldysh.ru(4) 0.952269
omp.keldysh.ru(5) 0.951612
omp.keldysh.ru(6) 0.951590
omp.keldysh.ru(7) 0.956651
omp.keldysh.ru(8) 0.956663
omp.keldysh.ru(9) 0.957598
omp.keldysh.ru(10) 0.957330
omp.keldysh.ru(11) 0.957524
omp.keldysh.ru(12) 0.957519
omp.keldysh.ru(13) 0.955390
omp.keldysh.ru(14) 0.955378
omp.keldysh.ru(15) 0.953305
omp.keldysh.ru(16) 0.953350
omp.keldysh.ru(17) 0.953352
omp.keldysh.ru(18) 0.953336
min - omp.keldysh.ru(2) 0.933756; max - omp.keldysh.ru(9) 0.957598; mid - 0.952373
