Processor system=1*1*3*6
Statistics has been accumulated on DVM-system version 5.0, platform DVM
Analyzer is executing on DVM-system version 5.0, platform DVM
-------------------------------------------------------------------------
INTERVAL ( NLINE=8 SOURCE=sha42.f ) LEVEL=0  EXE_COUNT=2
--- The main characteristics --- 
Parallelization efficiency      0.0476 
Execution time                  0.0217 
Processors                          18
Threads amount                      18
Total time                      0.3906
Productive time                 0.0186 ( CPU= 0.0179 Sys= 0.0007 I/O= 0.0000 )
Lost  time                      0.3720 
   Insufficient parallelism     0.3164 ( User= 0.3042 Sys= 0.0122 )
   Communication                0.0095 ( Real_sync= 0.0000 Starts= 0.0000 )
   Idle time                    0.0461
Load imbalance                  0.0028
Synchronization                 0.1106
Time variation                  0.1136
Overlap                         0.0170
                  Nop   Communic    Synchro  Variation    Overlap 
I/O                 6     0.0000     0.0472     0.0502     0.0000 
Reduction           5     0.0095     0.0318     0.0318     0.0000 
Shadow              5     0.0000     0.0316     0.0316     0.0170 
--- The comparative characteristics --- 
                              Tmin N proc      Tmax N proc      Tmid
Lost time                   0.0205     2     0.0211    17     0.0207 
User insufficient par.      0.0105    17     0.0195     2     0.0169 
Sys.insufficient par.       0.0006    17     0.0010     1     0.0007 
Idle time                   0.0000     2     0.0082    17     0.0026 
Communication               0.0003    16     0.0018    17     0.0005 
Synchronization             0.0002    15     0.0312    17     0.0061 
Variation                   0.0004    15     0.0314    17     0.0063 
Overlap                     0.0000    17     0.0016    15     0.0009 
Load imbalance              0.0000     2     0.0005    17     0.0002 
Execution time              0.0135    17     0.0217     2     0.0191 
User CPU time               0.0006    17     0.0011     2     0.0010 
Sys. CPU time               0.0000    17     0.0000    13     0.0000 
I/O time                    0.0000    16     0.0000     1     0.0000 
Processors                      18     1         18    18         18 
                      Communic          Synchro        Variation          Overlap  
I/O             Tmin    0.0000     1     0.0000    15     0.0002    15     0.0000     1 
I/O             Tmax    0.0000    18     0.0133    17     0.0134    17     0.0000    18 
I/O             Tmid    0.0000           0.0026           0.0028           0.0000       
Reduction       Tmin    0.0003    16     0.0000    15     0.0000    15     0.0000     1 
Reduction       Tmax    0.0018    17     0.0090    17     0.0090    17     0.0000    18 
Reduction       Tmid    0.0005           0.0018           0.0018           0.0000       
Shadow          Tmin    0.0000     1     0.0001    15     0.0001    15     0.0000    17 
Shadow          Tmax    0.0000    18     0.0090    17     0.0090    17     0.0016    15 
Shadow          Tmid    0.0000           0.0018           0.0018           0.0009       
--- The execution characteristics --- 
                                1          2          3          4          5          6          7          8          9         10         11         12         13         14         15         16         17         18 
Lost time                  0.0207     0.0205     0.0207     0.0205     0.0206     0.0206     0.0207     0.0207     0.0206     0.0207     0.0207     0.0207     0.0207     0.0206     0.0206     0.0206     0.0211     0.0210 
User insufficient par.     0.0167     0.0195     0.0170     0.0191     0.0188     0.0187     0.0171     0.0170     0.0179     0.0169     0.0168     0.0170     0.0169     0.0176     0.0177     0.0185     0.0105     0.0105 
Sys.insufficient par.      0.0010     0.0006     0.0007     0.0007     0.0006     0.0006     0.0006     0.0007     0.0007     0.0006     0.0007     0.0006     0.0007     0.0007     0.0007     0.0006     0.0006     0.0006 
Idle time                  0.0027     0.0000     0.0026     0.0004     0.0008     0.0008     0.0026     0.0026     0.0016     0.0027     0.0026     0.0026     0.0027     0.0019     0.0019     0.0012     0.0082     0.0082 
Communication              0.0003     0.0003     0.0003     0.0003     0.0004     0.0004     0.0004     0.0004     0.0005     0.0005     0.0005     0.0005     0.0004     0.0003     0.0003     0.0003     0.0018     0.0017 
Synchronization            0.0101     0.0044     0.0014     0.0006     0.0006     0.0007     0.0018     0.0023     0.0042     0.0072     0.0029     0.0029     0.0044     0.0050     0.0002     0.0003     0.0312     0.0304 
Variation                  0.0100     0.0046     0.0015     0.0008     0.0008     0.0009     0.0020     0.0025     0.0044     0.0074     0.0031     0.0031     0.0046     0.0052     0.0004     0.0005     0.0314     0.0306 
Overlap                    0.0003     0.0008     0.0013     0.0015     0.0015     0.0015     0.0012     0.0011     0.0008     0.0006     0.0009     0.0010     0.0007     0.0006     0.0016     0.0016     0.0000     0.0000 
Load imbalance             0.0002     0.0000     0.0001     0.0000     0.0000     0.0000     0.0001     0.0001     0.0001     0.0002     0.0002     0.0002     0.0002     0.0001     0.0001     0.0001     0.0005     0.0005 
Execution time             0.0190     0.0217     0.0191     0.0213     0.0209     0.0209     0.0191     0.0191     0.0201     0.0190     0.0191     0.0191     0.0190     0.0198     0.0198     0.0205     0.0135     0.0135 
User CPU time              0.0010     0.0011     0.0010     0.0011     0.0011     0.0011     0.0010     0.0010     0.0011     0.0010     0.0010     0.0010     0.0010     0.0010     0.0010     0.0011     0.0006     0.0006 
Sys. CPU time              0.0000     0.0000     0.0000     0.0000     0.0000     0.0000     0.0000     0.0000     0.0000     0.0000     0.0000     0.0000     0.0000     0.0000     0.0000     0.0000     0.0000     0.0000 
I/O time                   0.0000     0.0000     0.0000     0.0000     0.0000     0.0000     0.0000     0.0000     0.0000     0.0000     0.0000     0.0000     0.0000     0.0000     0.0000     0.0000     0.0000     0.0000 
Processors                     18         18         18         18         18         18         18         18         18         18         18         18         18         18         18         18         18         18 
           Communication          
Reduction                  0.0003     0.0003     0.0003     0.0003     0.0004     0.0004     0.0004     0.0004     0.0005     0.0005     0.0005     0.0005     0.0004     0.0003     0.0003     0.0003     0.0018     0.0017 
           Synchronization        
I/O                        0.0045     0.0021     0.0005     0.0003     0.0002     0.0002     0.0007     0.0009     0.0019     0.0032     0.0012     0.0012     0.0019     0.0021     0.0000     0.0001     0.0133     0.0129 
Reduction                  0.0031     0.0013     0.0003     0.0002     0.0001     0.0001     0.0005     0.0006     0.0012     0.0020     0.0008     0.0008     0.0013     0.0015     0.0000     0.0001     0.0090     0.0088 
Shadow                     0.0025     0.0010     0.0005     0.0002     0.0003     0.0003     0.0006     0.0008     0.0011     0.0019     0.0009     0.0009     0.0012     0.0014     0.0001     0.0001     0.0090     0.0087 
           Variation              
I/O                        0.0044     0.0022     0.0007     0.0004     0.0004     0.0004     0.0009     0.0010     0.0021     0.0034     0.0014     0.0014     0.0021     0.0023     0.0002     0.0003     0.0134     0.0131 
Reduction                  0.0031     0.0013     0.0003     0.0002     0.0001     0.0001     0.0005     0.0006     0.0012     0.0020     0.0008     0.0008     0.0013     0.0015     0.0000     0.0001     0.0090     0.0088 
Shadow                     0.0025     0.0010     0.0005     0.0002     0.0003     0.0003     0.0006     0.0008     0.0011     0.0019     0.0009     0.0009     0.0012     0.0014     0.0001     0.0001     0.0090     0.0087 
           Overlap                
Shadow                     0.0003     0.0008     0.0013     0.0015     0.0015     0.0015     0.0012     0.0011     0.0008     0.0006     0.0009     0.0010     0.0007     0.0006     0.0016     0.0016     0.0000     0.0000 


-------------------------------------------------------------------------
Name (number) and performance time of processors
omp.keldysh.ru(1) 0.935460
omp.keldysh.ru(2) 0.935367
omp.keldysh.ru(3) 0.954436
omp.keldysh.ru(4) 0.954399
omp.keldysh.ru(5) 0.953290
omp.keldysh.ru(6) 0.953241
omp.keldysh.ru(7) 0.950960
omp.keldysh.ru(8) 0.950944
omp.keldysh.ru(9) 0.935439
omp.keldysh.ru(10) 0.935361
omp.keldysh.ru(11) 0.956515
omp.keldysh.ru(12) 0.956503
omp.keldysh.ru(13) 0.952069
omp.keldysh.ru(14) 0.952052
omp.keldysh.ru(15) 0.952140
omp.keldysh.ru(16) 0.952143
omp.keldysh.ru(17) 0.952220
omp.keldysh.ru(18) 0.952493
min - omp.keldysh.ru(10) 0.935361; max - omp.keldysh.ru(11) 0.956515; mid - 0.949169
