Processor system=1*1*3*6
Statistics has been accumulated on DVM-system version 5.0, platform DVM
Analyzer is executing on DVM-system version 5.0, platform DVM
-------------------------------------------------------------------------
INTERVAL ( NLINE=5 SOURCE=realign44.f ) LEVEL=0  EXE_COUNT=2
--- The main characteristics --- 
Parallelization efficiency      0.0746 
Execution time                  0.0055 
Processors                          18
Threads amount                      18
Total time                      0.0994
Productive time                 0.0074 ( CPU= 0.0070 Sys= 0.0004 I/O= 0.0000 )
Lost  time                      0.0920 
   Insufficient parallelism     0.0824 ( User= 0.0756 Sys= 0.0068 )
   Communication                0.0093 ( Real_sync= 0.0000 Starts= 0.0000 )
   Idle time                    0.0003
Load imbalance                  0.0008
Synchronization                 0.0057
Time variation                  0.0097
Overlap                         0.0000
                  Nop   Communic    Synchro  Variation    Overlap 
I/O                 6     0.0000     0.0008     0.0038     0.0000 
Reduction           5     0.0085     0.0001     0.0001     0.0000 
Redistribution      5     0.0008     0.0048     0.0059     0.0000 
--- The comparative characteristics --- 
                              Tmin N proc      Tmax N proc      Tmid
Lost time                   0.0051     2     0.0052    18     0.0051 
User insufficient par.      0.0041    18     0.0043     3     0.0042 
Sys.insufficient par.       0.0003    17     0.0005     1     0.0004 
Idle time                   0.0000     2     0.0001     1     0.0000 
Communication               0.0004     8     0.0008    17     0.0005 
Synchronization             0.0002     1     0.0005    17     0.0003 
Variation                   0.0003     1     0.0008    17     0.0005 
Overlap                     0.0000    11     0.0000    16     0.0000 
Load imbalance              0.0000     2     0.0001    18     0.0000 
Execution time              0.0055     1     0.0055     2     0.0055 
User CPU time               0.0003    18     0.0004     2     0.0004 
Sys. CPU time               0.0000    17     0.0000     8     0.0000 
I/O time                    0.0000    10     0.0000     1     0.0000 
Processors                      18     1         18    18         18 
                      Communic          Synchro        Variation          Overlap  
I/O             Tmin    0.0000     1     0.0000     6     0.0000     1     0.0000     1 
I/O             Tmax    0.0000    18     0.0001    17     0.0002    17     0.0000    18 
I/O             Tmid    0.0000           0.0000           0.0002           0.0000       
Reduction       Tmin    0.0002     3     0.0000    16     0.0000    10     0.0000    11 
Reduction       Tmax    0.0008    17     0.0000    17     0.0000    17     0.0000    16 
Reduction       Tmid    0.0005           0.0000           0.0000           0.0000       
Redistribution  Tmin    0.0000    11     0.0001     1     0.0001     3     0.0000     1 
Redistribution  Tmax    0.0002     3     0.0004    17     0.0006    17     0.0000    18 
Redistribution  Tmid    0.0000           0.0003           0.0003           0.0000       
--- The execution characteristics --- 
                                1          2          3          4          5          6          7          8          9         10         11         12         13         14         15         16         17         18 
Lost time                  0.0051     0.0051     0.0051     0.0051     0.0051     0.0051     0.0051     0.0051     0.0051     0.0051     0.0051     0.0051     0.0051     0.0051     0.0051     0.0051     0.0052     0.0052 
User insufficient par.     0.0042     0.0042     0.0043     0.0043     0.0042     0.0042     0.0043     0.0043     0.0042     0.0042     0.0042     0.0042     0.0042     0.0042     0.0042     0.0042     0.0041     0.0041 
Sys.insufficient par.      0.0005     0.0004     0.0004     0.0004     0.0004     0.0003     0.0004     0.0004     0.0004     0.0004     0.0003     0.0004     0.0004     0.0004     0.0004     0.0004     0.0003     0.0003 
Idle time                  0.0001     0.0000     0.0000     0.0000     0.0000     0.0000     0.0000     0.0000     0.0000     0.0000     0.0000     0.0000     0.0000     0.0000     0.0000     0.0000     0.0000     0.0000 
Communication              0.0004     0.0004     0.0004     0.0004     0.0005     0.0005     0.0005     0.0004     0.0004     0.0005     0.0006     0.0006     0.0005     0.0005     0.0005     0.0006     0.0008     0.0007 
Synchronization            0.0002     0.0003     0.0003     0.0003     0.0003     0.0003     0.0003     0.0003     0.0003     0.0003     0.0003     0.0004     0.0003     0.0003     0.0003     0.0003     0.0005     0.0005 
Variation                  0.0003     0.0004     0.0003     0.0005     0.0006     0.0005     0.0005     0.0004     0.0004     0.0006     0.0007     0.0007     0.0006     0.0005     0.0006     0.0006     0.0008     0.0008 
Overlap                    0.0000     0.0000     0.0000     0.0000     0.0000     0.0000     0.0000     0.0000     0.0000     0.0000     0.0000     0.0000     0.0000     0.0000     0.0000     0.0000     0.0000     0.0000 
Load imbalance             0.0001     0.0000     0.0000     0.0000     0.0001     0.0000     0.0000     0.0000     0.0000     0.0000     0.0001     0.0001     0.0001     0.0000     0.0000     0.0001     0.0001     0.0001 
Execution time             0.0055     0.0055     0.0055     0.0055     0.0055     0.0055     0.0055     0.0055     0.0055     0.0055     0.0055     0.0055     0.0055     0.0055     0.0055     0.0055     0.0055     0.0055 
User CPU time              0.0004     0.0004     0.0004     0.0004     0.0004     0.0004     0.0004     0.0004     0.0004     0.0004     0.0004     0.0004     0.0004     0.0004     0.0004     0.0004     0.0003     0.0003 
Sys. CPU time              0.0000     0.0000     0.0000     0.0000     0.0000     0.0000     0.0000     0.0000     0.0000     0.0000     0.0000     0.0000     0.0000     0.0000     0.0000     0.0000     0.0000     0.0000 
I/O time                   0.0000     0.0000     0.0000     0.0000     0.0000     0.0000     0.0000     0.0000     0.0000     0.0000     0.0000     0.0000     0.0000     0.0000     0.0000     0.0000     0.0000     0.0000 
Processors                     18         18         18         18         18         18         18         18         18         18         18         18         18         18         18         18         18         18 
           Communication          
Reduction                  0.0004     0.0003     0.0002     0.0004     0.0005     0.0005     0.0004     0.0003     0.0003     0.0005     0.0006     0.0006     0.0005     0.0004     0.0005     0.0006     0.0008     0.0007 
Redistribution             0.0000     0.0001     0.0002     0.0000     0.0000     0.0000     0.0000     0.0001     0.0001     0.0000     0.0000     0.0000     0.0001     0.0000     0.0000     0.0000     0.0000     0.0000 
           Synchronization        
I/O                        0.0000     0.0000     0.0000     0.0000     0.0000     0.0000     0.0000     0.0000     0.0000     0.0000     0.0000     0.0000     0.0001     0.0000     0.0001     0.0000     0.0001     0.0001 
Reduction                  0.0000     0.0000     0.0000     0.0000     0.0000     0.0000     0.0000     0.0000     0.0000     0.0000     0.0000     0.0000     0.0000     0.0000     0.0000     0.0000     0.0000     0.0000 
Redistribution             0.0001     0.0002     0.0002     0.0002     0.0003     0.0003     0.0002     0.0002     0.0003     0.0002     0.0003     0.0003     0.0003     0.0002     0.0002     0.0003     0.0004     0.0004 
           Variation              
I/O                        0.0000     0.0002     0.0002     0.0002     0.0002     0.0002     0.0002     0.0002     0.0002     0.0002     0.0002     0.0002     0.0002     0.0002     0.0002     0.0002     0.0002     0.0002 
Reduction                  0.0000     0.0000     0.0000     0.0000     0.0000     0.0000     0.0000     0.0000     0.0000     0.0000     0.0000     0.0000     0.0000     0.0000     0.0000     0.0000     0.0000     0.0000 
Redistribution             0.0002     0.0002     0.0001     0.0003     0.0004     0.0003     0.0003     0.0002     0.0002     0.0003     0.0004     0.0004     0.0003     0.0003     0.0003     0.0004     0.0006     0.0005 
           Overlap                
Reduction                  0.0000     0.0000     0.0000     0.0000     0.0000     0.0000     0.0000     0.0000     0.0000     0.0000     0.0000     0.0000     0.0000     0.0000     0.0000     0.0000     0.0000     0.0000 


-------------------------------------------------------------------------
Name (number) and performance time of processors
omp.keldysh.ru(1) 0.935379
omp.keldysh.ru(2) 0.935351
omp.keldysh.ru(3) 0.959607
omp.keldysh.ru(4) 0.959951
omp.keldysh.ru(5) 0.959464
omp.keldysh.ru(6) 0.959455
omp.keldysh.ru(7) 0.956777
omp.keldysh.ru(8) 0.956755
omp.keldysh.ru(9) 0.961019
omp.keldysh.ru(10) 0.961004
omp.keldysh.ru(11) 0.959123
omp.keldysh.ru(12) 0.959117
omp.keldysh.ru(13) 0.957424
omp.keldysh.ru(14) 0.957428
omp.keldysh.ru(15) 0.957394
omp.keldysh.ru(16) 0.957393
omp.keldysh.ru(17) 0.958972
omp.keldysh.ru(18) 0.958962
min - omp.keldysh.ru(2) 0.935351; max - omp.keldysh.ru(9) 0.961019; mid - 0.956143
