Processor system=6*3*1*1
Statistics has been accumulated on DVM-system version 5.0, platform DVM
Analyzer is executing on DVM-system version 5.0, platform DVM
-------------------------------------------------------------------------
INTERVAL ( NLINE=8 SOURCE=sha42.f ) LEVEL=0  EXE_COUNT=2
--- The main characteristics --- 
Parallelization efficiency      0.0515 
Execution time                  0.0177 
Processors                          18
Threads amount                      18
Total time                      0.3185
Productive time                 0.0164 ( CPU= 0.0157 Sys= 0.0007 I/O= 0.0000 )
Lost  time                      0.3021 
   Insufficient parallelism     0.2791 ( User= 0.2673 Sys= 0.0118 )
   Communication                0.0094 ( Real_sync= 0.0000 Starts= 0.0000 )
   Idle time                    0.0135
Load imbalance                  0.0010
Synchronization                 0.1132
Time variation                  0.1154
Overlap                         0.0094
                  Nop   Communic    Synchro  Variation    Overlap 
I/O                 6     0.0000     0.0473     0.0495     0.0000 
Reduction           5     0.0094     0.0325     0.0325     0.0000 
Shadow              5     0.0000     0.0334     0.0334     0.0094 
--- The comparative characteristics --- 
                              Tmin N proc      Tmax N proc      Tmid
Lost time                   0.0167    16     0.0171    17     0.0168 
User insufficient par.      0.0103    17     0.0158     4     0.0148 
Sys.insufficient par.       0.0006    17     0.0010     1     0.0007 
Idle time                   0.0000     3     0.0045    17     0.0008 
Communication               0.0003    16     0.0017    17     0.0005 
Synchronization             0.0005    16     0.0264    18     0.0063 
Variation                   0.0006    16     0.0266    18     0.0064 
Overlap                     0.0000     8     0.0013    16     0.0005 
Load imbalance              0.0000    15     0.0003    17     0.0001 
Execution time              0.0132    17     0.0177     3     0.0169 
User CPU time               0.0006    17     0.0009     4     0.0009 
Sys. CPU time               0.0000    17     0.0000    15     0.0000 
I/O time                    0.0000     9     0.0000     1     0.0000 
Processors                      18     1         18    18         18 
                      Communic          Synchro        Variation          Overlap  
I/O             Tmin    0.0000     1     0.0002    16     0.0003    16     0.0000     1 
I/O             Tmax    0.0000    18     0.0112    18     0.0114    18     0.0000    18 
I/O             Tmid    0.0000           0.0026           0.0027           0.0000       
Reduction       Tmin    0.0003    16     0.0001    16     0.0001    16     0.0000     1 
Reduction       Tmax    0.0017    17     0.0076    18     0.0076    18     0.0000    16 
Reduction       Tmid    0.0005           0.0018           0.0018           0.0000       
Shadow          Tmin    0.0000     1     0.0002    16     0.0002    16     0.0000     8 
Shadow          Tmax    0.0000    18     0.0076    18     0.0076    18     0.0013    16 
Shadow          Tmid    0.0000           0.0019           0.0019           0.0005       
--- The execution characteristics --- 
                                1          2          3          4          5          6          7          8          9         10         11         12         13         14         15         16         17         18 
Lost time                  0.0167     0.0167     0.0167     0.0167     0.0167     0.0167     0.0167     0.0167     0.0168     0.0168     0.0167     0.0168     0.0167     0.0167     0.0167     0.0167     0.0171     0.0170 
User insufficient par.     0.0153     0.0155     0.0157     0.0158     0.0156     0.0157     0.0157     0.0157     0.0138     0.0148     0.0157     0.0144     0.0157     0.0157     0.0157     0.0158     0.0103     0.0104 
Sys.insufficient par.      0.0010     0.0007     0.0007     0.0006     0.0006     0.0006     0.0007     0.0007     0.0007     0.0006     0.0006     0.0006     0.0006     0.0006     0.0007     0.0007     0.0006     0.0006 
Idle time                  0.0000     0.0000     0.0000     0.0000     0.0000     0.0000     0.0001     0.0000     0.0019     0.0010     0.0000     0.0013     0.0000     0.0000     0.0000     0.0000     0.0045     0.0045 
Communication              0.0004     0.0006     0.0004     0.0003     0.0004     0.0004     0.0003     0.0003     0.0004     0.0004     0.0004     0.0005     0.0004     0.0004     0.0003     0.0003     0.0017     0.0015 
Synchronization            0.0058     0.0025     0.0013     0.0011     0.0043     0.0041     0.0026     0.0097     0.0070     0.0046     0.0062     0.0053     0.0026     0.0024     0.0007     0.0005     0.0261     0.0264 
Variation                  0.0056     0.0027     0.0014     0.0012     0.0045     0.0042     0.0027     0.0098     0.0072     0.0047     0.0063     0.0055     0.0027     0.0026     0.0009     0.0006     0.0262     0.0266 
Overlap                    0.0000     0.0009     0.0010     0.0011     0.0004     0.0004     0.0010     0.0000     0.0000     0.0004     0.0001     0.0002     0.0007     0.0007     0.0011     0.0013     0.0000     0.0000 
Load imbalance             0.0000     0.0000     0.0000     0.0000     0.0000     0.0000     0.0000     0.0000     0.0001     0.0001     0.0000     0.0001     0.0000     0.0000     0.0000     0.0000     0.0003     0.0003 
Execution time             0.0177     0.0177     0.0177     0.0177     0.0177     0.0177     0.0176     0.0176     0.0157     0.0167     0.0176     0.0164     0.0177     0.0177     0.0177     0.0177     0.0132     0.0132 
User CPU time              0.0009     0.0009     0.0009     0.0009     0.0009     0.0009     0.0009     0.0009     0.0008     0.0009     0.0009     0.0008     0.0009     0.0009     0.0009     0.0009     0.0006     0.0006 
Sys. CPU time              0.0000     0.0000     0.0000     0.0000     0.0000     0.0000     0.0000     0.0000     0.0000     0.0000     0.0000     0.0000     0.0000     0.0000     0.0000     0.0000     0.0000     0.0000 
I/O time                   0.0000     0.0000     0.0000     0.0000     0.0000     0.0000     0.0000     0.0000     0.0000     0.0000     0.0000     0.0000     0.0000     0.0000     0.0000     0.0000     0.0000     0.0000 
Processors                     18         18         18         18         18         18         18         18         18         18         18         18         18         18         18         18         18         18 
           Communication          
Reduction                  0.0004     0.0006     0.0004     0.0003     0.0004     0.0004     0.0003     0.0003     0.0004     0.0004     0.0004     0.0005     0.0004     0.0004     0.0003     0.0003     0.0017     0.0015 
           Synchronization        
I/O                        0.0024     0.0011     0.0004     0.0004     0.0017     0.0016     0.0013     0.0041     0.0029     0.0020     0.0025     0.0022     0.0010     0.0010     0.0002     0.0002     0.0111     0.0112 
Reduction                  0.0017     0.0008     0.0003     0.0003     0.0012     0.0012     0.0008     0.0029     0.0020     0.0013     0.0018     0.0015     0.0007     0.0007     0.0002     0.0001     0.0074     0.0076 
Shadow                     0.0017     0.0007     0.0006     0.0004     0.0014     0.0012     0.0005     0.0027     0.0022     0.0012     0.0019     0.0015     0.0009     0.0008     0.0003     0.0002     0.0076     0.0076 
           Variation              
I/O                        0.0021     0.0012     0.0006     0.0005     0.0018     0.0018     0.0015     0.0042     0.0030     0.0022     0.0027     0.0024     0.0011     0.0011     0.0004     0.0003     0.0112     0.0114 
Reduction                  0.0017     0.0008     0.0003     0.0003     0.0012     0.0012     0.0008     0.0029     0.0020     0.0013     0.0018     0.0015     0.0007     0.0007     0.0002     0.0001     0.0074     0.0076 
Shadow                     0.0017     0.0007     0.0006     0.0004     0.0014     0.0012     0.0005     0.0027     0.0022     0.0012     0.0019     0.0015     0.0009     0.0008     0.0003     0.0002     0.0076     0.0076 
           Overlap                
Reduction                  0.0000     0.0000     0.0000     0.0000     0.0000     0.0000     0.0000     0.0000     0.0000     0.0000     0.0000     0.0000     0.0000     0.0000     0.0000     0.0000     0.0000     0.0000 
Shadow                     0.0000     0.0009     0.0010     0.0011     0.0004     0.0004     0.0010     0.0000     0.0000     0.0004     0.0001     0.0002     0.0007     0.0007     0.0011     0.0013     0.0000     0.0000 


-------------------------------------------------------------------------
Name (number) and performance time of processors
omp.keldysh.ru(1) 0.935408
omp.keldysh.ru(2) 0.935320
omp.keldysh.ru(3) 0.960514
omp.keldysh.ru(4) 0.960290
omp.keldysh.ru(5) 0.959104
omp.keldysh.ru(6) 0.959076
omp.keldysh.ru(7) 0.956471
omp.keldysh.ru(8) 0.956445
omp.keldysh.ru(9) 0.957203
omp.keldysh.ru(10) 0.957197
omp.keldysh.ru(11) 0.958872
omp.keldysh.ru(12) 0.958859
omp.keldysh.ru(13) 0.951639
omp.keldysh.ru(14) 0.951641
omp.keldysh.ru(15) 0.959448
omp.keldysh.ru(16) 0.959423
omp.keldysh.ru(17) 0.956515
omp.keldysh.ru(18) 0.956825
min - omp.keldysh.ru(2) 0.935320; max - omp.keldysh.ru(3) 0.960514; mid - 0.955014
