Processor system=4*4
Statistics has been accumulated on DVM-system version 5.0, platform DVM
Analyzer is executing on DVM-system version 5.0, platform DVM
-------------------------------------------------------------------------
INTERVAL ( NLINE=8 SOURCE=red22.f ) LEVEL=0  EXE_COUNT=1
--- The main characteristics --- 
Parallelization efficiency      0.0501 
Execution time                  0.0103 
Processors                          16
Threads amount                      16
Total time                      0.1653
Productive time                 0.0083 ( CPU= 0.0074 Sys= 0.0009 I/O= 0.0000 )
Lost  time                      0.1571 
   Insufficient parallelism     0.1100 ( User= 0.0965 Sys= 0.0135 )
   Communication                0.0175 ( Real_sync= 0.0000 Starts= 0.0000 )
   Idle time                    0.0296
Load imbalance                  0.0022
Synchronization                 0.0152
Time variation                  0.0114
Overlap                         0.0000
                  Nop   Communic    Synchro  Variation    Overlap 
I/O                16     0.0000     0.0028     0.0054     0.0000 
Reduction          14     0.0084     0.0032     0.0024     0.0000 
Remote access      36     0.0091     0.0092     0.0036     0.0000 
--- The comparative characteristics --- 
                              Tmin N proc      Tmax N proc      Tmid
Lost time                   0.0097     8     0.0099     9     0.0098 
User insufficient par.      0.0049     9     0.0079     8     0.0060 
Sys.insufficient par.       0.0006    14     0.0011     1     0.0008 
Idle time                   0.0000     8     0.0031     9     0.0018 
Communication               0.0009     1     0.0015    14     0.0011 
Synchronization             0.0004     3     0.0015    14     0.0010 
Variation                   0.0003     1     0.0010     2     0.0007 
Overlap                     0.0000     2     0.0000     3     0.0000 
Load imbalance              0.0000     8     0.0002     9     0.0001 
Execution time              0.0073     9     0.0103     8     0.0085 
User CPU time               0.0004     9     0.0006     8     0.0005 
Sys. CPU time               0.0000    14     0.0001     2     0.0001 
I/O time                    0.0000    16     0.0000     1     0.0000 
Processors                      16     1         16    16         16 
                      Communic          Synchro        Variation          Overlap  
I/O             Tmin    0.0000     1     0.0001    11     0.0001     1     0.0000     1 
I/O             Tmax    0.0000    16     0.0003    14     0.0005    14     0.0000    16 
I/O             Tmid    0.0000           0.0002           0.0003           0.0000       
Reduction       Tmin    0.0004     1     0.0001     3     0.0001     9     0.0000     2 
Reduction       Tmax    0.0007    13     0.0003    14     0.0002     2     0.0000    11 
Reduction       Tmid    0.0005           0.0002           0.0002           0.0000       
Remote access   Tmin    0.0004     5     0.0002     1     0.0001    16     0.0000     2 
Remote access   Tmax    0.0009    14     0.0009    14     0.0004     5     0.0000     3 
Remote access   Tmid    0.0006           0.0006           0.0002           0.0000       
--- The execution characteristics --- 
                                1          2          3          4          5          6          7          8          9         10         11         12         13         14         15         16 
Lost time                  0.0098     0.0099     0.0098     0.0098     0.0098     0.0099     0.0098     0.0097     0.0099     0.0099     0.0099     0.0099     0.0098     0.0099     0.0098     0.0098 
User insufficient par.     0.0063     0.0050     0.0064     0.0060     0.0067     0.0050     0.0067     0.0079     0.0049     0.0049     0.0050     0.0050     0.0072     0.0054     0.0072     0.0069 
Sys.insufficient par.      0.0011     0.0009     0.0009     0.0009     0.0009     0.0009     0.0009     0.0009     0.0009     0.0009     0.0009     0.0009     0.0007     0.0006     0.0007     0.0008 
Idle time                  0.0016     0.0030     0.0016     0.0020     0.0012     0.0030     0.0012     0.0000     0.0031     0.0030     0.0030     0.0030     0.0004     0.0023     0.0004     0.0008 
Communication              0.0009     0.0009     0.0010     0.0009     0.0010     0.0010     0.0010     0.0010     0.0010     0.0010     0.0010     0.0010     0.0014     0.0015     0.0015     0.0013 
Synchronization            0.0004     0.0009     0.0004     0.0005     0.0010     0.0013     0.0009     0.0010     0.0010     0.0012     0.0009     0.0010     0.0012     0.0015     0.0011     0.0010 
Variation                  0.0003     0.0010     0.0006     0.0006     0.0008     0.0010     0.0007     0.0008     0.0007     0.0009     0.0006     0.0006     0.0007     0.0008     0.0006     0.0006 
Overlap                    0.0000     0.0000     0.0000     0.0000     0.0000     0.0000     0.0000     0.0000     0.0000     0.0000     0.0000     0.0000     0.0000     0.0000     0.0000     0.0000 
Load imbalance             0.0001     0.0002     0.0001     0.0001     0.0001     0.0002     0.0001     0.0000     0.0002     0.0002     0.0002     0.0002     0.0001     0.0002     0.0001     0.0001 
Execution time             0.0088     0.0073     0.0088     0.0084     0.0092     0.0073     0.0092     0.0103     0.0073     0.0073     0.0073     0.0073     0.0100     0.0080     0.0100     0.0095 
User CPU time              0.0005     0.0004     0.0005     0.0005     0.0005     0.0004     0.0005     0.0006     0.0004     0.0004     0.0004     0.0004     0.0005     0.0004     0.0005     0.0005 
Sys. CPU time              0.0001     0.0001     0.0001     0.0001     0.0001     0.0001     0.0001     0.0001     0.0001     0.0001     0.0001     0.0001     0.0000     0.0000     0.0000     0.0001 
I/O time                   0.0000     0.0000     0.0000     0.0000     0.0000     0.0000     0.0000     0.0000     0.0000     0.0000     0.0000     0.0000     0.0000     0.0000     0.0000     0.0000 
Processors                     16         16         16         16         16         16         16         16         16         16         16         16         16         16         16         16 
           Communication          
Reduction                  0.0004     0.0004     0.0004     0.0004     0.0006     0.0005     0.0006     0.0005     0.0006     0.0004     0.0005     0.0005     0.0007     0.0007     0.0007     0.0006 
Remote access              0.0005     0.0005     0.0006     0.0005     0.0004     0.0005     0.0004     0.0005     0.0005     0.0006     0.0005     0.0005     0.0007     0.0009     0.0008     0.0007 
           Synchronization        
I/O                        0.0001     0.0003     0.0001     0.0001     0.0001     0.0002     0.0001     0.0002     0.0001     0.0002     0.0001     0.0001     0.0002     0.0003     0.0002     0.0002 
Reduction                  0.0001     0.0002     0.0001     0.0001     0.0002     0.0003     0.0002     0.0002     0.0002     0.0003     0.0002     0.0002     0.0002     0.0003     0.0002     0.0002 
Remote access              0.0002     0.0004     0.0002     0.0002     0.0006     0.0007     0.0006     0.0006     0.0006     0.0007     0.0006     0.0006     0.0008     0.0009     0.0008     0.0007 
           Variation              
I/O                        0.0001     0.0004     0.0003     0.0003     0.0003     0.0004     0.0003     0.0003     0.0003     0.0004     0.0003     0.0003     0.0004     0.0005     0.0003     0.0003 
Reduction                  0.0001     0.0002     0.0001     0.0001     0.0001     0.0002     0.0001     0.0001     0.0001     0.0002     0.0001     0.0001     0.0001     0.0002     0.0001     0.0001 
Remote access              0.0001     0.0003     0.0001     0.0002     0.0004     0.0003     0.0003     0.0003     0.0003     0.0003     0.0002     0.0002     0.0002     0.0002     0.0001     0.0001 
           Overlap                
Reduction                  0.0000     0.0000     0.0000     0.0000     0.0000     0.0000     0.0000     0.0000     0.0000     0.0000     0.0000     0.0000     0.0000     0.0000     0.0000     0.0000 
Remote access              0.0000     0.0000     0.0000     0.0000     0.0000     0.0000     0.0000     0.0000     0.0000     0.0000     0.0000     0.0000     0.0000     0.0000     0.0000     0.0000 


-------------------------------------------------------------------------
Name (number) and performance time of processors
omp.keldysh.ru(1) 0.935401
omp.keldysh.ru(2) 0.935356
omp.keldysh.ru(3) 0.954631
omp.keldysh.ru(4) 0.954671
omp.keldysh.ru(5) 0.954371
omp.keldysh.ru(6) 0.954370
omp.keldysh.ru(7) 0.959948
omp.keldysh.ru(8) 0.959670
omp.keldysh.ru(9) 0.951739
omp.keldysh.ru(10) 0.951767
omp.keldysh.ru(11) 0.958378
omp.keldysh.ru(12) 0.958384
omp.keldysh.ru(13) 0.959675
omp.keldysh.ru(14) 0.959670
omp.keldysh.ru(15) 0.958114
omp.keldysh.ru(16) 0.958123
min - omp.keldysh.ru(2) 0.935356; max - omp.keldysh.ru(7) 0.959948; mid - 0.954017
