Processor system=2*2*4*1
Statistics has been accumulated on DVM-system version 5.0, platform DVM
Analyzer is executing on DVM-system version 5.0, platform DVM
-------------------------------------------------------------------------
INTERVAL ( NLINE=7 SOURCE=acr42.f ) LEVEL=0  EXE_COUNT=1
--- The main characteristics --- 
Parallelization efficiency      0.0579 
Execution time                  0.7589 
Processors                          16
Threads amount                      16
Total time                     12.1427
Productive time                 0.7034 ( CPU= 0.6977 Sys= 0.0057 I/O= 0.0000 )
Lost  time                     11.4393 
   Insufficient parallelism    10.5507 ( User= 10.4650 Sys= 0.0857 )
   Communication                0.0039 ( Real_sync= 0.0000 Starts= 0.0000 )
   Idle time                    0.8846
Load imbalance                  0.0554
Synchronization                 5.3717
Time variation                  5.3743
Overlap                         0.0033
                  Nop   Communic    Synchro  Variation    Overlap 
I/O                11     0.0000     1.7725     1.7751     0.0000 
Reduction           9     0.0039     0.8931     0.8931     0.0000 
Shadow             27     0.0000     2.7061     2.7061     0.0033 
--- The comparative characteristics --- 
                              Tmin N proc      Tmax N proc      Tmid
Lost time                   0.7115     4     0.7250    13     0.7150 
User insufficient par.      0.5058    13     0.7045    10     0.6541 
Sys.insufficient par.       0.0019    14     0.0074     7     0.0054 
Idle time                   0.0000     7     0.2164    16     0.0553 
Communication               0.0002     1     0.0004    13     0.0002 
Synchronization             0.0023     3     1.3215    13     0.3357 
Variation                   0.0025     3     1.3217    13     0.3359 
Overlap                     0.0000    13     0.0004     3     0.0002 
Load imbalance              0.0000     4     0.0135    13     0.0035 
Execution time              0.5425    14     0.7589     7     0.7036 
User CPU time               0.0337    13     0.0470    10     0.0436 
Sys. CPU time               0.0001    14     0.0005     7     0.0004 
I/O time                    0.0000    10     0.0000     1     0.0000 
Processors                      16     1         16    16         16 
                      Communic          Synchro        Variation          Overlap  
I/O             Tmin    0.0000     1     0.0004     7     0.0006     7     0.0000     1 
I/O             Tmax    0.0000    16     0.4376    13     0.4377    13     0.0000    16 
I/O             Tmid    0.0000           0.1108           0.1109           0.0000       
Reduction       Tmin    0.0002     1     0.0003     7     0.0003     7     0.0000     3 
Reduction       Tmax    0.0004    13     0.2207    13     0.2207    13     0.0000     8 
Reduction       Tmid    0.0002           0.0558           0.0558           0.0000       
Shadow          Tmin    0.0000     1     0.0012     3     0.0012     3     0.0000    13 
Shadow          Tmax    0.0000    16     0.6632    13     0.6632    13     0.0004     3 
Shadow          Tmid    0.0000           0.1691           0.1691           0.0002       
--- The execution characteristics --- 
                                1          2          3          4          5          6          7          8          9         10         11         12         13         14         15         16 
Lost time                  0.7116     0.7116     0.7115     0.7115     0.7117     0.7118     0.7115     0.7115     0.7115     0.7115     0.7117     0.7118     0.7250     0.7250     0.7249     0.7250 
User insufficient par.     0.7029     0.7030     0.7043     0.7039     0.7018     0.7020     0.7039     0.7040     0.7041     0.7045     0.7021     0.7025     0.5058     0.5064     0.5078     0.5061 
Sys.insufficient par.      0.0069     0.0068     0.0070     0.0074     0.0061     0.0052     0.0074     0.0073     0.0072     0.0068     0.0054     0.0036     0.0025     0.0019     0.0019     0.0022 
Idle time                  0.0016     0.0016     0.0000     0.0000     0.0036     0.0044     0.0000     0.0000     0.0000     0.0000     0.0040     0.0055     0.2164     0.2164     0.2148     0.2164 
Communication              0.0002     0.0002     0.0002     0.0002     0.0002     0.0002     0.0002     0.0002     0.0002     0.0002     0.0002     0.0003     0.0004     0.0004     0.0003     0.0004 
Synchronization            0.0118     0.0118     0.0023     0.0025     0.0144     0.0183     0.0034     0.0025     0.0058     0.0058     0.0180     0.0260     1.3215     1.3161     1.2944     1.3172 
Variation                  0.0116     0.0120     0.0025     0.0027     0.0146     0.0185     0.0036     0.0027     0.0060     0.0060     0.0181     0.0261     1.3217     1.3163     1.2945     1.3174 
Overlap                    0.0004     0.0003     0.0004     0.0004     0.0002     0.0002     0.0003     0.0003     0.0002     0.0002     0.0002     0.0002     0.0000     0.0000     0.0000     0.0000 
Load imbalance             0.0001     0.0001     0.0000     0.0000     0.0002     0.0003     0.0000     0.0000     0.0000     0.0000     0.0003     0.0003     0.0135     0.0135     0.0134     0.0135 
Execution time             0.7573     0.7573     0.7589     0.7589     0.7553     0.7545     0.7589     0.7589     0.7589     0.7589     0.7549     0.7535     0.5425     0.5425     0.5441     0.5425 
User CPU time              0.0469     0.0469     0.0470     0.0469     0.0468     0.0468     0.0469     0.0469     0.0469     0.0470     0.0468     0.0468     0.0337     0.0338     0.0339     0.0337 
Sys. CPU time              0.0004     0.0005     0.0005     0.0005     0.0004     0.0003     0.0005     0.0005     0.0005     0.0005     0.0004     0.0002     0.0002     0.0001     0.0001     0.0001 
I/O time                   0.0000     0.0000     0.0000     0.0000     0.0000     0.0000     0.0000     0.0000     0.0000     0.0000     0.0000     0.0000     0.0000     0.0000     0.0000     0.0000 
Processors                     16         16         16         16         16         16         16         16         16         16         16         16         16         16         16         16 
           Communication          
Reduction                  0.0002     0.0002     0.0002     0.0002     0.0002     0.0002     0.0002     0.0002     0.0002     0.0002     0.0002     0.0003     0.0004     0.0004     0.0003     0.0004 
           Synchronization        
I/O                        0.0024     0.0022     0.0006     0.0005     0.0033     0.0049     0.0004     0.0004     0.0011     0.0014     0.0049     0.0081     0.4376     0.4367     0.4310     0.4370 
Reduction                  0.0012     0.0011     0.0005     0.0005     0.0017     0.0020     0.0003     0.0004     0.0009     0.0009     0.0021     0.0030     0.2207     0.2204     0.2173     0.2202 
Shadow                     0.0082     0.0084     0.0012     0.0015     0.0094     0.0114     0.0027     0.0018     0.0038     0.0035     0.0110     0.0149     0.6632     0.6590     0.6460     0.6600 
           Variation              
I/O                        0.0022     0.0024     0.0008     0.0007     0.0035     0.0051     0.0006     0.0006     0.0013     0.0016     0.0051     0.0082     0.4377     0.4369     0.4312     0.4372 
Reduction                  0.0012     0.0011     0.0005     0.0005     0.0017     0.0020     0.0003     0.0004     0.0009     0.0009     0.0021     0.0030     0.2207     0.2204     0.2173     0.2202 
Shadow                     0.0082     0.0084     0.0012     0.0015     0.0094     0.0114     0.0026     0.0018     0.0038     0.0035     0.0110     0.0149     0.6632     0.6590     0.6460     0.6600 
           Overlap                
Reduction                  0.0000     0.0000     0.0000     0.0000     0.0000     0.0000     0.0000     0.0000     0.0000     0.0000     0.0000     0.0000     0.0000     0.0000     0.0000     0.0000 
Shadow                     0.0004     0.0003     0.0004     0.0004     0.0002     0.0002     0.0003     0.0003     0.0002     0.0002     0.0002     0.0002     0.0000     0.0000     0.0000     0.0000 


-------------------------------------------------------------------------
Name (number) and performance time of processors
omp.keldysh.ru(1) 0.933966
omp.keldysh.ru(2) 0.933903
omp.keldysh.ru(3) 0.952316
omp.keldysh.ru(4) 0.952287
omp.keldysh.ru(5) 0.951664
omp.keldysh.ru(6) 0.951665
omp.keldysh.ru(7) 0.951553
omp.keldysh.ru(8) 0.951865
omp.keldysh.ru(9) 0.952449
omp.keldysh.ru(10) 0.952447
omp.keldysh.ru(11) 0.952356
omp.keldysh.ru(12) 0.952360
omp.keldysh.ru(13) 0.953219
omp.keldysh.ru(14) 0.953176
omp.keldysh.ru(15) 0.954482
omp.keldysh.ru(16) 0.954482
min - omp.keldysh.ru(2) 0.933903; max - omp.keldysh.ru(15) 0.954482; mid - 0.950262
