Processor system=3*1*3*2
Statistics has been accumulated on DVM-system version 5.0, platform DVM
Analyzer is executing on DVM-system version 5.0, platform DVM
-------------------------------------------------------------------------
INTERVAL ( NLINE=5 SOURCE=prf42.f ) LEVEL=0  EXE_COUNT=2
--- The main characteristics --- 
Parallelization efficiency      0.0454 
Execution time                  0.0140 
Processors                          18
Threads amount                      18
Total time                      0.2519
Productive time                 0.0114 ( CPU= 0.0095 Sys= 0.0019 I/O= 0.0000 )
Lost  time                      0.2405 
   Insufficient parallelism     0.1943 ( User= 0.1612 Sys= 0.0331 )
   Communication                0.0069 ( Real_sync= 0.0000 Starts= 0.0000 )
   Idle time                    0.0392
Load imbalance                  0.0024
Synchronization                 0.1795
Time variation                  0.1824
Overlap                         0.0130
                  Nop   Communic    Synchro  Variation    Overlap 
I/O                12     0.0000     0.0271     0.0300     0.0000 
Reduction          22     0.0069     0.0648     0.0648     0.0000 
Remote access     180     0.0000     0.0875     0.0875     0.0130 
--- The comparative characteristics --- 
                              Tmin N proc      Tmax N proc      Tmid
Lost time                   0.0132     8     0.0137    17     0.0134 
User insufficient par.      0.0043    17     0.0111     8     0.0090 
Sys.insufficient par.       0.0012    18     0.0021     1     0.0018 
Idle time                   0.0000     8     0.0070    17     0.0022 
Communication               0.0002     7     0.0011    17     0.0004 
Synchronization             0.0021    15     0.0512    18     0.0100 
Variation                   0.0022    15     0.0514    18     0.0101 
Overlap                     0.0000    17     0.0010    14     0.0007 
Load imbalance              0.0000     8     0.0004    17     0.0001 
Execution time              0.0070    17     0.0140     8     0.0118 
User CPU time               0.0003    17     0.0007     8     0.0005 
Sys. CPU time               0.0001    18     0.0001     2     0.0001 
I/O time                    0.0000    11     0.0000     1     0.0000 
Processors                      18     1         18    18         18 
                      Communic          Synchro        Variation          Overlap  
I/O             Tmin    0.0000     1     0.0003    15     0.0005    15     0.0000     1 
I/O             Tmax    0.0000    18     0.0079    18     0.0080    18     0.0000    18 
I/O             Tmid    0.0000           0.0015           0.0017           0.0000       
Reduction       Tmin    0.0002     7     0.0001    14     0.0001    14     0.0000     1 
Reduction       Tmax    0.0011    17     0.0198    17     0.0198    17     0.0000    14 
Reduction       Tmid    0.0004           0.0036           0.0036           0.0000       
Remote access   Tmin    0.0000     1     0.0015    15     0.0015    15     0.0000    17 
Remote access   Tmax    0.0000    18     0.0237    18     0.0237    18     0.0010    16 
Remote access   Tmid    0.0000           0.0049           0.0049           0.0007       
--- The execution characteristics --- 
                                1          2          3          4          5          6          7          8          9         10         11         12         13         14         15         16         17         18 
Lost time                  0.0134     0.0133     0.0133     0.0134     0.0134     0.0133     0.0133     0.0132     0.0134     0.0134     0.0134     0.0133     0.0134     0.0133     0.0133     0.0134     0.0137     0.0137 
User insufficient par.     0.0087     0.0098     0.0099     0.0088     0.0089     0.0107     0.0108     0.0111     0.0089     0.0088     0.0090     0.0104     0.0089     0.0096     0.0095     0.0088     0.0043     0.0044 
Sys.insufficient par.      0.0021     0.0019     0.0019     0.0019     0.0019     0.0019     0.0019     0.0019     0.0019     0.0019     0.0019     0.0019     0.0019     0.0019     0.0019     0.0019     0.0012     0.0012 
Idle time                  0.0023     0.0012     0.0012     0.0023     0.0023     0.0004     0.0004     0.0000     0.0023     0.0023     0.0023     0.0008     0.0023     0.0016     0.0016     0.0023     0.0070     0.0070 
Communication              0.0003     0.0004     0.0004     0.0004     0.0003     0.0003     0.0002     0.0002     0.0003     0.0003     0.0002     0.0002     0.0003     0.0003     0.0003     0.0003     0.0011     0.0011 
Synchronization            0.0061     0.0090     0.0062     0.0051     0.0056     0.0056     0.0043     0.0043     0.0063     0.0061     0.0044     0.0042     0.0026     0.0023     0.0021     0.0028     0.0512     0.0512 
Variation                  0.0061     0.0092     0.0063     0.0053     0.0058     0.0058     0.0044     0.0045     0.0064     0.0063     0.0045     0.0043     0.0028     0.0025     0.0022     0.0030     0.0514     0.0514 
Overlap                    0.0005     0.0005     0.0008     0.0008     0.0007     0.0007     0.0009     0.0008     0.0006     0.0006     0.0009     0.0009     0.0010     0.0010     0.0010     0.0010     0.0000     0.0000 
Load imbalance             0.0001     0.0001     0.0001     0.0001     0.0001     0.0000     0.0000     0.0000     0.0001     0.0001     0.0001     0.0000     0.0001     0.0001     0.0001     0.0001     0.0004     0.0004 
Execution time             0.0117     0.0128     0.0128     0.0117     0.0117     0.0136     0.0136     0.0140     0.0117     0.0117     0.0117     0.0132     0.0117     0.0124     0.0124     0.0117     0.0070     0.0070 
User CPU time              0.0005     0.0006     0.0006     0.0005     0.0005     0.0006     0.0006     0.0007     0.0005     0.0005     0.0005     0.0006     0.0005     0.0006     0.0006     0.0005     0.0003     0.0003 
Sys. CPU time              0.0001     0.0001     0.0001     0.0001     0.0001     0.0001     0.0001     0.0001     0.0001     0.0001     0.0001     0.0001     0.0001     0.0001     0.0001     0.0001     0.0001     0.0001 
I/O time                   0.0000     0.0000     0.0000     0.0000     0.0000     0.0000     0.0000     0.0000     0.0000     0.0000     0.0000     0.0000     0.0000     0.0000     0.0000     0.0000     0.0000     0.0000 
Processors                     18         18         18         18         18         18         18         18         18         18         18         18         18         18         18         18         18         18 
           Communication          
Reduction                  0.0003     0.0004     0.0004     0.0004     0.0003     0.0003     0.0002     0.0002     0.0003     0.0003     0.0002     0.0002     0.0003     0.0003     0.0003     0.0003     0.0011     0.0011 
           Synchronization        
I/O                        0.0009     0.0014     0.0010     0.0008     0.0008     0.0008     0.0006     0.0006     0.0009     0.0009     0.0006     0.0006     0.0004     0.0004     0.0003     0.0004     0.0079     0.0079 
Reduction                  0.0029     0.0027     0.0015     0.0015     0.0017     0.0017     0.0016     0.0017     0.0028     0.0027     0.0019     0.0018     0.0003     0.0001     0.0003     0.0003     0.0198     0.0197 
Remote access              0.0023     0.0049     0.0037     0.0029     0.0031     0.0031     0.0021     0.0021     0.0026     0.0026     0.0019     0.0017     0.0020     0.0018     0.0015     0.0021     0.0235     0.0237 
           Variation              
I/O                        0.0008     0.0016     0.0011     0.0010     0.0010     0.0010     0.0008     0.0008     0.0011     0.0010     0.0008     0.0008     0.0006     0.0006     0.0005     0.0006     0.0080     0.0080 
Reduction                  0.0029     0.0027     0.0015     0.0015     0.0017     0.0017     0.0016     0.0017     0.0028     0.0027     0.0018     0.0018     0.0002     0.0001     0.0002     0.0003     0.0198     0.0197 
Remote access              0.0023     0.0049     0.0037     0.0029     0.0031     0.0031     0.0021     0.0021     0.0026     0.0026     0.0019     0.0017     0.0020     0.0018     0.0015     0.0021     0.0235     0.0237 
           Overlap                
Reduction                  0.0000     0.0000     0.0000     0.0000     0.0000     0.0000     0.0000     0.0000     0.0000     0.0000     0.0000     0.0000     0.0000     0.0000     0.0000     0.0000     0.0000     0.0000 
Remote access              0.0005     0.0005     0.0008     0.0008     0.0007     0.0007     0.0009     0.0008     0.0006     0.0006     0.0009     0.0009     0.0010     0.0010     0.0010     0.0010     0.0000     0.0000 


-------------------------------------------------------------------------
Name (number) and performance time of processors
omp.keldysh.ru(1) 0.934009
omp.keldysh.ru(2) 0.933943
omp.keldysh.ru(3) 0.959327
omp.keldysh.ru(4) 0.959321
omp.keldysh.ru(5) 0.949030
omp.keldysh.ru(6) 0.948980
omp.keldysh.ru(7) 0.956848
omp.keldysh.ru(8) 0.956836
omp.keldysh.ru(9) 0.958897
omp.keldysh.ru(10) 0.958901
omp.keldysh.ru(11) 0.956578
omp.keldysh.ru(12) 0.956555
omp.keldysh.ru(13) 0.933682
omp.keldysh.ru(14) 0.934000
omp.keldysh.ru(15) 0.953968
omp.keldysh.ru(16) 0.953950
omp.keldysh.ru(17) 0.952475
omp.keldysh.ru(18) 0.952466
min - omp.keldysh.ru(13) 0.933682; max - omp.keldysh.ru(3) 0.959327; mid - 0.950543
