Processor system=3*3*1*2
Statistics has been accumulated on DVM-system version 5.0, platform DVM
Analyzer is executing on DVM-system version 5.0, platform DVM
-------------------------------------------------------------------------
INTERVAL ( NLINE=7 SOURCE=rem41.f ) LEVEL=0  EXE_COUNT=2
--- The main characteristics --- 
Parallelization efficiency      0.0457 
Execution time                  0.3573 
Processors                          18
Threads amount                      18
Total time                      6.4308
Productive time                 0.2938 ( CPU= 0.0168 Sys= 0.2770 I/O= 0.0000 )
Lost  time                      6.1370 
   Insufficient parallelism     4.8796 ( User= 0.1697 Sys= 4.7099 )
   Communication                1.2525 ( Real_sync= 0.0000 Starts= 0.0000 )
   Idle time                    0.0049
Load imbalance                  0.0357
Synchronization                 2.8843
Time variation                  2.1980
Overlap                         0.0003
                  Nop   Communic    Synchro  Variation    Overlap 
I/O                17     0.0000     0.0090     0.0127     0.0000 
Reduction           8     0.0063     0.0004     0.0004     0.0000 
Remote access    4155     1.2461     2.8749     2.1849     0.0003 
--- The comparative characteristics --- 
                              Tmin N proc      Tmax N proc      Tmid
Lost time                   0.3390     6     0.3471    17     0.3409 
User insufficient par.      0.0063    18     0.0120     6     0.0094 
Sys.insufficient par.       0.1605    17     0.2928     6     0.2617 
Idle time                   0.0000    17     0.0016    13     0.0003 
Communication               0.0341     6     0.1795    17     0.0696 
Synchronization             0.0439    16     0.2472    17     0.1602 
Variation                   0.0163    16     0.1679    18     0.1221 
Overlap                     0.0000     2     0.0001    16     0.0000 
Load imbalance              0.0000     6     0.0081    17     0.0020 
Execution time              0.3557    13     0.3573    17     0.3570 
User CPU time               0.0007    18     0.0011     6     0.0009 
Sys. CPU time               0.0094    17     0.0172     6     0.0154 
I/O time                    0.0000     5     0.0000     1     0.0000 
Processors                      18     1         18    18         18 
                      Communic          Synchro        Variation          Overlap  
I/O             Tmin    0.0000     1     0.0001    16     0.0003    16     0.0000     1 
I/O             Tmax    0.0000    18     0.0007    18     0.0009    18     0.0000    18 
I/O             Tmid    0.0000           0.0005           0.0007           0.0000       
Reduction       Tmin    0.0001    16     0.0000     6     0.0000     6     0.0000     1 
Reduction       Tmax    0.0009    17     0.0000    18     0.0000    18     0.0000    15 
Reduction       Tmid    0.0004           0.0000           0.0000           0.0000       
Remote access   Tmin    0.0339     6     0.0437    16     0.0159    16     0.0000     2 
Remote access   Tmax    0.1786    17     0.2465    17     0.1670    18     0.0001    16 
Remote access   Tmid    0.0692           0.1597           0.1214           0.0000       
--- The execution characteristics --- 
                                1          2          3          4          5          6          7          8          9         10         11         12         13         14         15         16         17         18 
Lost time                  0.3405     0.3399     0.3404     0.3396     0.3398     0.3390     0.3410     0.3403     0.3409     0.3400     0.3403     0.3395     0.3410     0.3403     0.3409     0.3399     0.3471     0.3467 
User insufficient par.     0.0096     0.0109     0.0097     0.0109     0.0107     0.0120     0.0072     0.0099     0.0086     0.0098     0.0098     0.0110     0.0072     0.0098     0.0089     0.0102     0.0071     0.0063 
Sys.insufficient par.      0.2690     0.2778     0.2709     0.2834     0.2798     0.2928     0.2632     0.2729     0.2631     0.2761     0.2718     0.2841     0.2624     0.2726     0.2633     0.2782     0.1605     0.1682 
Idle time                  0.0000     0.0000     0.0000     0.0000     0.0000     0.0000     0.0016     0.0000     0.0000     0.0000     0.0000     0.0000     0.0016     0.0000     0.0000     0.0000     0.0000     0.0016 
Communication              0.0619     0.0513     0.0598     0.0453     0.0493     0.0341     0.0690     0.0575     0.0692     0.0541     0.0587     0.0443     0.0699     0.0578     0.0687     0.0515     0.1795     0.1706 
Synchronization            0.1804     0.1622     0.1685     0.1467     0.1415     0.1196     0.1820     0.1637     0.1752     0.1533     0.1641     0.1423     0.1772     0.1580     0.1207     0.0439     0.2472     0.2378 
Variation                  0.1385     0.1370     0.1301     0.1287     0.1183     0.1171     0.1308     0.1293     0.1239     0.1220     0.1279     0.1263     0.1254     0.1234     0.0710     0.0163     0.1641     0.1679 
Overlap                    0.0000     0.0000     0.0000     0.0000     0.0000     0.0000     0.0000     0.0000     0.0000     0.0000     0.0000     0.0000     0.0000     0.0000     0.0001     0.0001     0.0000     0.0000 
Load imbalance             0.0016     0.0010     0.0014     0.0006     0.0008     0.0000     0.0020     0.0013     0.0019     0.0011     0.0013     0.0005     0.0021     0.0013     0.0019     0.0010     0.0081     0.0077 
Execution time             0.3572     0.3572     0.3573     0.3573     0.3573     0.3573     0.3557     0.3573     0.3573     0.3573     0.3573     0.3573     0.3557     0.3572     0.3573     0.3573     0.3573     0.3557 
User CPU time              0.0009     0.0010     0.0009     0.0010     0.0010     0.0011     0.0008     0.0010     0.0009     0.0010     0.0010     0.0011     0.0008     0.0010     0.0009     0.0010     0.0007     0.0007 
Sys. CPU time              0.0158     0.0163     0.0159     0.0167     0.0165     0.0172     0.0155     0.0160     0.0155     0.0162     0.0160     0.0167     0.0154     0.0160     0.0155     0.0164     0.0094     0.0099 
I/O time                   0.0000     0.0000     0.0000     0.0000     0.0000     0.0000     0.0000     0.0000     0.0000     0.0000     0.0000     0.0000     0.0000     0.0000     0.0000     0.0000     0.0000     0.0000 
Processors                     18         18         18         18         18         18         18         18         18         18         18         18         18         18         18         18         18         18 
           Communication          
Reduction                  0.0004     0.0004     0.0003     0.0003     0.0003     0.0003     0.0004     0.0004     0.0003     0.0002     0.0003     0.0002     0.0003     0.0003     0.0002     0.0001     0.0009     0.0008 
Remote access              0.0615     0.0509     0.0595     0.0450     0.0490     0.0339     0.0687     0.0571     0.0689     0.0539     0.0584     0.0441     0.0695     0.0575     0.0685     0.0514     0.1786     0.1697 
           Synchronization        
I/O                        0.0005     0.0006     0.0006     0.0005     0.0005     0.0005     0.0005     0.0005     0.0005     0.0005     0.0005     0.0005     0.0005     0.0005     0.0003     0.0001     0.0007     0.0007 
Reduction                  0.0000     0.0000     0.0000     0.0000     0.0000     0.0000     0.0000     0.0000     0.0000     0.0000     0.0000     0.0000     0.0000     0.0000     0.0000     0.0000     0.0000     0.0000 
Remote access              0.1799     0.1616     0.1680     0.1461     0.1410     0.1191     0.1814     0.1631     0.1747     0.1528     0.1636     0.1417     0.1767     0.1575     0.1204     0.0437     0.2465     0.2372 
           Variation              
I/O                        0.0005     0.0008     0.0008     0.0008     0.0007     0.0007     0.0007     0.0008     0.0007     0.0007     0.0007     0.0008     0.0007     0.0007     0.0005     0.0003     0.0009     0.0009 
Reduction                  0.0000     0.0000     0.0000     0.0000     0.0000     0.0000     0.0000     0.0000     0.0000     0.0000     0.0000     0.0000     0.0000     0.0000     0.0000     0.0000     0.0000     0.0000 
Remote access              0.1380     0.1362     0.1293     0.1279     0.1176     0.1165     0.1300     0.1285     0.1231     0.1212     0.1271     0.1255     0.1247     0.1227     0.0705     0.0159     0.1632     0.1670 
           Overlap                
Reduction                  0.0000     0.0000     0.0000     0.0000     0.0000     0.0000     0.0000     0.0000     0.0000     0.0000     0.0000     0.0000     0.0000     0.0000     0.0000     0.0000     0.0000     0.0000 
Remote access              0.0000     0.0000     0.0000     0.0000     0.0000     0.0000     0.0000     0.0000     0.0000     0.0000     0.0000     0.0000     0.0000     0.0000     0.0001     0.0001     0.0000     0.0000 


-------------------------------------------------------------------------
Name (number) and performance time of processors
omp.keldysh.ru(1) 0.935637
omp.keldysh.ru(2) 0.935579
omp.keldysh.ru(3) 0.957708
omp.keldysh.ru(4) 0.958087
omp.keldysh.ru(5) 0.955804
omp.keldysh.ru(6) 0.955794
omp.keldysh.ru(7) 0.955324
omp.keldysh.ru(8) 0.955293
omp.keldysh.ru(9) 0.958709
omp.keldysh.ru(10) 0.958733
omp.keldysh.ru(11) 0.960320
omp.keldysh.ru(12) 0.960336
omp.keldysh.ru(13) 0.958689
omp.keldysh.ru(14) 0.958684
omp.keldysh.ru(15) 0.956364
omp.keldysh.ru(16) 0.956352
omp.keldysh.ru(17) 0.957176
omp.keldysh.ru(18) 0.957153
min - omp.keldysh.ru(2) 0.935579; max - omp.keldysh.ru(12) 0.960336; mid - 0.955097
