Processor system=1*2*3*3
Statistics has been accumulated on DVM-system version 5.0, platform DVM
Analyzer is executing on DVM-system version 5.0, platform DVM
-------------------------------------------------------------------------
INTERVAL ( NLINE=7 SOURCE=rem43.f ) LEVEL=0  EXE_COUNT=2
--- The main characteristics --- 
Parallelization efficiency      0.0456 
Execution time                  0.3899 
Processors                          18
Threads amount                      18
Total time                      7.0189
Productive time                 0.3204 ( CPU= 0.0175 Sys= 0.3028 I/O= 0.0000 )
Lost  time                      6.6985 
   Insufficient parallelism     5.4080 ( User= 0.2592 Sys= 5.1488 )
   Communication                1.2746 ( Real_sync= 0.0000 Starts= 0.0000 )
   Idle time                    0.0159
Load imbalance                  0.0377
Synchronization                 1.5244
Time variation                  0.8408
Overlap                         0.0004
                  Nop   Communic    Synchro  Variation    Overlap 
I/O                17     0.0000     0.0045     0.0075     0.0000 
Reduction           8     0.0103     0.0004     0.0003     0.0000 
Remote access    4155     1.2643     1.5195     0.8329     0.0004 
--- The comparative characteristics --- 
                              Tmin N proc      Tmax N proc      Tmid
Lost time                   0.3700    16     0.3782    17     0.3721 
User insufficient par.      0.0124    17     0.0165    16     0.0144 
Sys.insufficient par.       0.1857    17     0.3194    16     0.2860 
Idle time                   0.0000    13     0.0011     3     0.0009 
Communication               0.0331    16     0.1791    17     0.0708 
Synchronization             0.0245    16     0.1965    17     0.0847 
Variation                   0.0287    15     0.1349    17     0.0467 
Overlap                     0.0000     3     0.0001    16     0.0000 
Load imbalance              0.0000    16     0.0081    17     0.0021 
Execution time              0.3888     3     0.3899    13     0.3891 
User CPU time               0.0008    17     0.0011    16     0.0010 
Sys. CPU time               0.0109    17     0.0188    16     0.0168 
I/O time                    0.0000     8     0.0000     1     0.0000 
Processors                      18     1         18    18         18 
                      Communic          Synchro        Variation          Overlap  
I/O             Tmin    0.0000     1     0.0002    15     0.0001     1     0.0000     1 
I/O             Tmax    0.0000    18     0.0006    17     0.0007    17     0.0000    18 
I/O             Tmid    0.0000           0.0003           0.0004           0.0000       
Reduction       Tmin    0.0004     5     0.0000     6     0.0000     6     0.0000     1 
Reduction       Tmax    0.0011    18     0.0000    13     0.0000    10     0.0000    18 
Reduction       Tmid    0.0006           0.0000           0.0000           0.0000       
Remote access   Tmin    0.0325    16     0.0243    16     0.0284    15     0.0000     3 
Remote access   Tmax    0.1780    17     0.1959    17     0.1341    17     0.0001    16 
Remote access   Tmid    0.0702           0.0844           0.0463           0.0000       
--- The execution characteristics --- 
                                1          2          3          4          5          6          7          8          9         10         11         12         13         14         15         16         17         18 
Lost time                  0.3718     0.3718     0.3718     0.3719     0.3718     0.3719     0.3706     0.3706     0.3707     0.3719     0.3716     0.3717     0.3712     0.3713     0.3715     0.3700     0.3782     0.3782 
User insufficient par.     0.0137     0.0136     0.0138     0.0134     0.0138     0.0138     0.0151     0.0152     0.0151     0.0146     0.0149     0.0148     0.0157     0.0152     0.0150     0.0165     0.0124     0.0125 
Sys.insufficient par.      0.2928     0.2918     0.2926     0.2910     0.2917     0.2912     0.3114     0.3111     0.3096     0.2908     0.2939     0.2932     0.3000     0.2994     0.2967     0.3194     0.1857     0.1862 
Idle time                  0.0010     0.0009     0.0011     0.0011     0.0009     0.0009     0.0011     0.0009     0.0010     0.0009     0.0010     0.0009     0.0000     0.0004     0.0010     0.0010     0.0010     0.0009 
Communication              0.0643     0.0654     0.0643     0.0663     0.0654     0.0660     0.0431     0.0435     0.0450     0.0655     0.0618     0.0628     0.0555     0.0562     0.0588     0.0331     0.1791     0.1786 
Synchronization            0.0873     0.0869     0.0940     0.0902     0.0875     0.0881     0.0381     0.0378     0.0628     0.0832     0.0779     0.0777     0.0668     0.0665     0.0638     0.0245     0.1965     0.1947 
Variation                  0.0307     0.0301     0.0380     0.0319     0.0318     0.0323     0.0343     0.0340     0.0564     0.0406     0.0387     0.0382     0.0322     0.0322     0.0287     0.0423     0.1349     0.1335 
Overlap                    0.0000     0.0000     0.0000     0.0000     0.0000     0.0000     0.0000     0.0001     0.0000     0.0000     0.0000     0.0000     0.0000     0.0000     0.0001     0.0001     0.0000     0.0000 
Load imbalance             0.0017     0.0018     0.0017     0.0019     0.0018     0.0018     0.0006     0.0006     0.0007     0.0018     0.0016     0.0016     0.0012     0.0013     0.0014     0.0000     0.0081     0.0081 
Execution time             0.3890     0.3890     0.3888     0.3889     0.3890     0.3890     0.3889     0.3890     0.3889     0.3891     0.3890     0.3890     0.3899     0.3895     0.3889     0.3889     0.3889     0.3891 
User CPU time              0.0009     0.0009     0.0009     0.0009     0.0009     0.0009     0.0010     0.0010     0.0010     0.0010     0.0010     0.0010     0.0010     0.0010     0.0010     0.0011     0.0008     0.0008 
Sys. CPU time              0.0172     0.0172     0.0172     0.0171     0.0172     0.0171     0.0183     0.0183     0.0182     0.0171     0.0173     0.0172     0.0176     0.0176     0.0175     0.0188     0.0109     0.0110 
I/O time                   0.0000     0.0000     0.0000     0.0000     0.0000     0.0000     0.0000     0.0000     0.0000     0.0000     0.0000     0.0000     0.0000     0.0000     0.0000     0.0000     0.0000     0.0000 
Processors                     18         18         18         18         18         18         18         18         18         18         18         18         18         18         18         18         18         18 
           Communication          
Reduction                  0.0005     0.0005     0.0005     0.0005     0.0004     0.0004     0.0006     0.0006     0.0007     0.0005     0.0005     0.0005     0.0004     0.0005     0.0005     0.0006     0.0011     0.0011 
Remote access              0.0638     0.0650     0.0639     0.0659     0.0650     0.0655     0.0425     0.0428     0.0443     0.0650     0.0613     0.0623     0.0551     0.0558     0.0583     0.0325     0.1780     0.1774 
           Synchronization        
I/O                        0.0002     0.0002     0.0002     0.0002     0.0002     0.0002     0.0002     0.0002     0.0003     0.0002     0.0002     0.0002     0.0002     0.0002     0.0002     0.0002     0.0006     0.0005 
Reduction                  0.0000     0.0000     0.0000     0.0000     0.0000     0.0000     0.0000     0.0000     0.0000     0.0000     0.0000     0.0000     0.0000     0.0000     0.0000     0.0000     0.0000     0.0000 
Remote access              0.0871     0.0867     0.0938     0.0900     0.0872     0.0879     0.0379     0.0376     0.0626     0.0830     0.0777     0.0775     0.0666     0.0663     0.0636     0.0243     0.1959     0.1941 
           Variation              
I/O                        0.0001     0.0004     0.0004     0.0004     0.0004     0.0004     0.0004     0.0004     0.0004     0.0004     0.0004     0.0004     0.0004     0.0004     0.0003     0.0004     0.0007     0.0007 
Reduction                  0.0000     0.0000     0.0000     0.0000     0.0000     0.0000     0.0000     0.0000     0.0000     0.0000     0.0000     0.0000     0.0000     0.0000     0.0000     0.0000     0.0000     0.0000 
Remote access              0.0306     0.0297     0.0376     0.0314     0.0314     0.0319     0.0339     0.0336     0.0559     0.0402     0.0383     0.0378     0.0318     0.0318     0.0284     0.0419     0.1341     0.1327 
           Overlap                
Reduction                  0.0000     0.0000     0.0000     0.0000     0.0000     0.0000     0.0000     0.0000     0.0000     0.0000     0.0000     0.0000     0.0000     0.0000     0.0000     0.0000     0.0000     0.0000 
Remote access              0.0000     0.0000     0.0000     0.0000     0.0000     0.0000     0.0000     0.0001     0.0000     0.0000     0.0000     0.0000     0.0000     0.0000     0.0001     0.0001     0.0000     0.0000 


-------------------------------------------------------------------------
Name (number) and performance time of processors
omp.keldysh.ru(1) 0.935489
omp.keldysh.ru(2) 0.935432
omp.keldysh.ru(3) 0.960644
omp.keldysh.ru(4) 0.960675
omp.keldysh.ru(5) 0.957894
omp.keldysh.ru(6) 0.957882
omp.keldysh.ru(7) 0.935400
omp.keldysh.ru(8) 0.935377
omp.keldysh.ru(9) 0.958460
omp.keldysh.ru(10) 0.958462
omp.keldysh.ru(11) 0.959136
omp.keldysh.ru(12) 0.959133
omp.keldysh.ru(13) 0.956259
omp.keldysh.ru(14) 0.956262
omp.keldysh.ru(15) 0.958880
omp.keldysh.ru(16) 0.958575
omp.keldysh.ru(17) 0.959896
omp.keldysh.ru(18) 0.959904
min - omp.keldysh.ru(8) 0.935377; max - omp.keldysh.ru(4) 0.960675; mid - 0.953542
