Processor system=4*2*2*1
Statistics has been accumulated on DVM-system version 5.0, platform DVM
Analyzer is executing on DVM-system version 5.0, platform DVM
-------------------------------------------------------------------------
INTERVAL ( NLINE=7 SOURCE=reda43.f ) LEVEL=0  EXE_COUNT=1
--- The main characteristics --- 
Parallelization efficiency      0.0530 
Execution time                  0.0073 
Processors                          16
Threads amount                      16
Total time                      0.1165
Productive time                 0.0062 ( CPU= 0.0057 Sys= 0.0004 I/O= 0.0000 )
Lost  time                      0.1103 
   Insufficient parallelism     0.0858 ( User= 0.0791 Sys= 0.0067 )
   Communication                0.0071 ( Real_sync= 0.0000 Starts= 0.0000 )
   Idle time                    0.0175
Load imbalance                  0.0013
Synchronization                 0.0075
Time variation                  0.0055
Overlap                         0.0001
                  Nop   Communic    Synchro  Variation    Overlap 
I/O                 6     0.0000     0.0013     0.0034     0.0000 
Reduction           4     0.0028     0.0009     0.0004     0.0001 
Remote access      21     0.0043     0.0053     0.0017     0.0000 
--- The comparative characteristics --- 
                              Tmin N proc      Tmax N proc      Tmid
Lost time                   0.0068     5     0.0070    13     0.0069 
User insufficient par.      0.0042    13     0.0060     6     0.0049 
Sys.insufficient par.       0.0003    14     0.0006     1     0.0004 
Idle time                   0.0000     5     0.0017     3     0.0011 
Communication               0.0003     1     0.0007    14     0.0004 
Synchronization             0.0001     1     0.0007    14     0.0005 
Variation                   0.0001     1     0.0005     3     0.0003 
Overlap                     0.0000    13     0.0000    12     0.0000 
Load imbalance              0.0000     5     0.0001    13     0.0001 
Execution time              0.0055     3     0.0073     5     0.0062 
User CPU time               0.0003    13     0.0004     5     0.0004 
Sys. CPU time               0.0000    14     0.0000     9     0.0000 
I/O time                    0.0000    10     0.0000     1     0.0000 
Processors                      16     1         16    16         16 
                      Communic          Synchro        Variation          Overlap  
I/O             Tmin    0.0000     1     0.0000    10     0.0001     1     0.0000     1 
I/O             Tmax    0.0000    16     0.0001     3     0.0003     3     0.0000    16 
I/O             Tmid    0.0000           0.0001           0.0002           0.0000       
Reduction       Tmin    0.0001     1     0.0000     1     0.0000    12     0.0000    13 
Reduction       Tmax    0.0002     4     0.0001     4     0.0000     1     0.0000    12 
Reduction       Tmid    0.0002           0.0001           0.0000           0.0000       
Remote access   Tmin    0.0001     7     0.0000     1     0.0000     1     0.0000     2 
Remote access   Tmax    0.0006    14     0.0006    14     0.0002     2     0.0000     1 
Remote access   Tmid    0.0003           0.0003           0.0001           0.0000       
--- The execution characteristics --- 
                                1          2          3          4          5          6          7          8          9         10         11         12         13         14         15         16 
Lost time                  0.0069     0.0069     0.0069     0.0069     0.0068     0.0068     0.0069     0.0068     0.0068     0.0068     0.0069     0.0069     0.0070     0.0069     0.0069     0.0069 
User insufficient par.     0.0044     0.0044     0.0044     0.0044     0.0060     0.0060     0.0045     0.0055     0.0057     0.0058     0.0045     0.0044     0.0042     0.0050     0.0050     0.0048 
Sys.insufficient par.      0.0006     0.0004     0.0004     0.0004     0.0004     0.0004     0.0004     0.0004     0.0004     0.0004     0.0004     0.0004     0.0003     0.0003     0.0003     0.0004 
Idle time                  0.0017     0.0017     0.0017     0.0017     0.0000     0.0000     0.0017     0.0006     0.0003     0.0003     0.0016     0.0017     0.0017     0.0008     0.0008     0.0011 
Communication              0.0003     0.0004     0.0004     0.0004     0.0004     0.0004     0.0003     0.0003     0.0004     0.0003     0.0004     0.0004     0.0007     0.0007     0.0007     0.0007 
Synchronization            0.0001     0.0005     0.0005     0.0005     0.0004     0.0005     0.0004     0.0004     0.0004     0.0003     0.0004     0.0003     0.0007     0.0007     0.0007     0.0006 
Variation                  0.0001     0.0005     0.0005     0.0005     0.0004     0.0004     0.0004     0.0004     0.0003     0.0003     0.0003     0.0002     0.0003     0.0003     0.0003     0.0003 
Overlap                    0.0000     0.0000     0.0000     0.0000     0.0000     0.0000     0.0000     0.0000     0.0000     0.0000     0.0000     0.0000     0.0000     0.0000     0.0000     0.0000 
Load imbalance             0.0001     0.0001     0.0001     0.0001     0.0000     0.0000     0.0001     0.0000     0.0000     0.0000     0.0001     0.0001     0.0001     0.0001     0.0001     0.0001 
Execution time             0.0056     0.0056     0.0055     0.0056     0.0073     0.0073     0.0056     0.0067     0.0070     0.0070     0.0056     0.0056     0.0056     0.0064     0.0065     0.0062 
User CPU time              0.0003     0.0003     0.0003     0.0003     0.0004     0.0004     0.0003     0.0004     0.0004     0.0004     0.0003     0.0003     0.0003     0.0004     0.0004     0.0003 
Sys. CPU time              0.0000     0.0000     0.0000     0.0000     0.0000     0.0000     0.0000     0.0000     0.0000     0.0000     0.0000     0.0000     0.0000     0.0000     0.0000     0.0000 
I/O time                   0.0000     0.0000     0.0000     0.0000     0.0000     0.0000     0.0000     0.0000     0.0000     0.0000     0.0000     0.0000     0.0000     0.0000     0.0000     0.0000 
Processors                     16         16         16         16         16         16         16         16         16         16         16         16         16         16         16         16 
           Communication          
Reduction                  0.0001     0.0002     0.0002     0.0002     0.0002     0.0002     0.0002     0.0002     0.0002     0.0002     0.0002     0.0001     0.0002     0.0002     0.0002     0.0002 
Remote access              0.0002     0.0002     0.0002     0.0002     0.0002     0.0002     0.0001     0.0001     0.0002     0.0002     0.0002     0.0002     0.0005     0.0006     0.0005     0.0005 
           Synchronization        
I/O                        0.0001     0.0001     0.0001     0.0001     0.0001     0.0001     0.0001     0.0001     0.0001     0.0000     0.0001     0.0001     0.0001     0.0001     0.0001     0.0001 
Reduction                  0.0000     0.0001     0.0001     0.0001     0.0001     0.0001     0.0001     0.0001     0.0001     0.0001     0.0001     0.0000     0.0001     0.0000     0.0000     0.0000 
Remote access              0.0000     0.0004     0.0003     0.0003     0.0003     0.0003     0.0002     0.0002     0.0003     0.0002     0.0002     0.0002     0.0005     0.0006     0.0005     0.0005 
           Variation              
I/O                        0.0001     0.0002     0.0003     0.0003     0.0002     0.0002     0.0002     0.0002     0.0002     0.0002     0.0002     0.0002     0.0002     0.0002     0.0002     0.0002 
Reduction                  0.0000     0.0000     0.0000     0.0000     0.0000     0.0000     0.0000     0.0000     0.0000     0.0000     0.0000     0.0000     0.0000     0.0000     0.0000     0.0000 
Remote access              0.0000     0.0002     0.0002     0.0002     0.0002     0.0002     0.0001     0.0001     0.0001     0.0001     0.0001     0.0000     0.0001     0.0000     0.0000     0.0000 
           Overlap                
Reduction                  0.0000     0.0000     0.0000     0.0000     0.0000     0.0000     0.0000     0.0000     0.0000     0.0000     0.0000     0.0000     0.0000     0.0000     0.0000     0.0000 
Remote access              0.0000     0.0000     0.0000     0.0000     0.0000     0.0000     0.0000     0.0000     0.0000     0.0000     0.0000     0.0000     0.0000     0.0000     0.0000     0.0000 


-------------------------------------------------------------------------
Name (number) and performance time of processors
omp.keldysh.ru(1) 0.935419
omp.keldysh.ru(2) 0.935351
omp.keldysh.ru(3) 0.958117
omp.keldysh.ru(4) 0.958162
omp.keldysh.ru(5) 0.935348
omp.keldysh.ru(6) 0.935341
omp.keldysh.ru(7) 0.957924
omp.keldysh.ru(8) 0.957928
omp.keldysh.ru(9) 0.961214
omp.keldysh.ru(10) 0.960984
omp.keldysh.ru(11) 0.957711
omp.keldysh.ru(12) 0.957679
omp.keldysh.ru(13) 0.957254
omp.keldysh.ru(14) 0.957234
omp.keldysh.ru(15) 0.958103
omp.keldysh.ru(16) 0.958080
min - omp.keldysh.ru(6) 0.935341; max - omp.keldysh.ru(9) 0.961214; mid - 0.952615
