Processor system=3*3*1*2
Statistics has been accumulated on DVM-system version 5.0, platform DVM
Analyzer is executing on DVM-system version 5.0, platform DVM
-------------------------------------------------------------------------
INTERVAL ( NLINE=7 SOURCE=acr42.f ) LEVEL=0  EXE_COUNT=2
--- The main characteristics --- 
Parallelization efficiency      0.0532 
Execution time                  0.8780 
Processors                          18
Threads amount                      18
Total time                     15.8040
Productive time                 0.8412 ( CPU= 0.8367 Sys= 0.0044 I/O= 0.0000 )
Lost  time                     14.9628 
   Insufficient parallelism    14.3004 ( User= 14.2245 Sys= 0.0759 )
   Communication                0.0048 ( Real_sync= 0.0000 Starts= 0.0000 )
   Idle time                    0.6576
Load imbalance                  0.0366
Synchronization                 4.3872
Time variation                  4.3890
Overlap                         0.0042
                  Nop   Communic    Synchro  Variation    Overlap 
I/O                12     0.0000     1.3858     1.3876     0.0000 
Reduction          10     0.0048     0.7089     0.7089     0.0000 
Shadow             28     0.0000     2.2925     2.2925     0.0042 
--- The comparative characteristics --- 
                              Tmin N proc      Tmax N proc      Tmid
Lost time                   0.8292     4     0.8442    17     0.8313 
User insufficient par.      0.5732    17     0.8244     4     0.7903 
Sys.insufficient par.       0.0023    17     0.0052     1     0.0042 
Idle time                   0.0000     4     0.2683    17     0.0365 
Communication               0.0002     3     0.0004    17     0.0003 
Synchronization             0.0049     4     1.6833    17     0.2437 
Variation                   0.0050     4     1.6834    17     0.2438 
Overlap                     0.0000    17     0.0004    16     0.0002 
Load imbalance              0.0000     4     0.0149    17     0.0020 
Execution time              0.6097    17     0.8780     4     0.8415 
User CPU time               0.0337    17     0.0485     4     0.0465 
Sys. CPU time               0.0001    17     0.0003    11     0.0002 
I/O time                    0.0000     8     0.0000     1     0.0000 
Processors                      18     1         18    18         18 
                      Communic          Synchro        Variation          Overlap  
I/O             Tmin    0.0000     1     0.0011     4     0.0012     4     0.0000     1 
I/O             Tmax    0.0000    18     0.5505    17     0.5506    17     0.0000    18 
I/O             Tmid    0.0000           0.0770           0.0771           0.0000       
Reduction       Tmin    0.0002     3     0.0010     4     0.0010     4     0.0000     1 
Reduction       Tmax    0.0004    17     0.2797    17     0.2797    17     0.0000    18 
Reduction       Tmid    0.0003           0.0394           0.0394           0.0000       
Shadow          Tmin    0.0000     1     0.0028     4     0.0028     4     0.0000    17 
Shadow          Tmax    0.0000    18     0.8531    17     0.8531    17     0.0004    16 
Shadow          Tmid    0.0000           0.1274           0.1274           0.0002       
--- The execution characteristics --- 
                                1          2          3          4          5          6          7          8          9         10         11         12         13         14         15         16         17         18 
Lost time                  0.8300     0.8296     0.8293     0.8292     0.8296     0.8302     0.8293     0.8293     0.8294     0.8293     0.8303     0.8296     0.8303     0.8296     0.8294     0.8306     0.8442     0.8436 
User insufficient par.     0.8105     0.8184     0.8237     0.8244     0.8185     0.8091     0.8233     0.8235     0.8224     0.8228     0.8063     0.8183     0.8060     0.8185     0.8225     0.8019     0.5732     0.5813 
Sys.insufficient par.      0.0052     0.0041     0.0049     0.0046     0.0039     0.0042     0.0046     0.0047     0.0044     0.0045     0.0050     0.0042     0.0049     0.0040     0.0034     0.0041     0.0023     0.0030 
Idle time                  0.0141     0.0069     0.0004     0.0000     0.0069     0.0166     0.0012     0.0008     0.0023     0.0018     0.0188     0.0069     0.0191     0.0069     0.0032     0.0243     0.2683     0.2590 
Communication              0.0002     0.0003     0.0002     0.0002     0.0003     0.0003     0.0003     0.0003     0.0002     0.0002     0.0003     0.0003     0.0002     0.0003     0.0003     0.0003     0.0004     0.0004 
Synchronization            0.1356     0.0538     0.0141     0.0049     0.0593     0.1329     0.0139     0.0142     0.0230     0.0211     0.1421     0.0595     0.1451     0.0670     0.0171     0.1716     1.6833     1.6289 
Variation                  0.1353     0.0539     0.0143     0.0050     0.0594     0.1330     0.0140     0.0144     0.0231     0.0212     0.1422     0.0597     0.1452     0.0671     0.0172     0.1717     1.6834     1.6290 
Overlap                    0.0003     0.0002     0.0002     0.0004     0.0002     0.0002     0.0002     0.0002     0.0002     0.0002     0.0002     0.0003     0.0002     0.0002     0.0004     0.0004     0.0000     0.0000 
Load imbalance             0.0008     0.0004     0.0000     0.0000     0.0004     0.0009     0.0001     0.0000     0.0001     0.0001     0.0010     0.0004     0.0011     0.0004     0.0002     0.0014     0.0149     0.0144 
Execution time             0.8639     0.8711     0.8776     0.8780     0.8711     0.8614     0.8768     0.8772     0.8757     0.8762     0.8592     0.8711     0.8589     0.8711     0.8748     0.8537     0.6097     0.6190 
User CPU time              0.0477     0.0481     0.0485     0.0485     0.0481     0.0476     0.0484     0.0484     0.0484     0.0484     0.0474     0.0481     0.0474     0.0481     0.0484     0.0472     0.0337     0.0342 
Sys. CPU time              0.0003     0.0002     0.0003     0.0003     0.0002     0.0002     0.0003     0.0003     0.0003     0.0003     0.0003     0.0002     0.0003     0.0002     0.0002     0.0002     0.0001     0.0002 
I/O time                   0.0000     0.0000     0.0000     0.0000     0.0000     0.0000     0.0000     0.0000     0.0000     0.0000     0.0000     0.0000     0.0000     0.0000     0.0000     0.0000     0.0000     0.0000 
Processors                     18         18         18         18         18         18         18         18         18         18         18         18         18         18         18         18         18         18 
           Communication          
Reduction                  0.0002     0.0003     0.0002     0.0002     0.0003     0.0003     0.0003     0.0003     0.0002     0.0002     0.0003     0.0003     0.0002     0.0003     0.0003     0.0003     0.0004     0.0004 
           Synchronization        
I/O                        0.0401     0.0156     0.0017     0.0011     0.0171     0.0401     0.0020     0.0019     0.0041     0.0035     0.0418     0.0169     0.0424     0.0197     0.0048     0.0520     0.5505     0.5307 
Reduction                  0.0210     0.0074     0.0016     0.0010     0.0082     0.0207     0.0017     0.0017     0.0029     0.0027     0.0222     0.0084     0.0224     0.0097     0.0020     0.0257     0.2797     0.2697 
Shadow                     0.0744     0.0307     0.0108     0.0028     0.0340     0.0721     0.0102     0.0106     0.0160     0.0149     0.0781     0.0342     0.0802     0.0376     0.0104     0.0939     0.8531     0.8284 
           Variation              
I/O                        0.0398     0.0158     0.0018     0.0012     0.0172     0.0402     0.0021     0.0021     0.0042     0.0036     0.0419     0.0170     0.0426     0.0198     0.0049     0.0521     0.5506     0.5308 
Reduction                  0.0210     0.0074     0.0016     0.0010     0.0082     0.0207     0.0017     0.0017     0.0029     0.0027     0.0222     0.0084     0.0224     0.0097     0.0020     0.0257     0.2797     0.2697 
Shadow                     0.0744     0.0307     0.0108     0.0028     0.0340     0.0721     0.0102     0.0106     0.0160     0.0149     0.0781     0.0342     0.0802     0.0376     0.0104     0.0939     0.8531     0.8284 
           Overlap                
Shadow                     0.0003     0.0002     0.0002     0.0004     0.0002     0.0002     0.0002     0.0002     0.0002     0.0002     0.0002     0.0003     0.0002     0.0002     0.0004     0.0004     0.0000     0.0000 


-------------------------------------------------------------------------
Name (number) and performance time of processors
omp.keldysh.ru(1) 0.934050
omp.keldysh.ru(2) 0.933995
omp.keldysh.ru(3) 0.934117
omp.keldysh.ru(4) 0.934370
omp.keldysh.ru(5) 0.950434
omp.keldysh.ru(6) 0.950413
omp.keldysh.ru(7) 0.952024
omp.keldysh.ru(8) 0.952025
omp.keldysh.ru(9) 0.954387
omp.keldysh.ru(10) 0.954398
omp.keldysh.ru(11) 0.950442
omp.keldysh.ru(12) 0.950508
omp.keldysh.ru(13) 0.953830
omp.keldysh.ru(14) 0.953854
omp.keldysh.ru(15) 0.953972
omp.keldysh.ru(16) 0.953946
omp.keldysh.ru(17) 0.950757
omp.keldysh.ru(18) 0.950453
min - omp.keldysh.ru(2) 0.933995; max - omp.keldysh.ru(10) 0.954398; mid - 0.948221
