Processor system=1*6*3*1
Statistics has been accumulated on DVM-system version 5.0, platform DVM
Analyzer is executing on DVM-system version 5.0, platform DVM
-------------------------------------------------------------------------
INTERVAL ( NLINE=5 SOURCE=distr4.f ) LEVEL=0  EXE_COUNT=2
--- The main characteristics --- 
Parallelization efficiency      0.0597 
Execution time                  0.0063 
Processors                          18
Threads amount                      18
Total time                      0.1140
Productive time                 0.0068 ( CPU= 0.0061 Sys= 0.0007 I/O= 0.0000 )
Lost  time                      0.1072 
   Insufficient parallelism     0.0939 ( User= 0.0815 Sys= 0.0124 )
   Communication                0.0129 ( Real_sync= 0.0000 Starts= 0.0000 )
   Idle time                    0.0004
Load imbalance                  0.0004
Synchronization                 0.0064
Time variation                  0.0093
Overlap                         0.0000
                  Nop   Communic    Synchro  Variation    Overlap 
I/O                 6     0.0000     0.0018     0.0040     0.0000 
Reduction           5     0.0073     0.0008     0.0009     0.0000 
Redistribution      5     0.0056     0.0038     0.0044     0.0000 
--- The comparative characteristics --- 
                              Tmin N proc      Tmax N proc      Tmid
Lost time                   0.0059     6     0.0060    18     0.0060 
User insufficient par.      0.0042    17     0.0046     7     0.0045 
Sys.insufficient par.       0.0005    17     0.0008     1     0.0007 
Idle time                   0.0000     7     0.0001    14     0.0000 
Communication               0.0006     1     0.0013    17     0.0007 
Synchronization             0.0001     4     0.0009    17     0.0004 
Variation                   0.0003     1     0.0010    17     0.0005 
Overlap                     0.0000     1     0.0000     6     0.0000 
Load imbalance              0.0000     6     0.0001    18     0.0000 
Execution time              0.0062    14     0.0063    10     0.0063 
User CPU time               0.0003    18     0.0004     6     0.0003 
Sys. CPU time               0.0000    17     0.0000    11     0.0000 
I/O time                    0.0000    12     0.0000     1     0.0000 
Processors                      18     1         18    18         18 
                      Communic          Synchro        Variation          Overlap  
I/O             Tmin    0.0000     1     0.0000     4     0.0000     1     0.0000     1 
I/O             Tmax    0.0000    18     0.0002    10     0.0003     8     0.0000    18 
I/O             Tmid    0.0000           0.0001           0.0002           0.0000       
Reduction       Tmin    0.0003    12     0.0000     4     0.0000     4     0.0000     1 
Reduction       Tmax    0.0008    17     0.0001    18     0.0001    18     0.0000     6 
Reduction       Tmid    0.0004           0.0000           0.0001           0.0000       
Redistribution  Tmin    0.0002     1     0.0000     1     0.0001    15     0.0000     1 
Redistribution  Tmax    0.0004    17     0.0007    17     0.0007    17     0.0000    18 
Redistribution  Tmid    0.0003           0.0002           0.0002           0.0000       
--- The execution characteristics --- 
                                1          2          3          4          5          6          7          8          9         10         11         12         13         14         15         16         17         18 
Lost time                  0.0059     0.0059     0.0059     0.0059     0.0059     0.0059     0.0059     0.0060     0.0059     0.0060     0.0059     0.0060     0.0060     0.0060     0.0060     0.0060     0.0060     0.0060 
User insufficient par.     0.0046     0.0046     0.0046     0.0046     0.0046     0.0046     0.0046     0.0046     0.0046     0.0046     0.0045     0.0046     0.0045     0.0045     0.0046     0.0046     0.0042     0.0042 
Sys.insufficient par.      0.0008     0.0007     0.0007     0.0007     0.0007     0.0007     0.0007     0.0007     0.0007     0.0007     0.0007     0.0007     0.0007     0.0007     0.0007     0.0007     0.0005     0.0005 
Idle time                  0.0000     0.0000     0.0000     0.0000     0.0000     0.0000     0.0000     0.0000     0.0000     0.0000     0.0000     0.0000     0.0001     0.0001     0.0000     0.0000     0.0000     0.0000 
Communication              0.0006     0.0007     0.0006     0.0006     0.0006     0.0006     0.0006     0.0007     0.0006     0.0007     0.0006     0.0007     0.0007     0.0007     0.0007     0.0007     0.0013     0.0013 
Synchronization            0.0002     0.0003     0.0002     0.0001     0.0002     0.0002     0.0004     0.0004     0.0004     0.0004     0.0004     0.0004     0.0003     0.0003     0.0003     0.0003     0.0009     0.0009 
Variation                  0.0003     0.0006     0.0003     0.0004     0.0003     0.0004     0.0006     0.0006     0.0006     0.0005     0.0005     0.0005     0.0005     0.0004     0.0003     0.0004     0.0010     0.0010 
Overlap                    0.0000     0.0000     0.0000     0.0000     0.0000     0.0000     0.0000     0.0000     0.0000     0.0000     0.0000     0.0000     0.0000     0.0000     0.0000     0.0000     0.0000     0.0000 
Load imbalance             0.0000     0.0000     0.0000     0.0000     0.0000     0.0000     0.0000     0.0000     0.0000     0.0000     0.0000     0.0000     0.0000     0.0000     0.0000     0.0000     0.0001     0.0001 
Execution time             0.0063     0.0063     0.0063     0.0063     0.0063     0.0063     0.0063     0.0063     0.0063     0.0063     0.0063     0.0063     0.0062     0.0062     0.0063     0.0063     0.0063     0.0063 
User CPU time              0.0003     0.0004     0.0004     0.0004     0.0004     0.0004     0.0003     0.0003     0.0003     0.0003     0.0003     0.0003     0.0003     0.0003     0.0003     0.0003     0.0003     0.0003 
Sys. CPU time              0.0000     0.0000     0.0000     0.0000     0.0000     0.0000     0.0000     0.0000     0.0000     0.0000     0.0000     0.0000     0.0000     0.0000     0.0000     0.0000     0.0000     0.0000 
I/O time                   0.0000     0.0000     0.0000     0.0000     0.0000     0.0000     0.0000     0.0000     0.0000     0.0000     0.0000     0.0000     0.0000     0.0000     0.0000     0.0000     0.0000     0.0000 
Processors                     18         18         18         18         18         18         18         18         18         18         18         18         18         18         18         18         18         18 
           Communication          
Reduction                  0.0004     0.0005     0.0004     0.0004     0.0003     0.0003     0.0003     0.0004     0.0004     0.0003     0.0003     0.0003     0.0004     0.0003     0.0003     0.0003     0.0008     0.0008 
Redistribution             0.0002     0.0002     0.0003     0.0003     0.0003     0.0003     0.0003     0.0003     0.0003     0.0003     0.0003     0.0004     0.0003     0.0004     0.0004     0.0004     0.0004     0.0004 
           Synchronization        
I/O                        0.0001     0.0001     0.0000     0.0000     0.0000     0.0000     0.0001     0.0002     0.0001     0.0002     0.0001     0.0001     0.0001     0.0001     0.0001     0.0001     0.0002     0.0002 
Reduction                  0.0000     0.0000     0.0000     0.0000     0.0000     0.0000     0.0001     0.0001     0.0001     0.0001     0.0001     0.0001     0.0000     0.0000     0.0000     0.0000     0.0001     0.0001 
Redistribution             0.0000     0.0002     0.0001     0.0001     0.0001     0.0001     0.0002     0.0002     0.0002     0.0001     0.0002     0.0002     0.0002     0.0002     0.0002     0.0002     0.0007     0.0007 
           Variation              
I/O                        0.0000     0.0002     0.0002     0.0001     0.0002     0.0002     0.0003     0.0003     0.0003     0.0003     0.0003     0.0003     0.0002     0.0002     0.0002     0.0002     0.0003     0.0003 
Reduction                  0.0001     0.0001     0.0000     0.0000     0.0000     0.0000     0.0001     0.0001     0.0001     0.0001     0.0001     0.0001     0.0001     0.0000     0.0000     0.0000     0.0001     0.0001 
Redistribution             0.0002     0.0003     0.0002     0.0002     0.0002     0.0002     0.0002     0.0003     0.0002     0.0002     0.0002     0.0002     0.0002     0.0002     0.0001     0.0001     0.0007     0.0006 
           Overlap                
Reduction                  0.0000     0.0000     0.0000     0.0000     0.0000     0.0000     0.0000     0.0000     0.0000     0.0000     0.0000     0.0000     0.0000     0.0000     0.0000     0.0000     0.0000     0.0000 


-------------------------------------------------------------------------
Name (number) and performance time of processors
omp.keldysh.ru(1) 0.933929
omp.keldysh.ru(2) 0.933891
omp.keldysh.ru(3) 0.956267
omp.keldysh.ru(4) 0.956313
omp.keldysh.ru(5) 0.957124
omp.keldysh.ru(6) 0.957136
omp.keldysh.ru(7) 0.958531
omp.keldysh.ru(8) 0.958506
omp.keldysh.ru(9) 0.956339
omp.keldysh.ru(10) 0.956353
omp.keldysh.ru(11) 0.957073
omp.keldysh.ru(12) 0.957096
omp.keldysh.ru(13) 0.933890
omp.keldysh.ru(14) 0.933898
omp.keldysh.ru(15) 0.952121
omp.keldysh.ru(16) 0.951827
omp.keldysh.ru(17) 0.956663
omp.keldysh.ru(18) 0.956620
min - omp.keldysh.ru(13) 0.933890; max - omp.keldysh.ru(7) 0.958531; mid - 0.951310
