Processor system=1*6*1*3
Statistics has been accumulated on DVM-system version 5.0, platform DVM
Analyzer is executing on DVM-system version 5.0, platform DVM
-------------------------------------------------------------------------
INTERVAL ( NLINE=8 SOURCE=red42.f ) LEVEL=0  EXE_COUNT=2
--- The main characteristics --- 
Parallelization efficiency      0.0516 
Execution time                  0.0077 
Processors                          18
Threads amount                      18
Total time                      0.1385
Productive time                 0.0072 ( CPU= 0.0062 Sys= 0.0009 I/O= 0.0000 )
Lost  time                      0.1314 
   Insufficient parallelism     0.1216 ( User= 0.1061 Sys= 0.0155 )
   Communication                0.0047 ( Real_sync= 0.0000 Starts= 0.0000 )
   Idle time                    0.0051
Load imbalance                  0.0003
Synchronization                 0.1014
Time variation                  0.1039
Overlap                         0.0000
                  Nop   Communic    Synchro  Variation    Overlap 
I/O                17     0.0000     0.0375     0.0399     0.0000 
Reduction          15     0.0047     0.0317     0.0317     0.0000 
Remote access      37     0.0000     0.0323     0.0323     0.0000 
--- The comparative characteristics --- 
                              Tmin N proc      Tmax N proc      Tmid
Lost time                   0.0073    15     0.0074    17     0.0073 
User insufficient par.      0.0038    17     0.0062     5     0.0059 
Sys.insufficient par.       0.0006    17     0.0011     1     0.0009 
Idle time                   0.0000     7     0.0027    17     0.0003 
Communication               0.0002     1     0.0003    17     0.0003 
Synchronization             0.0001    16     0.0303    17     0.0056 
Variation                   0.0002    16     0.0305    17     0.0058 
Overlap                     0.0000     2     0.0000    11     0.0000 
Load imbalance              0.0000    15     0.0002    17     0.0000 
Execution time              0.0050    17     0.0077     7     0.0074 
User CPU time               0.0002    17     0.0004     5     0.0003 
Sys. CPU time               0.0000    17     0.0001    15     0.0000 
I/O time                    0.0000    13     0.0000     1     0.0000 
Processors                      18     1         18    18         18 
                      Communic          Synchro        Variation          Overlap  
I/O             Tmin    0.0000     1     0.0000    15     0.0002    15     0.0000     1 
I/O             Tmax    0.0000    18     0.0112    17     0.0113    17     0.0000    18 
I/O             Tmid    0.0000           0.0021           0.0022           0.0000       
Reduction       Tmin    0.0002     1     0.0000    15     0.0000    15     0.0000     2 
Reduction       Tmax    0.0003    17     0.0095    17     0.0095    17     0.0000    11 
Reduction       Tmid    0.0003           0.0018           0.0018           0.0000       
Remote access   Tmin    0.0000     1     0.0000    16     0.0000    16     0.0000     1 
Remote access   Tmax    0.0000    18     0.0096    17     0.0097    17     0.0000    16 
Remote access   Tmid    0.0000           0.0018           0.0018           0.0000       
--- The execution characteristics --- 
                                1          2          3          4          5          6          7          8          9         10         11         12         13         14         15         16         17         18 
Lost time                  0.0073     0.0073     0.0073     0.0073     0.0073     0.0073     0.0073     0.0073     0.0073     0.0073     0.0073     0.0073     0.0073     0.0073     0.0073     0.0073     0.0074     0.0074 
User insufficient par.     0.0060     0.0061     0.0062     0.0062     0.0062     0.0062     0.0061     0.0062     0.0061     0.0061     0.0061     0.0061     0.0062     0.0062     0.0061     0.0061     0.0038     0.0043 
Sys.insufficient par.      0.0011     0.0009     0.0008     0.0008     0.0008     0.0008     0.0009     0.0009     0.0009     0.0009     0.0008     0.0009     0.0009     0.0009     0.0009     0.0009     0.0006     0.0008 
Idle time                  0.0001     0.0000     0.0000     0.0000     0.0000     0.0000     0.0000     0.0000     0.0000     0.0000     0.0001     0.0000     0.0000     0.0000     0.0000     0.0000     0.0027     0.0020 
Communication              0.0002     0.0003     0.0003     0.0003     0.0003     0.0003     0.0003     0.0003     0.0003     0.0003     0.0003     0.0003     0.0003     0.0003     0.0002     0.0002     0.0003     0.0003 
Synchronization            0.0106     0.0088     0.0019     0.0019     0.0022     0.0023     0.0032     0.0030     0.0030     0.0030     0.0043     0.0031     0.0020     0.0020     0.0001     0.0001     0.0303     0.0197 
Variation                  0.0105     0.0089     0.0020     0.0020     0.0024     0.0025     0.0033     0.0032     0.0031     0.0032     0.0045     0.0032     0.0021     0.0022     0.0002     0.0002     0.0305     0.0198 
Overlap                    0.0000     0.0000     0.0000     0.0000     0.0000     0.0000     0.0000     0.0000     0.0000     0.0000     0.0000     0.0000     0.0000     0.0000     0.0000     0.0000     0.0000     0.0000 
Load imbalance             0.0000     0.0000     0.0000     0.0000     0.0000     0.0000     0.0000     0.0000     0.0000     0.0000     0.0000     0.0000     0.0000     0.0000     0.0000     0.0000     0.0002     0.0001 
Execution time             0.0076     0.0077     0.0077     0.0077     0.0077     0.0077     0.0077     0.0077     0.0077     0.0077     0.0076     0.0077     0.0077     0.0077     0.0077     0.0077     0.0050     0.0057 
User CPU time              0.0004     0.0004     0.0004     0.0004     0.0004     0.0004     0.0004     0.0004     0.0004     0.0004     0.0004     0.0004     0.0004     0.0004     0.0004     0.0004     0.0002     0.0003 
Sys. CPU time              0.0000     0.0001     0.0000     0.0000     0.0000     0.0000     0.0001     0.0000     0.0001     0.0001     0.0000     0.0001     0.0001     0.0001     0.0001     0.0001     0.0000     0.0000 
I/O time                   0.0000     0.0000     0.0000     0.0000     0.0000     0.0000     0.0000     0.0000     0.0000     0.0000     0.0000     0.0000     0.0000     0.0000     0.0000     0.0000     0.0000     0.0000 
Processors                     18         18         18         18         18         18         18         18         18         18         18         18         18         18         18         18         18         18 
           Communication          
Reduction                  0.0002     0.0003     0.0003     0.0003     0.0003     0.0003     0.0003     0.0003     0.0003     0.0003     0.0003     0.0003     0.0003     0.0003     0.0002     0.0002     0.0003     0.0003 
           Synchronization        
I/O                        0.0039     0.0032     0.0007     0.0007     0.0008     0.0009     0.0012     0.0011     0.0011     0.0011     0.0017     0.0012     0.0007     0.0007     0.0000     0.0000     0.0112     0.0073 
Reduction                  0.0032     0.0027     0.0006     0.0006     0.0007     0.0007     0.0010     0.0010     0.0010     0.0010     0.0013     0.0009     0.0006     0.0006     0.0000     0.0000     0.0095     0.0061 
Remote access              0.0035     0.0028     0.0006     0.0006     0.0007     0.0007     0.0010     0.0010     0.0009     0.0010     0.0013     0.0010     0.0007     0.0007     0.0000     0.0000     0.0096     0.0063 
           Variation              
I/O                        0.0038     0.0034     0.0008     0.0008     0.0010     0.0010     0.0013     0.0013     0.0012     0.0012     0.0019     0.0013     0.0009     0.0009     0.0002     0.0002     0.0113     0.0074 
Reduction                  0.0032     0.0027     0.0006     0.0006     0.0007     0.0008     0.0010     0.0010     0.0010     0.0010     0.0013     0.0009     0.0006     0.0006     0.0000     0.0000     0.0095     0.0061 
Remote access              0.0034     0.0028     0.0006     0.0006     0.0007     0.0007     0.0010     0.0010     0.0009     0.0009     0.0013     0.0010     0.0007     0.0007     0.0000     0.0000     0.0097     0.0063 
           Overlap                
Reduction                  0.0000     0.0000     0.0000     0.0000     0.0000     0.0000     0.0000     0.0000     0.0000     0.0000     0.0000     0.0000     0.0000     0.0000     0.0000     0.0000     0.0000     0.0000 
Remote access              0.0000     0.0000     0.0000     0.0000     0.0000     0.0000     0.0000     0.0000     0.0000     0.0000     0.0000     0.0000     0.0000     0.0000     0.0000     0.0000     0.0000     0.0000 


-------------------------------------------------------------------------
Name (number) and performance time of processors
omp.keldysh.ru(1) 0.935450
omp.keldysh.ru(2) 0.935358
omp.keldysh.ru(3) 0.959281
omp.keldysh.ru(4) 0.959289
omp.keldysh.ru(5) 0.959178
omp.keldysh.ru(6) 0.959186
omp.keldysh.ru(7) 0.960634
omp.keldysh.ru(8) 0.960637
omp.keldysh.ru(9) 0.959173
omp.keldysh.ru(10) 0.959190
omp.keldysh.ru(11) 0.960128
omp.keldysh.ru(12) 0.960118
omp.keldysh.ru(13) 0.959107
omp.keldysh.ru(14) 0.959502
omp.keldysh.ru(15) 0.954215
omp.keldysh.ru(16) 0.954178
omp.keldysh.ru(17) 0.935428
omp.keldysh.ru(18) 0.935420
min - omp.keldysh.ru(2) 0.935358; max - omp.keldysh.ru(8) 0.960637; mid - 0.953637
