Processor system=6*1*3*1
Statistics has been accumulated on DVM-system version 5.0, platform DVM
Analyzer is executing on DVM-system version 5.0, platform DVM
-------------------------------------------------------------------------
INTERVAL ( NLINE=8 SOURCE=red42.f ) LEVEL=0  EXE_COUNT=2
--- The main characteristics --- 
Parallelization efficiency      0.0421 
Execution time                  0.0117 
Processors                          18
Threads amount                      18
Total time                      0.2099
Productive time                 0.0088 ( CPU= 0.0079 Sys= 0.0009 I/O= 0.0000 )
Lost  time                      0.2011 
   Insufficient parallelism     0.1502 ( User= 0.1348 Sys= 0.0155 )
   Communication                0.0049 ( Real_sync= 0.0000 Starts= 0.0000 )
   Idle time                    0.0460
Load imbalance                  0.0026
Synchronization                 0.0912
Time variation                  0.0935
Overlap                         0.0000
                  Nop   Communic    Synchro  Variation    Overlap 
I/O                17     0.0000     0.0334     0.0357     0.0000 
Reduction          15     0.0049     0.0284     0.0285     0.0000 
Remote access      37     0.0000     0.0294     0.0293     0.0000 
--- The comparative characteristics --- 
                              Tmin N proc      Tmax N proc      Tmid
Lost time                   0.0110    13     0.0114    17     0.0112 
User insufficient par.      0.0039    17     0.0099    13     0.0075 
Sys.insufficient par.       0.0007    18     0.0010     1     0.0009 
Idle time                   0.0000    13     0.0065    18     0.0026 
Communication               0.0002     1     0.0003     2     0.0003 
Synchronization             0.0001    16     0.0269    17     0.0051 
Variation                   0.0002    16     0.0270    17     0.0052 
Overlap                     0.0000     1     0.0000     9     0.0000 
Load imbalance              0.0000    13     0.0004    17     0.0001 
Execution time              0.0052    18     0.0117    14     0.0091 
User CPU time               0.0002    17     0.0006    13     0.0004 
Sys. CPU time               0.0000    18     0.0001    15     0.0000 
I/O time                    0.0000     4     0.0000     1     0.0000 
Processors                      18     1         18    18         18 
                      Communic          Synchro        Variation          Overlap  
I/O             Tmin    0.0000     1     0.0000    15     0.0002    15     0.0000     1 
I/O             Tmax    0.0000    18     0.0099    17     0.0100    17     0.0000    18 
I/O             Tmid    0.0000           0.0019           0.0020           0.0000       
Reduction       Tmin    0.0002     1     0.0000    16     0.0000    16     0.0000     1 
Reduction       Tmax    0.0003     2     0.0084    17     0.0084    17     0.0000     9 
Reduction       Tmid    0.0003           0.0016           0.0016           0.0000       
Remote access   Tmin    0.0000     1     0.0000    16     0.0000    16     0.0000     1 
Remote access   Tmax    0.0000    18     0.0086    17     0.0086    17     0.0000    16 
Remote access   Tmid    0.0000           0.0016           0.0016           0.0000       
--- The execution characteristics --- 
                                1          2          3          4          5          6          7          8          9         10         11         12         13         14         15         16         17         18 
Lost time                  0.0113     0.0113     0.0111     0.0111     0.0111     0.0112     0.0111     0.0112     0.0110     0.0111     0.0112     0.0112     0.0110     0.0110     0.0112     0.0111     0.0114     0.0114 
User insufficient par.     0.0057     0.0051     0.0084     0.0088     0.0081     0.0062     0.0081     0.0066     0.0095     0.0095     0.0073     0.0069     0.0099     0.0099     0.0077     0.0091     0.0039     0.0039 
Sys.insufficient par.      0.0010     0.0009     0.0009     0.0008     0.0008     0.0008     0.0008     0.0009     0.0009     0.0009     0.0009     0.0009     0.0008     0.0009     0.0009     0.0009     0.0007     0.0007 
Idle time                  0.0043     0.0050     0.0016     0.0012     0.0019     0.0039     0.0019     0.0035     0.0004     0.0004     0.0027     0.0031     0.0000     0.0000     0.0023     0.0008     0.0065     0.0065 
Communication              0.0002     0.0003     0.0003     0.0003     0.0003     0.0003     0.0003     0.0002     0.0003     0.0003     0.0003     0.0003     0.0002     0.0002     0.0003     0.0003     0.0003     0.0003 
Synchronization            0.0098     0.0078     0.0019     0.0019     0.0021     0.0021     0.0014     0.0014     0.0010     0.0009     0.0020     0.0021     0.0021     0.0021     0.0001     0.0001     0.0269     0.0256 
Variation                  0.0097     0.0080     0.0020     0.0020     0.0022     0.0022     0.0015     0.0015     0.0011     0.0011     0.0022     0.0022     0.0022     0.0022     0.0002     0.0002     0.0270     0.0257 
Overlap                    0.0000     0.0000     0.0000     0.0000     0.0000     0.0000     0.0000     0.0000     0.0000     0.0000     0.0000     0.0000     0.0000     0.0000     0.0000     0.0000     0.0000     0.0000 
Load imbalance             0.0003     0.0003     0.0001     0.0001     0.0001     0.0002     0.0001     0.0002     0.0000     0.0000     0.0002     0.0002     0.0000     0.0000     0.0001     0.0000     0.0004     0.0004 
Execution time             0.0074     0.0067     0.0101     0.0105     0.0097     0.0078     0.0097     0.0082     0.0113     0.0113     0.0089     0.0085     0.0117     0.0117     0.0093     0.0109     0.0052     0.0052 
User CPU time              0.0003     0.0003     0.0005     0.0005     0.0005     0.0004     0.0005     0.0004     0.0006     0.0006     0.0004     0.0004     0.0006     0.0006     0.0005     0.0005     0.0002     0.0002 
Sys. CPU time              0.0000     0.0001     0.0001     0.0000     0.0000     0.0000     0.0000     0.0001     0.0001     0.0001     0.0001     0.0000     0.0000     0.0001     0.0001     0.0001     0.0000     0.0000 
I/O time                   0.0000     0.0000     0.0000     0.0000     0.0000     0.0000     0.0000     0.0000     0.0000     0.0000     0.0000     0.0000     0.0000     0.0000     0.0000     0.0000     0.0000     0.0000 
Processors                     18         18         18         18         18         18         18         18         18         18         18         18         18         18         18         18         18         18 
           Communication          
Reduction                  0.0002     0.0003     0.0003     0.0003     0.0003     0.0003     0.0003     0.0002     0.0003     0.0003     0.0003     0.0003     0.0002     0.0002     0.0003     0.0003     0.0003     0.0003 
           Synchronization        
I/O                        0.0036     0.0029     0.0007     0.0007     0.0007     0.0007     0.0005     0.0005     0.0003     0.0003     0.0008     0.0008     0.0007     0.0007     0.0000     0.0000     0.0099     0.0094 
Reduction                  0.0030     0.0024     0.0006     0.0006     0.0007     0.0007     0.0004     0.0004     0.0003     0.0003     0.0006     0.0006     0.0006     0.0006     0.0000     0.0000     0.0084     0.0080 
Remote access              0.0032     0.0025     0.0006     0.0006     0.0007     0.0007     0.0004     0.0004     0.0003     0.0003     0.0007     0.0007     0.0007     0.0007     0.0000     0.0000     0.0086     0.0082 
           Variation              
I/O                        0.0035     0.0031     0.0008     0.0008     0.0009     0.0009     0.0006     0.0006     0.0005     0.0005     0.0009     0.0009     0.0009     0.0009     0.0002     0.0002     0.0100     0.0096 
Reduction                  0.0030     0.0024     0.0006     0.0006     0.0007     0.0007     0.0004     0.0004     0.0003     0.0003     0.0006     0.0006     0.0006     0.0006     0.0000     0.0000     0.0084     0.0080 
Remote access              0.0032     0.0025     0.0006     0.0006     0.0007     0.0007     0.0005     0.0005     0.0003     0.0003     0.0007     0.0007     0.0007     0.0007     0.0000     0.0000     0.0086     0.0082 
           Overlap                
Reduction                  0.0000     0.0000     0.0000     0.0000     0.0000     0.0000     0.0000     0.0000     0.0000     0.0000     0.0000     0.0000     0.0000     0.0000     0.0000     0.0000     0.0000     0.0000 
Remote access              0.0000     0.0000     0.0000     0.0000     0.0000     0.0000     0.0000     0.0000     0.0000     0.0000     0.0000     0.0000     0.0000     0.0000     0.0000     0.0000     0.0000     0.0000 


-------------------------------------------------------------------------
Name (number) and performance time of processors
omp.keldysh.ru(1) 0.935488
omp.keldysh.ru(2) 0.935354
omp.keldysh.ru(3) 0.953494
omp.keldysh.ru(4) 0.953501
omp.keldysh.ru(5) 0.955510
omp.keldysh.ru(6) 0.955507
omp.keldysh.ru(7) 0.954316
omp.keldysh.ru(8) 0.954605
omp.keldysh.ru(9) 0.955332
omp.keldysh.ru(10) 0.955323
omp.keldysh.ru(11) 0.951730
omp.keldysh.ru(12) 0.951701
omp.keldysh.ru(13) 0.935411
omp.keldysh.ru(14) 0.935419
omp.keldysh.ru(15) 0.953815
omp.keldysh.ru(16) 0.953809
omp.keldysh.ru(17) 0.953064
omp.keldysh.ru(18) 0.953034
min - omp.keldysh.ru(2) 0.935354; max - omp.keldysh.ru(5) 0.955510; mid - 0.949801
