Processor system=2*3*3
Statistics has been accumulated on DVM-system version 5.0, platform DVM
Analyzer is executing on DVM-system version 5.0, platform DVM
-------------------------------------------------------------------------
INTERVAL ( NLINE=9 SOURCE=jac3d.f ) LEVEL=0  EXE_COUNT=2
--- The main characteristics --- 
Parallelization efficiency      0.8793 
Execution time                  6.8012 
Processors                          18
Threads amount                      18
Total time                    122.4215
Productive time               107.6439 ( CPU= 107.1851 Sys= 0.4567 I/O= 0.0021 )
Lost  time                     14.7776 
   Insufficient parallelism     8.6870 ( User= 0.8871 Sys= 7.7999 )
   Communication                6.0111 ( Real_sync= 0.0035 Starts= 0.0000 )
   Idle time                    0.0795
Load imbalance                  4.5395
Synchronization                 6.0631
Time variation                  8.1196
Overlap                         0.0006
                  Nop   Communic  Real_sync    Synchro  Variation    Overlap 
I/O               107     0.0000     0.0000     5.4370     5.4140     0.0000 
Reduction         100     5.0384     0.0000     0.0039     0.0037     0.0002 
Shadow            100     0.9139     0.0000     0.6221     2.7019     0.0005 
--- The comparative characteristics --- 
                              Tmin N proc      Tmax N proc      Tmid
Lost time                   0.5688     7     2.4779    18     0.8210 
User insufficient par.      0.0316    17     0.0692    16     0.0493 
Sys.insufficient par.       0.2425    18     0.5611    14     0.4333 
Idle time                   0.0000    16     0.0099    18     0.0044 
Communication               0.0556    14     2.1712    18     0.3339 
Real synchronization        0.0000    15     0.0012    18     0.0002 
Synchronization             0.0084    14     1.6355    18     0.3368 
Variation                   0.0148    14     1.8518    18     0.4511 
Overlap                     0.0000     2     0.0003    14     0.0000 
Load imbalance              0.0000     7     1.9091    18     0.2522 
Execution time              6.7913    18     6.8012    16     6.7968 
User CPU time               4.3090    18     6.2098     7     5.9547 
Sys. CPU time               0.0142    18     0.0330    14     0.0254 
I/O time                    0.0000    17     0.0012     1     0.0001 
Processors                      18     1         18    18         18 
                      Communic        Real_sync          Synchro        Variation          Overlap  
I/O             Tmin    0.0000     1     0.0000     1     0.0059    14     0.0059    14     0.0000     1 
I/O             Tmax    0.0000    18     0.0000    18     1.5022    18     1.5017    18     0.0000    18 
I/O             Tmid    0.0000           0.0000           0.3021           0.3008           0.0000       
Reduction       Tmin    0.0013    14     0.0000     1     0.0000    17     0.0000    17     0.0000     2 
Reduction       Tmax    2.0957    18     0.0000    18     0.0003     4     0.0002     6     0.0001    17 
Reduction       Tmid    0.2799           0.0000           0.0002           0.0002           0.0000       
Shadow          Tmin    0.0376    16     0.0000     1     0.0023    14     0.0087    14     0.0000     1 
Shadow          Tmax    0.0635     5     0.0000    18     0.1332    18     0.3501    18     0.0003    14 
Shadow          Tmid    0.0508           0.0000           0.0346           0.1501           0.0000       
--- The execution characteristics --- 
                                1          2          3          4          5          6          7          8          9         10         11         12         13         14         15         16         17         18 
Lost time                  0.5755     0.6018     0.6105     0.6146     0.6651     0.6214     0.5688     0.6352     0.5839     0.6011     0.6261     0.6062     0.6112     0.6686     0.5977     0.6663     2.4455     2.4779 
User insufficient par.     0.0509     0.0466     0.0600     0.0458     0.0506     0.0466     0.0471     0.0515     0.0451     0.0473     0.0445     0.0515     0.0492     0.0454     0.0499     0.0692     0.0316     0.0543 
Sys.insufficient par.      0.4229     0.4793     0.3831     0.4908     0.5453     0.4871     0.3828     0.4976     0.3739     0.4045     0.4817     0.4102     0.4860     0.5611     0.4695     0.4363     0.2452     0.2425 
Idle time                  0.0007     0.0054     0.0081     0.0069     0.0007     0.0073     0.0047     0.0006     0.0050     0.0007     0.0077     0.0007     0.0042     0.0065     0.0006     0.0000     0.0099     0.0099 
Communication              0.1010     0.0705     0.1593     0.0711     0.0685     0.0805     0.1343     0.0856     0.1599     0.1486     0.0921     0.1438     0.0717     0.0556     0.0777     0.1608     2.1588     2.1712 
Real synchronization       0.0001     0.0001     0.0001     0.0000     0.0000     0.0001     0.0001     0.0000     0.0001     0.0001     0.0001     0.0001     0.0000     0.0000     0.0000     0.0001     0.0012     0.0012 
Synchronization            0.2278     0.1255     0.3164     0.0630     0.0355     0.1346     0.2419     0.1464     0.2903     0.2663     0.1604     0.2471     0.1440     0.0084     0.1220     0.3056     1.5924     1.6355 
Variation                  0.3636     0.2080     0.4904     0.1237     0.0450     0.2089     0.4082     0.2107     0.4601     0.4227     0.2388     0.3945     0.2244     0.0148     0.2110     0.4463     1.7967     1.8518 
Overlap                    0.0000     0.0000     0.0000     0.0000     0.0001     0.0000     0.0000     0.0000     0.0000     0.0000     0.0000     0.0000     0.0000     0.0003     0.0000     0.0000     0.0001     0.0001 
Load imbalance             0.0078     0.0330     0.0417     0.0457     0.0962     0.0526     0.0000     0.0664     0.0151     0.0322     0.0573     0.0374     0.0423     0.0998     0.0288     0.0975     1.8767     1.9091 
Execution time             6.8005     6.7958     6.7931     6.7943     6.8005     6.7939     6.7965     6.8006     6.7962     6.8005     6.7935     6.8005     6.7970     6.7947     6.8006     6.8012     6.7913     6.7913 
User CPU time              6.2008     6.1712     6.1682     6.1577     6.1040     6.1511     6.2098     6.1367     6.1953     6.1763     6.1467     6.1708     6.1614     6.0996     6.1759     6.1092     4.3412     4.3090 
Sys. CPU time              0.0236     0.0281     0.0224     0.0288     0.0320     0.0286     0.0225     0.0292     0.0219     0.0238     0.0283     0.0241     0.0285     0.0330     0.0276     0.0256     0.0144     0.0142 
I/O time                   0.0012     0.0000     0.0001     0.0000     0.0000     0.0000     0.0000     0.0000     0.0000     0.0000     0.0000     0.0001     0.0000     0.0000     0.0000     0.0001     0.0000     0.0001 
Processors                     18         18         18         18         18         18         18         18         18         18         18         18         18         18         18         18         18         18 
           Communication          
Reduction                  0.0578     0.0212     0.1090     0.0122     0.0042     0.0238     0.0836     0.0337     0.1097     0.1068     0.0394     0.0953     0.0217     0.0013     0.0252     0.1217     2.0760     2.0957 
Shadow                     0.0419     0.0484     0.0477     0.0583     0.0635     0.0557     0.0487     0.0512     0.0489     0.0406     0.0507     0.0473     0.0492     0.0537     0.0524     0.0376     0.0627     0.0553 
           Real synchronization   
           Synchronization        
I/O                        0.1945     0.1068     0.2801     0.0450     0.0290     0.1224     0.2037     0.1306     0.2455     0.2326     0.1424     0.2169     0.1306     0.0059     0.1037     0.2796     1.4658     1.5022 
Reduction                  0.0002     0.0002     0.0002     0.0003     0.0002     0.0002     0.0002     0.0002     0.0002     0.0002     0.0002     0.0002     0.0002     0.0002     0.0002     0.0002     0.0000     0.0001 
Shadow                     0.0331     0.0185     0.0361     0.0177     0.0062     0.0119     0.0380     0.0155     0.0445     0.0335     0.0178     0.0300     0.0132     0.0023     0.0181     0.0258     0.1265     0.1332 
           Variation              
I/O                        0.1731     0.1068     0.2793     0.0451     0.0291     0.1224     0.2036     0.1307     0.2455     0.2327     0.1424     0.2167     0.1305     0.0059     0.1037     0.2790     1.4660     1.5017 
Reduction                  0.0002     0.0002     0.0002     0.0002     0.0002     0.0002     0.0002     0.0002     0.0002     0.0002     0.0002     0.0002     0.0002     0.0002     0.0002     0.0002     0.0000     0.0001 
Shadow                     0.1904     0.1010     0.2109     0.0784     0.0157     0.0862     0.2044     0.0798     0.2145     0.1897     0.0962     0.1775     0.0936     0.0087     0.1071     0.1671     0.3307     0.3501 
           Overlap                
Reduction                  0.0000     0.0000     0.0000     0.0000     0.0000     0.0000     0.0000     0.0000     0.0000     0.0000     0.0000     0.0000     0.0000     0.0000     0.0000     0.0000     0.0001     0.0001 
Shadow                     0.0000     0.0000     0.0000     0.0000     0.0001     0.0000     0.0000     0.0000     0.0000     0.0000     0.0000     0.0000     0.0000     0.0003     0.0000     0.0000     0.0000     0.0000 


-------------------------------------------------------------------------
Name (number) and performance time of processors
omp.keldysh.ru(1) 0.935379
omp.keldysh.ru(2) 0.935305
omp.keldysh.ru(3) 0.957015
omp.keldysh.ru(4) 0.957013
omp.keldysh.ru(5) 0.960074
omp.keldysh.ru(6) 0.960131
omp.keldysh.ru(7) 0.956225
omp.keldysh.ru(8) 0.956217
omp.keldysh.ru(9) 0.935372
omp.keldysh.ru(10) 0.935360
omp.keldysh.ru(11) 0.954158
omp.keldysh.ru(12) 0.954147
omp.keldysh.ru(13) 0.959868
omp.keldysh.ru(14) 0.959851
omp.keldysh.ru(15) 0.957482
omp.keldysh.ru(16) 0.957192
omp.keldysh.ru(17) 0.957100
omp.keldysh.ru(18) 0.957084
min - omp.keldysh.ru(2) 0.935305; max - omp.keldysh.ru(6) 0.960131; mid - 0.952499
