Processor system=7*1*2
Statistics has been accumulated on DVM-system version 5.0, platform DVM
Analyzer is executing on DVM-system version 5.0, platform DVM
-------------------------------------------------------------------------
INTERVAL ( NLINE=9 SOURCE=jac3d.f ) LEVEL=0  EXE_COUNT=1
--- The main characteristics --- 
Parallelization efficiency      0.5089 
Execution time                 10.0000 
Processors                          14
Threads amount                      14
Total time                    139.9997
Productive time                71.2493 ( CPU= 67.6914 Sys= 3.5557 I/O= 0.0022 )
Lost  time                     68.7505 
   Insufficient parallelism    46.8632 ( User= 0.6115 Sys= 46.2518 )
   Communication               21.8603 ( Real_sync= 0.0156 Starts= 0.0000 )
   Idle time                    0.0270
Load imbalance                 13.2867
Synchronization                36.9213
Time variation                 46.4589
Overlap                         0.0010
                  Nop   Communic  Real_sync    Synchro  Variation    Overlap 
I/O               107     0.0000     0.0000    25.1613    25.1391     0.0000 
Reduction         100    17.2847     0.0000     0.0036     0.0035     0.0002 
Shadow            100     4.3732     0.0000    11.7564    21.3163     0.0008 
--- The comparative characteristics --- 
                              Tmin N proc      Tmax N proc      Tmid
Lost time                   3.9604     1     5.5740    10     4.9107 
User insufficient par.      0.0360     4     0.0568     2     0.0437 
Sys.insufficient par.       1.2429    13     4.8739     3     3.3037 
Idle time                   0.0000     5     0.0041    13     0.0019 
Communication               0.1221     8     3.7975    13     1.5614 
Real synchronization        0.0000     5     0.0027    13     0.0011 
Synchronization             0.0405     3     6.0718    14     2.6372 
Variation                   0.0198     3     7.6540    14     3.3185 
Overlap                     0.0000     5     0.0005     4     0.0001 
Load imbalance              0.0000     1     1.6122    10     0.9490 
Execution time              9.9959    13    10.0000     5     9.9981 
User CPU time               4.1678    10     5.9213     1     4.8351 
Sys. CPU time               0.0956    13     0.3749     3     0.2540 
I/O time                    0.0000     4     0.0014     1     0.0002 
Processors                      14     1         14    14         14 
                      Communic        Real_sync          Synchro        Variation          Overlap  
I/O             Tmin    0.0000     1     0.0000     1     0.0025     3     0.0026     3     0.0000     1 
I/O             Tmax    0.0000    14     0.0000    14     4.2482    14     4.2478    14     0.0000    14 
I/O             Tmid    0.0000           0.0000           1.7972           1.7956           0.0000       
Reduction       Tmin    0.0029     3     0.0000     1     0.0001    13     0.0001    13     0.0000     3 
Reduction       Tmax    3.1134    14     0.0000    14     0.0004     3     0.0004     3     0.0001    13 
Reduction       Tmid    1.2346           0.0000           0.0003           0.0003           0.0000       
Shadow          Tmin    0.0408     2     0.0000     1     0.0092     4     0.0169     3     0.0000     1 
Shadow          Tmax    1.1167    10     0.0000    14     1.8305    13     3.7176     1     0.0005     4 
Shadow          Tmid    0.3124           0.0000           0.8397           1.5226           0.0001       
--- The execution characteristics --- 
                                1          2          3          4          5          6          7          8          9         10         11         12         13         14 
Lost time                  3.9604     3.9743     5.0345     5.0219     4.9619     4.9632     4.9536     4.9786     5.5294     5.5740     4.8247     4.7999     5.0837     5.0904 
User insufficient par.     0.0538     0.0568     0.0364     0.0360     0.0431     0.0407     0.0508     0.0394     0.0487     0.0371     0.0399     0.0433     0.0391     0.0463 
Sys.insufficient par.      1.5370     1.5411     4.8739     4.8621     4.7678     4.7811     4.7685     4.8157     3.3998     3.3563     2.5270     2.5300     1.2429     1.2486 
Idle time                  0.0017     0.0032     0.0000     0.0000     0.0000     0.0000     0.0000     0.0014     0.0027     0.0027     0.0035     0.0035     0.0041     0.0040 
Communication              2.3679     2.3733     0.1242     0.1237     0.1510     0.1414     0.1342     0.1221     2.0782     2.1779     2.2543     2.2230     3.7975     3.7915 
Real synchronization       0.0018     0.0018     0.0000     0.0000     0.0000     0.0000     0.0000     0.0000     0.0013     0.0013     0.0020     0.0020     0.0027     0.0026 
Synchronization            5.4316     5.4083     0.0405     0.0500     0.1975     0.1716     0.2049     0.1291     2.2756     2.2869     4.2924     4.2929     6.0682     6.0718 
Variation                  7.6293     7.6200     0.0198     0.0740     0.2015     0.1918     0.2245     0.1735     1.8457     1.7699     5.6995     5.7199     7.6354     7.6540 
Overlap                    0.0000     0.0000     0.0003     0.0005     0.0000     0.0000     0.0000     0.0000     0.0000     0.0000     0.0000     0.0001     0.0001     0.0001 
Load imbalance             0.0000     0.0126     1.0727     1.0600     1.0001     1.0014     0.9918     1.0168     1.5676     1.6122     0.8630     0.8381     1.1219     1.1286 
Execution time             9.9982     9.9968    10.0000    10.0000    10.0000    10.0000    10.0000     9.9986     9.9973     9.9972     9.9965     9.9965     9.9959     9.9960 
User CPU time              5.9213     5.9071     4.5905     4.6041     4.6714     4.6690     4.6796     4.6509     4.2091     4.1678     4.9809     5.0055     4.8207     4.8135 
Sys. CPU time              0.1168     0.1185     0.3749     0.3740     0.3667     0.3677     0.3668     0.3704     0.2614     0.2581     0.1943     0.1945     0.0956     0.0960 
I/O time                   0.0014     0.0001     0.0000     0.0000     0.0000     0.0000     0.0001     0.0000     0.0001     0.0000     0.0001     0.0001     0.0001     0.0001 
Processors                     14         14         14         14         14         14         14         14         14         14         14         14         14         14 
           Communication          
Reduction                  2.3009     2.3095     0.0029     0.0067     0.0220     0.0176     0.0195     0.0191     1.0382     1.0448     2.1462     2.1358     3.1081     3.1134 
Shadow                     0.0442     0.0408     0.1210     0.1168     0.1290     0.1234     0.1144     0.1028     1.0236     1.1167     0.0815     0.0606     0.6548     0.6437 
           Real synchronization   
           Synchronization        
I/O                        3.9307     3.9233     0.0025     0.0404     0.0749     0.0753     0.0818     0.0737     1.1380     1.1108     3.1112     3.1128     4.2376     4.2482 
Reduction                  0.0003     0.0002     0.0004     0.0004     0.0004     0.0004     0.0004     0.0004     0.0002     0.0002     0.0002     0.0001     0.0001     0.0001 
Shadow                     1.5007     1.4848     0.0376     0.0092     0.1223     0.0959     0.1227     0.0550     1.1374     1.1759     1.1810     1.1800     1.8305     1.8234 
           Variation              
I/O                        3.9114     3.9226     0.0026     0.0405     0.0749     0.0754     0.0816     0.0737     1.1374     1.1107     3.1108     3.1124     4.2374     4.2478 
Reduction                  0.0003     0.0003     0.0004     0.0003     0.0003     0.0003     0.0003     0.0003     0.0002     0.0002     0.0002     0.0001     0.0001     0.0001 
Shadow                     3.7176     3.6972     0.0169     0.0332     0.1263     0.1161     0.1426     0.0994     0.7081     0.6590     2.5885     2.6074     3.3980     3.4061 
           Overlap                
Reduction                  0.0000     0.0000     0.0000     0.0000     0.0000     0.0000     0.0000     0.0000     0.0000     0.0000     0.0000     0.0001     0.0001     0.0001 
Shadow                     0.0000     0.0000     0.0003     0.0005     0.0000     0.0000     0.0000     0.0000     0.0000     0.0000     0.0000     0.0000     0.0000     0.0000 


-------------------------------------------------------------------------
Name (number) and performance time of processors
omp.keldysh.ru(1) 0.935541
omp.keldysh.ru(2) 0.935461
omp.keldysh.ru(3) 0.958576
omp.keldysh.ru(4) 0.958586
omp.keldysh.ru(5) 0.958224
omp.keldysh.ru(6) 0.958232
omp.keldysh.ru(7) 0.959386
omp.keldysh.ru(8) 0.959371
omp.keldysh.ru(9) 0.960442
omp.keldysh.ru(10) 0.960179
omp.keldysh.ru(11) 0.958970
omp.keldysh.ru(12) 0.958963
omp.keldysh.ru(13) 0.956800
omp.keldysh.ru(14) 0.956796
min - omp.keldysh.ru(2) 0.935461; max - omp.keldysh.ru(9) 0.960442; mid - 0.955395
