Processor system=1*2*3*3
Statistics has been accumulated on DVM-system version 5.0, platform DVM
Analyzer is executing on DVM-system version 5.0, platform DVM
-------------------------------------------------------------------------
INTERVAL ( NLINE=7 SOURCE=acr42.f ) LEVEL=0  EXE_COUNT=2
--- The main characteristics --- 
Parallelization efficiency      0.0531 
Execution time                  0.8736 
Processors                          18
Threads amount                      18
Total time                     15.7242
Productive time                 0.8345 ( CPU= 0.8279 Sys= 0.0066 I/O= 0.0000 )
Lost  time                     14.8896 
   Insufficient parallelism    14.1871 ( User= 14.0742 Sys= 0.1129 )
   Communication                0.0049 ( Real_sync= 0.0000 Starts= 0.0000 )
   Idle time                    0.6976
Load imbalance                  0.0388
Synchronization                 4.2632
Time variation                  4.2645
Overlap                         0.0052
                  Nop   Communic    Synchro  Variation    Overlap 
I/O                12     0.0000     1.3570     1.3584     0.0000 
Reduction          10     0.0049     0.6815     0.6815     0.0000 
Shadow             28     0.0000     2.2246     2.2247     0.0052 
--- The comparative characteristics --- 
                              Tmin N proc      Tmax N proc      Tmid
Lost time                   0.8250    10     0.8423    17     0.8272 
User insufficient par.      0.5289    17     0.8169    10     0.7819 
Sys.insufficient par.       0.0027    18     0.0081     6     0.0063 
Idle time                   0.0000    10     0.3102    18     0.0388 
Communication               0.0002     5     0.0004    17     0.0003 
Synchronization             0.0013    15     1.8705    17     0.2368 
Variation                   0.0014    15     1.8706    17     0.2369 
Overlap                     0.0000    17     0.0006    15     0.0003 
Load imbalance              0.0000    10     0.0172    18     0.0022 
Execution time              0.5633    18     0.8736    10     0.8348 
User CPU time               0.0311    17     0.0481    10     0.0460 
Sys. CPU time               0.0002    18     0.0005     6     0.0004 
I/O time                    0.0000     9     0.0000     1     0.0000 
Processors                      18     1         18    18         18 
                      Communic          Synchro        Variation          Overlap  
I/O             Tmin    0.0000     1     0.0003    15     0.0004    15     0.0000     1 
I/O             Tmax    0.0000    18     0.6207    17     0.6208    17     0.0000    18 
I/O             Tmid    0.0000           0.0754           0.0755           0.0000       
Reduction       Tmin    0.0002     5     0.0003    15     0.0003    15     0.0000     1 
Reduction       Tmax    0.0004    17     0.3116    17     0.3116    17     0.0000     8 
Reduction       Tmid    0.0003           0.0379           0.0379           0.0000       
Shadow          Tmin    0.0000     1     0.0007    15     0.0007    15     0.0000    17 
Shadow          Tmax    0.0000    18     0.9381    17     0.9381    17     0.0006    15 
Shadow          Tmid    0.0000           0.1236           0.1236           0.0003       
--- The execution characteristics --- 
                                1          2          3          4          5          6          7          8          9         10         11         12         13         14         15         16         17         18 
Lost time                  0.8252     0.8252     0.8254     0.8262     0.8251     0.8251     0.8252     0.8251     0.8251     0.8250     0.8254     0.8252     0.8262     0.8254     0.8252     0.8251     0.8423     0.8423 
User insufficient par.     0.8157     0.8152     0.8133     0.8019     0.8166     0.8163     0.8147     0.8163     0.8154     0.8169     0.8131     0.8158     0.7997     0.8147     0.8149     0.8158     0.5289     0.5290 
Sys.insufficient par.      0.0069     0.0075     0.0048     0.0040     0.0078     0.0081     0.0080     0.0078     0.0079     0.0079     0.0062     0.0068     0.0046     0.0035     0.0078     0.0080     0.0027     0.0027 
Idle time                  0.0023     0.0022     0.0070     0.0200     0.0004     0.0004     0.0023     0.0008     0.0016     0.0000     0.0059     0.0023     0.0216     0.0070     0.0023     0.0012     0.3102     0.3102 
Communication              0.0002     0.0003     0.0003     0.0003     0.0002     0.0002     0.0003     0.0003     0.0002     0.0002     0.0003     0.0002     0.0003     0.0003     0.0002     0.0002     0.0004     0.0004 
Synchronization            0.0299     0.0263     0.0351     0.0831     0.0236     0.0259     0.0162     0.0214     0.0241     0.0232     0.0363     0.0342     0.1002     0.0461     0.0013     0.0032     1.8705     1.8625 
Variation                  0.0297     0.0264     0.0352     0.0831     0.0237     0.0260     0.0163     0.0215     0.0242     0.0233     0.0364     0.0343     0.1003     0.0462     0.0014     0.0033     1.8706     1.8626 
Overlap                    0.0004     0.0003     0.0002     0.0002     0.0002     0.0003     0.0005     0.0005     0.0003     0.0003     0.0003     0.0003     0.0002     0.0002     0.0006     0.0004     0.0000     0.0000 
Load imbalance             0.0001     0.0001     0.0004     0.0011     0.0000     0.0000     0.0001     0.0000     0.0001     0.0000     0.0003     0.0001     0.0012     0.0004     0.0001     0.0001     0.0172     0.0172 
Execution time             0.8713     0.8713     0.8665     0.8536     0.8732     0.8732     0.8713     0.8728     0.8720     0.8736     0.8677     0.8713     0.8520     0.8665     0.8713     0.8724     0.5633     0.5633 
User CPU time              0.0480     0.0480     0.0478     0.0472     0.0480     0.0480     0.0479     0.0480     0.0480     0.0481     0.0478     0.0480     0.0470     0.0479     0.0479     0.0480     0.0311     0.0311 
Sys. CPU time              0.0004     0.0004     0.0003     0.0002     0.0005     0.0005     0.0005     0.0005     0.0005     0.0005     0.0004     0.0004     0.0003     0.0002     0.0005     0.0005     0.0002     0.0002 
I/O time                   0.0000     0.0000     0.0000     0.0000     0.0000     0.0000     0.0000     0.0000     0.0000     0.0000     0.0000     0.0000     0.0000     0.0000     0.0000     0.0000     0.0000     0.0000 
Processors                     18         18         18         18         18         18         18         18         18         18         18         18         18         18         18         18         18         18 
           Communication          
Reduction                  0.0002     0.0003     0.0003     0.0003     0.0002     0.0002     0.0003     0.0003     0.0002     0.0002     0.0003     0.0002     0.0003     0.0003     0.0002     0.0002     0.0004     0.0004 
           Synchronization        
I/O                        0.0045     0.0034     0.0084     0.0278     0.0028     0.0026     0.0014     0.0021     0.0028     0.0027     0.0064     0.0057     0.0340     0.0118     0.0003     0.0004     0.6207     0.6191 
Reduction                  0.0025     0.0022     0.0036     0.0107     0.0026     0.0023     0.0012     0.0014     0.0025     0.0025     0.0036     0.0038     0.0149     0.0053     0.0003     0.0003     0.3116     0.3100 
Shadow                     0.0229     0.0206     0.0231     0.0445     0.0182     0.0209     0.0136     0.0179     0.0188     0.0180     0.0262     0.0248     0.0513     0.0290     0.0007     0.0026     0.9381     0.9334 
           Variation              
I/O                        0.0043     0.0035     0.0085     0.0279     0.0029     0.0027     0.0015     0.0022     0.0029     0.0028     0.0065     0.0057     0.0341     0.0119     0.0004     0.0005     0.6208     0.6192 
Reduction                  0.0025     0.0022     0.0036     0.0107     0.0026     0.0023     0.0012     0.0014     0.0025     0.0025     0.0036     0.0038     0.0149     0.0053     0.0003     0.0003     0.3116     0.3100 
Shadow                     0.0229     0.0206     0.0231     0.0445     0.0182     0.0209     0.0136     0.0179     0.0188     0.0180     0.0262     0.0248     0.0513     0.0290     0.0007     0.0026     0.9381     0.9334 
           Overlap                
Reduction                  0.0000     0.0000     0.0000     0.0000     0.0000     0.0000     0.0000     0.0000     0.0000     0.0000     0.0000     0.0000     0.0000     0.0000     0.0000     0.0000     0.0000     0.0000 
Shadow                     0.0004     0.0003     0.0002     0.0002     0.0002     0.0003     0.0005     0.0005     0.0003     0.0003     0.0003     0.0003     0.0002     0.0002     0.0006     0.0004     0.0000     0.0000 


-------------------------------------------------------------------------
Name (number) and performance time of processors
omp.keldysh.ru(1) 0.933951
omp.keldysh.ru(2) 0.933850
omp.keldysh.ru(3) 0.955333
omp.keldysh.ru(4) 0.955359
omp.keldysh.ru(5) 0.954397
omp.keldysh.ru(6) 0.954358
omp.keldysh.ru(7) 0.952983
omp.keldysh.ru(8) 0.952681
omp.keldysh.ru(9) 0.933904
omp.keldysh.ru(10) 0.933942
omp.keldysh.ru(11) 0.953809
omp.keldysh.ru(12) 0.953829
omp.keldysh.ru(13) 0.956072
omp.keldysh.ru(14) 0.956046
omp.keldysh.ru(15) 0.933941
omp.keldysh.ru(16) 0.933918
omp.keldysh.ru(17) 0.953743
omp.keldysh.ru(18) 0.953725
min - omp.keldysh.ru(2) 0.933850; max - omp.keldysh.ru(13) 0.956072; mid - 0.947547
