Processor system=2*4*2*1
Statistics has been accumulated on DVM-system version 5.0, platform DVM
Analyzer is executing on DVM-system version 5.0, platform DVM
-------------------------------------------------------------------------
INTERVAL ( NLINE=7 SOURCE=reda42.f ) LEVEL=0  EXE_COUNT=1
--- The main characteristics --- 
Parallelization efficiency      0.0585 
Execution time                  0.0048 
Processors                          16
Threads amount                      16
Total time                      0.0764
Productive time                 0.0045 ( CPU= 0.0041 Sys= 0.0004 I/O= 0.0000 )
Lost  time                      0.0720 
   Insufficient parallelism     0.0671 ( User= 0.0613 Sys= 0.0058 )
   Communication                0.0043 ( Real_sync= 0.0000 Starts= 0.0000 )
   Idle time                    0.0005
Load imbalance                  0.0001
Synchronization                 0.0234
Time variation                  0.0257
Overlap                         0.0006
                  Nop   Communic    Synchro  Variation    Overlap 
I/O                 6     0.0000     0.0074     0.0097     0.0000 
Reduction           4     0.0043     0.0052     0.0052     0.0006 
Remote access      21     0.0000     0.0109     0.0108     0.0000 
--- The comparative characteristics --- 
                              Tmin N proc      Tmax N proc      Tmid
Lost time                   0.0045     1     0.0045    15     0.0045 
User insufficient par.      0.0037    16     0.0039     7     0.0038 
Sys.insufficient par.       0.0003    13     0.0005     1     0.0004 
Idle time                   0.0000     7     0.0001     2     0.0000 
Communication               0.0002     1     0.0004    14     0.0003 
Synchronization             0.0001     1     0.0054    14     0.0015 
Variation                   0.0000     1     0.0056    14     0.0016 
Overlap                     0.0000     9     0.0001     2     0.0000 
Load imbalance              0.0000     7     0.0000    15     0.0000 
Execution time              0.0047     2     0.0048     7     0.0047 
User CPU time               0.0002    16     0.0003     7     0.0003 
Sys. CPU time               0.0000    13     0.0000    16     0.0000 
I/O time                    0.0000     7     0.0000     1     0.0000 
Processors                      16     1         16    16         16 
                      Communic          Synchro        Variation          Overlap  
I/O             Tmin    0.0000     1     0.0000     2     0.0000     1     0.0000     1 
I/O             Tmax    0.0000    16     0.0018    14     0.0019    14     0.0000    16 
I/O             Tmid    0.0000           0.0005           0.0006           0.0000       
Reduction       Tmin    0.0002     1     0.0000     2     0.0000     2     0.0000     9 
Reduction       Tmax    0.0004    14     0.0013    14     0.0013    14     0.0001     2 
Reduction       Tmid    0.0003           0.0003           0.0003           0.0000       
Remote access   Tmin    0.0000     1     0.0000     1     0.0000     1     0.0000     3 
Remote access   Tmax    0.0000    16     0.0024    14     0.0024    14     0.0000     2 
Remote access   Tmid    0.0000           0.0007           0.0007           0.0000       
--- The execution characteristics --- 
                                1          2          3          4          5          6          7          8          9         10         11         12         13         14         15         16 
Lost time                  0.0045     0.0045     0.0045     0.0045     0.0045     0.0045     0.0045     0.0045     0.0045     0.0045     0.0045     0.0045     0.0045     0.0045     0.0045     0.0045 
User insufficient par.     0.0038     0.0038     0.0039     0.0039     0.0038     0.0039     0.0039     0.0039     0.0038     0.0039     0.0039     0.0038     0.0038     0.0038     0.0038     0.0037 
Sys.insufficient par.      0.0005     0.0003     0.0004     0.0004     0.0004     0.0004     0.0004     0.0004     0.0004     0.0003     0.0004     0.0004     0.0003     0.0003     0.0003     0.0004 
Idle time                  0.0000     0.0001     0.0000     0.0000     0.0000     0.0000     0.0000     0.0000     0.0000     0.0000     0.0000     0.0000     0.0000     0.0000     0.0000     0.0000 
Communication              0.0002     0.0003     0.0002     0.0002     0.0002     0.0003     0.0002     0.0002     0.0003     0.0003     0.0002     0.0002     0.0004     0.0004     0.0004     0.0003 
Synchronization            0.0001     0.0003     0.0006     0.0006     0.0006     0.0006     0.0005     0.0005     0.0013     0.0011     0.0003     0.0003     0.0052     0.0054     0.0049     0.0011 
Variation                  0.0000     0.0004     0.0007     0.0007     0.0008     0.0007     0.0007     0.0007     0.0014     0.0012     0.0005     0.0005     0.0053     0.0056     0.0050     0.0013 
Overlap                    0.0001     0.0001     0.0000     0.0000     0.0000     0.0000     0.0000     0.0000     0.0000     0.0000     0.0001     0.0001     0.0000     0.0000     0.0000     0.0000 
Load imbalance             0.0000     0.0000     0.0000     0.0000     0.0000     0.0000     0.0000     0.0000     0.0000     0.0000     0.0000     0.0000     0.0000     0.0000     0.0000     0.0000 
Execution time             0.0047     0.0047     0.0048     0.0048     0.0048     0.0048     0.0048     0.0047     0.0048     0.0047     0.0047     0.0047     0.0048     0.0048     0.0047     0.0047 
User CPU time              0.0003     0.0003     0.0003     0.0003     0.0003     0.0003     0.0003     0.0003     0.0003     0.0003     0.0003     0.0003     0.0003     0.0003     0.0003     0.0002 
Sys. CPU time              0.0000     0.0000     0.0000     0.0000     0.0000     0.0000     0.0000     0.0000     0.0000     0.0000     0.0000     0.0000     0.0000     0.0000     0.0000     0.0000 
I/O time                   0.0000     0.0000     0.0000     0.0000     0.0000     0.0000     0.0000     0.0000     0.0000     0.0000     0.0000     0.0000     0.0000     0.0000     0.0000     0.0000 
Processors                     16         16         16         16         16         16         16         16         16         16         16         16         16         16         16         16 
           Communication          
Reduction                  0.0002     0.0003     0.0002     0.0002     0.0002     0.0003     0.0002     0.0002     0.0003     0.0003     0.0002     0.0002     0.0004     0.0004     0.0004     0.0003 
           Synchronization        
I/O                        0.0000     0.0000     0.0002     0.0002     0.0002     0.0002     0.0002     0.0002     0.0004     0.0003     0.0001     0.0001     0.0017     0.0018     0.0016     0.0003 
Reduction                  0.0000     0.0000     0.0001     0.0001     0.0001     0.0001     0.0001     0.0001     0.0003     0.0002     0.0000     0.0000     0.0012     0.0013     0.0011     0.0003 
Remote access              0.0000     0.0002     0.0003     0.0003     0.0003     0.0003     0.0003     0.0003     0.0006     0.0005     0.0002     0.0002     0.0023     0.0024     0.0022     0.0006 
           Variation              
I/O                        0.0000     0.0002     0.0003     0.0003     0.0003     0.0003     0.0003     0.0003     0.0006     0.0005     0.0002     0.0002     0.0019     0.0019     0.0017     0.0005 
Reduction                  0.0000     0.0000     0.0001     0.0001     0.0001     0.0001     0.0001     0.0001     0.0003     0.0002     0.0000     0.0000     0.0012     0.0013     0.0011     0.0003 
Remote access              0.0000     0.0002     0.0003     0.0003     0.0003     0.0003     0.0003     0.0003     0.0006     0.0005     0.0002     0.0002     0.0023     0.0024     0.0022     0.0006 
           Overlap                
Reduction                  0.0001     0.0001     0.0000     0.0000     0.0000     0.0000     0.0000     0.0000     0.0000     0.0000     0.0001     0.0001     0.0000     0.0000     0.0000     0.0000 
Remote access              0.0000     0.0000     0.0000     0.0000     0.0000     0.0000     0.0000     0.0000     0.0000     0.0000     0.0000     0.0000     0.0000     0.0000     0.0000     0.0000 


-------------------------------------------------------------------------
Name (number) and performance time of processors
omp.keldysh.ru(1) 0.933872
omp.keldysh.ru(2) 0.933823
omp.keldysh.ru(3) 0.960063
omp.keldysh.ru(4) 0.960170
omp.keldysh.ru(5) 0.959639
omp.keldysh.ru(6) 0.959648
omp.keldysh.ru(7) 0.957215
omp.keldysh.ru(8) 0.957222
omp.keldysh.ru(9) 0.933862
omp.keldysh.ru(10) 0.933855
omp.keldysh.ru(11) 0.957553
omp.keldysh.ru(12) 0.957535
omp.keldysh.ru(13) 0.960387
omp.keldysh.ru(14) 0.960089
omp.keldysh.ru(15) 0.956611
omp.keldysh.ru(16) 0.956622
min - omp.keldysh.ru(2) 0.933823; max - omp.keldysh.ru(13) 0.960387; mid - 0.952385
