Processor system=3*6*1*1
Statistics has been accumulated on DVM-system version 5.0, platform DVM
Analyzer is executing on DVM-system version 5.0, platform DVM
-------------------------------------------------------------------------
INTERVAL ( NLINE=6 SOURCE=cons44.f ) LEVEL=0  EXE_COUNT=2
--- The main characteristics --- 
Parallelization efficiency      0.0793 
Execution time                  0.0211 
Processors                          18
Threads amount                      18
Total time                      0.3804
Productive time                 0.0302 ( CPU= 0.0275 Sys= 0.0026 I/O= 0.0000 )
Lost  time                      0.3502 
   Insufficient parallelism     0.2083 ( User= 0.1634 Sys= 0.0449 )
   Communication                0.1084 ( Real_sync= 0.0000 Starts= 0.0000 )
   Idle time                    0.0336
Load imbalance                  0.0025
Synchronization                 0.0157
Time variation                  0.0196
Overlap                         0.0000
                  Nop   Communic    Synchro  Variation    Overlap 
I/O                19     0.0000     0.0016     0.0055     0.0000 
Reduction          17     0.0105     0.0012     0.0011     0.0000 
Remote access      96     0.0979     0.0129     0.0130     0.0000 
--- The comparative characteristics --- 
                              Tmin N proc      Tmax N proc      Tmid
Lost time                   0.0193    14     0.0198    17     0.0195 
User insufficient par.      0.0077    17     0.0106    13     0.0091 
Sys.insufficient par.       0.0018    17     0.0028     1     0.0025 
Idle time                   0.0000    18     0.0027     5     0.0019 
Communication               0.0056     1     0.0076    17     0.0060 
Synchronization             0.0004    16     0.0017     1     0.0009 
Variation                   0.0007    16     0.0016     1     0.0011 
Overlap                     0.0000     1     0.0000    16     0.0000 
Load imbalance              0.0000    14     0.0005    17     0.0001 
Execution time              0.0185     5     0.0211    18     0.0193 
User CPU time               0.0013    17     0.0017    14     0.0015 
Sys. CPU time               0.0001    17     0.0002    15     0.0001 
I/O time                    0.0000    17     0.0000     1     0.0000 
Processors                      18     1         18    18         18 
                      Communic          Synchro        Variation          Overlap  
I/O             Tmin    0.0000     1     0.0000    16     0.0001     1     0.0000     1 
I/O             Tmax    0.0000    18     0.0001    17     0.0004    17     0.0000    18 
I/O             Tmid    0.0000           0.0001           0.0003           0.0000       
Reduction       Tmin    0.0003    15     0.0000    16     0.0000    16     0.0000     1 
Reduction       Tmax    0.0010     1     0.0001     4     0.0001     6     0.0000    16 
Reduction       Tmid    0.0006           0.0001           0.0001           0.0000       
Remote access   Tmin    0.0047     1     0.0004    16     0.0004    16     0.0000     1 
Remote access   Tmax    0.0067    17     0.0015     1     0.0014     1     0.0000    16 
Remote access   Tmid    0.0054           0.0007           0.0007           0.0000       
--- The execution characteristics --- 
                                1          2          3          4          5          6          7          8          9         10         11         12         13         14         15         16         17         18 
Lost time                  0.0195     0.0194     0.0194     0.0195     0.0194     0.0194     0.0195     0.0196     0.0194     0.0194     0.0194     0.0194     0.0194     0.0193     0.0194     0.0194     0.0198     0.0196 
User insufficient par.     0.0091     0.0090     0.0084     0.0084     0.0085     0.0085     0.0085     0.0100     0.0084     0.0094     0.0095     0.0083     0.0106     0.0105     0.0085     0.0098     0.0077     0.0104 
Sys.insufficient par.      0.0028     0.0025     0.0025     0.0025     0.0025     0.0026     0.0026     0.0025     0.0026     0.0026     0.0025     0.0025     0.0026     0.0026     0.0026     0.0026     0.0018     0.0020 
Idle time                  0.0020     0.0020     0.0027     0.0026     0.0027     0.0026     0.0026     0.0008     0.0027     0.0016     0.0016     0.0026     0.0004     0.0004     0.0026     0.0012     0.0026     0.0000 
Communication              0.0056     0.0059     0.0058     0.0059     0.0058     0.0058     0.0058     0.0064     0.0058     0.0059     0.0059     0.0059     0.0058     0.0058     0.0058     0.0058     0.0076     0.0072 
Synchronization            0.0017     0.0010     0.0010     0.0009     0.0009     0.0010     0.0008     0.0012     0.0011     0.0007     0.0008     0.0007     0.0007     0.0006     0.0005     0.0004     0.0010     0.0007 
Variation                  0.0016     0.0012     0.0012     0.0011     0.0011     0.0012     0.0010     0.0013     0.0013     0.0010     0.0010     0.0009     0.0009     0.0008     0.0008     0.0007     0.0014     0.0011 
Overlap                    0.0000     0.0000     0.0000     0.0000     0.0000     0.0000     0.0000     0.0000     0.0000     0.0000     0.0000     0.0000     0.0000     0.0000     0.0000     0.0000     0.0000     0.0000 
Load imbalance             0.0001     0.0001     0.0001     0.0002     0.0001     0.0001     0.0002     0.0003     0.0001     0.0001     0.0001     0.0001     0.0000     0.0000     0.0001     0.0000     0.0005     0.0002 
Execution time             0.0192     0.0192     0.0185     0.0185     0.0185     0.0185     0.0185     0.0204     0.0185     0.0196     0.0196     0.0185     0.0207     0.0207     0.0185     0.0200     0.0185     0.0211 
User CPU time              0.0015     0.0016     0.0016     0.0015     0.0016     0.0016     0.0015     0.0013     0.0016     0.0016     0.0016     0.0016     0.0016     0.0017     0.0016     0.0016     0.0013     0.0015 
Sys. CPU time              0.0001     0.0001     0.0001     0.0001     0.0001     0.0001     0.0002     0.0001     0.0002     0.0001     0.0001     0.0001     0.0001     0.0002     0.0002     0.0002     0.0001     0.0001 
I/O time                   0.0000     0.0000     0.0000     0.0000     0.0000     0.0000     0.0000     0.0000     0.0000     0.0000     0.0000     0.0000     0.0000     0.0000     0.0000     0.0000     0.0000     0.0000 
Processors                     18         18         18         18         18         18         18         18         18         18         18         18         18         18         18         18         18         18 
           Communication          
Reduction                  0.0010     0.0006     0.0006     0.0006     0.0005     0.0006     0.0005     0.0007     0.0006     0.0006     0.0005     0.0005     0.0004     0.0003     0.0003     0.0003     0.0010     0.0008 
Remote access              0.0047     0.0053     0.0052     0.0053     0.0053     0.0052     0.0053     0.0056     0.0051     0.0053     0.0053     0.0054     0.0053     0.0055     0.0054     0.0055     0.0067     0.0064 
           Synchronization        
I/O                        0.0001     0.0001     0.0001     0.0001     0.0001     0.0001     0.0001     0.0001     0.0001     0.0001     0.0001     0.0001     0.0001     0.0001     0.0001     0.0000     0.0001     0.0001 
Reduction                  0.0001     0.0001     0.0001     0.0001     0.0001     0.0001     0.0001     0.0001     0.0001     0.0000     0.0000     0.0000     0.0001     0.0001     0.0000     0.0000     0.0001     0.0001 
Remote access              0.0015     0.0008     0.0008     0.0007     0.0007     0.0008     0.0006     0.0010     0.0009     0.0007     0.0007     0.0006     0.0006     0.0005     0.0004     0.0004     0.0008     0.0005 
           Variation              
I/O                        0.0001     0.0003     0.0003     0.0003     0.0003     0.0003     0.0003     0.0003     0.0003     0.0003     0.0003     0.0003     0.0003     0.0003     0.0003     0.0003     0.0004     0.0003 
Reduction                  0.0001     0.0001     0.0001     0.0001     0.0001     0.0001     0.0001     0.0001     0.0001     0.0000     0.0000     0.0000     0.0001     0.0001     0.0000     0.0000     0.0001     0.0001 
Remote access              0.0014     0.0008     0.0008     0.0007     0.0007     0.0008     0.0006     0.0009     0.0009     0.0006     0.0007     0.0006     0.0005     0.0004     0.0004     0.0004     0.0010     0.0007 
           Overlap                
Reduction                  0.0000     0.0000     0.0000     0.0000     0.0000     0.0000     0.0000     0.0000     0.0000     0.0000     0.0000     0.0000     0.0000     0.0000     0.0000     0.0000     0.0000     0.0000 
Remote access              0.0000     0.0000     0.0000     0.0000     0.0000     0.0000     0.0000     0.0000     0.0000     0.0000     0.0000     0.0000     0.0000     0.0000     0.0000     0.0000     0.0000     0.0000 


-------------------------------------------------------------------------
Name (number) and performance time of processors
omp.keldysh.ru(1) 0.934097
omp.keldysh.ru(2) 0.934020
omp.keldysh.ru(3) 0.953751
omp.keldysh.ru(4) 0.953750
omp.keldysh.ru(5) 0.934049
omp.keldysh.ru(6) 0.934029
omp.keldysh.ru(7) 0.953328
omp.keldysh.ru(8) 0.953290
omp.keldysh.ru(9) 0.950977
omp.keldysh.ru(10) 0.950971
omp.keldysh.ru(11) 0.953624
omp.keldysh.ru(12) 0.953591
omp.keldysh.ru(13) 0.951557
omp.keldysh.ru(14) 0.951919
omp.keldysh.ru(15) 0.951712
omp.keldysh.ru(16) 0.951697
omp.keldysh.ru(17) 0.951081
omp.keldysh.ru(18) 0.951070
min - omp.keldysh.ru(2) 0.934020; max - omp.keldysh.ru(3) 0.953751; mid - 0.948251
