Processor system=1*3*1*6
Statistics has been accumulated on DVM-system version 5.0, platform DVM
Analyzer is executing on DVM-system version 5.0, platform DVM
-------------------------------------------------------------------------
INTERVAL ( NLINE=5 SOURCE=prf42.f ) LEVEL=0  EXE_COUNT=2
--- The main characteristics --- 
Parallelization efficiency      0.0450 
Execution time                  0.0138 
Processors                          18
Threads amount                      18
Total time                      0.2479
Productive time                 0.0112 ( CPU= 0.0091 Sys= 0.0021 I/O= 0.0000 )
Lost  time                      0.2367 
   Insufficient parallelism     0.1898 ( User= 0.1543 Sys= 0.0355 )
   Communication                0.0088 ( Real_sync= 0.0000 Starts= 0.0000 )
   Idle time                    0.0382
Load imbalance                  0.0023
Synchronization                 0.1874
Time variation                  0.1897
Overlap                         0.0142
                  Nop   Communic    Synchro  Variation    Overlap 
I/O                12     0.0000     0.0288     0.0310     0.0000 
Reduction          22     0.0088     0.0655     0.0655     0.0000 
Remote access     180     0.0000     0.0930     0.0932     0.0142 
--- The comparative characteristics --- 
                              Tmin N proc      Tmax N proc      Tmid
Lost time                   0.0130     5     0.0134    17     0.0132 
User insufficient par.      0.0042    18     0.0107     5     0.0086 
Sys.insufficient par.       0.0013    17     0.0023     1     0.0020 
Idle time                   0.0000     5     0.0066    17     0.0021 
Communication               0.0003    15     0.0014    17     0.0005 
Synchronization             0.0006     5     0.0602    18     0.0104 
Variation                   0.0007     5     0.0604    18     0.0105 
Overlap                     0.0000    17     0.0012     5     0.0008 
Load imbalance              0.0000     5     0.0004    17     0.0001 
Execution time              0.0072    17     0.0138     5     0.0117 
User CPU time               0.0002    18     0.0006     5     0.0005 
Sys. CPU time               0.0001    17     0.0001     8     0.0001 
I/O time                    0.0000     7     0.0000     1     0.0000 
Processors                      18     1         18    18         18 
                      Communic          Synchro        Variation          Overlap  
I/O             Tmin    0.0000     1     0.0000     6     0.0002     6     0.0000     1 
I/O             Tmax    0.0000    18     0.0093    18     0.0094    18     0.0000    18 
I/O             Tmid    0.0000           0.0016           0.0017           0.0000       
Reduction       Tmin    0.0003    15     0.0002    15     0.0002     5     0.0000     1 
Reduction       Tmax    0.0014    17     0.0215    18     0.0215    18     0.0000    15 
Reduction       Tmid    0.0005           0.0036           0.0036           0.0000       
Remote access   Tmin    0.0000     1     0.0004     5     0.0004     5     0.0000    17 
Remote access   Tmax    0.0000    18     0.0294    18     0.0295    18     0.0012     5 
Remote access   Tmid    0.0000           0.0052           0.0052           0.0008       
--- The execution characteristics --- 
                                1          2          3          4          5          6          7          8          9         10         11         12         13         14         15         16         17         18 
Lost time                  0.0131     0.0132     0.0131     0.0131     0.0130     0.0131     0.0131     0.0131     0.0132     0.0132     0.0131     0.0132     0.0130     0.0130     0.0131     0.0131     0.0134     0.0134 
User insufficient par.     0.0096     0.0083     0.0099     0.0086     0.0107     0.0095     0.0085     0.0085     0.0084     0.0083     0.0086     0.0085     0.0103     0.0103     0.0092     0.0086     0.0043     0.0042 
Sys.insufficient par.      0.0023     0.0020     0.0021     0.0020     0.0021     0.0021     0.0021     0.0021     0.0020     0.0021     0.0020     0.0021     0.0020     0.0020     0.0020     0.0021     0.0013     0.0013 
Idle time                  0.0008     0.0022     0.0008     0.0022     0.0000     0.0012     0.0023     0.0023     0.0022     0.0022     0.0022     0.0022     0.0004     0.0004     0.0016     0.0022     0.0066     0.0066 
Communication              0.0005     0.0006     0.0003     0.0003     0.0003     0.0003     0.0003     0.0003     0.0006     0.0005     0.0004     0.0004     0.0004     0.0004     0.0003     0.0003     0.0014     0.0014 
Synchronization            0.0052     0.0100     0.0041     0.0038     0.0006     0.0006     0.0037     0.0037     0.0086     0.0080     0.0057     0.0050     0.0033     0.0034     0.0011     0.0015     0.0590     0.0602 
Variation                  0.0051     0.0101     0.0042     0.0039     0.0007     0.0007     0.0038     0.0038     0.0087     0.0082     0.0058     0.0052     0.0034     0.0036     0.0012     0.0016     0.0591     0.0604 
Overlap                    0.0008     0.0008     0.0008     0.0008     0.0012     0.0012     0.0009     0.0009     0.0006     0.0006     0.0007     0.0008     0.0009     0.0009     0.0012     0.0011     0.0000     0.0000 
Load imbalance             0.0001     0.0001     0.0000     0.0001     0.0000     0.0001     0.0001     0.0001     0.0001     0.0001     0.0001     0.0001     0.0000     0.0000     0.0001     0.0001     0.0004     0.0004 
Execution time             0.0130     0.0116     0.0130     0.0116     0.0138     0.0126     0.0115     0.0115     0.0115     0.0115     0.0116     0.0116     0.0134     0.0134     0.0122     0.0116     0.0072     0.0072 
User CPU time              0.0006     0.0005     0.0006     0.0005     0.0006     0.0006     0.0005     0.0005     0.0005     0.0005     0.0005     0.0005     0.0006     0.0006     0.0005     0.0005     0.0003     0.0002 
Sys. CPU time              0.0001     0.0001     0.0001     0.0001     0.0001     0.0001     0.0001     0.0001     0.0001     0.0001     0.0001     0.0001     0.0001     0.0001     0.0001     0.0001     0.0001     0.0001 
I/O time                   0.0000     0.0000     0.0000     0.0000     0.0000     0.0000     0.0000     0.0000     0.0000     0.0000     0.0000     0.0000     0.0000     0.0000     0.0000     0.0000     0.0000     0.0000 
Processors                     18         18         18         18         18         18         18         18         18         18         18         18         18         18         18         18         18         18 
           Communication          
Reduction                  0.0005     0.0006     0.0003     0.0003     0.0003     0.0003     0.0003     0.0003     0.0006     0.0005     0.0004     0.0004     0.0004     0.0004     0.0003     0.0003     0.0014     0.0014 
           Synchronization        
I/O                        0.0007     0.0016     0.0006     0.0006     0.0001     0.0000     0.0005     0.0005     0.0014     0.0013     0.0009     0.0008     0.0005     0.0005     0.0002     0.0002     0.0091     0.0093 
Reduction                  0.0016     0.0016     0.0020     0.0018     0.0002     0.0002     0.0019     0.0019     0.0024     0.0024     0.0025     0.0020     0.0007     0.0008     0.0002     0.0004     0.0213     0.0215 
Remote access              0.0029     0.0068     0.0015     0.0015     0.0004     0.0004     0.0012     0.0012     0.0048     0.0044     0.0023     0.0022     0.0020     0.0021     0.0007     0.0008     0.0285     0.0294 
           Variation              
I/O                        0.0006     0.0017     0.0007     0.0007     0.0002     0.0002     0.0007     0.0007     0.0015     0.0014     0.0010     0.0009     0.0007     0.0007     0.0003     0.0004     0.0092     0.0094 
Reduction                  0.0016     0.0016     0.0020     0.0018     0.0002     0.0002     0.0019     0.0019     0.0024     0.0024     0.0025     0.0021     0.0007     0.0008     0.0002     0.0004     0.0213     0.0215 
Remote access              0.0029     0.0068     0.0015     0.0015     0.0004     0.0004     0.0012     0.0012     0.0048     0.0044     0.0023     0.0022     0.0020     0.0021     0.0007     0.0008     0.0285     0.0295 
           Overlap                
Reduction                  0.0000     0.0000     0.0000     0.0000     0.0000     0.0000     0.0000     0.0000     0.0000     0.0000     0.0000     0.0000     0.0000     0.0000     0.0000     0.0000     0.0000     0.0000 
Remote access              0.0008     0.0008     0.0008     0.0008     0.0012     0.0012     0.0009     0.0009     0.0006     0.0006     0.0007     0.0008     0.0009     0.0009     0.0012     0.0011     0.0000     0.0000 


-------------------------------------------------------------------------
Name (number) and performance time of processors
omp.keldysh.ru(1) 0.933951
omp.keldysh.ru(2) 0.933909
omp.keldysh.ru(3) 0.955557
omp.keldysh.ru(4) 0.955602
omp.keldysh.ru(5) 0.954867
omp.keldysh.ru(6) 0.954884
omp.keldysh.ru(7) 0.934087
omp.keldysh.ru(8) 0.934082
omp.keldysh.ru(9) 0.955556
omp.keldysh.ru(10) 0.955516
omp.keldysh.ru(11) 0.953316
omp.keldysh.ru(12) 0.953642
omp.keldysh.ru(13) 0.952091
omp.keldysh.ru(14) 0.952073
omp.keldysh.ru(15) 0.956509
omp.keldysh.ru(16) 0.956508
omp.keldysh.ru(17) 0.956064
omp.keldysh.ru(18) 0.956080
min - omp.keldysh.ru(2) 0.933909; max - omp.keldysh.ru(15) 0.956509; mid - 0.950239
