Processor system=1*3*6*1
Statistics has been accumulated on DVM-system version 5.0, platform DVM
Analyzer is executing on DVM-system version 5.0, platform DVM
-------------------------------------------------------------------------
INTERVAL ( NLINE=7 SOURCE=rem42.f ) LEVEL=0  EXE_COUNT=2
--- The main characteristics --- 
Parallelization efficiency      0.0491 
Execution time                  0.0396 
Processors                          18
Threads amount                      18
Total time                      0.7135
Productive time                 0.0350 ( CPU= 0.0136 Sys= 0.0214 I/O= 0.0000 )
Lost  time                      0.6785 
   Insufficient parallelism     0.5952 ( User= 0.2314 Sys= 0.3638 )
   Communication                0.0398 ( Real_sync= 0.0000 Starts= 0.0000 )
   Idle time                    0.0435
Load imbalance                  0.0042
Synchronization                25.6089
Time variation                 25.6140
Overlap                         0.0002
                  Nop   Communic    Synchro  Variation    Overlap 
I/O                17     0.0000     0.1093     0.1145     0.0000 
Reduction           8     0.0398     0.0067     0.0067     0.0000 
Remote access    4155     0.0000    25.4929    25.4928     0.0002 
--- The comparative characteristics --- 
                              Tmin N proc      Tmax N proc      Tmid
Lost time                   0.0375    12     0.0387    17     0.0377 
User insufficient par.      0.0057    17     0.0157    12     0.0129 
Sys.insufficient par.       0.0107    17     0.0218     1     0.0202 
Idle time                   0.0000    12     0.0070    18     0.0024 
Communication               0.0002     8     0.0152    17     0.0022 
Synchronization             0.0087     8    10.8005    17     1.4227 
Variation                   0.0090     8    10.8010    17     1.4230 
Overlap                     0.0000     1     0.0001     8     0.0000 
Load imbalance              0.0000    12     0.0012    17     0.0002 
Execution time              0.0326    18     0.0396    12     0.0372 
User CPU time               0.0003    17     0.0009    12     0.0008 
Sys. CPU time               0.0006    17     0.0013     7     0.0012 
I/O time                    0.0000    10     0.0000     1     0.0000 
Processors                      18     1         18    18         18 
                      Communic          Synchro        Variation          Overlap  
I/O             Tmin    0.0000     1     0.0003     7     0.0007     7     0.0000     1 
I/O             Tmax    0.0000    18     0.0440    17     0.0443    17     0.0000    18 
I/O             Tmid    0.0000           0.0061           0.0064           0.0000       
Reduction       Tmin    0.0002     8     0.0000     6     0.0000     6     0.0000     1 
Reduction       Tmax    0.0152    17     0.0019    17     0.0019    17     0.0000    10 
Reduction       Tmid    0.0022           0.0004           0.0004           0.0000       
Remote access   Tmin    0.0000     1     0.0082     8     0.0082     8     0.0000     1 
Remote access   Tmax    0.0000    18    10.7545    17    10.7547    17     0.0001     8 
Remote access   Tmid    0.0000           1.4163           1.4163           0.0000       
--- The execution characteristics --- 
                                1          2          3          4          5          6          7          8          9         10         11         12         13         14         15         16         17         18 
Lost time                  0.0376     0.0376     0.0376     0.0375     0.0376     0.0376     0.0376     0.0376     0.0375     0.0376     0.0376     0.0375     0.0376     0.0375     0.0375     0.0376     0.0387     0.0386 
User insufficient par.     0.0135     0.0129     0.0129     0.0147     0.0138     0.0131     0.0137     0.0131     0.0144     0.0130     0.0130     0.0157     0.0130     0.0152     0.0151     0.0130     0.0057     0.0057 
Sys.insufficient par.      0.0218     0.0212     0.0211     0.0211     0.0212     0.0212     0.0217     0.0217     0.0214     0.0215     0.0215     0.0214     0.0212     0.0211     0.0214     0.0214     0.0107     0.0111 
Idle time                  0.0016     0.0027     0.0027     0.0008     0.0019     0.0027     0.0019     0.0027     0.0012     0.0027     0.0027     0.0000     0.0027     0.0004     0.0004     0.0027     0.0070     0.0070 
Communication              0.0007     0.0008     0.0010     0.0010     0.0006     0.0007     0.0002     0.0002     0.0005     0.0005     0.0004     0.0004     0.0008     0.0008     0.0006     0.0006     0.0152     0.0148 
Synchronization            0.3188     0.4076     0.5267     0.5267     0.2666     0.2591     0.0097     0.0087     0.1442     0.1443     0.1481     0.1364     0.4313     0.4272     0.2471     0.2520    10.8005    10.5540 
Variation                  0.3186     0.4079     0.5270     0.5270     0.2668     0.2594     0.0100     0.0090     0.1445     0.1445     0.1484     0.1367     0.4316     0.4275     0.2474     0.2523    10.8010    10.5545 
Overlap                    0.0000     0.0000     0.0000     0.0000     0.0000     0.0000     0.0001     0.0001     0.0000     0.0000     0.0000     0.0000     0.0000     0.0000     0.0000     0.0000     0.0000     0.0000 
Load imbalance             0.0001     0.0002     0.0002     0.0001     0.0001     0.0002     0.0001     0.0001     0.0001     0.0002     0.0001     0.0000     0.0002     0.0000     0.0000     0.0002     0.0012     0.0012 
Execution time             0.0381     0.0370     0.0370     0.0389     0.0377     0.0370     0.0377     0.0370     0.0385     0.0370     0.0370     0.0396     0.0370     0.0393     0.0392     0.0370     0.0326     0.0326 
User CPU time              0.0008     0.0008     0.0008     0.0009     0.0008     0.0008     0.0008     0.0008     0.0008     0.0008     0.0008     0.0009     0.0008     0.0009     0.0009     0.0008     0.0003     0.0003 
Sys. CPU time              0.0013     0.0012     0.0012     0.0012     0.0012     0.0012     0.0013     0.0013     0.0013     0.0013     0.0013     0.0013     0.0012     0.0012     0.0013     0.0013     0.0006     0.0007 
I/O time                   0.0000     0.0000     0.0000     0.0000     0.0000     0.0000     0.0000     0.0000     0.0000     0.0000     0.0000     0.0000     0.0000     0.0000     0.0000     0.0000     0.0000     0.0000 
Processors                     18         18         18         18         18         18         18         18         18         18         18         18         18         18         18         18         18         18 
           Communication          
Reduction                  0.0007     0.0008     0.0010     0.0010     0.0006     0.0007     0.0002     0.0002     0.0005     0.0005     0.0004     0.0004     0.0008     0.0008     0.0006     0.0006     0.0152     0.0148 
           Synchronization        
I/O                        0.0014     0.0021     0.0026     0.0026     0.0012     0.0011     0.0003     0.0004     0.0012     0.0012     0.0011     0.0010     0.0020     0.0020     0.0011     0.0011     0.0440     0.0430 
Reduction                  0.0002     0.0002     0.0003     0.0003     0.0000     0.0000     0.0001     0.0001     0.0003     0.0003     0.0003     0.0002     0.0002     0.0002     0.0000     0.0000     0.0019     0.0019 
Remote access              0.3172     0.4053     0.5238     0.5238     0.2653     0.2579     0.0093     0.0082     0.1428     0.1428     0.1468     0.1351     0.4292     0.4250     0.2460     0.2509    10.7545    10.5090 
           Variation              
I/O                        0.0013     0.0024     0.0029     0.0029     0.0015     0.0015     0.0007     0.0007     0.0015     0.0015     0.0014     0.0013     0.0023     0.0023     0.0014     0.0014     0.0443     0.0434 
Reduction                  0.0002     0.0002     0.0003     0.0003     0.0000     0.0000     0.0001     0.0001     0.0003     0.0003     0.0003     0.0002     0.0002     0.0002     0.0000     0.0000     0.0019     0.0019 
Remote access              0.3172     0.4053     0.5238     0.5238     0.2653     0.2579     0.0092     0.0082     0.1427     0.1427     0.1467     0.1351     0.4291     0.4250     0.2460     0.2508    10.7547    10.5092 
           Overlap                
Reduction                  0.0000     0.0000     0.0000     0.0000     0.0000     0.0000     0.0000     0.0000     0.0000     0.0000     0.0000     0.0000     0.0000     0.0000     0.0000     0.0000     0.0000     0.0000 
Remote access              0.0000     0.0000     0.0000     0.0000     0.0000     0.0000     0.0001     0.0001     0.0000     0.0000     0.0000     0.0000     0.0000     0.0000     0.0000     0.0000     0.0000     0.0000 


-------------------------------------------------------------------------
Name (number) and performance time of processors
omp.keldysh.ru(1) 0.935321
omp.keldysh.ru(2) 0.935235
omp.keldysh.ru(3) 0.958208
omp.keldysh.ru(4) 0.958240
omp.keldysh.ru(5) 0.957906
omp.keldysh.ru(6) 0.957885
omp.keldysh.ru(7) 0.956879
omp.keldysh.ru(8) 0.957175
omp.keldysh.ru(9) 0.935348
omp.keldysh.ru(10) 0.935298
omp.keldysh.ru(11) 0.957358
omp.keldysh.ru(12) 0.957362
omp.keldysh.ru(13) 0.959449
omp.keldysh.ru(14) 0.959444
omp.keldysh.ru(15) 0.959302
omp.keldysh.ru(16) 0.959311
omp.keldysh.ru(17) 0.960218
omp.keldysh.ru(18) 0.960215
min - omp.keldysh.ru(2) 0.935235; max - omp.keldysh.ru(17) 0.960218; mid - 0.953342
