Processor system=2*4*2*1
Statistics has been accumulated on DVM-system version 5.0, platform DVM
Analyzer is executing on DVM-system version 5.0, platform DVM
-------------------------------------------------------------------------
INTERVAL ( NLINE=7 SOURCE=acr42.f ) LEVEL=0  EXE_COUNT=1
--- The main characteristics --- 
Parallelization efficiency      0.0577 
Execution time                  0.7603 
Processors                          16
Threads amount                      16
Total time                     12.1650
Productive time                 0.7022 ( CPU= 0.6963 Sys= 0.0058 I/O= 0.0000 )
Lost  time                     11.4628 
   Insufficient parallelism    10.5324 ( User= 10.4443 Sys= 0.0881 )
   Communication                0.0046 ( Real_sync= 0.0000 Starts= 0.0000 )
   Idle time                    0.9258
Load imbalance                  0.0579
Synchronization                 5.5853
Time variation                  5.5871
Overlap                         0.0032
                  Nop   Communic    Synchro  Variation    Overlap 
I/O                11     0.0000     1.8355     1.8373     0.0000 
Reduction           9     0.0046     0.9258     0.9258     0.0000 
Shadow             27     0.0000     2.8240     2.8240     0.0032 
--- The comparative characteristics --- 
                              Tmin N proc      Tmax N proc      Tmid
Lost time                   0.7128     8     0.7269    16     0.7164 
User insufficient par.      0.4991    13     0.7054     9     0.6528 
Sys.insufficient par.       0.0019    14     0.0073     1     0.0055 
Idle time                   0.0000     9     0.2248    16     0.0579 
Communication               0.0002     1     0.0004    16     0.0003 
Synchronization             0.0022     7     1.3723    13     0.3491 
Variation                   0.0024     7     1.3725    13     0.3492 
Overlap                     0.0000    13     0.0004     7     0.0002 
Load imbalance              0.0000     8     0.0141    16     0.0036 
Execution time              0.5355    16     0.7603    10     0.7024 
User CPU time               0.0333    13     0.0470     9     0.0435 
Sys. CPU time               0.0001    14     0.0005    10     0.0004 
I/O time                    0.0000    10     0.0000     1     0.0000 
Processors                      16     1         16    16         16 
                      Communic          Synchro        Variation          Overlap  
I/O             Tmin    0.0000     1     0.0004     8     0.0005     8     0.0000     1 
I/O             Tmax    0.0000    16     0.4540    13     0.4541    13     0.0000    16 
I/O             Tmid    0.0000           0.1147           0.1148           0.0000       
Reduction       Tmin    0.0002     1     0.0004     8     0.0004     8     0.0000     1 
Reduction       Tmax    0.0004    16     0.2291    13     0.2291    13     0.0000     8 
Reduction       Tmid    0.0003           0.0579           0.0579           0.0000       
Shadow          Tmin    0.0000     1     0.0014     7     0.0014     7     0.0000    13 
Shadow          Tmax    0.0000    16     0.6892    13     0.6892    13     0.0004     7 
Shadow          Tmid    0.0000           0.1765           0.1765           0.0002       
--- The execution characteristics --- 
                                1          2          3          4          5          6          7          8          9         10         11         12         13         14         15         16 
Lost time                  0.7128     0.7131     0.7131     0.7132     0.7129     0.7130     0.7128     0.7128     0.7128     0.7128     0.7130     0.7130     0.7269     0.7268     0.7268     0.7269 
User insufficient par.     0.7052     0.7023     0.7024     0.7028     0.7038     0.7028     0.7054     0.7053     0.7054     0.7053     0.7026     0.7022     0.4991     0.5004     0.5002     0.4992 
Sys.insufficient par.      0.0073     0.0059     0.0062     0.0032     0.0070     0.0069     0.0071     0.0073     0.0071     0.0073     0.0067     0.0067     0.0026     0.0019     0.0024     0.0024 
Idle time                  0.0001     0.0046     0.0042     0.0070     0.0020     0.0031     0.0000     0.0000     0.0000     0.0000     0.0035     0.0039     0.2248     0.2241     0.2237     0.2248 
Communication              0.0002     0.0003     0.0002     0.0003     0.0002     0.0002     0.0002     0.0002     0.0003     0.0003     0.0003     0.0003     0.0004     0.0004     0.0004     0.0004 
Synchronization            0.0052     0.0189     0.0159     0.0286     0.0087     0.0106     0.0022     0.0024     0.0056     0.0042     0.0134     0.0134     1.3723     1.3660     1.3486     1.3691 
Variation                  0.0051     0.0190     0.0160     0.0287     0.0089     0.0107     0.0024     0.0026     0.0057     0.0044     0.0135     0.0135     1.3725     1.3662     1.3488     1.3692 
Overlap                    0.0002     0.0002     0.0002     0.0002     0.0003     0.0003     0.0004     0.0003     0.0002     0.0002     0.0003     0.0003     0.0000     0.0000     0.0000     0.0000 
Load imbalance             0.0000     0.0003     0.0003     0.0004     0.0001     0.0002     0.0000     0.0000     0.0000     0.0000     0.0002     0.0002     0.0141     0.0140     0.0140     0.0141 
Execution time             0.7602     0.7557     0.7561     0.7533     0.7583     0.7572     0.7603     0.7603     0.7603     0.7603     0.7568     0.7565     0.5355     0.5362     0.5366     0.5355 
User CPU time              0.0470     0.0468     0.0468     0.0469     0.0469     0.0469     0.0470     0.0470     0.0470     0.0470     0.0468     0.0468     0.0333     0.0334     0.0333     0.0333 
Sys. CPU time              0.0005     0.0004     0.0004     0.0002     0.0005     0.0005     0.0005     0.0005     0.0005     0.0005     0.0004     0.0004     0.0002     0.0001     0.0002     0.0002 
I/O time                   0.0000     0.0000     0.0000     0.0000     0.0000     0.0000     0.0000     0.0000     0.0000     0.0000     0.0000     0.0000     0.0000     0.0000     0.0000     0.0000 
Processors                     16         16         16         16         16         16         16         16         16         16         16         16         16         16         16         16 
           Communication          
Reduction                  0.0002     0.0003     0.0002     0.0003     0.0002     0.0002     0.0002     0.0002     0.0003     0.0003     0.0003     0.0003     0.0004     0.0004     0.0004     0.0004 
           Synchronization        
I/O                        0.0011     0.0041     0.0038     0.0088     0.0013     0.0018     0.0005     0.0004     0.0008     0.0005     0.0023     0.0024     0.4540     0.4525     0.4487     0.4527 
Reduction                  0.0009     0.0019     0.0019     0.0031     0.0008     0.0010     0.0004     0.0004     0.0006     0.0004     0.0012     0.0012     0.2291     0.2284     0.2260     0.2286 
Shadow                     0.0032     0.0130     0.0103     0.0167     0.0066     0.0079     0.0014     0.0016     0.0043     0.0033     0.0099     0.0098     0.6892     0.6851     0.6740     0.6878 
           Variation              
I/O                        0.0009     0.0042     0.0039     0.0089     0.0014     0.0019     0.0006     0.0005     0.0009     0.0006     0.0024     0.0026     0.4541     0.4526     0.4488     0.4528 
Reduction                  0.0009     0.0019     0.0019     0.0031     0.0008     0.0010     0.0004     0.0004     0.0006     0.0004     0.0012     0.0012     0.2291     0.2284     0.2260     0.2286 
Shadow                     0.0032     0.0130     0.0103     0.0167     0.0066     0.0079     0.0014     0.0016     0.0043     0.0033     0.0099     0.0098     0.6892     0.6851     0.6740     0.6878 
           Overlap                
Reduction                  0.0000     0.0000     0.0000     0.0000     0.0000     0.0000     0.0000     0.0000     0.0000     0.0000     0.0000     0.0000     0.0000     0.0000     0.0000     0.0000 
Shadow                     0.0002     0.0002     0.0002     0.0002     0.0003     0.0003     0.0004     0.0003     0.0002     0.0002     0.0003     0.0003     0.0000     0.0000     0.0000     0.0000 


-------------------------------------------------------------------------
Name (number) and performance time of processors
omp.keldysh.ru(1) 0.933339
omp.keldysh.ru(2) 0.933616
omp.keldysh.ru(3) 0.956695
omp.keldysh.ru(4) 0.956728
omp.keldysh.ru(5) 0.955553
omp.keldysh.ru(6) 0.955566
omp.keldysh.ru(7) 0.957469
omp.keldysh.ru(8) 0.957458
omp.keldysh.ru(9) 0.956352
omp.keldysh.ru(10) 0.956391
omp.keldysh.ru(11) 0.957621
omp.keldysh.ru(12) 0.957640
omp.keldysh.ru(13) 0.956211
omp.keldysh.ru(14) 0.956215
omp.keldysh.ru(15) 0.957578
omp.keldysh.ru(16) 0.957578
min - omp.keldysh.ru(1) 0.933339; max - omp.keldysh.ru(12) 0.957640; mid - 0.953876
