Processor system=3*3*2
Statistics has been accumulated on DVM-system version 5.0, platform DVM
Analyzer is executing on DVM-system version 5.0, platform DVM
-------------------------------------------------------------------------
INTERVAL ( NLINE=7 SOURCE=sh31.f ) LEVEL=0  EXE_COUNT=2
--- The main characteristics --- 
Parallelization efficiency      0.1459 
Execution time                  0.0505 
Processors                          18
Threads amount                      18
Total time                      0.9087
Productive time                 0.1326 ( CPU= 0.1305 Sys= 0.0021 I/O= 0.0000 )
Lost  time                      0.7762 
   Insufficient parallelism     0.6258 ( User= 0.5905 Sys= 0.0353 )
   Communication                0.1113 ( Real_sync= 0.0000 Starts= 0.0000 )
   Idle time                    0.0391
Load imbalance                  0.0320
Synchronization                 0.0592
Time variation                  0.0315
Overlap                         0.0000
                  Nop   Communic    Synchro  Variation    Overlap 
I/O                12     0.0000     0.0032     0.0065     0.0000 
Reduction          10     0.0499     0.0002     0.0003     0.0000 
Shadow             10     0.0613     0.0558     0.0247     0.0000 
--- The comparative characteristics --- 
                              Tmin N proc      Tmax N proc      Tmid
Lost time                   0.0413    10     0.0460    17     0.0431 
User insufficient par.      0.0209    18     0.0368    14     0.0328 
Sys.insufficient par.       0.0014    17     0.0030     9     0.0020 
Idle time                   0.0000    15     0.0042    18     0.0022 
Communication               0.0023     9     0.0194    18     0.0062 
Synchronization             0.0003     9     0.0159    17     0.0033 
Variation                   0.0004     9     0.0031    17     0.0017 
Overlap                     0.0000     1     0.0000     9     0.0000 
Load imbalance              0.0000    10     0.0047    17     0.0018 
Execution time              0.0463    18     0.0505    15     0.0483 
User CPU time               0.0044    18     0.0090    10     0.0072 
Sys. CPU time               0.0001    17     0.0002     9     0.0001 
I/O time                    0.0000     3     0.0000     1     0.0000 
Processors                      18     1         18    18         18 
                      Communic          Synchro        Variation          Overlap  
I/O             Tmin    0.0000     1     0.0000     2     0.0000     1     0.0000     1 
I/O             Tmax    0.0000    18     0.0011    17     0.0013    17     0.0000    18 
I/O             Tmid    0.0000           0.0002           0.0004           0.0000       
Reduction       Tmin    0.0001     9     0.0000     9     0.0000     9     0.0000     1 
Reduction       Tmax    0.0053    17     0.0000     7     0.0000     2     0.0000    16 
Reduction       Tmid    0.0028           0.0000           0.0000           0.0000       
Shadow          Tmin    0.0013    13     0.0002     9     0.0001     9     0.0000     1 
Shadow          Tmax    0.0145    18     0.0147    17     0.0018     3     0.0000     9 
Shadow          Tmid    0.0034           0.0031           0.0014           0.0000       
--- The execution characteristics --- 
                                1          2          3          4          5          6          7          8          9         10         11         12         13         14         15         16         17         18 
Lost time                  0.0434     0.0435     0.0422     0.0423     0.0438     0.0438     0.0426     0.0428     0.0414     0.0413     0.0426     0.0427     0.0438     0.0437     0.0418     0.0423     0.0460     0.0460 
User insufficient par.     0.0354     0.0356     0.0336     0.0339     0.0342     0.0360     0.0353     0.0323     0.0349     0.0331     0.0326     0.0326     0.0353     0.0368     0.0353     0.0316     0.0211     0.0209 
Sys.insufficient par.      0.0018     0.0017     0.0020     0.0019     0.0017     0.0017     0.0020     0.0021     0.0030     0.0027     0.0022     0.0021     0.0017     0.0016     0.0021     0.0022     0.0014     0.0015 
Idle time                  0.0004     0.0004     0.0024     0.0020     0.0027     0.0008     0.0008     0.0038     0.0012     0.0031     0.0038     0.0038     0.0016     0.0000     0.0000     0.0038     0.0042     0.0042 
Communication              0.0057     0.0057     0.0041     0.0046     0.0052     0.0054     0.0045     0.0046     0.0023     0.0025     0.0041     0.0042     0.0052     0.0052     0.0044     0.0047     0.0194     0.0194 
Synchronization            0.0025     0.0024     0.0020     0.0025     0.0012     0.0017     0.0018     0.0020     0.0003     0.0006     0.0013     0.0015     0.0013     0.0014     0.0026     0.0027     0.0159     0.0155 
Variation                  0.0017     0.0015     0.0021     0.0018     0.0018     0.0015     0.0020     0.0016     0.0004     0.0009     0.0018     0.0016     0.0020     0.0015     0.0021     0.0017     0.0031     0.0023 
Overlap                    0.0000     0.0000     0.0000     0.0000     0.0000     0.0000     0.0000     0.0000     0.0000     0.0000     0.0000     0.0000     0.0000     0.0000     0.0000     0.0000     0.0000     0.0000 
Load imbalance             0.0020     0.0021     0.0008     0.0010     0.0025     0.0025     0.0013     0.0015     0.0001     0.0000     0.0013     0.0013     0.0025     0.0023     0.0005     0.0009     0.0047     0.0047 
Execution time             0.0501     0.0501     0.0481     0.0485     0.0477     0.0497     0.0497     0.0466     0.0493     0.0474     0.0466     0.0466     0.0489     0.0505     0.0505     0.0467     0.0463     0.0463 
User CPU time              0.0070     0.0069     0.0082     0.0081     0.0066     0.0066     0.0078     0.0075     0.0089     0.0090     0.0077     0.0077     0.0066     0.0067     0.0086     0.0081     0.0044     0.0044 
Sys. CPU time              0.0001     0.0001     0.0001     0.0001     0.0001     0.0001     0.0001     0.0001     0.0002     0.0002     0.0001     0.0001     0.0001     0.0001     0.0001     0.0001     0.0001     0.0001 
I/O time                   0.0000     0.0000     0.0000     0.0000     0.0000     0.0000     0.0000     0.0000     0.0000     0.0000     0.0000     0.0000     0.0000     0.0000     0.0000     0.0000     0.0000     0.0000 
Processors                     18         18         18         18         18         18         18         18         18         18         18         18         18         18         18         18         18         18 
           Communication          
Reduction                  0.0035     0.0032     0.0023     0.0021     0.0038     0.0033     0.0027     0.0023     0.0001     0.0004     0.0025     0.0022     0.0040     0.0034     0.0021     0.0019     0.0053     0.0049 
Shadow                     0.0023     0.0025     0.0019     0.0025     0.0014     0.0020     0.0018     0.0023     0.0023     0.0021     0.0016     0.0020     0.0013     0.0018     0.0023     0.0028     0.0141     0.0145 
           Synchronization        
I/O                        0.0000     0.0000     0.0000     0.0000     0.0000     0.0001     0.0001     0.0002     0.0001     0.0001     0.0001     0.0001     0.0001     0.0000     0.0000     0.0002     0.0011     0.0008 
Reduction                  0.0000     0.0000     0.0000     0.0000     0.0000     0.0000     0.0000     0.0000     0.0000     0.0000     0.0000     0.0000     0.0000     0.0000     0.0000     0.0000     0.0000     0.0000 
Shadow                     0.0024     0.0024     0.0019     0.0024     0.0011     0.0016     0.0017     0.0018     0.0002     0.0006     0.0012     0.0013     0.0012     0.0014     0.0026     0.0025     0.0147     0.0147 
           Variation              
I/O                        0.0000     0.0002     0.0002     0.0002     0.0002     0.0003     0.0003     0.0004     0.0003     0.0003     0.0003     0.0003     0.0003     0.0002     0.0002     0.0004     0.0013     0.0010 
Reduction                  0.0000     0.0000     0.0000     0.0000     0.0000     0.0000     0.0000     0.0000     0.0000     0.0000     0.0000     0.0000     0.0000     0.0000     0.0000     0.0000     0.0000     0.0000 
Shadow                     0.0017     0.0013     0.0018     0.0015     0.0016     0.0012     0.0017     0.0012     0.0001     0.0006     0.0015     0.0013     0.0017     0.0013     0.0018     0.0013     0.0017     0.0013 
           Overlap                
Reduction                  0.0000     0.0000     0.0000     0.0000     0.0000     0.0000     0.0000     0.0000     0.0000     0.0000     0.0000     0.0000     0.0000     0.0000     0.0000     0.0000     0.0000     0.0000 
Shadow                     0.0000     0.0000     0.0000     0.0000     0.0000     0.0000     0.0000     0.0000     0.0000     0.0000     0.0000     0.0000     0.0000     0.0000     0.0000     0.0000     0.0000     0.0000 


-------------------------------------------------------------------------
Name (number) and performance time of processors
omp.keldysh.ru(1) 0.935371
omp.keldysh.ru(2) 0.935271
omp.keldysh.ru(3) 0.954627
omp.keldysh.ru(4) 0.955551
omp.keldysh.ru(5) 0.957028
omp.keldysh.ru(6) 0.957032
omp.keldysh.ru(7) 0.957655
omp.keldysh.ru(8) 0.957641
omp.keldysh.ru(9) 0.955311
omp.keldysh.ru(10) 0.955579
omp.keldysh.ru(11) 0.957524
omp.keldysh.ru(12) 0.957539
omp.keldysh.ru(13) 0.957416
omp.keldysh.ru(14) 0.957383
omp.keldysh.ru(15) 0.957226
omp.keldysh.ru(16) 0.957279
omp.keldysh.ru(17) 0.935369
omp.keldysh.ru(18) 0.935348
min - omp.keldysh.ru(2) 0.935271; max - omp.keldysh.ru(7) 0.957655; mid - 0.952008
