Processor system=1*4*4*1
Statistics has been accumulated on DVM-system version 5.0, platform DVM
Analyzer is executing on DVM-system version 5.0, platform DVM
-------------------------------------------------------------------------
INTERVAL ( NLINE=5 SOURCE=prf42.f ) LEVEL=0  EXE_COUNT=1
--- The main characteristics --- 
Parallelization efficiency      0.0463 
Execution time                  0.0143 
Processors                          16
Threads amount                      16
Total time                      0.2296
Productive time                 0.0106 ( CPU= 0.0087 Sys= 0.0019 I/O= 0.0000 )
Lost  time                      0.2190 
   Insufficient parallelism     0.1595 ( User= 0.1306 Sys= 0.0288 )
   Communication                0.0108 ( Real_sync= 0.0000 Starts= 0.0000 )
   Idle time                    0.0488
Load imbalance                  0.0031
Synchronization                 0.2920
Time variation                  0.2932
Overlap                         0.0087
                  Nop   Communic    Synchro  Variation    Overlap 
I/O                11     0.0000     0.0459     0.0471     0.0000 
Reduction          21     0.0108     0.1043     0.1043     0.0000 
Remote access     180     0.0000     0.1418     0.1418     0.0087 
--- The comparative characteristics --- 
                              Tmin N proc      Tmax N proc      Tmid
Lost time                   0.0135     8     0.0140    13     0.0137 
User insufficient par.      0.0042    15     0.0110     8     0.0082 
Sys.insufficient par.       0.0013    14     0.0020     5     0.0018 
Idle time                   0.0000     8     0.0072    15     0.0030 
Communication               0.0003     6     0.0013    14     0.0007 
Synchronization             0.0036    11     0.0543    14     0.0182 
Variation                   0.0037    11     0.0544    14     0.0183 
Overlap                     0.0000    13     0.0011     7     0.0005 
Load imbalance              0.0000     8     0.0005    15     0.0002 
Execution time              0.0071    15     0.0143     8     0.0113 
User CPU time               0.0003    15     0.0007     8     0.0005 
Sys. CPU time               0.0001    15     0.0001     5     0.0001 
I/O time                    0.0000    11     0.0000     1     0.0000 
Processors                      16     1         16    16         16 
                      Communic          Synchro        Variation          Overlap  
I/O             Tmin    0.0000     1     0.0006    11     0.0007    11     0.0000     1 
I/O             Tmax    0.0000    16     0.0085    14     0.0086    14     0.0000    16 
I/O             Tmid    0.0000           0.0029           0.0029           0.0000       
Reduction       Tmin    0.0003     6     0.0000     7     0.0000     7     0.0000     1 
Reduction       Tmax    0.0013    14     0.0208    15     0.0208    15     0.0000     7 
Reduction       Tmid    0.0007           0.0065           0.0065           0.0000       
Remote access   Tmin    0.0000     1     0.0014     5     0.0014     5     0.0000    13 
Remote access   Tmax    0.0000    16     0.0257    14     0.0257    14     0.0011     8 
Remote access   Tmid    0.0000           0.0089           0.0089           0.0005       
--- The execution characteristics --- 
                                1          2          3          4          5          6          7          8          9         10         11         12         13         14         15         16 
Lost time                  0.0137     0.0137     0.0136     0.0136     0.0135     0.0136     0.0135     0.0135     0.0135     0.0137     0.0137     0.0136     0.0140     0.0139     0.0140     0.0139 
User insufficient par.     0.0078     0.0078     0.0098     0.0091     0.0108     0.0090     0.0106     0.0110     0.0104     0.0079     0.0084     0.0095     0.0042     0.0052     0.0042     0.0050 
Sys.insufficient par.      0.0019     0.0020     0.0020     0.0020     0.0020     0.0020     0.0020     0.0019     0.0020     0.0019     0.0020     0.0019     0.0013     0.0013     0.0013     0.0014 
Idle time                  0.0034     0.0035     0.0012     0.0020     0.0004     0.0023     0.0004     0.0000     0.0008     0.0035     0.0027     0.0016     0.0072     0.0061     0.0072     0.0065 
Communication              0.0005     0.0004     0.0006     0.0006     0.0003     0.0003     0.0005     0.0006     0.0004     0.0004     0.0006     0.0006     0.0013     0.0013     0.0012     0.0010 
Synchronization            0.0080     0.0077     0.0081     0.0117     0.0045     0.0047     0.0037     0.0075     0.0093     0.0090     0.0036     0.0081     0.0536     0.0543     0.0528     0.0453 
Variation                  0.0079     0.0078     0.0082     0.0118     0.0046     0.0048     0.0038     0.0076     0.0094     0.0091     0.0037     0.0082     0.0537     0.0544     0.0527     0.0454 
Overlap                    0.0004     0.0004     0.0006     0.0006     0.0008     0.0008     0.0011     0.0011     0.0004     0.0004     0.0010     0.0010     0.0000     0.0000     0.0000     0.0000 
Load imbalance             0.0002     0.0002     0.0001     0.0001     0.0000     0.0001     0.0000     0.0000     0.0000     0.0002     0.0002     0.0001     0.0005     0.0004     0.0005     0.0004 
Execution time             0.0109     0.0109     0.0132     0.0124     0.0140     0.0120     0.0140     0.0143     0.0136     0.0109     0.0116     0.0128     0.0071     0.0082     0.0071     0.0078 
User CPU time              0.0005     0.0005     0.0007     0.0006     0.0007     0.0006     0.0007     0.0007     0.0007     0.0005     0.0006     0.0006     0.0003     0.0003     0.0003     0.0003 
Sys. CPU time              0.0001     0.0001     0.0001     0.0001     0.0001     0.0001     0.0001     0.0001     0.0001     0.0001     0.0001     0.0001     0.0001     0.0001     0.0001     0.0001 
I/O time                   0.0000     0.0000     0.0000     0.0000     0.0000     0.0000     0.0000     0.0000     0.0000     0.0000     0.0000     0.0000     0.0000     0.0000     0.0000     0.0000 
Processors                     16         16         16         16         16         16         16         16         16         16         16         16         16         16         16         16 
           Communication          
Reduction                  0.0005     0.0004     0.0006     0.0006     0.0003     0.0003     0.0005     0.0006     0.0004     0.0004     0.0006     0.0006     0.0013     0.0013     0.0012     0.0010 
           Synchronization        
I/O                        0.0012     0.0013     0.0013     0.0019     0.0007     0.0007     0.0007     0.0013     0.0015     0.0014     0.0006     0.0014     0.0083     0.0085     0.0082     0.0069 
Reduction                  0.0037     0.0034     0.0025     0.0024     0.0025     0.0025     0.0000     0.0000     0.0034     0.0033     0.0005     0.0005     0.0207     0.0202     0.0208     0.0181 
Remote access              0.0031     0.0031     0.0043     0.0073     0.0014     0.0015     0.0030     0.0062     0.0044     0.0043     0.0026     0.0062     0.0246     0.0257     0.0238     0.0203 
           Variation              
I/O                        0.0011     0.0014     0.0014     0.0020     0.0008     0.0008     0.0008     0.0014     0.0016     0.0015     0.0007     0.0015     0.0084     0.0086     0.0081     0.0070 
Reduction                  0.0036     0.0034     0.0025     0.0024     0.0025     0.0025     0.0000     0.0000     0.0034     0.0033     0.0005     0.0005     0.0207     0.0202     0.0208     0.0181 
Remote access              0.0031     0.0031     0.0043     0.0073     0.0014     0.0015     0.0030     0.0062     0.0044     0.0043     0.0026     0.0062     0.0246     0.0257     0.0238     0.0203 
           Overlap                
Reduction                  0.0000     0.0000     0.0000     0.0000     0.0000     0.0000     0.0000     0.0000     0.0000     0.0000     0.0000     0.0000     0.0000     0.0000     0.0000     0.0000 
Remote access              0.0004     0.0004     0.0006     0.0006     0.0008     0.0008     0.0011     0.0011     0.0004     0.0004     0.0010     0.0010     0.0000     0.0000     0.0000     0.0000 


-------------------------------------------------------------------------
Name (number) and performance time of processors
omp.keldysh.ru(1) 0.933650
omp.keldysh.ru(2) 0.933602
omp.keldysh.ru(3) 0.958081
omp.keldysh.ru(4) 0.958143
omp.keldysh.ru(5) 0.956773
omp.keldysh.ru(6) 0.956731
omp.keldysh.ru(7) 0.956741
omp.keldysh.ru(8) 0.956745
omp.keldysh.ru(9) 0.956704
omp.keldysh.ru(10) 0.956497
omp.keldysh.ru(11) 0.956533
omp.keldysh.ru(12) 0.956582
omp.keldysh.ru(13) 0.958686
omp.keldysh.ru(14) 0.958667
omp.keldysh.ru(15) 0.957207
omp.keldysh.ru(16) 0.957213
min - omp.keldysh.ru(2) 0.933602; max - omp.keldysh.ru(13) 0.958686; mid - 0.954285
