Processor system=3*1*6*1
Statistics has been accumulated on DVM-system version 5.0, platform DVM
Analyzer is executing on DVM-system version 5.0, platform DVM
-------------------------------------------------------------------------
INTERVAL ( NLINE=7 SOURCE=rem43.f ) LEVEL=0  EXE_COUNT=2
--- The main characteristics --- 
Parallelization efficiency      0.0455 
Execution time                  0.3912 
Processors                          18
Threads amount                      18
Total time                      7.0417
Productive time                 0.3201 ( CPU= 0.0223 Sys= 0.2977 I/O= 0.0000 )
Lost  time                      6.7217 
   Insufficient parallelism     5.3206 ( User= 0.2589 Sys= 5.0617 )
   Communication                1.3991 ( Real_sync= 0.0000 Starts= 0.0000 )
   Idle time                    0.0020
Load imbalance                  0.0310
Synchronization                 2.4422
Time variation                  1.7037
Overlap                         0.0003
                  Nop   Communic    Synchro  Variation    Overlap 
I/O                17     0.0000     0.0089     0.0120     0.0000 
Reduction           8     0.0024     0.0000     0.0000     0.0000 
Remote access    4155     1.3967     2.4332     1.6917     0.0003 
--- The comparative characteristics --- 
                              Tmin N proc      Tmax N proc      Tmid
Lost time                   0.3717     6     0.3806    17     0.3734 
User insufficient par.      0.0111    17     0.0152    16     0.0144 
Sys.insufficient par.       0.1649    17     0.3102     6     0.2812 
Idle time                   0.0000    16     0.0002    13     0.0001 
Communication               0.0468     6     0.2044    17     0.0777 
Synchronization             0.0776    12     0.2615    17     0.1357 
Variation                   0.0492    15     0.1687    18     0.0947 
Overlap                     0.0000     1     0.0001    15     0.0000 
Load imbalance              0.0000     6     0.0088    17     0.0017 
Execution time              0.3910    13     0.3912    16     0.3911 
User CPU time               0.0010    17     0.0013     4     0.0012 
Sys. CPU time               0.0097    17     0.0182     6     0.0165 
I/O time                    0.0000    10     0.0000     1     0.0000 
Processors                      18     1         18    18         18 
                      Communic          Synchro        Variation          Overlap  
I/O             Tmin    0.0000     1     0.0002    15     0.0004    15     0.0000     1 
I/O             Tmax    0.0000    18     0.0007    18     0.0009    18     0.0000    18 
I/O             Tmid    0.0000           0.0005           0.0007           0.0000       
Reduction       Tmin    0.0001    15     0.0000     7     0.0000     7     0.0000     1 
Reduction       Tmax    0.0005    18     0.0000     4     0.0000    18     0.0000    18 
Reduction       Tmid    0.0001           0.0000           0.0000           0.0000       
Remote access   Tmin    0.0466     6     0.0772    12     0.0487    15     0.0000     1 
Remote access   Tmax    0.2040    17     0.2608    17     0.1678    18     0.0001    15 
Remote access   Tmid    0.0776           0.1352           0.0940           0.0000       
--- The execution characteristics --- 
                                1          2          3          4          5          6          7          8          9         10         11         12         13         14         15         16         17         18 
Lost time                  0.3727     0.3727     0.3726     0.3727     0.3733     0.3717     0.3726     0.3726     0.3726     0.3727     0.3733     0.3717     0.3726     0.3727     0.3725     0.3726     0.3806     0.3795 
User insufficient par.     0.0148     0.0151     0.0150     0.0152     0.0136     0.0147     0.0149     0.0150     0.0150     0.0150     0.0133     0.0146     0.0147     0.0150     0.0149     0.0152     0.0111     0.0120 
Sys.insufficient par.      0.2937     0.2924     0.2946     0.2922     0.2838     0.3102     0.2947     0.2938     0.2949     0.2928     0.2842     0.3100     0.2947     0.2937     0.2956     0.2940     0.1649     0.1816 
Idle time                  0.0002     0.0000     0.0001     0.0000     0.0001     0.0001     0.0002     0.0001     0.0000     0.0000     0.0002     0.0001     0.0002     0.0002     0.0001     0.0000     0.0001     0.0000 
Communication              0.0639     0.0652     0.0629     0.0653     0.0759     0.0468     0.0628     0.0637     0.0627     0.0649     0.0757     0.0470     0.0630     0.0638     0.0619     0.0634     0.2044     0.1859 
Synchronization            0.1484     0.1480     0.1477     0.1473     0.1442     0.1044     0.1218     0.1216     0.1354     0.1368     0.1151     0.0776     0.1123     0.1119     0.0838     0.0856     0.2615     0.2389 
Variation                  0.1095     0.1087     0.1114     0.1099     0.0921     0.0919     0.0845     0.0847     0.0999     0.0998     0.0623     0.0644     0.0747     0.0754     0.0492     0.0501     0.1664     0.1687 
Overlap                    0.0000     0.0000     0.0000     0.0000     0.0000     0.0001     0.0000     0.0000     0.0000     0.0000     0.0000     0.0001     0.0000     0.0000     0.0001     0.0001     0.0000     0.0000 
Load imbalance             0.0010     0.0010     0.0009     0.0010     0.0016     0.0000     0.0009     0.0009     0.0009     0.0010     0.0016     0.0000     0.0009     0.0010     0.0008     0.0009     0.0088     0.0078 
Execution time             0.3910     0.3912     0.3911     0.3912     0.3911     0.3911     0.3910     0.3911     0.3912     0.3912     0.3910     0.3911     0.3910     0.3910     0.3911     0.3912     0.3911     0.3912 
User CPU time              0.0013     0.0013     0.0013     0.0013     0.0012     0.0013     0.0013     0.0013     0.0013     0.0013     0.0012     0.0012     0.0013     0.0013     0.0013     0.0013     0.0010     0.0010 
Sys. CPU time              0.0173     0.0172     0.0173     0.0172     0.0167     0.0182     0.0173     0.0173     0.0173     0.0172     0.0167     0.0182     0.0173     0.0173     0.0174     0.0173     0.0097     0.0107 
I/O time                   0.0000     0.0000     0.0000     0.0000     0.0000     0.0000     0.0000     0.0000     0.0000     0.0000     0.0000     0.0000     0.0000     0.0000     0.0000     0.0000     0.0000     0.0000 
Processors                     18         18         18         18         18         18         18         18         18         18         18         18         18         18         18         18         18         18 
           Communication          
Reduction                  0.0001     0.0001     0.0001     0.0001     0.0001     0.0001     0.0001     0.0001     0.0001     0.0001     0.0001     0.0001     0.0001     0.0001     0.0001     0.0001     0.0004     0.0005 
Remote access              0.0638     0.0651     0.0628     0.0652     0.0758     0.0466     0.0627     0.0636     0.0626     0.0648     0.0756     0.0469     0.0629     0.0637     0.0619     0.0633     0.2040     0.1855 
           Synchronization        
I/O                        0.0005     0.0006     0.0006     0.0005     0.0006     0.0005     0.0005     0.0005     0.0005     0.0005     0.0004     0.0004     0.0004     0.0004     0.0002     0.0002     0.0007     0.0007 
Reduction                  0.0000     0.0000     0.0000     0.0000     0.0000     0.0000     0.0000     0.0000     0.0000     0.0000     0.0000     0.0000     0.0000     0.0000     0.0000     0.0000     0.0000     0.0000 
Remote access              0.1478     0.1474     0.1471     0.1468     0.1436     0.1038     0.1213     0.1211     0.1349     0.1363     0.1147     0.0772     0.1119     0.1115     0.0836     0.0853     0.2608     0.2382 
           Variation              
I/O                        0.0005     0.0008     0.0008     0.0007     0.0007     0.0007     0.0007     0.0007     0.0007     0.0007     0.0006     0.0006     0.0006     0.0006     0.0004     0.0004     0.0009     0.0009 
Reduction                  0.0000     0.0000     0.0000     0.0000     0.0000     0.0000     0.0000     0.0000     0.0000     0.0000     0.0000     0.0000     0.0000     0.0000     0.0000     0.0000     0.0000     0.0000 
Remote access              0.1090     0.1080     0.1106     0.1092     0.0914     0.0912     0.0839     0.0841     0.0992     0.0991     0.0617     0.0638     0.0742     0.0748     0.0487     0.0496     0.1655     0.1678 
           Overlap                
Remote access              0.0000     0.0000     0.0000     0.0000     0.0000     0.0001     0.0000     0.0000     0.0000     0.0000     0.0000     0.0001     0.0000     0.0000     0.0001     0.0001     0.0000     0.0000 


-------------------------------------------------------------------------
Name (number) and performance time of processors
omp.keldysh.ru(1) 0.935516
omp.keldysh.ru(2) 0.935368
omp.keldysh.ru(3) 0.955396
omp.keldysh.ru(4) 0.955827
omp.keldysh.ru(5) 0.950792
omp.keldysh.ru(6) 0.950441
omp.keldysh.ru(7) 0.935402
omp.keldysh.ru(8) 0.935403
omp.keldysh.ru(9) 0.955217
omp.keldysh.ru(10) 0.955214
omp.keldysh.ru(11) 0.956312
omp.keldysh.ru(12) 0.956284
omp.keldysh.ru(13) 0.957202
omp.keldysh.ru(14) 0.957190
omp.keldysh.ru(15) 0.951123
omp.keldysh.ru(16) 0.951143
omp.keldysh.ru(17) 0.952428
omp.keldysh.ru(18) 0.952429
min - omp.keldysh.ru(2) 0.935368; max - omp.keldysh.ru(13) 0.957202; mid - 0.949927
