Processor system=4*1*4
Statistics has been accumulated on DVM-system version 5.0, platform DVM
Analyzer is executing on DVM-system version 5.0, platform DVM
-------------------------------------------------------------------------
INTERVAL ( NLINE=8 SOURCE=red31.f ) LEVEL=0  EXE_COUNT=1
--- The main characteristics --- 
Parallelization efficiency      0.0763 
Execution time                  0.0107 
Processors                          16
Threads amount                      16
Total time                      0.1709
Productive time                 0.0130 ( CPU= 0.0121 Sys= 0.0009 I/O= 0.0000 )
Lost  time                      0.1579 
   Insufficient parallelism     0.1234 ( User= 0.1093 Sys= 0.0141 )
   Communication                0.0115 ( Real_sync= 0.0000 Starts= 0.0000 )
   Idle time                    0.0229
Load imbalance                  0.0018
Synchronization                 0.0076
Time variation                  0.0079
Overlap                         0.0001
                  Nop   Communic    Synchro  Variation    Overlap 
I/O                16     0.0000     0.0015     0.0046     0.0000 
Reduction          14     0.0078     0.0012     0.0011     0.0001 
Remote access      36     0.0037     0.0049     0.0023     0.0000 
--- The comparative characteristics --- 
                              Tmin N proc      Tmax N proc      Tmid
Lost time                   0.0098    10     0.0100    15     0.0099 
User insufficient par.      0.0058    15     0.0082    10     0.0068 
Sys.insufficient par.       0.0007    14     0.0011     1     0.0009 
Idle time                   0.0000    10     0.0023    16     0.0014 
Communication               0.0005     1     0.0013    14     0.0007 
Synchronization             0.0002     1     0.0008    14     0.0005 
Variation                   0.0002     1     0.0006     2     0.0005 
Overlap                     0.0000     1     0.0000     8     0.0000 
Load imbalance              0.0000    10     0.0002    15     0.0001 
Execution time              0.0084    16     0.0107    10     0.0092 
User CPU time               0.0007    16     0.0009    10     0.0008 
Sys. CPU time               0.0000    14     0.0001     2     0.0001 
I/O time                    0.0000    15     0.0000     1     0.0000 
Processors                      16     1         16    16         16 
                      Communic          Synchro        Variation          Overlap  
I/O             Tmin    0.0000     1     0.0001     7     0.0001     1     0.0000     1 
I/O             Tmax    0.0000    16     0.0001    13     0.0003    13     0.0000    16 
I/O             Tmid    0.0000           0.0001           0.0003           0.0000       
Reduction       Tmin    0.0003     1     0.0000     4     0.0000    11     0.0000     1 
Reduction       Tmax    0.0008    14     0.0002    14     0.0001     3     0.0000     8 
Reduction       Tmid    0.0005           0.0001           0.0001           0.0000       
Remote access   Tmin    0.0001     2     0.0000     1     0.0000     1     0.0000     2 
Remote access   Tmax    0.0005    14     0.0005    14     0.0002     3     0.0000     1 
Remote access   Tmid    0.0002           0.0003           0.0001           0.0000       
--- The execution characteristics --- 
                                1          2          3          4          5          6          7          8          9         10         11         12         13         14         15         16 
Lost time                  0.0099     0.0098     0.0098     0.0099     0.0098     0.0099     0.0099     0.0098     0.0098     0.0098     0.0099     0.0099     0.0099     0.0099     0.0100     0.0099 
User insufficient par.     0.0060     0.0072     0.0072     0.0061     0.0068     0.0061     0.0068     0.0075     0.0082     0.0082     0.0061     0.0061     0.0076     0.0076     0.0058     0.0060 
Sys.insufficient par.      0.0011     0.0010     0.0009     0.0009     0.0009     0.0009     0.0009     0.0009     0.0009     0.0009     0.0009     0.0009     0.0007     0.0007     0.0007     0.0009 
Idle time                  0.0023     0.0012     0.0012     0.0023     0.0016     0.0023     0.0016     0.0008     0.0000     0.0000     0.0023     0.0023     0.0004     0.0004     0.0023     0.0023 
Communication              0.0005     0.0005     0.0006     0.0006     0.0006     0.0006     0.0006     0.0006     0.0006     0.0006     0.0006     0.0006     0.0011     0.0013     0.0012     0.0008 
Synchronization            0.0002     0.0005     0.0005     0.0004     0.0004     0.0004     0.0003     0.0004     0.0004     0.0004     0.0004     0.0004     0.0007     0.0008     0.0007     0.0005 
Variation                  0.0002     0.0006     0.0006     0.0006     0.0005     0.0005     0.0005     0.0005     0.0005     0.0005     0.0004     0.0005     0.0005     0.0005     0.0005     0.0004 
Overlap                    0.0000     0.0000     0.0000     0.0000     0.0000     0.0000     0.0000     0.0000     0.0000     0.0000     0.0000     0.0000     0.0000     0.0000     0.0000     0.0000 
Load imbalance             0.0002     0.0001     0.0001     0.0001     0.0001     0.0001     0.0001     0.0001     0.0000     0.0000     0.0001     0.0001     0.0001     0.0001     0.0002     0.0002 
Execution time             0.0084     0.0095     0.0095     0.0084     0.0091     0.0084     0.0091     0.0099     0.0107     0.0107     0.0084     0.0084     0.0103     0.0103     0.0084     0.0084 
User CPU time              0.0007     0.0008     0.0008     0.0007     0.0008     0.0007     0.0008     0.0008     0.0009     0.0009     0.0007     0.0007     0.0008     0.0007     0.0007     0.0007 
Sys. CPU time              0.0001     0.0001     0.0001     0.0001     0.0001     0.0001     0.0001     0.0001     0.0001     0.0001     0.0001     0.0001     0.0000     0.0000     0.0000     0.0001 
I/O time                   0.0000     0.0000     0.0000     0.0000     0.0000     0.0000     0.0000     0.0000     0.0000     0.0000     0.0000     0.0000     0.0000     0.0000     0.0000     0.0000 
Processors                     16         16         16         16         16         16         16         16         16         16         16         16         16         16         16         16 
           Communication          
Reduction                  0.0003     0.0004     0.0004     0.0005     0.0005     0.0005     0.0005     0.0004     0.0004     0.0004     0.0004     0.0004     0.0008     0.0008     0.0007     0.0005 
Remote access              0.0002     0.0001     0.0001     0.0001     0.0001     0.0002     0.0001     0.0002     0.0002     0.0002     0.0002     0.0002     0.0004     0.0005     0.0005     0.0002 
           Synchronization        
I/O                        0.0001     0.0001     0.0001     0.0001     0.0001     0.0001     0.0001     0.0001     0.0001     0.0001     0.0001     0.0001     0.0001     0.0001     0.0001     0.0001 
Reduction                  0.0001     0.0001     0.0001     0.0000     0.0001     0.0001     0.0000     0.0000     0.0001     0.0000     0.0001     0.0001     0.0001     0.0002     0.0001     0.0001 
Remote access              0.0000     0.0003     0.0003     0.0003     0.0003     0.0003     0.0002     0.0003     0.0003     0.0003     0.0003     0.0003     0.0004     0.0005     0.0005     0.0003 
           Variation              
I/O                        0.0001     0.0003     0.0003     0.0003     0.0003     0.0003     0.0003     0.0003     0.0003     0.0003     0.0003     0.0003     0.0003     0.0003     0.0003     0.0003 
Reduction                  0.0001     0.0001     0.0001     0.0001     0.0001     0.0001     0.0000     0.0001     0.0001     0.0001     0.0000     0.0001     0.0001     0.0001     0.0001     0.0001 
Remote access              0.0000     0.0002     0.0002     0.0002     0.0002     0.0002     0.0002     0.0002     0.0001     0.0001     0.0001     0.0001     0.0001     0.0001     0.0001     0.0001 
           Overlap                
Reduction                  0.0000     0.0000     0.0000     0.0000     0.0000     0.0000     0.0000     0.0000     0.0000     0.0000     0.0000     0.0000     0.0000     0.0000     0.0000     0.0000 
Remote access              0.0000     0.0000     0.0000     0.0000     0.0000     0.0000     0.0000     0.0000     0.0000     0.0000     0.0000     0.0000     0.0000     0.0000     0.0000     0.0000 


-------------------------------------------------------------------------
Name (number) and performance time of processors
omp.keldysh.ru(1) 0.933740
omp.keldysh.ru(2) 0.933687
omp.keldysh.ru(3) 0.952571
omp.keldysh.ru(4) 0.952804
omp.keldysh.ru(5) 0.954031
omp.keldysh.ru(6) 0.954020
omp.keldysh.ru(7) 0.951223
omp.keldysh.ru(8) 0.951220
omp.keldysh.ru(9) 0.952898
omp.keldysh.ru(10) 0.952878
omp.keldysh.ru(11) 0.954094
omp.keldysh.ru(12) 0.954100
omp.keldysh.ru(13) 0.934024
omp.keldysh.ru(14) 0.934028
omp.keldysh.ru(15) 0.950800
omp.keldysh.ru(16) 0.951105
min - omp.keldysh.ru(2) 0.933687; max - omp.keldysh.ru(12) 0.954100; mid - 0.947951
