Processor system=1*2*4*2
Statistics has been accumulated on DVM-system version 5.0, platform DVM
Analyzer is executing on DVM-system version 5.0, platform DVM
-------------------------------------------------------------------------
INTERVAL ( NLINE=8 SOURCE=red41.f ) LEVEL=0  EXE_COUNT=1
--- The main characteristics --- 
Parallelization efficiency      0.0801 
Execution time                  0.0106 
Processors                          16
Threads amount                      16
Total time                      0.1689
Productive time                 0.0135 ( CPU= 0.0126 Sys= 0.0009 I/O= 0.0000 )
Lost  time                      0.1553 
   Insufficient parallelism     0.1199 ( User= 0.1053 Sys= 0.0146 )
   Communication                0.0120 ( Real_sync= 0.0000 Starts= 0.0000 )
   Idle time                    0.0234
Load imbalance                  0.0016
Synchronization                 0.0081
Time variation                  0.0071
Overlap                         0.0000
                  Nop   Communic    Synchro  Variation    Overlap 
I/O                16     0.0000     0.0010     0.0041     0.0000 
Reduction          14     0.0077     0.0014     0.0006     0.0000 
Remote access      36     0.0043     0.0057     0.0025     0.0000 
--- The comparative characteristics --- 
                              Tmin N proc      Tmax N proc      Tmid
Lost time                   0.0096     4     0.0099    16     0.0097 
User insufficient par.      0.0053    16     0.0078     4     0.0066 
Sys.insufficient par.       0.0007    16     0.0011     1     0.0009 
Idle time                   0.0000    15     0.0023    16     0.0015 
Communication               0.0005     7     0.0016    16     0.0007 
Synchronization             0.0002     1     0.0011    16     0.0005 
Variation                   0.0001     1     0.0006     2     0.0004 
Overlap                     0.0000     2     0.0000     1     0.0000 
Load imbalance              0.0000     4     0.0003    16     0.0001 
Execution time              0.0083    16     0.0106    15     0.0091 
User CPU time               0.0006    16     0.0009     4     0.0008 
Sys. CPU time               0.0000    16     0.0001     3     0.0001 
I/O time                    0.0000     2     0.0000     1     0.0000 
Processors                      16     1         16    16         16 
                      Communic          Synchro        Variation          Overlap  
I/O             Tmin    0.0000     1     0.0000    12     0.0000     1     0.0000     1 
I/O             Tmax    0.0000    16     0.0001     2     0.0003     2     0.0000    16 
I/O             Tmid    0.0000           0.0001           0.0003           0.0000       
Reduction       Tmin    0.0002     1     0.0000     8     0.0000    12     0.0000     1 
Reduction       Tmax    0.0008    13     0.0002    14     0.0001     1     0.0000    15 
Reduction       Tmid    0.0005           0.0001           0.0000           0.0000       
Remote access   Tmin    0.0001     4     0.0001     1     0.0000     1     0.0000     2 
Remote access   Tmax    0.0008    16     0.0008    16     0.0002     2     0.0000     1 
Remote access   Tmid    0.0003           0.0004           0.0002           0.0000       
--- The execution characteristics --- 
                                1          2          3          4          5          6          7          8          9         10         11         12         13         14         15         16 
Lost time                  0.0097     0.0097     0.0097     0.0096     0.0097     0.0097     0.0097     0.0097     0.0096     0.0097     0.0096     0.0097     0.0098     0.0097     0.0097     0.0099 
User insufficient par.     0.0058     0.0070     0.0070     0.0078     0.0067     0.0066     0.0060     0.0060     0.0074     0.0060     0.0074     0.0060     0.0054     0.0074     0.0076     0.0053 
Sys.insufficient par.      0.0011     0.0009     0.0010     0.0009     0.0010     0.0010     0.0010     0.0010     0.0009     0.0009     0.0010     0.0009     0.0008     0.0007     0.0008     0.0007 
Idle time                  0.0023     0.0012     0.0012     0.0004     0.0016     0.0016     0.0023     0.0023     0.0008     0.0023     0.0008     0.0023     0.0023     0.0000     0.0000     0.0023 
Communication              0.0005     0.0005     0.0005     0.0005     0.0005     0.0005     0.0005     0.0005     0.0005     0.0005     0.0005     0.0005     0.0014     0.0015     0.0013     0.0016 
Synchronization            0.0002     0.0005     0.0004     0.0004     0.0004     0.0004     0.0003     0.0003     0.0004     0.0003     0.0003     0.0003     0.0009     0.0010     0.0009     0.0011 
Variation                  0.0001     0.0006     0.0005     0.0005     0.0005     0.0005     0.0005     0.0004     0.0005     0.0004     0.0004     0.0004     0.0005     0.0004     0.0004     0.0004 
Overlap                    0.0000     0.0000     0.0000     0.0000     0.0000     0.0000     0.0000     0.0000     0.0000     0.0000     0.0000     0.0000     0.0000     0.0000     0.0000     0.0000 
Load imbalance             0.0001     0.0001     0.0000     0.0000     0.0001     0.0001     0.0001     0.0001     0.0000     0.0001     0.0000     0.0001     0.0002     0.0001     0.0001     0.0003 
Execution time             0.0083     0.0094     0.0094     0.0101     0.0090     0.0090     0.0083     0.0083     0.0098     0.0083     0.0098     0.0083     0.0083     0.0105     0.0106     0.0083 
User CPU time              0.0007     0.0008     0.0008     0.0009     0.0008     0.0008     0.0008     0.0008     0.0008     0.0008     0.0009     0.0008     0.0007     0.0008     0.0008     0.0006 
Sys. CPU time              0.0001     0.0001     0.0001     0.0001     0.0001     0.0001     0.0001     0.0001     0.0001     0.0001     0.0001     0.0001     0.0001     0.0000     0.0001     0.0000 
I/O time                   0.0000     0.0000     0.0000     0.0000     0.0000     0.0000     0.0000     0.0000     0.0000     0.0000     0.0000     0.0000     0.0000     0.0000     0.0000     0.0000 
Processors                     16         16         16         16         16         16         16         16         16         16         16         16         16         16         16         16 
           Communication          
Reduction                  0.0002     0.0004     0.0004     0.0004     0.0004     0.0004     0.0004     0.0004     0.0004     0.0004     0.0004     0.0004     0.0008     0.0008     0.0008     0.0008 
Remote access              0.0003     0.0001     0.0001     0.0001     0.0001     0.0001     0.0001     0.0001     0.0002     0.0002     0.0001     0.0002     0.0006     0.0007     0.0006     0.0008 
           Synchronization        
I/O                        0.0001     0.0001     0.0001     0.0001     0.0001     0.0001     0.0001     0.0001     0.0001     0.0001     0.0000     0.0000     0.0001     0.0001     0.0001     0.0001 
Reduction                  0.0001     0.0001     0.0001     0.0001     0.0001     0.0000     0.0000     0.0000     0.0000     0.0000     0.0000     0.0001     0.0002     0.0002     0.0001     0.0002 
Remote access              0.0001     0.0003     0.0003     0.0002     0.0002     0.0002     0.0002     0.0002     0.0003     0.0002     0.0002     0.0002     0.0007     0.0008     0.0006     0.0008 
           Variation              
I/O                        0.0000     0.0003     0.0003     0.0003     0.0003     0.0003     0.0003     0.0003     0.0003     0.0003     0.0002     0.0002     0.0003     0.0003     0.0003     0.0003 
Reduction                  0.0001     0.0001     0.0001     0.0001     0.0001     0.0000     0.0000     0.0000     0.0000     0.0000     0.0000     0.0000     0.0000     0.0000     0.0000     0.0000 
Remote access              0.0000     0.0002     0.0002     0.0002     0.0002     0.0002     0.0002     0.0001     0.0002     0.0001     0.0001     0.0001     0.0001     0.0001     0.0001     0.0001 
           Overlap                
Reduction                  0.0000     0.0000     0.0000     0.0000     0.0000     0.0000     0.0000     0.0000     0.0000     0.0000     0.0000     0.0000     0.0000     0.0000     0.0000     0.0000 
Remote access              0.0000     0.0000     0.0000     0.0000     0.0000     0.0000     0.0000     0.0000     0.0000     0.0000     0.0000     0.0000     0.0000     0.0000     0.0000     0.0000 


-------------------------------------------------------------------------
Name (number) and performance time of processors
omp.keldysh.ru(1) 0.933896
omp.keldysh.ru(2) 0.933827
omp.keldysh.ru(3) 0.956919
omp.keldysh.ru(4) 0.957234
omp.keldysh.ru(5) 0.957467
omp.keldysh.ru(6) 0.957445
omp.keldysh.ru(7) 0.959484
omp.keldysh.ru(8) 0.959488
omp.keldysh.ru(9) 0.958572
omp.keldysh.ru(10) 0.958572
omp.keldysh.ru(11) 0.957621
omp.keldysh.ru(12) 0.957934
omp.keldysh.ru(13) 0.933919
omp.keldysh.ru(14) 0.933900
omp.keldysh.ru(15) 0.956366
omp.keldysh.ru(16) 0.956381
min - omp.keldysh.ru(2) 0.933827; max - omp.keldysh.ru(8) 0.959488; mid - 0.951814
