Processor system=3*3*2*1
Statistics has been accumulated on DVM-system version 5.0, platform DVM
Analyzer is executing on DVM-system version 5.0, platform DVM
-------------------------------------------------------------------------
INTERVAL ( NLINE=7 SOURCE=reda42.f ) LEVEL=0  EXE_COUNT=2
--- The main characteristics --- 
Parallelization efficiency      0.0511 
Execution time                  0.0053 
Processors                          18
Threads amount                      18
Total time                      0.0960
Productive time                 0.0049 ( CPU= 0.0045 Sys= 0.0004 I/O= 0.0000 )
Lost  time                      0.0911 
   Insufficient parallelism     0.0835 ( User= 0.0767 Sys= 0.0068 )
   Communication                0.0044 ( Real_sync= 0.0000 Starts= 0.0000 )
   Idle time                    0.0033
Load imbalance                  0.0002
Synchronization                 0.0214
Time variation                  0.0238
Overlap                         0.0006
                  Nop   Communic    Synchro  Variation    Overlap 
I/O                 6     0.0000     0.0068     0.0093     0.0000 
Reduction           5     0.0044     0.0048     0.0048     0.0006 
Remote access      22     0.0000     0.0098     0.0098     0.0000 
--- The comparative characteristics --- 
                              Tmin N proc      Tmax N proc      Tmid
Lost time                   0.0050     1     0.0051    17     0.0051 
User insufficient par.      0.0031    17     0.0045    15     0.0043 
Sys.insufficient par.       0.0003    18     0.0005     1     0.0004 
Idle time                   0.0000    15     0.0014    17     0.0002 
Communication               0.0002     1     0.0003    18     0.0002 
Synchronization             0.0002    16     0.0055    17     0.0012 
Variation                   0.0003     1     0.0057    17     0.0013 
Overlap                     0.0000     5     0.0001    16     0.0000 
Load imbalance              0.0000    15     0.0001    17     0.0000 
Execution time              0.0039    17     0.0053    16     0.0052 
User CPU time               0.0002    17     0.0003    15     0.0003 
Sys. CPU time               0.0000    18     0.0000     5     0.0000 
I/O time                    0.0000     9     0.0000     1     0.0000 
Processors                      18     1         18    18         18 
                      Communic          Synchro        Variation          Overlap  
I/O             Tmin    0.0000     1     0.0000    15     0.0001     1     0.0000     1 
I/O             Tmax    0.0000    18     0.0019    17     0.0020    17     0.0000    18 
I/O             Tmid    0.0000           0.0004           0.0005           0.0000       
Reduction       Tmin    0.0002     1     0.0000    16     0.0000    16     0.0000     5 
Reduction       Tmax    0.0003    18     0.0013    17     0.0013    17     0.0001    16 
Reduction       Tmid    0.0002           0.0003           0.0003           0.0000       
Remote access   Tmin    0.0000     1     0.0001     1     0.0001     1     0.0000     2 
Remote access   Tmax    0.0000    18     0.0024    18     0.0024    18     0.0000     1 
Remote access   Tmid    0.0000           0.0005           0.0005           0.0000       
--- The execution characteristics --- 
                                1          2          3          4          5          6          7          8          9         10         11         12         13         14         15         16         17         18 
Lost time                  0.0050     0.0051     0.0051     0.0051     0.0051     0.0051     0.0051     0.0051     0.0051     0.0051     0.0051     0.0051     0.0051     0.0051     0.0051     0.0051     0.0051     0.0051 
User insufficient par.     0.0043     0.0044     0.0044     0.0044     0.0031     0.0043     0.0044     0.0044     0.0044     0.0044     0.0044     0.0044     0.0044     0.0044     0.0045     0.0044     0.0031     0.0043 
Sys.insufficient par.      0.0005     0.0004     0.0004     0.0004     0.0004     0.0003     0.0004     0.0004     0.0003     0.0004     0.0004     0.0004     0.0004     0.0004     0.0004     0.0004     0.0003     0.0003 
Idle time                  0.0000     0.0000     0.0000     0.0000     0.0014     0.0001     0.0000     0.0000     0.0001     0.0000     0.0000     0.0000     0.0000     0.0000     0.0000     0.0000     0.0014     0.0001 
Communication              0.0002     0.0003     0.0002     0.0002     0.0002     0.0002     0.0002     0.0002     0.0003     0.0003     0.0002     0.0002     0.0002     0.0002     0.0002     0.0002     0.0003     0.0003 
Synchronization            0.0003     0.0006     0.0007     0.0008     0.0014     0.0008     0.0006     0.0006     0.0006     0.0007     0.0013     0.0009     0.0003     0.0003     0.0002     0.0002     0.0055     0.0055 
Variation                  0.0003     0.0007     0.0009     0.0009     0.0015     0.0009     0.0008     0.0008     0.0008     0.0008     0.0014     0.0010     0.0005     0.0005     0.0003     0.0003     0.0057     0.0057 
Overlap                    0.0000     0.0001     0.0000     0.0000     0.0000     0.0000     0.0000     0.0000     0.0000     0.0000     0.0000     0.0000     0.0001     0.0001     0.0001     0.0001     0.0000     0.0000 
Load imbalance             0.0000     0.0000     0.0000     0.0000     0.0001     0.0000     0.0000     0.0000     0.0000     0.0000     0.0000     0.0000     0.0000     0.0000     0.0000     0.0000     0.0001     0.0000 
Execution time             0.0053     0.0053     0.0053     0.0053     0.0040     0.0052     0.0053     0.0053     0.0053     0.0053     0.0053     0.0053     0.0053     0.0053     0.0053     0.0053     0.0039     0.0052 
User CPU time              0.0003     0.0003     0.0003     0.0003     0.0002     0.0003     0.0003     0.0003     0.0003     0.0003     0.0003     0.0003     0.0003     0.0003     0.0003     0.0003     0.0002     0.0003 
Sys. CPU time              0.0000     0.0000     0.0000     0.0000     0.0000     0.0000     0.0000     0.0000     0.0000     0.0000     0.0000     0.0000     0.0000     0.0000     0.0000     0.0000     0.0000     0.0000 
I/O time                   0.0000     0.0000     0.0000     0.0000     0.0000     0.0000     0.0000     0.0000     0.0000     0.0000     0.0000     0.0000     0.0000     0.0000     0.0000     0.0000     0.0000     0.0000 
Processors                     18         18         18         18         18         18         18         18         18         18         18         18         18         18         18         18         18         18 
           Communication          
Reduction                  0.0002     0.0003     0.0002     0.0002     0.0002     0.0002     0.0002     0.0002     0.0003     0.0003     0.0002     0.0002     0.0002     0.0002     0.0002     0.0002     0.0003     0.0003 
           Synchronization        
I/O                        0.0001     0.0001     0.0002     0.0002     0.0005     0.0002     0.0002     0.0002     0.0002     0.0002     0.0004     0.0003     0.0001     0.0001     0.0000     0.0000     0.0019     0.0018 
Reduction                  0.0001     0.0001     0.0001     0.0002     0.0003     0.0002     0.0001     0.0001     0.0001     0.0001     0.0003     0.0002     0.0001     0.0000     0.0000     0.0000     0.0013     0.0013 
Remote access              0.0001     0.0004     0.0004     0.0004     0.0006     0.0004     0.0003     0.0003     0.0003     0.0004     0.0006     0.0004     0.0002     0.0002     0.0001     0.0001     0.0023     0.0024 
           Variation              
I/O                        0.0001     0.0003     0.0004     0.0004     0.0006     0.0004     0.0003     0.0003     0.0003     0.0003     0.0006     0.0005     0.0002     0.0002     0.0002     0.0002     0.0020     0.0020 
Reduction                  0.0001     0.0001     0.0001     0.0002     0.0003     0.0002     0.0001     0.0001     0.0001     0.0001     0.0003     0.0002     0.0001     0.0001     0.0000     0.0000     0.0013     0.0013 
Remote access              0.0001     0.0004     0.0004     0.0004     0.0006     0.0004     0.0003     0.0003     0.0003     0.0004     0.0006     0.0004     0.0002     0.0002     0.0001     0.0001     0.0023     0.0024 
           Overlap                
Reduction                  0.0000     0.0001     0.0000     0.0000     0.0000     0.0000     0.0000     0.0000     0.0000     0.0000     0.0000     0.0000     0.0001     0.0001     0.0001     0.0001     0.0000     0.0000 
Remote access              0.0000     0.0000     0.0000     0.0000     0.0000     0.0000     0.0000     0.0000     0.0000     0.0000     0.0000     0.0000     0.0000     0.0000     0.0000     0.0000     0.0000     0.0000 


-------------------------------------------------------------------------
Name (number) and performance time of processors
omp.keldysh.ru(1) 0.933707
omp.keldysh.ru(2) 0.933623
omp.keldysh.ru(3) 0.959612
omp.keldysh.ru(4) 0.959686
omp.keldysh.ru(5) 0.956524
omp.keldysh.ru(6) 0.956517
omp.keldysh.ru(7) 0.933925
omp.keldysh.ru(8) 0.933896
omp.keldysh.ru(9) 0.959210
omp.keldysh.ru(10) 0.959198
omp.keldysh.ru(11) 0.950771
omp.keldysh.ru(12) 0.951033
omp.keldysh.ru(13) 0.956246
omp.keldysh.ru(14) 0.955889
omp.keldysh.ru(15) 0.955099
omp.keldysh.ru(16) 0.955095
omp.keldysh.ru(17) 0.957740
omp.keldysh.ru(18) 0.957604
min - omp.keldysh.ru(2) 0.933623; max - omp.keldysh.ru(4) 0.959686; mid - 0.951410
