Processor system=4*4*1*1
Statistics has been accumulated on DVM-system version 5.0, platform DVM
Analyzer is executing on DVM-system version 5.0, platform DVM
-------------------------------------------------------------------------
INTERVAL ( NLINE=7 SOURCE=reda41.f ) LEVEL=0  EXE_COUNT=1
--- The main characteristics --- 
Parallelization efficiency      0.0478 
Execution time                  0.0089 
Processors                          16
Threads amount                      16
Total time                      0.1425
Productive time                 0.0068 ( CPU= 0.0063 Sys= 0.0005 I/O= 0.0000 )
Lost  time                      0.1357 
   Insufficient parallelism     0.0941 ( User= 0.0870 Sys= 0.0070 )
   Communication                0.0075 ( Real_sync= 0.0000 Starts= 0.0000 )
   Idle time                    0.0341
Load imbalance                  0.0022
Synchronization                 0.0065
Time variation                  0.0056
Overlap                         0.0001
                  Nop   Communic    Synchro  Variation    Overlap 
I/O                 6     0.0000     0.0007     0.0036     0.0000 
Reduction           4     0.0033     0.0006     0.0004     0.0001 
Remote access      21     0.0042     0.0052     0.0016     0.0000 
--- The comparative characteristics --- 
                              Tmin N proc      Tmax N proc      Tmid
Lost time                   0.0083     9     0.0086    13     0.0085 
User insufficient par.      0.0040    15     0.0075     9     0.0054 
Sys.insufficient par.       0.0003    14     0.0006     1     0.0004 
Idle time                   0.0000     9     0.0035    15     0.0021 
Communication               0.0003     1     0.0007    15     0.0005 
Synchronization             0.0002     1     0.0007    14     0.0004 
Variation                   0.0001     1     0.0005     2     0.0003 
Overlap                     0.0000    13     0.0000     6     0.0000 
Load imbalance              0.0000     9     0.0003    13     0.0001 
Execution time              0.0055    15     0.0089     9     0.0068 
User CPU time               0.0003    13     0.0005     9     0.0004 
Sys. CPU time               0.0000    14     0.0000     9     0.0000 
I/O time                    0.0000    10     0.0000     1     0.0000 
Processors                      16     1         16    16         16 
                      Communic          Synchro        Variation          Overlap  
I/O             Tmin    0.0000     1     0.0000    11     0.0000     1     0.0000     1 
I/O             Tmax    0.0000    16     0.0001     2     0.0003     2     0.0000    16 
I/O             Tmid    0.0000           0.0000           0.0002           0.0000       
Reduction       Tmin    0.0002     9     0.0000     9     0.0000    11     0.0000    13 
Reduction       Tmax    0.0003    13     0.0001    14     0.0000     1     0.0000     6 
Reduction       Tmid    0.0002           0.0000           0.0000           0.0000       
Remote access   Tmin    0.0001     1     0.0001     1     0.0000    11     0.0000     1 
Remote access   Tmax    0.0005    15     0.0006    14     0.0002     4     0.0000    16 
Remote access   Tmid    0.0003           0.0003           0.0001           0.0000       
--- The execution characteristics --- 
                                1          2          3          4          5          6          7          8          9         10         11         12         13         14         15         16 
Lost time                  0.0086     0.0084     0.0084     0.0084     0.0086     0.0084     0.0084     0.0085     0.0083     0.0085     0.0085     0.0086     0.0086     0.0085     0.0086     0.0084 
User insufficient par.     0.0042     0.0064     0.0064     0.0071     0.0043     0.0061     0.0060     0.0049     0.0075     0.0053     0.0043     0.0043     0.0041     0.0055     0.0040     0.0066 
Sys.insufficient par.      0.0006     0.0005     0.0005     0.0004     0.0005     0.0004     0.0004     0.0005     0.0005     0.0004     0.0005     0.0005     0.0004     0.0003     0.0003     0.0004 
Idle time                  0.0034     0.0012     0.0012     0.0004     0.0034     0.0015     0.0015     0.0027     0.0000     0.0023     0.0034     0.0034     0.0034     0.0020     0.0035     0.0008 
Communication              0.0003     0.0004     0.0004     0.0004     0.0004     0.0004     0.0004     0.0004     0.0004     0.0004     0.0004     0.0004     0.0007     0.0007     0.0007     0.0007 
Synchronization            0.0002     0.0005     0.0004     0.0004     0.0003     0.0003     0.0003     0.0004     0.0003     0.0003     0.0003     0.0003     0.0006     0.0007     0.0007     0.0006 
Variation                  0.0001     0.0005     0.0004     0.0004     0.0004     0.0004     0.0004     0.0004     0.0003     0.0003     0.0003     0.0003     0.0004     0.0004     0.0004     0.0003 
Overlap                    0.0000     0.0000     0.0000     0.0000     0.0000     0.0000     0.0000     0.0000     0.0000     0.0000     0.0000     0.0000     0.0000     0.0000     0.0000     0.0000 
Load imbalance             0.0002     0.0001     0.0001     0.0000     0.0002     0.0001     0.0001     0.0002     0.0000     0.0001     0.0002     0.0002     0.0003     0.0002     0.0002     0.0001 
Execution time             0.0055     0.0078     0.0077     0.0085     0.0055     0.0074     0.0074     0.0062     0.0089     0.0066     0.0055     0.0055     0.0055     0.0070     0.0055     0.0081 
User CPU time              0.0003     0.0005     0.0005     0.0005     0.0003     0.0005     0.0005     0.0004     0.0005     0.0004     0.0003     0.0003     0.0003     0.0004     0.0003     0.0005 
Sys. CPU time              0.0000     0.0000     0.0000     0.0000     0.0000     0.0000     0.0000     0.0000     0.0000     0.0000     0.0000     0.0000     0.0000     0.0000     0.0000     0.0000 
I/O time                   0.0000     0.0000     0.0000     0.0000     0.0000     0.0000     0.0000     0.0000     0.0000     0.0000     0.0000     0.0000     0.0000     0.0000     0.0000     0.0000 
Processors                     16         16         16         16         16         16         16         16         16         16         16         16         16         16         16         16 
           Communication          
Reduction                  0.0002     0.0002     0.0002     0.0002     0.0002     0.0002     0.0002     0.0002     0.0002     0.0002     0.0002     0.0002     0.0003     0.0002     0.0002     0.0002 
Remote access              0.0001     0.0002     0.0002     0.0002     0.0002     0.0002     0.0002     0.0002     0.0002     0.0002     0.0002     0.0002     0.0005     0.0005     0.0005     0.0004 
           Synchronization        
I/O                        0.0001     0.0001     0.0001     0.0000     0.0000     0.0000     0.0000     0.0000     0.0000     0.0000     0.0000     0.0000     0.0001     0.0000     0.0000     0.0000 
Reduction                  0.0000     0.0000     0.0000     0.0000     0.0000     0.0000     0.0000     0.0001     0.0000     0.0000     0.0001     0.0000     0.0000     0.0001     0.0001     0.0000 
Remote access              0.0001     0.0003     0.0003     0.0003     0.0003     0.0003     0.0003     0.0003     0.0002     0.0002     0.0002     0.0002     0.0005     0.0006     0.0006     0.0005 
           Variation              
I/O                        0.0000     0.0003     0.0003     0.0002     0.0002     0.0002     0.0002     0.0002     0.0002     0.0002     0.0002     0.0002     0.0002     0.0002     0.0002     0.0002 
Reduction                  0.0000     0.0000     0.0000     0.0000     0.0000     0.0000     0.0000     0.0000     0.0000     0.0000     0.0000     0.0000     0.0000     0.0000     0.0000     0.0000 
Remote access              0.0001     0.0002     0.0002     0.0002     0.0001     0.0001     0.0001     0.0001     0.0001     0.0001     0.0000     0.0000     0.0001     0.0001     0.0001     0.0001 
           Overlap                
Reduction                  0.0000     0.0000     0.0000     0.0000     0.0000     0.0000     0.0000     0.0000     0.0000     0.0000     0.0000     0.0000     0.0000     0.0000     0.0000     0.0000 


-------------------------------------------------------------------------
Name (number) and performance time of processors
omp.keldysh.ru(1) 0.935440
omp.keldysh.ru(2) 0.935352
omp.keldysh.ru(3) 0.955116
omp.keldysh.ru(4) 0.955131
omp.keldysh.ru(5) 0.952993
omp.keldysh.ru(6) 0.952980
omp.keldysh.ru(7) 0.956567
omp.keldysh.ru(8) 0.956544
omp.keldysh.ru(9) 0.953161
omp.keldysh.ru(10) 0.953458
omp.keldysh.ru(11) 0.954908
omp.keldysh.ru(12) 0.954905
omp.keldysh.ru(13) 0.935589
omp.keldysh.ru(14) 0.935574
omp.keldysh.ru(15) 0.955306
omp.keldysh.ru(16) 0.955270
min - omp.keldysh.ru(2) 0.935352; max - omp.keldysh.ru(7) 0.956567; mid - 0.949893
