Processor system=2*2*4*1
Statistics has been accumulated on DVM-system version 5.0, platform DVM
Analyzer is executing on DVM-system version 5.0, platform DVM
-------------------------------------------------------------------------
INTERVAL ( NLINE=8 SOURCE=sha42.f ) LEVEL=0  EXE_COUNT=1
--- The main characteristics --- 
Parallelization efficiency      0.0479 
Execution time                  0.0209 
Processors                          16
Threads amount                      16
Total time                      0.3339
Productive time                 0.0160 ( CPU= 0.0154 Sys= 0.0006 I/O= 0.0000 )
Lost  time                      0.3179 
   Insufficient parallelism     0.2401 ( User= 0.2303 Sys= 0.0098 )
   Communication                0.0091 ( Real_sync= 0.0000 Starts= 0.0000 )
   Idle time                    0.0686
Load imbalance                  0.0044
Synchronization                 0.1175
Time variation                  0.1203
Overlap                         0.0107
                  Nop   Communic    Synchro  Variation    Overlap 
I/O                 6     0.0000     0.0478     0.0507     0.0000 
Reduction           4     0.0091     0.0325     0.0325     0.0000 
Shadow              4     0.0000     0.0371     0.0371     0.0107 
--- The comparative characteristics --- 
                              Tmin N proc      Tmax N proc      Tmid
Lost time                   0.0196    12     0.0202    13     0.0199 
User insufficient par.      0.0094    13     0.0186    12     0.0144 
Sys.insufficient par.       0.0005    16     0.0009     1     0.0006 
Idle time                   0.0000    12     0.0086    13     0.0043 
Communication               0.0002     3     0.0017    13     0.0006 
Synchronization             0.0001     1     0.0305    13     0.0073 
Variation                   0.0000     1     0.0306    13     0.0075 
Overlap                     0.0000    13     0.0015     1     0.0007 
Load imbalance              0.0000    12     0.0006    13     0.0003 
Execution time              0.0123    13     0.0209    12     0.0166 
User CPU time               0.0006    13     0.0012    12     0.0010 
Sys. CPU time               0.0000    16     0.0000    14     0.0000 
I/O time                    0.0000     2     0.0000     1     0.0000 
Processors                      16     1         16    16         16 
                      Communic          Synchro        Variation          Overlap  
I/O             Tmin    0.0000     1     0.0000     1     0.0000     1     0.0000     1 
I/O             Tmax    0.0000    16     0.0128    13     0.0130    13     0.0000    16 
I/O             Tmid    0.0000           0.0030           0.0032           0.0000       
Reduction       Tmin    0.0002     3     0.0000     1     0.0000     1     0.0000     1 
Reduction       Tmax    0.0017    13     0.0086    13     0.0086    13     0.0000    12 
Reduction       Tmid    0.0006           0.0020           0.0020           0.0000       
Shadow          Tmin    0.0000     1     0.0000     1     0.0000     1     0.0000    13 
Shadow          Tmax    0.0000    16     0.0090    13     0.0090    13     0.0015     1 
Shadow          Tmid    0.0000           0.0023           0.0023           0.0007       
--- The execution characteristics --- 
                                1          2          3          4          5          6          7          8          9         10         11         12         13         14         15         16 
Lost time                  0.0197     0.0199     0.0199     0.0199     0.0198     0.0198     0.0197     0.0197     0.0199     0.0198     0.0198     0.0196     0.0202     0.0200     0.0201     0.0202 
User insufficient par.     0.0172     0.0143     0.0134     0.0138     0.0152     0.0161     0.0170     0.0164     0.0140     0.0147     0.0158     0.0186     0.0094     0.0124     0.0118     0.0102 
Sys.insufficient par.      0.0009     0.0006     0.0007     0.0006     0.0006     0.0006     0.0006     0.0006     0.0006     0.0006     0.0007     0.0006     0.0005     0.0007     0.0005     0.0005 
Idle time                  0.0012     0.0045     0.0056     0.0053     0.0036     0.0027     0.0019     0.0024     0.0051     0.0043     0.0030     0.0000     0.0086     0.0062     0.0062     0.0080 
Communication              0.0003     0.0005     0.0002     0.0003     0.0004     0.0003     0.0002     0.0002     0.0003     0.0003     0.0003     0.0005     0.0017     0.0006     0.0016     0.0015 
Synchronization            0.0001     0.0038     0.0037     0.0029     0.0016     0.0015     0.0009     0.0012     0.0028     0.0030     0.0006     0.0007     0.0305     0.0085     0.0281     0.0277 
Variation                  0.0000     0.0040     0.0039     0.0031     0.0018     0.0017     0.0011     0.0014     0.0030     0.0032     0.0007     0.0009     0.0306     0.0086     0.0283     0.0279 
Overlap                    0.0015     0.0005     0.0003     0.0006     0.0009     0.0009     0.0011     0.0010     0.0006     0.0005     0.0012     0.0012     0.0000     0.0004     0.0000     0.0000 
Load imbalance             0.0001     0.0003     0.0003     0.0003     0.0002     0.0002     0.0001     0.0001     0.0003     0.0003     0.0002     0.0000     0.0006     0.0004     0.0005     0.0006 
Execution time             0.0196     0.0163     0.0153     0.0156     0.0172     0.0182     0.0190     0.0184     0.0158     0.0166     0.0179     0.0209     0.0123     0.0147     0.0147     0.0129 
User CPU time              0.0011     0.0010     0.0009     0.0009     0.0010     0.0011     0.0011     0.0011     0.0009     0.0010     0.0011     0.0012     0.0006     0.0008     0.0008     0.0007 
Sys. CPU time              0.0000     0.0000     0.0000     0.0000     0.0000     0.0000     0.0000     0.0000     0.0000     0.0000     0.0000     0.0000     0.0000     0.0000     0.0000     0.0000 
I/O time                   0.0000     0.0000     0.0000     0.0000     0.0000     0.0000     0.0000     0.0000     0.0000     0.0000     0.0000     0.0000     0.0000     0.0000     0.0000     0.0000 
Processors                     16         16         16         16         16         16         16         16         16         16         16         16         16         16         16         16 
           Communication          
Reduction                  0.0003     0.0005     0.0002     0.0003     0.0004     0.0003     0.0002     0.0002     0.0003     0.0003     0.0003     0.0005     0.0017     0.0006     0.0016     0.0015 
           Synchronization        
I/O                        0.0000     0.0015     0.0014     0.0011     0.0004     0.0004     0.0002     0.0003     0.0010     0.0011     0.0001     0.0001     0.0128     0.0037     0.0118     0.0116 
Reduction                  0.0000     0.0010     0.0010     0.0008     0.0004     0.0003     0.0002     0.0003     0.0007     0.0008     0.0001     0.0001     0.0086     0.0024     0.0079     0.0079 
Shadow                     0.0000     0.0013     0.0013     0.0010     0.0008     0.0007     0.0005     0.0006     0.0010     0.0011     0.0004     0.0005     0.0090     0.0023     0.0084     0.0082 
           Variation              
I/O                        0.0000     0.0017     0.0016     0.0013     0.0006     0.0006     0.0004     0.0005     0.0012     0.0013     0.0003     0.0003     0.0130     0.0039     0.0120     0.0118 
Reduction                  0.0000     0.0010     0.0010     0.0008     0.0004     0.0003     0.0002     0.0003     0.0007     0.0008     0.0001     0.0001     0.0086     0.0024     0.0079     0.0078 
Shadow                     0.0000     0.0013     0.0013     0.0010     0.0008     0.0007     0.0005     0.0006     0.0010     0.0011     0.0003     0.0005     0.0090     0.0023     0.0084     0.0082 
           Overlap                
Reduction                  0.0000     0.0000     0.0000     0.0000     0.0000     0.0000     0.0000     0.0000     0.0000     0.0000     0.0000     0.0000     0.0000     0.0000     0.0000     0.0000 
Shadow                     0.0015     0.0005     0.0003     0.0006     0.0009     0.0009     0.0011     0.0010     0.0006     0.0005     0.0012     0.0012     0.0000     0.0004     0.0000     0.0000 


-------------------------------------------------------------------------
Name (number) and performance time of processors
omp.keldysh.ru(1) 0.935851
omp.keldysh.ru(2) 0.935787
omp.keldysh.ru(3) 0.956789
omp.keldysh.ru(4) 0.956728
omp.keldysh.ru(5) 0.959545
omp.keldysh.ru(6) 0.959519
omp.keldysh.ru(7) 0.961362
omp.keldysh.ru(8) 0.961336
omp.keldysh.ru(9) 0.956433
omp.keldysh.ru(10) 0.956417
omp.keldysh.ru(11) 0.960534
omp.keldysh.ru(12) 0.960538
omp.keldysh.ru(13) 0.959773
omp.keldysh.ru(14) 0.959753
omp.keldysh.ru(15) 0.957320
omp.keldysh.ru(16) 0.957302
min - omp.keldysh.ru(2) 0.935787; max - omp.keldysh.ru(7) 0.961362; mid - 0.955937
