Processor system=1*1*6*3
Statistics has been accumulated on DVM-system version 5.0, platform DVM
Analyzer is executing on DVM-system version 5.0, platform DVM
-------------------------------------------------------------------------
INTERVAL ( NLINE=7 SOURCE=reda41.f ) LEVEL=0  EXE_COUNT=2
--- The main characteristics --- 
Parallelization efficiency      0.0558 
Execution time                  0.0051 
Processors                          18
Threads amount                      18
Total time                      0.0919
Productive time                 0.0051 ( CPU= 0.0046 Sys= 0.0005 I/O= 0.0000 )
Lost  time                      0.0868 
   Insufficient parallelism     0.0773 ( User= 0.0691 Sys= 0.0081 )
   Communication                0.0074 ( Real_sync= 0.0000 Starts= 0.0000 )
   Idle time                    0.0021
Load imbalance                  0.0003
Synchronization                 0.0069
Time variation                  0.0064
Overlap                         0.0001
                  Nop   Communic    Synchro  Variation    Overlap 
I/O                 6     0.0000     0.0010     0.0039     0.0000 
Reduction           5     0.0037     0.0009     0.0005     0.0001 
Remote access      22     0.0037     0.0050     0.0020     0.0000 
--- The comparative characteristics --- 
                              Tmin N proc      Tmax N proc      Tmid
Lost time                   0.0048     5     0.0049    13     0.0048 
User insufficient par.      0.0024    13     0.0040     5     0.0038 
Sys.insufficient par.       0.0004    17     0.0006     1     0.0005 
Idle time                   0.0000     6     0.0016    13     0.0001 
Communication               0.0003     1     0.0007    17     0.0004 
Synchronization             0.0002     1     0.0006    17     0.0004 
Variation                   0.0001     1     0.0005     2     0.0004 
Overlap                     0.0000    17     0.0000     4     0.0000 
Load imbalance              0.0000     5     0.0001    13     0.0000 
Execution time              0.0035    13     0.0051     6     0.0050 
User CPU time               0.0002    13     0.0003     4     0.0003 
Sys. CPU time               0.0000    17     0.0000     5     0.0000 
I/O time                    0.0000    14     0.0000     1     0.0000 
Processors                      18     1         18    18         18 
                      Communic          Synchro        Variation          Overlap  
I/O             Tmin    0.0000     1     0.0000    16     0.0000     1     0.0000     1 
I/O             Tmax    0.0000    18     0.0001     2     0.0003     2     0.0000    18 
I/O             Tmid    0.0000           0.0001           0.0002           0.0000       
Reduction       Tmin    0.0002     6     0.0000    15     0.0000    11     0.0000    17 
Reduction       Tmax    0.0002    18     0.0001     2     0.0001     1     0.0000     4 
Reduction       Tmid    0.0002           0.0000           0.0000           0.0000       
Remote access   Tmin    0.0001     1     0.0000     1     0.0000     1     0.0000     2 
Remote access   Tmax    0.0004    17     0.0005    17     0.0002     2     0.0000     1 
Remote access   Tmid    0.0002           0.0003           0.0001           0.0000       
--- The execution characteristics --- 
                                1          2          3          4          5          6          7          8          9         10         11         12         13         14         15         16         17         18 
Lost time                  0.0048     0.0048     0.0048     0.0048     0.0048     0.0048     0.0048     0.0048     0.0048     0.0048     0.0048     0.0048     0.0049     0.0048     0.0048     0.0048     0.0048     0.0048 
User insufficient par.     0.0039     0.0039     0.0040     0.0040     0.0040     0.0040     0.0040     0.0039     0.0039     0.0039     0.0040     0.0040     0.0024     0.0039     0.0039     0.0039     0.0038     0.0038 
Sys.insufficient par.      0.0006     0.0005     0.0005     0.0004     0.0005     0.0005     0.0004     0.0005     0.0004     0.0004     0.0005     0.0005     0.0004     0.0004     0.0005     0.0004     0.0004     0.0004 
Idle time                  0.0000     0.0000     0.0000     0.0000     0.0000     0.0000     0.0000     0.0000     0.0000     0.0000     0.0000     0.0000     0.0016     0.0001     0.0001     0.0001     0.0000     0.0000 
Communication              0.0003     0.0005     0.0004     0.0004     0.0003     0.0004     0.0004     0.0004     0.0004     0.0005     0.0004     0.0004     0.0004     0.0004     0.0003     0.0003     0.0007     0.0006 
Synchronization            0.0002     0.0006     0.0005     0.0004     0.0003     0.0004     0.0004     0.0003     0.0004     0.0005     0.0003     0.0003     0.0003     0.0003     0.0003     0.0002     0.0006     0.0005 
Variation                  0.0001     0.0005     0.0005     0.0005     0.0004     0.0004     0.0004     0.0004     0.0003     0.0004     0.0003     0.0003     0.0003     0.0003     0.0003     0.0003     0.0004     0.0003 
Overlap                    0.0000     0.0000     0.0000     0.0000     0.0000     0.0000     0.0000     0.0000     0.0000     0.0000     0.0000     0.0000     0.0000     0.0000     0.0000     0.0000     0.0000     0.0000 
Load imbalance             0.0000     0.0000     0.0000     0.0000     0.0000     0.0000     0.0000     0.0000     0.0000     0.0000     0.0000     0.0000     0.0001     0.0000     0.0000     0.0000     0.0000     0.0000 
Execution time             0.0051     0.0051     0.0051     0.0051     0.0051     0.0051     0.0051     0.0051     0.0051     0.0051     0.0051     0.0051     0.0035     0.0050     0.0050     0.0050     0.0051     0.0051 
User CPU time              0.0002     0.0003     0.0003     0.0003     0.0003     0.0003     0.0003     0.0003     0.0003     0.0003     0.0003     0.0003     0.0002     0.0003     0.0003     0.0003     0.0002     0.0002 
Sys. CPU time              0.0000     0.0000     0.0000     0.0000     0.0000     0.0000     0.0000     0.0000     0.0000     0.0000     0.0000     0.0000     0.0000     0.0000     0.0000     0.0000     0.0000     0.0000 
I/O time                   0.0000     0.0000     0.0000     0.0000     0.0000     0.0000     0.0000     0.0000     0.0000     0.0000     0.0000     0.0000     0.0000     0.0000     0.0000     0.0000     0.0000     0.0000 
Processors                     18         18         18         18         18         18         18         18         18         18         18         18         18         18         18         18         18         18 
           Communication          
Reduction                  0.0002     0.0002     0.0002     0.0002     0.0002     0.0002     0.0002     0.0002     0.0002     0.0002     0.0002     0.0002     0.0002     0.0002     0.0002     0.0002     0.0002     0.0002 
Remote access              0.0001     0.0003     0.0002     0.0002     0.0002     0.0002     0.0002     0.0002     0.0002     0.0003     0.0002     0.0002     0.0002     0.0002     0.0002     0.0002     0.0004     0.0004 
           Synchronization        
I/O                        0.0001     0.0001     0.0001     0.0001     0.0001     0.0001     0.0001     0.0001     0.0000     0.0001     0.0000     0.0000     0.0000     0.0000     0.0001     0.0000     0.0001     0.0000 
Reduction                  0.0000     0.0001     0.0001     0.0001     0.0001     0.0001     0.0000     0.0000     0.0000     0.0001     0.0001     0.0000     0.0000     0.0000     0.0000     0.0000     0.0001     0.0001 
Remote access              0.0000     0.0004     0.0003     0.0003     0.0002     0.0003     0.0003     0.0003     0.0003     0.0003     0.0002     0.0002     0.0003     0.0003     0.0002     0.0002     0.0005     0.0004 
           Variation              
I/O                        0.0000     0.0003     0.0003     0.0002     0.0002     0.0002     0.0002     0.0002     0.0002     0.0002     0.0002     0.0002     0.0002     0.0002     0.0002     0.0002     0.0002     0.0002 
Reduction                  0.0001     0.0001     0.0000     0.0000     0.0000     0.0000     0.0000     0.0000     0.0000     0.0000     0.0000     0.0000     0.0000     0.0000     0.0000     0.0000     0.0000     0.0000 
Remote access              0.0000     0.0002     0.0002     0.0002     0.0001     0.0001     0.0001     0.0001     0.0001     0.0001     0.0001     0.0001     0.0001     0.0001     0.0001     0.0001     0.0001     0.0001 
           Overlap                
Reduction                  0.0000     0.0000     0.0000     0.0000     0.0000     0.0000     0.0000     0.0000     0.0000     0.0000     0.0000     0.0000     0.0000     0.0000     0.0000     0.0000     0.0000     0.0000 
Remote access              0.0000     0.0000     0.0000     0.0000     0.0000     0.0000     0.0000     0.0000     0.0000     0.0000     0.0000     0.0000     0.0000     0.0000     0.0000     0.0000     0.0000     0.0000 


-------------------------------------------------------------------------
Name (number) and performance time of processors
omp.keldysh.ru(1) 0.935404
omp.keldysh.ru(2) 0.935353
omp.keldysh.ru(3) 0.959219
omp.keldysh.ru(4) 0.959305
omp.keldysh.ru(5) 0.958767
omp.keldysh.ru(6) 0.958794
omp.keldysh.ru(7) 0.935379
omp.keldysh.ru(8) 0.935377
omp.keldysh.ru(9) 0.959666
omp.keldysh.ru(10) 0.959659
omp.keldysh.ru(11) 0.961192
omp.keldysh.ru(12) 0.961180
omp.keldysh.ru(13) 0.958916
omp.keldysh.ru(14) 0.959251
omp.keldysh.ru(15) 0.935407
omp.keldysh.ru(16) 0.935398
omp.keldysh.ru(17) 0.958011
omp.keldysh.ru(18) 0.958003
min - omp.keldysh.ru(2) 0.935353; max - omp.keldysh.ru(11) 0.961192; mid - 0.951349
