Processor system=3*1*3*2
Statistics has been accumulated on DVM-system version 5.0, platform DVM
Analyzer is executing on DVM-system version 5.0, platform DVM
-------------------------------------------------------------------------
INTERVAL ( NLINE=7 SOURCE=reda42.f ) LEVEL=0  EXE_COUNT=2
--- The main characteristics --- 
Parallelization efficiency      0.0512 
Execution time                  0.0056 
Processors                          18
Threads amount                      18
Total time                      0.1016
Productive time                 0.0052 ( CPU= 0.0048 Sys= 0.0004 I/O= 0.0000 )
Lost  time                      0.0964 
   Insufficient parallelism     0.0885 ( User= 0.0816 Sys= 0.0069 )
   Communication                0.0049 ( Real_sync= 0.0000 Starts= 0.0000 )
   Idle time                    0.0030
Load imbalance                  0.0002
Synchronization                 0.0230
Time variation                  0.0255
Overlap                         0.0009
                  Nop   Communic    Synchro  Variation    Overlap 
I/O                 6     0.0000     0.0072     0.0098     0.0000 
Reduction           5     0.0049     0.0053     0.0052     0.0009 
Remote access      22     0.0000     0.0105     0.0105     0.0000 
--- The comparative characteristics --- 
                              Tmin N proc      Tmax N proc      Tmid
Lost time                   0.0053    13     0.0055    17     0.0054 
User insufficient par.      0.0027    17     0.0047    13     0.0045 
Sys.insufficient par.       0.0003    18     0.0005     1     0.0004 
Idle time                   0.0000    13     0.0021    17     0.0002 
Communication               0.0002     1     0.0004    18     0.0003 
Synchronization             0.0002    13     0.0058    18     0.0013 
Variation                   0.0003    13     0.0059    18     0.0014 
Overlap                     0.0000     2     0.0001    13     0.0000 
Load imbalance              0.0000    13     0.0001    17     0.0000 
Execution time              0.0035    17     0.0056    13     0.0055 
User CPU time               0.0002    17     0.0003    13     0.0003 
Sys. CPU time               0.0000    18     0.0000     2     0.0000 
I/O time                    0.0000     8     0.0000     1     0.0000 
Processors                      18     1         18    18         18 
                      Communic          Synchro        Variation          Overlap  
I/O             Tmin    0.0000     1     0.0000    13     0.0002    13     0.0000     1 
I/O             Tmax    0.0000    18     0.0019    18     0.0021    18     0.0000    18 
I/O             Tmid    0.0000           0.0004           0.0005           0.0000       
Reduction       Tmin    0.0002     1     0.0000    13     0.0000    13     0.0000     1 
Reduction       Tmax    0.0004    18     0.0014    17     0.0014    17     0.0001    13 
Reduction       Tmid    0.0003           0.0003           0.0003           0.0000       
Remote access   Tmin    0.0000     1     0.0001    13     0.0001    13     0.0000     2 
Remote access   Tmax    0.0000    18     0.0025    18     0.0025    18     0.0000     1 
Remote access   Tmid    0.0000           0.0006           0.0006           0.0000       
--- The execution characteristics --- 
                                1          2          3          4          5          6          7          8          9         10         11         12         13         14         15         16         17         18 
Lost time                  0.0053     0.0054     0.0053     0.0053     0.0054     0.0054     0.0053     0.0053     0.0053     0.0053     0.0053     0.0053     0.0053     0.0053     0.0053     0.0053     0.0055     0.0054 
User insufficient par.     0.0045     0.0045     0.0047     0.0047     0.0046     0.0046     0.0047     0.0047     0.0047     0.0047     0.0047     0.0047     0.0047     0.0047     0.0047     0.0047     0.0027     0.0046 
Sys.insufficient par.      0.0005     0.0004     0.0004     0.0004     0.0004     0.0004     0.0004     0.0004     0.0004     0.0004     0.0004     0.0004     0.0004     0.0004     0.0004     0.0004     0.0003     0.0003 
Idle time                  0.0001     0.0001     0.0000     0.0000     0.0001     0.0001     0.0000     0.0000     0.0000     0.0000     0.0001     0.0000     0.0000     0.0000     0.0000     0.0000     0.0021     0.0001 
Communication              0.0002     0.0003     0.0003     0.0003     0.0003     0.0003     0.0003     0.0003     0.0003     0.0003     0.0003     0.0003     0.0002     0.0003     0.0002     0.0002     0.0004     0.0004 
Synchronization            0.0011     0.0016     0.0008     0.0009     0.0005     0.0004     0.0010     0.0010     0.0004     0.0005     0.0005     0.0005     0.0002     0.0006     0.0008     0.0008     0.0058     0.0058 
Variation                  0.0010     0.0017     0.0010     0.0010     0.0006     0.0006     0.0011     0.0012     0.0006     0.0006     0.0006     0.0006     0.0003     0.0008     0.0009     0.0009     0.0059     0.0059 
Overlap                    0.0000     0.0000     0.0000     0.0000     0.0001     0.0001     0.0000     0.0000     0.0001     0.0001     0.0001     0.0001     0.0001     0.0001     0.0000     0.0000     0.0000     0.0000 
Load imbalance             0.0000     0.0000     0.0000     0.0000     0.0000     0.0000     0.0000     0.0000     0.0000     0.0000     0.0000     0.0000     0.0000     0.0000     0.0000     0.0000     0.0001     0.0000 
Execution time             0.0055     0.0055     0.0056     0.0056     0.0055     0.0055     0.0056     0.0056     0.0056     0.0056     0.0056     0.0056     0.0056     0.0056     0.0056     0.0056     0.0035     0.0055 
User CPU time              0.0003     0.0003     0.0003     0.0003     0.0003     0.0003     0.0003     0.0003     0.0003     0.0003     0.0003     0.0003     0.0003     0.0003     0.0003     0.0003     0.0002     0.0003 
Sys. CPU time              0.0000     0.0000     0.0000     0.0000     0.0000     0.0000     0.0000     0.0000     0.0000     0.0000     0.0000     0.0000     0.0000     0.0000     0.0000     0.0000     0.0000     0.0000 
I/O time                   0.0000     0.0000     0.0000     0.0000     0.0000     0.0000     0.0000     0.0000     0.0000     0.0000     0.0000     0.0000     0.0000     0.0000     0.0000     0.0000     0.0000     0.0000 
Processors                     18         18         18         18         18         18         18         18         18         18         18         18         18         18         18         18         18         18 
           Communication          
Reduction                  0.0002     0.0003     0.0003     0.0003     0.0003     0.0003     0.0003     0.0003     0.0003     0.0003     0.0003     0.0003     0.0002     0.0003     0.0002     0.0002     0.0004     0.0004 
           Synchronization        
I/O                        0.0004     0.0005     0.0002     0.0002     0.0001     0.0001     0.0003     0.0003     0.0001     0.0001     0.0001     0.0001     0.0000     0.0002     0.0003     0.0003     0.0019     0.0019 
Reduction                  0.0003     0.0003     0.0002     0.0002     0.0001     0.0001     0.0002     0.0002     0.0001     0.0001     0.0001     0.0001     0.0000     0.0001     0.0002     0.0002     0.0014     0.0014 
Remote access              0.0004     0.0008     0.0004     0.0004     0.0003     0.0002     0.0005     0.0005     0.0002     0.0002     0.0003     0.0003     0.0001     0.0003     0.0003     0.0003     0.0024     0.0025 
           Variation              
I/O                        0.0003     0.0006     0.0004     0.0004     0.0003     0.0003     0.0004     0.0005     0.0003     0.0003     0.0003     0.0003     0.0002     0.0003     0.0004     0.0004     0.0021     0.0021 
Reduction                  0.0003     0.0003     0.0002     0.0002     0.0001     0.0001     0.0002     0.0002     0.0001     0.0001     0.0001     0.0001     0.0000     0.0001     0.0002     0.0002     0.0014     0.0014 
Remote access              0.0004     0.0008     0.0004     0.0004     0.0003     0.0002     0.0005     0.0005     0.0002     0.0002     0.0003     0.0003     0.0001     0.0003     0.0003     0.0003     0.0024     0.0025 
           Overlap                
Reduction                  0.0000     0.0000     0.0000     0.0000     0.0001     0.0001     0.0000     0.0000     0.0001     0.0001     0.0001     0.0001     0.0001     0.0001     0.0000     0.0000     0.0000     0.0000 
Remote access              0.0000     0.0000     0.0000     0.0000     0.0000     0.0000     0.0000     0.0000     0.0000     0.0000     0.0000     0.0000     0.0000     0.0000     0.0000     0.0000     0.0000     0.0000 


-------------------------------------------------------------------------
Name (number) and performance time of processors
omp.keldysh.ru(1) 0.933706
omp.keldysh.ru(2) 0.933617
omp.keldysh.ru(3) 0.959853
omp.keldysh.ru(4) 0.959851
omp.keldysh.ru(5) 0.956538
omp.keldysh.ru(6) 0.956917
omp.keldysh.ru(7) 0.956753
omp.keldysh.ru(8) 0.956733
omp.keldysh.ru(9) 0.958377
omp.keldysh.ru(10) 0.958404
omp.keldysh.ru(11) 0.957601
omp.keldysh.ru(12) 0.957589
omp.keldysh.ru(13) 0.959344
omp.keldysh.ru(14) 0.959329
omp.keldysh.ru(15) 0.955694
omp.keldysh.ru(16) 0.955701
omp.keldysh.ru(17) 0.956416
omp.keldysh.ru(18) 0.956406
min - omp.keldysh.ru(2) 0.933617; max - omp.keldysh.ru(3) 0.959853; mid - 0.954935
