Processor system=1*1*3*6
Statistics has been accumulated on DVM-system version 5.0, platform DVM
Analyzer is executing on DVM-system version 5.0, platform DVM
-------------------------------------------------------------------------
INTERVAL ( NLINE=5 SOURCE=parallel4.f ) LEVEL=0  EXE_COUNT=2
--- The main characteristics --- 
Parallelization efficiency      0.0618 
Execution time                  0.0076 
Processors                          18
Threads amount                      18
Total time                      0.1372
Productive time                 0.0085 ( CPU= 0.0082 Sys= 0.0003 I/O= 0.0000 )
Lost  time                      0.1287 
   Insufficient parallelism     0.1088 ( User= 0.1035 Sys= 0.0053 )
   Communication                0.0110 ( Real_sync= 0.0000 Starts= 0.0000 )
   Idle time                    0.0090
Load imbalance                  0.0008
Synchronization                 0.0024
Time variation                  0.0043
Overlap                         0.0000
                  Nop   Communic    Synchro  Variation    Overlap 
I/O                 8     0.0000     0.0017     0.0037     0.0000 
Reduction           5     0.0110     0.0007     0.0006     0.0000 
--- The comparative characteristics --- 
                              Tmin N proc      Tmax N proc      Tmid
Lost time                   0.0071    12     0.0073     4     0.0072 
User insufficient par.      0.0024     6     0.0063     2     0.0057 
Sys.insufficient par.       0.0002    17     0.0005     1     0.0003 
Idle time                   0.0000     2     0.0040     6     0.0005 
Communication               0.0005     1     0.0008    17     0.0006 
Synchronization             0.0001    16     0.0002     5     0.0001 
Variation                   0.0002     1     0.0003     3     0.0002 
Overlap                     0.0000     1     0.0000     9     0.0000 
Load imbalance              0.0000    12     0.0002     4     0.0000 
Execution time              0.0036     6     0.0076     2     0.0071 
User CPU time               0.0003     4     0.0005    12     0.0005 
Sys. CPU time               0.0000    17     0.0000     9     0.0000 
I/O time                    0.0000    17     0.0000     1     0.0000 
Processors                      18     1         18    18         18 
                      Communic          Synchro        Variation          Overlap  
I/O             Tmin    0.0000     1     0.0000    16     0.0001     1     0.0000     1 
I/O             Tmax    0.0000    18     0.0002     3     0.0003     3     0.0000    18 
I/O             Tmid    0.0000           0.0001           0.0002           0.0000       
Reduction       Tmin    0.0005     1     0.0000    15     0.0000    15     0.0000     1 
Reduction       Tmax    0.0008    17     0.0001     6     0.0001     2     0.0000     9 
Reduction       Tmid    0.0006           0.0000           0.0000           0.0000       
--- The execution characteristics --- 
                                1          2          3          4          5          6          7          8          9         10         11         12         13         14         15         16         17         18 
Lost time                  0.0071     0.0071     0.0071     0.0073     0.0071     0.0073     0.0071     0.0071     0.0071     0.0071     0.0071     0.0071     0.0071     0.0071     0.0071     0.0071     0.0071     0.0071 
User insufficient par.     0.0062     0.0063     0.0061     0.0025     0.0061     0.0024     0.0061     0.0061     0.0062     0.0062     0.0061     0.0061     0.0062     0.0062     0.0062     0.0062     0.0061     0.0061 
Sys.insufficient par.      0.0005     0.0003     0.0003     0.0003     0.0003     0.0003     0.0003     0.0003     0.0003     0.0003     0.0003     0.0003     0.0003     0.0003     0.0003     0.0003     0.0002     0.0003 
Idle time                  0.0000     0.0000     0.0002     0.0040     0.0002     0.0040     0.0001     0.0001     0.0000     0.0000     0.0001     0.0001     0.0000     0.0000     0.0000     0.0000     0.0000     0.0000 
Communication              0.0005     0.0006     0.0006     0.0006     0.0006     0.0006     0.0006     0.0006     0.0006     0.0006     0.0006     0.0006     0.0006     0.0006     0.0006     0.0006     0.0008     0.0007 
Synchronization            0.0002     0.0002     0.0002     0.0002     0.0002     0.0002     0.0001     0.0001     0.0001     0.0001     0.0001     0.0001     0.0001     0.0001     0.0001     0.0001     0.0001     0.0001 
Variation                  0.0002     0.0003     0.0003     0.0003     0.0003     0.0003     0.0002     0.0002     0.0002     0.0002     0.0002     0.0003     0.0002     0.0002     0.0002     0.0002     0.0002     0.0002 
Overlap                    0.0000     0.0000     0.0000     0.0000     0.0000     0.0000     0.0000     0.0000     0.0000     0.0000     0.0000     0.0000     0.0000     0.0000     0.0000     0.0000     0.0000     0.0000 
Load imbalance             0.0000     0.0000     0.0000     0.0002     0.0000     0.0002     0.0000     0.0000     0.0000     0.0000     0.0000     0.0000     0.0000     0.0000     0.0000     0.0000     0.0000     0.0000 
Execution time             0.0076     0.0076     0.0075     0.0036     0.0075     0.0036     0.0075     0.0075     0.0076     0.0076     0.0075     0.0075     0.0076     0.0076     0.0076     0.0076     0.0076     0.0076 
User CPU time              0.0005     0.0005     0.0005     0.0003     0.0005     0.0003     0.0005     0.0005     0.0005     0.0005     0.0005     0.0005     0.0005     0.0005     0.0005     0.0005     0.0005     0.0005 
Sys. CPU time              0.0000     0.0000     0.0000     0.0000     0.0000     0.0000     0.0000     0.0000     0.0000     0.0000     0.0000     0.0000     0.0000     0.0000     0.0000     0.0000     0.0000     0.0000 
I/O time                   0.0000     0.0000     0.0000     0.0000     0.0000     0.0000     0.0000     0.0000     0.0000     0.0000     0.0000     0.0000     0.0000     0.0000     0.0000     0.0000     0.0000     0.0000 
Processors                     18         18         18         18         18         18         18         18         18         18         18         18         18         18         18         18         18         18 
           Communication          
Reduction                  0.0005     0.0006     0.0006     0.0006     0.0006     0.0006     0.0006     0.0006     0.0006     0.0006     0.0006     0.0006     0.0006     0.0006     0.0006     0.0006     0.0008     0.0007 
           Synchronization        
I/O                        0.0002     0.0001     0.0002     0.0001     0.0002     0.0001     0.0001     0.0001     0.0001     0.0001     0.0001     0.0001     0.0001     0.0001     0.0001     0.0000     0.0001     0.0001 
Reduction                  0.0001     0.0001     0.0001     0.0001     0.0001     0.0001     0.0000     0.0000     0.0000     0.0000     0.0000     0.0000     0.0000     0.0000     0.0000     0.0000     0.0000     0.0000 
           Variation              
I/O                        0.0001     0.0003     0.0003     0.0003     0.0003     0.0002     0.0002     0.0002     0.0002     0.0002     0.0002     0.0002     0.0002     0.0002     0.0002     0.0002     0.0002     0.0002 
Reduction                  0.0001     0.0001     0.0001     0.0001     0.0001     0.0001     0.0000     0.0000     0.0000     0.0000     0.0000     0.0000     0.0000     0.0000     0.0000     0.0000     0.0000     0.0000 
           Overlap                
Reduction                  0.0000     0.0000     0.0000     0.0000     0.0000     0.0000     0.0000     0.0000     0.0000     0.0000     0.0000     0.0000     0.0000     0.0000     0.0000     0.0000     0.0000     0.0000 


-------------------------------------------------------------------------
Name (number) and performance time of processors
omp.keldysh.ru(1) 0.933871
omp.keldysh.ru(2) 0.933803
omp.keldysh.ru(3) 0.957355
omp.keldysh.ru(4) 0.957364
omp.keldysh.ru(5) 0.955449
omp.keldysh.ru(6) 0.955423
omp.keldysh.ru(7) 0.955001
omp.keldysh.ru(8) 0.954962
omp.keldysh.ru(9) 0.959161
omp.keldysh.ru(10) 0.959150
omp.keldysh.ru(11) 0.956597
omp.keldysh.ru(12) 0.957035
omp.keldysh.ru(13) 0.933943
omp.keldysh.ru(14) 0.933933
omp.keldysh.ru(15) 0.954781
omp.keldysh.ru(16) 0.954792
omp.keldysh.ru(17) 0.957778
omp.keldysh.ru(18) 0.957778
min - omp.keldysh.ru(2) 0.933803; max - omp.keldysh.ru(9) 0.959161; mid - 0.951565
