Processor system=7*1*2
Statistics has been accumulated on DVM-system version 5.0, platform DVM
Analyzer is executing on DVM-system version 5.0, platform DVM
-------------------------------------------------------------------------
INTERVAL ( NLINE=8 SOURCE=adi3d.f ) LEVEL=0  EXE_COUNT=1
--- The main characteristics --- 
Parallelization efficiency      0.5169 
Execution time                 15.6329 
Processors                          14
Threads amount                      14
Total time                    218.8606
Productive time               113.1248 ( CPU= 111.5395 Sys= 1.5846 I/O= 0.0007 )
Lost  time                    105.7358 
   Insufficient parallelism    21.2037 ( User= 0.5947 Sys= 20.6090 )
   Communication               84.5267 ( Real_sync= 0.0049 Starts= 0.0000 )
   Idle time                    0.0053
Load imbalance                 23.6410
Synchronization               219.6115
Time variation                219.4897
Overlap                         0.0062
                  Nop   Communic  Real_sync    Synchro  Variation    Overlap 
I/O               107     0.0000     0.0000     0.0155     0.0976     0.0000 
Reduction         100    34.9039     0.0000     0.0069     0.0069     0.0004 
Shadow            505    49.5229     0.0000   219.5890   219.3851     0.0058 
--- The comparative characteristics --- 
                              Tmin N proc      Tmax N proc      Tmid
Lost time                   5.8639     7     8.7806    14     7.5526 
User insufficient par.      0.0311    13     0.0522     7     0.0425 
Sys.insufficient par.       0.6756     2     2.1154     7     1.4721 
Idle time                   0.0000     5     0.0009    11     0.0004 
Communication               3.6964     7     7.9172     1     6.0376 
Real synchronization        0.0000     5     0.0008    11     0.0003 
Synchronization             0.5132    14    31.2300     1    15.6865 
Variation                   0.8633    14    30.4062     1    15.6778 
Overlap                     0.0000    10     0.0040    14     0.0004 
Load imbalance              0.0000     7     2.9167    14     1.6886 
Execution time             15.6320    11    15.6329     5    15.6325 
User CPU time               6.7819    14     9.6062     7     7.9671 
Sys. CPU time               0.0520     2     0.1627     7     0.1132 
I/O time                    0.0000     9     0.0005     1     0.0000 
Processors                      14     1         14    14         14 
                      Communic        Real_sync          Synchro        Variation          Overlap  
I/O             Tmin    0.0000     1     0.0000     1     0.0002     7     0.0000     1     0.0000     1 
I/O             Tmax    0.0000    14     0.0000    14     0.0021    13     0.0084    14     0.0000    14 
I/O             Tmid    0.0000           0.0000           0.0011           0.0070           0.0000       
Reduction       Tmin    0.0014    14     0.0000     1     0.0000     7     0.0000     7     0.0000     2 
Reduction       Tmax    6.9054     1     0.0000    14     0.0009    13     0.0009    13     0.0002     7 
Reduction       Tmid    2.4931           0.0000           0.0005           0.0005           0.0000       
Shadow          Tmin    0.6128     3     0.0000     1     0.5102    14     0.8541    14     0.0000     9 
Shadow          Tmax    7.8222    14     0.0000    14    31.2289     1    30.4058     1     0.0040    14 
Shadow          Tmid    3.5373           0.0000          15.6849          15.6704           0.0004       
--- The execution characteristics --- 
                                1          2          3          4          5          6          7          8          9         10         11         12         13         14 
Lost time                  8.6645     8.5062     7.6679     7.5696     6.5111     6.3520     5.8639     5.8937     7.4794     7.5427     8.0826     8.0659     8.7557     8.7806 
User insufficient par.     0.0401     0.0432     0.0488     0.0466     0.0488     0.0485     0.0522     0.0453     0.0395     0.0404     0.0412     0.0372     0.0311     0.0317 
Sys.insufficient par.      0.7070     0.6756     1.8024     1.7923     1.9840     1.9795     2.1154     2.0806     1.4026     1.3874     1.4225     1.4401     0.9055     0.9142 
Idle time                  0.0001     0.0001     0.0000     0.0000     0.0000     0.0000     0.0000     0.0001     0.0008     0.0008     0.0009     0.0007     0.0008     0.0009 
Communication              7.9172     7.7873     5.8167     5.7308     4.4782     4.3240     3.6964     3.7676     6.0364     6.1141     6.6180     6.5879     7.8182     7.8339 
Real synchronization       0.0001     0.0001     0.0000     0.0000     0.0000     0.0000     0.0000     0.0000     0.0008     0.0008     0.0008     0.0007     0.0008     0.0008 
Synchronization           31.2300    31.1046    26.5699    26.4795    21.2299    21.1130    15.0398    14.8636    10.7047    10.5521     4.8508     4.5707     0.7897     0.5132 
Variation                 30.4062    30.3169    26.6134    26.5586    21.2555    21.1593    15.0432    14.9137    10.8369    10.7425     4.9468     4.7439     1.0895     0.8633 
Overlap                    0.0000     0.0000     0.0002     0.0000     0.0002     0.0001     0.0004     0.0002     0.0000     0.0000     0.0000     0.0000     0.0010     0.0040 
Load imbalance             2.8010     2.6423     1.8039     1.7056     0.6471     0.4881     0.0000     0.0297     1.6154     1.6787     2.2186     2.2020     2.8917     2.9167 
Execution time            15.6328    15.6328    15.6329    15.6329    15.6329    15.6329    15.6329    15.6328    15.6321    15.6321    15.6320    15.6322    15.6321    15.6320 
User CPU time              6.9140     7.0747     7.8264     7.9254     8.9692     9.1286     9.6062     9.5792     8.0456     7.9835     7.4409     7.4562     6.8076     6.7819 
Sys. CPU time              0.0539     0.0520     0.1386     0.1379     0.1526     0.1523     0.1627     0.1600     0.1079     0.1067     0.1094     0.1108     0.0696     0.0703 
I/O time                   0.0005     0.0000     0.0000     0.0000     0.0000     0.0000     0.0000     0.0000     0.0000     0.0000     0.0000     0.0000     0.0000     0.0000 
Processors                     14         14         14         14         14         14         14         14         14         14         14         14         14         14 
           Communication          
Reduction                  6.9054     6.5218     5.2036     4.8272     3.2238     2.7634     1.3982     1.1355     1.1672     0.9727     0.4121     0.3032     0.0683     0.0014 
Shadow                     1.0107     1.2643     0.6128     0.9034     1.2544     1.5605     2.2981     2.5959     4.8589     5.1312     6.1956     6.2753     7.7396     7.8222 
           Real synchronization   
           Synchronization        
I/O                        0.0006     0.0010     0.0003     0.0010     0.0002     0.0009     0.0002     0.0009     0.0015     0.0014     0.0015     0.0019     0.0021     0.0021 
Reduction                  0.0004     0.0005     0.0002     0.0005     0.0001     0.0004     0.0000     0.0004     0.0006     0.0006     0.0006     0.0008     0.0009     0.0009 
Shadow                    31.2289    31.1030    26.5695    26.4781    21.2296    21.1116    15.0396    14.8622    10.7026    10.5502     4.8487     4.5681     0.7867     0.5102 
           Variation              
I/O                        0.0000     0.0074     0.0066     0.0073     0.0066     0.0073     0.0066     0.0073     0.0079     0.0078     0.0079     0.0082     0.0084     0.0084 
Reduction                  0.0004     0.0005     0.0002     0.0005     0.0001     0.0004     0.0000     0.0004     0.0006     0.0006     0.0006     0.0008     0.0009     0.0009 
Shadow                    30.4058    30.3089    26.6065    26.5508    21.2488    21.1516    15.0367    14.9059    10.8283    10.7341     4.9384     4.7349     1.0802     0.8541 
           Overlap                
Reduction                  0.0000     0.0000     0.0001     0.0000     0.0001     0.0000     0.0002     0.0000     0.0000     0.0000     0.0000     0.0000     0.0000     0.0000 
Shadow                     0.0000     0.0000     0.0001     0.0000     0.0001     0.0001     0.0001     0.0002     0.0000     0.0000     0.0000     0.0000     0.0010     0.0040 


-------------------------------------------------------------------------
Name (number) and performance time of processors
omp.keldysh.ru(1) 0.933924
omp.keldysh.ru(2) 0.933832
omp.keldysh.ru(3) 0.956794
omp.keldysh.ru(4) 0.956996
omp.keldysh.ru(5) 0.955254
omp.keldysh.ru(6) 0.955452
omp.keldysh.ru(7) 0.955777
omp.keldysh.ru(8) 0.955775
omp.keldysh.ru(9) 0.955841
omp.keldysh.ru(10) 0.955850
omp.keldysh.ru(11) 0.953252
omp.keldysh.ru(12) 0.953249
omp.keldysh.ru(13) 0.955868
omp.keldysh.ru(14) 0.956267
min - omp.keldysh.ru(2) 0.933832; max - omp.keldysh.ru(4) 0.956996; mid - 0.952438
