Processor system=1*4*1*4
Statistics has been accumulated on DVM-system version 5.0, platform DVM
Analyzer is executing on DVM-system version 5.0, platform DVM
-------------------------------------------------------------------------
INTERVAL ( NLINE=7 SOURCE=reda42.f ) LEVEL=0  EXE_COUNT=1
--- The main characteristics --- 
Parallelization efficiency      0.0551 
Execution time                  0.0053 
Processors                          16
Threads amount                      16
Total time                      0.0846
Productive time                 0.0047 ( CPU= 0.0043 Sys= 0.0004 I/O= 0.0000 )
Lost  time                      0.0800 
   Insufficient parallelism     0.0699 ( User= 0.0642 Sys= 0.0056 )
   Communication                0.0042 ( Real_sync= 0.0000 Starts= 0.0000 )
   Idle time                    0.0059
Load imbalance                  0.0004
Synchronization                 0.0264
Time variation                  0.0282
Overlap                         0.0006
                  Nop   Communic    Synchro  Variation    Overlap 
I/O                 6     0.0000     0.0084     0.0102     0.0000 
Reduction           4     0.0042     0.0061     0.0061     0.0006 
Remote access      21     0.0000     0.0119     0.0119     0.0000 
--- The comparative characteristics --- 
                              Tmin N proc      Tmax N proc      Tmid
Lost time                   0.0050     1     0.0051    16     0.0050 
User insufficient par.      0.0030    15     0.0044    12     0.0040 
Sys.insufficient par.       0.0003    16     0.0005     1     0.0004 
Idle time                   0.0000    11     0.0014    16     0.0004 
Communication               0.0002     1     0.0004    16     0.0003 
Synchronization             0.0001    12     0.0057    14     0.0017 
Variation                   0.0002    12     0.0058    14     0.0018 
Overlap                     0.0000    13     0.0001     8     0.0000 
Load imbalance              0.0000    12     0.0001    16     0.0000 
Execution time              0.0039    16     0.0053    11     0.0049 
User CPU time               0.0002    15     0.0003    12     0.0003 
Sys. CPU time               0.0000    16     0.0000     9     0.0000 
I/O time                    0.0000     2     0.0000     1     0.0000 
Processors                      16     1         16    16         16 
                      Communic          Synchro        Variation          Overlap  
I/O             Tmin    0.0000     1     0.0000    11     0.0001     1     0.0000     1 
I/O             Tmax    0.0000    16     0.0019    14     0.0020    14     0.0000    16 
I/O             Tmid    0.0000           0.0005           0.0006           0.0000       
Reduction       Tmin    0.0002     1     0.0000    12     0.0000     8     0.0000    13 
Reduction       Tmax    0.0004    16     0.0014    14     0.0014    14     0.0001     8 
Reduction       Tmid    0.0003           0.0004           0.0004           0.0000       
Remote access   Tmin    0.0000     1     0.0001    12     0.0001    12     0.0000     1 
Remote access   Tmax    0.0000    16     0.0024    14     0.0024    14     0.0000    12 
Remote access   Tmid    0.0000           0.0007           0.0007           0.0000       
--- The execution characteristics --- 
                                1          2          3          4          5          6          7          8          9         10         11         12         13         14         15         16 
Lost time                  0.0050     0.0050     0.0050     0.0050     0.0050     0.0050     0.0050     0.0050     0.0050     0.0050     0.0050     0.0050     0.0051     0.0051     0.0051     0.0051 
User insufficient par.     0.0043     0.0043     0.0043     0.0044     0.0043     0.0043     0.0044     0.0044     0.0043     0.0043     0.0044     0.0044     0.0030     0.0030     0.0030     0.0030 
Sys.insufficient par.      0.0005     0.0004     0.0004     0.0004     0.0003     0.0004     0.0004     0.0004     0.0004     0.0004     0.0004     0.0003     0.0003     0.0003     0.0003     0.0003 
Idle time                  0.0000     0.0000     0.0000     0.0000     0.0001     0.0000     0.0000     0.0000     0.0000     0.0000     0.0000     0.0000     0.0014     0.0014     0.0014     0.0014 
Communication              0.0002     0.0003     0.0002     0.0002     0.0002     0.0002     0.0002     0.0002     0.0002     0.0002     0.0003     0.0002     0.0004     0.0004     0.0004     0.0004 
Synchronization            0.0003     0.0005     0.0006     0.0006     0.0005     0.0005     0.0001     0.0001     0.0004     0.0004     0.0002     0.0001     0.0056     0.0057     0.0051     0.0055 
Variation                  0.0003     0.0007     0.0007     0.0007     0.0007     0.0006     0.0003     0.0002     0.0005     0.0005     0.0003     0.0002     0.0057     0.0058     0.0052     0.0056 
Overlap                    0.0000     0.0000     0.0000     0.0000     0.0000     0.0000     0.0001     0.0001     0.0000     0.0000     0.0001     0.0001     0.0000     0.0000     0.0000     0.0000 
Load imbalance             0.0000     0.0000     0.0000     0.0000     0.0000     0.0000     0.0000     0.0000     0.0000     0.0000     0.0000     0.0000     0.0001     0.0001     0.0001     0.0001 
Execution time             0.0053     0.0052     0.0052     0.0053     0.0052     0.0052     0.0052     0.0052     0.0053     0.0053     0.0053     0.0053     0.0039     0.0039     0.0039     0.0039 
User CPU time              0.0003     0.0003     0.0003     0.0003     0.0003     0.0003     0.0003     0.0003     0.0003     0.0003     0.0003     0.0003     0.0002     0.0002     0.0002     0.0002 
Sys. CPU time              0.0000     0.0000     0.0000     0.0000     0.0000     0.0000     0.0000     0.0000     0.0000     0.0000     0.0000     0.0000     0.0000     0.0000     0.0000     0.0000 
I/O time                   0.0000     0.0000     0.0000     0.0000     0.0000     0.0000     0.0000     0.0000     0.0000     0.0000     0.0000     0.0000     0.0000     0.0000     0.0000     0.0000 
Processors                     16         16         16         16         16         16         16         16         16         16         16         16         16         16         16         16 
           Communication          
Reduction                  0.0002     0.0003     0.0002     0.0002     0.0002     0.0002     0.0002     0.0002     0.0002     0.0002     0.0003     0.0002     0.0004     0.0004     0.0004     0.0004 
           Synchronization        
I/O                        0.0001     0.0001     0.0002     0.0002     0.0001     0.0001     0.0000     0.0000     0.0001     0.0001     0.0000     0.0000     0.0019     0.0019     0.0016     0.0018 
Reduction                  0.0001     0.0001     0.0001     0.0001     0.0001     0.0001     0.0000     0.0000     0.0001     0.0001     0.0000     0.0000     0.0013     0.0014     0.0012     0.0013 
Remote access              0.0001     0.0003     0.0003     0.0003     0.0003     0.0003     0.0001     0.0001     0.0002     0.0002     0.0002     0.0001     0.0024     0.0024     0.0022     0.0023 
           Variation              
I/O                        0.0001     0.0002     0.0003     0.0003     0.0003     0.0003     0.0001     0.0001     0.0003     0.0003     0.0001     0.0001     0.0020     0.0020     0.0018     0.0019 
Reduction                  0.0001     0.0001     0.0001     0.0001     0.0001     0.0001     0.0000     0.0000     0.0001     0.0001     0.0000     0.0000     0.0014     0.0014     0.0012     0.0013 
Remote access              0.0001     0.0003     0.0003     0.0003     0.0003     0.0003     0.0001     0.0001     0.0002     0.0002     0.0002     0.0001     0.0024     0.0024     0.0022     0.0023 
           Overlap                
Reduction                  0.0000     0.0000     0.0000     0.0000     0.0000     0.0000     0.0001     0.0001     0.0000     0.0000     0.0001     0.0001     0.0000     0.0000     0.0000     0.0000 
Remote access              0.0000     0.0000     0.0000     0.0000     0.0000     0.0000     0.0000     0.0000     0.0000     0.0000     0.0000     0.0000     0.0000     0.0000     0.0000     0.0000 


-------------------------------------------------------------------------
Name (number) and performance time of processors
omp.keldysh.ru(1) 0.933625
omp.keldysh.ru(2) 0.933892
omp.keldysh.ru(3) 0.954967
omp.keldysh.ru(4) 0.955011
omp.keldysh.ru(5) 0.933849
omp.keldysh.ru(6) 0.933843
omp.keldysh.ru(7) 0.954406
omp.keldysh.ru(8) 0.954409
omp.keldysh.ru(9) 0.952478
omp.keldysh.ru(10) 0.952454
omp.keldysh.ru(11) 0.955277
omp.keldysh.ru(12) 0.955280
omp.keldysh.ru(13) 0.953356
omp.keldysh.ru(14) 0.953332
omp.keldysh.ru(15) 0.952775
omp.keldysh.ru(16) 0.952763
min - omp.keldysh.ru(1) 0.933625; max - omp.keldysh.ru(12) 0.955280; mid - 0.948857
