Processor system=3*6*1*1
Statistics has been accumulated on DVM-system version 5.0, platform DVM
Analyzer is executing on DVM-system version 5.0, platform DVM
-------------------------------------------------------------------------
INTERVAL ( NLINE=6 SOURCE=cons44.f ) LEVEL=0  EXE_COUNT=2
--- The main characteristics --- 
Parallelization efficiency      0.0729 
Execution time                  0.0202 
Processors                          18
Threads amount                      18
Total time                      0.3641
Productive time                 0.0266 ( CPU= 0.0240 Sys= 0.0025 I/O= 0.0000 )
Lost  time                      0.3375 
   Insufficient parallelism     0.2060 ( User= 0.1622 Sys= 0.0438 )
   Communication                0.0997 ( Real_sync= 0.0000 Starts= 0.0000 )
   Idle time                    0.0318
Load imbalance                  0.0022
Synchronization                 0.0153
Time variation                  0.0193
Overlap                         0.0001
                  Nop   Communic    Synchro  Variation    Overlap 
I/O                19     0.0000     0.0025     0.0063     0.0000 
Reduction          17     0.0098     0.0021     0.0021     0.0001 
Remote access      96     0.0899     0.0107     0.0109     0.0000 
--- The comparative characteristics --- 
                              Tmin N proc      Tmax N proc      Tmid
Lost time                   0.0186     3     0.0190    18     0.0188 
User insufficient par.      0.0076    18     0.0107     4     0.0090 
Sys.insufficient par.       0.0018    17     0.0028     1     0.0024 
Idle time                   0.0000     4     0.0027    16     0.0018 
Communication               0.0052     1     0.0071    17     0.0055 
Synchronization             0.0004    16     0.0015     1     0.0008 
Variation                   0.0006    16     0.0014    17     0.0011 
Overlap                     0.0000     3     0.0000    15     0.0000 
Load imbalance              0.0000     3     0.0003    18     0.0001 
Execution time              0.0175    16     0.0202     4     0.0185 
User CPU time               0.0011    18     0.0015     3     0.0013 
Sys. CPU time               0.0001    17     0.0001     6     0.0001 
I/O time                    0.0000    11     0.0000     1     0.0000 
Processors                      18     1         18    18         18 
                      Communic          Synchro        Variation          Overlap  
I/O             Tmin    0.0000     1     0.0000    15     0.0001     1     0.0000     1 
I/O             Tmax    0.0000    18     0.0002    18     0.0004    17     0.0000    18 
I/O             Tmid    0.0000           0.0001           0.0004           0.0000       
Reduction       Tmin    0.0003    16     0.0000    15     0.0000    15     0.0000     2 
Reduction       Tmax    0.0009    17     0.0001     9     0.0001     8     0.0000    15 
Reduction       Tmid    0.0005           0.0001           0.0001           0.0000       
Remote access   Tmin    0.0044     1     0.0003    16     0.0003    16     0.0000     1 
Remote access   Tmax    0.0062    17     0.0012     1     0.0012     1     0.0000     2 
Remote access   Tmid    0.0050           0.0006           0.0006           0.0000       
--- The execution characteristics --- 
                                1          2          3          4          5          6          7          8          9         10         11         12         13         14         15         16         17         18 
Lost time                  0.0188     0.0187     0.0186     0.0186     0.0186     0.0187     0.0188     0.0188     0.0188     0.0187     0.0187     0.0188     0.0188     0.0187     0.0187     0.0188     0.0190     0.0190 
User insufficient par.     0.0082     0.0100     0.0100     0.0107     0.0104     0.0104     0.0083     0.0082     0.0082     0.0093     0.0092     0.0082     0.0090     0.0089     0.0082     0.0083     0.0089     0.0076 
Sys.insufficient par.      0.0028     0.0025     0.0025     0.0025     0.0025     0.0025     0.0025     0.0025     0.0025     0.0024     0.0025     0.0025     0.0025     0.0025     0.0025     0.0025     0.0018     0.0020 
Idle time                  0.0027     0.0008     0.0008     0.0000     0.0004     0.0004     0.0027     0.0026     0.0027     0.0016     0.0016     0.0026     0.0020     0.0020     0.0027     0.0027     0.0012     0.0027 
Communication              0.0052     0.0055     0.0054     0.0054     0.0053     0.0054     0.0053     0.0054     0.0055     0.0054     0.0055     0.0054     0.0053     0.0054     0.0053     0.0053     0.0071     0.0067 
Synchronization            0.0015     0.0008     0.0009     0.0009     0.0010     0.0009     0.0009     0.0007     0.0010     0.0009     0.0008     0.0009     0.0007     0.0007     0.0004     0.0004     0.0010     0.0008 
Variation                  0.0014     0.0010     0.0011     0.0011     0.0012     0.0011     0.0011     0.0010     0.0013     0.0011     0.0010     0.0011     0.0009     0.0009     0.0007     0.0006     0.0014     0.0012 
Overlap                    0.0000     0.0000     0.0000     0.0000     0.0000     0.0000     0.0000     0.0000     0.0000     0.0000     0.0000     0.0000     0.0000     0.0000     0.0000     0.0000     0.0000     0.0000 
Load imbalance             0.0002     0.0001     0.0000     0.0000     0.0000     0.0000     0.0002     0.0002     0.0001     0.0001     0.0001     0.0001     0.0001     0.0001     0.0001     0.0001     0.0003     0.0003 
Execution time             0.0176     0.0195     0.0195     0.0202     0.0198     0.0198     0.0176     0.0176     0.0176     0.0187     0.0187     0.0176     0.0183     0.0183     0.0176     0.0175     0.0191     0.0176 
User CPU time              0.0013     0.0014     0.0015     0.0014     0.0014     0.0014     0.0013     0.0013     0.0013     0.0014     0.0014     0.0013     0.0013     0.0014     0.0013     0.0013     0.0012     0.0011 
Sys. CPU time              0.0001     0.0001     0.0001     0.0001     0.0001     0.0001     0.0001     0.0001     0.0001     0.0001     0.0001     0.0001     0.0001     0.0001     0.0001     0.0001     0.0001     0.0001 
I/O time                   0.0000     0.0000     0.0000     0.0000     0.0000     0.0000     0.0000     0.0000     0.0000     0.0000     0.0000     0.0000     0.0000     0.0000     0.0000     0.0000     0.0000     0.0000 
Processors                     18         18         18         18         18         18         18         18         18         18         18         18         18         18         18         18         18         18 
           Communication          
Reduction                  0.0008     0.0005     0.0005     0.0005     0.0005     0.0005     0.0004     0.0004     0.0007     0.0005     0.0005     0.0005     0.0005     0.0005     0.0004     0.0003     0.0009     0.0008 
Remote access              0.0044     0.0049     0.0049     0.0049     0.0048     0.0049     0.0049     0.0051     0.0048     0.0049     0.0050     0.0049     0.0048     0.0048     0.0049     0.0050     0.0062     0.0059 
           Synchronization        
I/O                        0.0001     0.0002     0.0002     0.0002     0.0002     0.0002     0.0002     0.0002     0.0002     0.0001     0.0001     0.0001     0.0001     0.0001     0.0000     0.0001     0.0002     0.0002 
Reduction                  0.0001     0.0001     0.0001     0.0001     0.0001     0.0001     0.0001     0.0001     0.0001     0.0001     0.0001     0.0001     0.0001     0.0001     0.0000     0.0000     0.0001     0.0001 
Remote access              0.0012     0.0005     0.0006     0.0006     0.0007     0.0006     0.0006     0.0004     0.0007     0.0006     0.0005     0.0006     0.0005     0.0005     0.0004     0.0003     0.0007     0.0005 
           Variation              
I/O                        0.0001     0.0004     0.0004     0.0004     0.0004     0.0004     0.0004     0.0004     0.0004     0.0004     0.0004     0.0004     0.0003     0.0003     0.0003     0.0003     0.0004     0.0004 
Reduction                  0.0001     0.0001     0.0001     0.0001     0.0001     0.0001     0.0001     0.0001     0.0001     0.0001     0.0001     0.0001     0.0001     0.0001     0.0000     0.0000     0.0001     0.0001 
Remote access              0.0012     0.0005     0.0006     0.0006     0.0007     0.0006     0.0006     0.0004     0.0007     0.0006     0.0005     0.0006     0.0005     0.0005     0.0004     0.0003     0.0009     0.0007 
           Overlap                
Reduction                  0.0000     0.0000     0.0000     0.0000     0.0000     0.0000     0.0000     0.0000     0.0000     0.0000     0.0000     0.0000     0.0000     0.0000     0.0000     0.0000     0.0000     0.0000 
Remote access              0.0000     0.0000     0.0000     0.0000     0.0000     0.0000     0.0000     0.0000     0.0000     0.0000     0.0000     0.0000     0.0000     0.0000     0.0000     0.0000     0.0000     0.0000 


-------------------------------------------------------------------------
Name (number) and performance time of processors
omp.keldysh.ru(1) 0.933996
omp.keldysh.ru(2) 0.933914
omp.keldysh.ru(3) 0.955719
omp.keldysh.ru(4) 0.956022
omp.keldysh.ru(5) 0.954576
omp.keldysh.ru(6) 0.954574
omp.keldysh.ru(7) 0.952597
omp.keldysh.ru(8) 0.952599
omp.keldysh.ru(9) 0.933933
omp.keldysh.ru(10) 0.933973
omp.keldysh.ru(11) 0.953972
omp.keldysh.ru(12) 0.953978
omp.keldysh.ru(13) 0.953500
omp.keldysh.ru(14) 0.953527
omp.keldysh.ru(15) 0.954504
omp.keldysh.ru(16) 0.954515
omp.keldysh.ru(17) 0.956319
omp.keldysh.ru(18) 0.956299
min - omp.keldysh.ru(2) 0.933914; max - omp.keldysh.ru(17) 0.956319; mid - 0.949918
