Processor system=2*3*3*1
Statistics has been accumulated on DVM-system version 5.0, platform DVM
Analyzer is executing on DVM-system version 5.0, platform DVM
-------------------------------------------------------------------------
INTERVAL ( NLINE=7 SOURCE=reda42.f ) LEVEL=0  EXE_COUNT=2
--- The main characteristics --- 
Parallelization efficiency      0.0422 
Execution time                  0.0084 
Processors                          18
Threads amount                      18
Total time                      0.1505
Productive time                 0.0064 ( CPU= 0.0059 Sys= 0.0004 I/O= 0.0000 )
Lost  time                      0.1441 
   Insufficient parallelism     0.1080 ( User= 0.1010 Sys= 0.0070 )
   Communication                0.0044 ( Real_sync= 0.0000 Starts= 0.0000 )
   Idle time                    0.0317
Load imbalance                  0.0018
Synchronization                 0.0163
Time variation                  0.0189
Overlap                         0.0008
                  Nop   Communic    Synchro  Variation    Overlap 
I/O                 6     0.0000     0.0047     0.0074     0.0000 
Reduction           5     0.0044     0.0035     0.0035     0.0008 
Remote access      22     0.0000     0.0081     0.0081     0.0000 
--- The comparative characteristics --- 
                              Tmin N proc      Tmax N proc      Tmid
Lost time                   0.0079    10     0.0081    17     0.0080 
User insufficient par.      0.0033    18     0.0073    10     0.0056 
Sys.insufficient par.       0.0003    17     0.0005     1     0.0004 
Idle time                   0.0000    10     0.0042    17     0.0018 
Communication               0.0002     1     0.0003    18     0.0002 
Synchronization             0.0002     1     0.0053    17     0.0009 
Variation                   0.0001     1     0.0054    17     0.0010 
Overlap                     0.0000    17     0.0001    10     0.0000 
Load imbalance              0.0000    10     0.0002    17     0.0001 
Execution time              0.0041    17     0.0084    10     0.0066 
User CPU time               0.0002    18     0.0004    10     0.0003 
Sys. CPU time               0.0000    17     0.0000     2     0.0000 
I/O time                    0.0000    17     0.0000     1     0.0000 
Processors                      18     1         18    18         18 
                      Communic          Synchro        Variation          Overlap  
I/O             Tmin    0.0000     1     0.0000     9     0.0000     1     0.0000     1 
I/O             Tmax    0.0000    18     0.0017    17     0.0019    17     0.0000    18 
I/O             Tmid    0.0000           0.0003           0.0004           0.0000       
Reduction       Tmin    0.0002     1     0.0000    10     0.0000     9     0.0000    17 
Reduction       Tmax    0.0003    18     0.0013    17     0.0013    17     0.0001    10 
Reduction       Tmid    0.0002           0.0002           0.0002           0.0000       
Remote access   Tmin    0.0000     1     0.0000     1     0.0000     1     0.0000     1 
Remote access   Tmax    0.0000    18     0.0023    17     0.0023    17     0.0000    18 
Remote access   Tmid    0.0000           0.0004           0.0004           0.0000       
--- The execution characteristics --- 
                                1          2          3          4          5          6          7          8          9         10         11         12         13         14         15         16         17         18 
Lost time                  0.0080     0.0080     0.0080     0.0080     0.0080     0.0080     0.0080     0.0080     0.0079     0.0079     0.0080     0.0079     0.0080     0.0079     0.0080     0.0080     0.0081     0.0081 
User insufficient par.     0.0049     0.0062     0.0063     0.0060     0.0049     0.0066     0.0050     0.0050     0.0073     0.0073     0.0058     0.0070     0.0049     0.0068     0.0050     0.0056     0.0033     0.0033 
Sys.insufficient par.      0.0005     0.0004     0.0004     0.0004     0.0004     0.0004     0.0004     0.0004     0.0004     0.0004     0.0004     0.0004     0.0004     0.0004     0.0004     0.0004     0.0003     0.0003 
Idle time                  0.0025     0.0011     0.0011     0.0013     0.0025     0.0008     0.0024     0.0025     0.0000     0.0000     0.0016     0.0003     0.0025     0.0005     0.0024     0.0018     0.0042     0.0042 
Communication              0.0002     0.0003     0.0002     0.0002     0.0003     0.0003     0.0002     0.0002     0.0003     0.0003     0.0002     0.0002     0.0002     0.0003     0.0002     0.0002     0.0003     0.0003 
Synchronization            0.0002     0.0006     0.0004     0.0004     0.0005     0.0005     0.0005     0.0005     0.0002     0.0002     0.0002     0.0002     0.0007     0.0007     0.0003     0.0003     0.0053     0.0047 
Variation                  0.0001     0.0008     0.0005     0.0005     0.0007     0.0006     0.0007     0.0006     0.0004     0.0004     0.0004     0.0004     0.0009     0.0009     0.0004     0.0004     0.0054     0.0048 
Overlap                    0.0000     0.0000     0.0001     0.0001     0.0000     0.0001     0.0000     0.0000     0.0001     0.0001     0.0001     0.0001     0.0000     0.0000     0.0001     0.0001     0.0000     0.0000 
Load imbalance             0.0001     0.0001     0.0001     0.0001     0.0001     0.0000     0.0001     0.0001     0.0000     0.0000     0.0001     0.0000     0.0001     0.0000     0.0001     0.0001     0.0002     0.0002 
Execution time             0.0059     0.0073     0.0073     0.0070     0.0059     0.0076     0.0059     0.0059     0.0084     0.0084     0.0068     0.0081     0.0059     0.0078     0.0059     0.0065     0.0041     0.0041 
User CPU time              0.0003     0.0004     0.0004     0.0004     0.0003     0.0004     0.0003     0.0003     0.0004     0.0004     0.0003     0.0004     0.0003     0.0004     0.0003     0.0003     0.0002     0.0002 
Sys. CPU time              0.0000     0.0000     0.0000     0.0000     0.0000     0.0000     0.0000     0.0000     0.0000     0.0000     0.0000     0.0000     0.0000     0.0000     0.0000     0.0000     0.0000     0.0000 
I/O time                   0.0000     0.0000     0.0000     0.0000     0.0000     0.0000     0.0000     0.0000     0.0000     0.0000     0.0000     0.0000     0.0000     0.0000     0.0000     0.0000     0.0000     0.0000 
Processors                     18         18         18         18         18         18         18         18         18         18         18         18         18         18         18         18         18         18 
           Communication          
Reduction                  0.0002     0.0003     0.0002     0.0002     0.0003     0.0003     0.0002     0.0002     0.0003     0.0003     0.0002     0.0002     0.0002     0.0003     0.0002     0.0002     0.0003     0.0003 
           Synchronization        
I/O                        0.0001     0.0001     0.0001     0.0001     0.0001     0.0001     0.0001     0.0001     0.0000     0.0000     0.0000     0.0000     0.0002     0.0002     0.0001     0.0001     0.0017     0.0015 
Reduction                  0.0001     0.0001     0.0001     0.0001     0.0001     0.0001     0.0001     0.0001     0.0000     0.0000     0.0000     0.0000     0.0001     0.0001     0.0001     0.0000     0.0013     0.0011 
Remote access              0.0000     0.0003     0.0002     0.0002     0.0003     0.0003     0.0003     0.0003     0.0002     0.0002     0.0002     0.0002     0.0004     0.0004     0.0002     0.0002     0.0023     0.0020 
           Variation              
I/O                        0.0000     0.0003     0.0002     0.0002     0.0003     0.0003     0.0003     0.0003     0.0002     0.0002     0.0002     0.0002     0.0004     0.0003     0.0002     0.0002     0.0019     0.0017 
Reduction                  0.0001     0.0001     0.0001     0.0001     0.0001     0.0001     0.0001     0.0001     0.0000     0.0000     0.0000     0.0000     0.0001     0.0001     0.0000     0.0000     0.0013     0.0011 
Remote access              0.0000     0.0003     0.0002     0.0002     0.0003     0.0003     0.0003     0.0003     0.0002     0.0002     0.0002     0.0002     0.0004     0.0004     0.0002     0.0002     0.0023     0.0020 
           Overlap                
Reduction                  0.0000     0.0000     0.0001     0.0001     0.0000     0.0001     0.0000     0.0000     0.0001     0.0001     0.0001     0.0001     0.0000     0.0000     0.0001     0.0001     0.0000     0.0000 


-------------------------------------------------------------------------
Name (number) and performance time of processors
omp.keldysh.ru(1) 0.933925
omp.keldysh.ru(2) 0.933859
omp.keldysh.ru(3) 0.933831
omp.keldysh.ru(4) 0.933872
omp.keldysh.ru(5) 0.950654
omp.keldysh.ru(6) 0.950649
omp.keldysh.ru(7) 0.957504
omp.keldysh.ru(8) 0.957486
omp.keldysh.ru(9) 0.958244
omp.keldysh.ru(10) 0.958239
omp.keldysh.ru(11) 0.954119
omp.keldysh.ru(12) 0.954102
omp.keldysh.ru(13) 0.958406
omp.keldysh.ru(14) 0.958395
omp.keldysh.ru(15) 0.956681
omp.keldysh.ru(16) 0.957002
omp.keldysh.ru(17) 0.955530
omp.keldysh.ru(18) 0.955608
min - omp.keldysh.ru(3) 0.933831; max - omp.keldysh.ru(13) 0.958406; mid - 0.951006
