Processor system=3*1*6*1
Statistics has been accumulated on DVM-system version 5.0, platform DVM
Analyzer is executing on DVM-system version 5.0, platform DVM
-------------------------------------------------------------------------
INTERVAL ( NLINE=7 SOURCE=rem42.f ) LEVEL=0  EXE_COUNT=2
--- The main characteristics --- 
Parallelization efficiency      0.0496 
Execution time                  0.0369 
Processors                          18
Threads amount                      18
Total time                      0.6648
Productive time                 0.0329 ( CPU= 0.0118 Sys= 0.0211 I/O= 0.0000 )
Lost  time                      0.6319 
   Insufficient parallelism     0.5600 ( User= 0.2006 Sys= 0.3595 )
   Communication                0.0403 ( Real_sync= 0.0000 Starts= 0.0000 )
   Idle time                    0.0315
Load imbalance                  0.0032
Synchronization                26.8229
Time variation                 26.8248
Overlap                         0.0002
                  Nop   Communic    Synchro  Variation    Overlap 
I/O                17     0.0000     0.1124     0.1147     0.0000 
Reduction           8     0.0403     0.0060     0.0060     0.0000 
Remote access    4155     0.0000    26.7044    26.7041     0.0002 
--- The comparative characteristics --- 
                              Tmin N proc      Tmax N proc      Tmid
Lost time                   0.0349     4     0.0359    17     0.0351 
User insufficient par.      0.0065    17     0.0132     4     0.0111 
Sys.insufficient par.       0.0108    17     0.0215     5     0.0200 
Idle time                   0.0000     4     0.0037    17     0.0018 
Communication               0.0002     6     0.0149    17     0.0022 
Synchronization             0.0057     6    10.6461    17     1.4902 
Variation                   0.0059     6    10.6464    17     1.4903 
Overlap                     0.0000     1     0.0001     6     0.0000 
Load imbalance              0.0000     4     0.0010    17     0.0002 
Execution time              0.0332    17     0.0369     4     0.0352 
User CPU time               0.0004    17     0.0008     4     0.0007 
Sys. CPU time               0.0006    17     0.0013     5     0.0012 
I/O time                    0.0000    17     0.0000     1     0.0000 
Processors                      18     1         18    18         18 
                      Communic          Synchro        Variation          Overlap  
I/O             Tmin    0.0000     1     0.0002     6     0.0004     6     0.0000     1 
I/O             Tmax    0.0000    18     0.0433    17     0.0435    17     0.0000    18 
I/O             Tmid    0.0000           0.0062           0.0064           0.0000       
Reduction       Tmin    0.0002     6     0.0000    16     0.0000    16     0.0000     1 
Reduction       Tmax    0.0149    17     0.0019    17     0.0019    17     0.0000    15 
Reduction       Tmid    0.0022           0.0003           0.0003           0.0000       
Remote access   Tmin    0.0000     1     0.0053     6     0.0053     6     0.0000     1 
Remote access   Tmax    0.0000    18    10.6008    17    10.6010    17     0.0001     6 
Remote access   Tmid    0.0000           1.4836           1.4836           0.0000       
--- The execution characteristics --- 
                                1          2          3          4          5          6          7          8          9         10         11         12         13         14         15         16         17         18 
Lost time                  0.0351     0.0350     0.0350     0.0349     0.0350     0.0349     0.0350     0.0350     0.0351     0.0351     0.0350     0.0350     0.0350     0.0350     0.0350     0.0350     0.0359     0.0358 
User insufficient par.     0.0103     0.0120     0.0120     0.0132     0.0108     0.0127     0.0123     0.0116     0.0098     0.0100     0.0118     0.0126     0.0128     0.0128     0.0114     0.0111     0.0065     0.0068 
Sys.insufficient par.      0.0211     0.0209     0.0211     0.0210     0.0215     0.0213     0.0211     0.0210     0.0210     0.0209     0.0210     0.0210     0.0207     0.0207     0.0212     0.0211     0.0108     0.0120 
Idle time                  0.0027     0.0011     0.0011     0.0000     0.0025     0.0008     0.0008     0.0017     0.0034     0.0034     0.0014     0.0006     0.0003     0.0003     0.0019     0.0022     0.0037     0.0037 
Communication              0.0009     0.0009     0.0008     0.0008     0.0002     0.0002     0.0007     0.0007     0.0010     0.0009     0.0008     0.0008     0.0012     0.0011     0.0006     0.0006     0.0149     0.0133 
Synchronization            0.4590     0.5399     0.4422     0.4556     0.0254     0.0057     0.4402     0.4383     0.6104     0.6103     0.4451     0.4471     0.6499     0.6553     0.2569     0.2546    10.6461     9.4408 
Variation                  0.4589     0.5400     0.4423     0.4557     0.0255     0.0059     0.4403     0.4384     0.6105     0.6104     0.4452     0.4472     0.6500     0.6554     0.2569     0.2547    10.6464     9.4411 
Overlap                    0.0000     0.0000     0.0000     0.0000     0.0001     0.0001     0.0000     0.0000     0.0000     0.0000     0.0000     0.0000     0.0000     0.0000     0.0000     0.0000     0.0000     0.0000 
Load imbalance             0.0002     0.0001     0.0001     0.0000     0.0001     0.0000     0.0000     0.0001     0.0002     0.0002     0.0001     0.0000     0.0000     0.0000     0.0001     0.0001     0.0010     0.0009 
Execution time             0.0342     0.0358     0.0358     0.0369     0.0345     0.0361     0.0361     0.0353     0.0336     0.0336     0.0355     0.0364     0.0367     0.0367     0.0350     0.0347     0.0332     0.0332 
User CPU time              0.0006     0.0007     0.0007     0.0008     0.0006     0.0007     0.0007     0.0007     0.0006     0.0006     0.0007     0.0007     0.0008     0.0008     0.0007     0.0007     0.0004     0.0004 
Sys. CPU time              0.0012     0.0012     0.0012     0.0012     0.0013     0.0012     0.0012     0.0012     0.0012     0.0012     0.0012     0.0012     0.0012     0.0012     0.0012     0.0012     0.0006     0.0007 
I/O time                   0.0000     0.0000     0.0000     0.0000     0.0000     0.0000     0.0000     0.0000     0.0000     0.0000     0.0000     0.0000     0.0000     0.0000     0.0000     0.0000     0.0000     0.0000 
Processors                     18         18         18         18         18         18         18         18         18         18         18         18         18         18         18         18         18         18 
           Communication          
Reduction                  0.0009     0.0009     0.0008     0.0008     0.0002     0.0002     0.0007     0.0007     0.0010     0.0009     0.0008     0.0008     0.0012     0.0011     0.0006     0.0006     0.0149     0.0133 
           Synchronization        
I/O                        0.0021     0.0025     0.0021     0.0021     0.0003     0.0002     0.0020     0.0020     0.0029     0.0029     0.0020     0.0020     0.0029     0.0029     0.0011     0.0011     0.0433     0.0381 
Reduction                  0.0001     0.0001     0.0002     0.0002     0.0002     0.0001     0.0001     0.0001     0.0004     0.0003     0.0001     0.0001     0.0002     0.0002     0.0000     0.0000     0.0019     0.0014 
Remote access              0.4568     0.5372     0.4399     0.4533     0.0249     0.0053     0.4381     0.4362     0.6071     0.6071     0.4430     0.4451     0.6468     0.6522     0.2557     0.2535    10.6008     9.4013 
           Variation              
I/O                        0.0019     0.0026     0.0022     0.0022     0.0004     0.0004     0.0021     0.0021     0.0031     0.0030     0.0021     0.0021     0.0030     0.0030     0.0012     0.0012     0.0435     0.0383 
Reduction                  0.0001     0.0001     0.0002     0.0002     0.0001     0.0001     0.0001     0.0001     0.0004     0.0003     0.0001     0.0001     0.0002     0.0002     0.0000     0.0000     0.0019     0.0014 
Remote access              0.4568     0.5372     0.4398     0.4533     0.0249     0.0053     0.4380     0.4361     0.6071     0.6070     0.4429     0.4450     0.6468     0.6522     0.2557     0.2535    10.6010     9.4014 
           Overlap                
Reduction                  0.0000     0.0000     0.0000     0.0000     0.0000     0.0000     0.0000     0.0000     0.0000     0.0000     0.0000     0.0000     0.0000     0.0000     0.0000     0.0000     0.0000     0.0000 
Remote access              0.0000     0.0000     0.0000     0.0000     0.0001     0.0001     0.0000     0.0000     0.0000     0.0000     0.0000     0.0000     0.0000     0.0000     0.0000     0.0000     0.0000     0.0000 


-------------------------------------------------------------------------
Name (number) and performance time of processors
omp.keldysh.ru(1) 0.935430
omp.keldysh.ru(2) 0.935313
omp.keldysh.ru(3) 0.953137
omp.keldysh.ru(4) 0.953648
omp.keldysh.ru(5) 0.955268
omp.keldysh.ru(6) 0.955267
omp.keldysh.ru(7) 0.949417
omp.keldysh.ru(8) 0.949422
omp.keldysh.ru(9) 0.935375
omp.keldysh.ru(10) 0.935386
omp.keldysh.ru(11) 0.952987
omp.keldysh.ru(12) 0.953030
omp.keldysh.ru(13) 0.957342
omp.keldysh.ru(14) 0.957387
omp.keldysh.ru(15) 0.955546
omp.keldysh.ru(16) 0.955551
omp.keldysh.ru(17) 0.953219
omp.keldysh.ru(18) 0.953500
min - omp.keldysh.ru(2) 0.935313; max - omp.keldysh.ru(14) 0.957387; mid - 0.949790
