Processor system=4*2*1*2
Statistics has been accumulated on DVM-system version 5.0, platform DVM
Analyzer is executing on DVM-system version 5.0, platform DVM
-------------------------------------------------------------------------
INTERVAL ( NLINE=8 SOURCE=sha43.f ) LEVEL=0  EXE_COUNT=1
--- The main characteristics --- 
Parallelization efficiency      0.0829 
Execution time                  0.0120 
Processors                          16
Threads amount                      16
Total time                      0.1927
Productive time                 0.0160 ( CPU= 0.0139 Sys= 0.0020 I/O= 0.0000 )
Lost  time                      0.1767 
   Insufficient parallelism     0.1315 ( User= 0.1007 Sys= 0.0307 )
   Communication                0.0389 ( Real_sync= 0.0000 Starts= 0.0000 )
   Idle time                    0.0063
Load imbalance                  0.0040
Synchronization                 0.0184
Time variation                  0.0134
Overlap                         0.0000
                  Nop   Communic    Synchro  Variation    Overlap 
I/O                 6     0.0000     0.0011     0.0033     0.0000 
Reduction           4     0.0185     0.0005     0.0005     0.0000 
Shadow              4     0.0205     0.0168     0.0096     0.0000 
--- The comparative characteristics --- 
                              Tmin N proc      Tmax N proc      Tmid
Lost time                   0.0108    12     0.0115    14     0.0110 
User insufficient par.      0.0036    14     0.0070     8     0.0063 
Sys.insufficient par.       0.0010    15     0.0026    12     0.0019 
Idle time                   0.0000    16     0.0025    14     0.0004 
Communication               0.0012    12     0.0044    13     0.0024 
Synchronization             0.0001    11     0.0030    14     0.0011 
Variation                   0.0003    11     0.0014     2     0.0008 
Overlap                     0.0000     1     0.0000     5     0.0000 
Load imbalance              0.0000    12     0.0007    14     0.0003 
Execution time              0.0095    14     0.0120    16     0.0116 
User CPU time               0.0005    14     0.0011    12     0.0009 
Sys. CPU time               0.0001    13     0.0002    12     0.0001 
I/O time                    0.0000     7     0.0000     1     0.0000 
Processors                      16     1         16    16         16 
                      Communic          Synchro        Variation          Overlap  
I/O             Tmin    0.0000     1     0.0000     7     0.0000     1     0.0000     1 
I/O             Tmax    0.0000    16     0.0001     2     0.0003     2     0.0000    16 
I/O             Tmid    0.0000           0.0001           0.0002           0.0000       
Reduction       Tmin    0.0005    11     0.0000     7     0.0000     7     0.0000     1 
Reduction       Tmax    0.0018    16     0.0000     6     0.0000     8     0.0000    10 
Reduction       Tmid    0.0012           0.0000           0.0000           0.0000       
Shadow          Tmin    0.0007    12     0.0001    11     0.0001    11     0.0000     1 
Shadow          Tmax    0.0026    13     0.0028    14     0.0011     2     0.0000     5 
Shadow          Tmid    0.0013           0.0011           0.0006           0.0000       
--- The execution characteristics --- 
                                1          2          3          4          5          6          7          8          9         10         11         12         13         14         15         16 
Lost time                  0.0111     0.0111     0.0111     0.0111     0.0108     0.0108     0.0108     0.0108     0.0108     0.0108     0.0108     0.0108     0.0115     0.0115     0.0114     0.0113 
User insufficient par.     0.0066     0.0067     0.0066     0.0067     0.0069     0.0070     0.0069     0.0070     0.0068     0.0068     0.0068     0.0069     0.0036     0.0036     0.0058     0.0060 
Sys.insufficient par.      0.0017     0.0016     0.0016     0.0016     0.0025     0.0025     0.0025     0.0025     0.0025     0.0025     0.0025     0.0026     0.0010     0.0010     0.0010     0.0010 
Idle time                  0.0001     0.0001     0.0001     0.0001     0.0000     0.0000     0.0000     0.0000     0.0002     0.0002     0.0001     0.0001     0.0025     0.0025     0.0002     0.0000 
Communication              0.0027     0.0027     0.0028     0.0027     0.0014     0.0013     0.0014     0.0013     0.0013     0.0013     0.0013     0.0012     0.0044     0.0044     0.0043     0.0043 
Synchronization            0.0012     0.0014     0.0013     0.0013     0.0002     0.0003     0.0002     0.0003     0.0002     0.0003     0.0001     0.0002     0.0028     0.0030     0.0028     0.0028 
Variation                  0.0011     0.0014     0.0013     0.0014     0.0003     0.0004     0.0004     0.0004     0.0003     0.0004     0.0003     0.0004     0.0012     0.0014     0.0012     0.0014 
Overlap                    0.0000     0.0000     0.0000     0.0000     0.0000     0.0000     0.0000     0.0000     0.0000     0.0000     0.0000     0.0000     0.0000     0.0000     0.0000     0.0000 
Load imbalance             0.0003     0.0003     0.0003     0.0003     0.0000     0.0000     0.0000     0.0000     0.0000     0.0000     0.0000     0.0000     0.0007     0.0007     0.0006     0.0005 
Execution time             0.0120     0.0119     0.0120     0.0120     0.0120     0.0120     0.0120     0.0120     0.0118     0.0119     0.0119     0.0119     0.0095     0.0095     0.0119     0.0120 
User CPU time              0.0008     0.0008     0.0008     0.0008     0.0011     0.0011     0.0010     0.0010     0.0011     0.0011     0.0011     0.0011     0.0005     0.0005     0.0006     0.0006 
Sys. CPU time              0.0001     0.0001     0.0001     0.0001     0.0002     0.0002     0.0002     0.0002     0.0002     0.0002     0.0002     0.0002     0.0001     0.0001     0.0001     0.0001 
I/O time                   0.0000     0.0000     0.0000     0.0000     0.0000     0.0000     0.0000     0.0000     0.0000     0.0000     0.0000     0.0000     0.0000     0.0000     0.0000     0.0000 
Processors                     16         16         16         16         16         16         16         16         16         16         16         16         16         16         16         16 
           Communication          
Reduction                  0.0018     0.0018     0.0017     0.0018     0.0005     0.0006     0.0006     0.0006     0.0005     0.0005     0.0005     0.0005     0.0018     0.0018     0.0018     0.0018 
Shadow                     0.0009     0.0010     0.0010     0.0009     0.0009     0.0008     0.0008     0.0008     0.0008     0.0008     0.0009     0.0007     0.0026     0.0026     0.0026     0.0025 
           Synchronization        
I/O                        0.0000     0.0001     0.0001     0.0001     0.0000     0.0001     0.0000     0.0001     0.0000     0.0001     0.0000     0.0001     0.0001     0.0001     0.0000     0.0001 
Reduction                  0.0000     0.0000     0.0000     0.0000     0.0000     0.0000     0.0000     0.0000     0.0000     0.0000     0.0000     0.0000     0.0000     0.0000     0.0000     0.0000 
Shadow                     0.0011     0.0012     0.0012     0.0012     0.0001     0.0002     0.0002     0.0001     0.0001     0.0002     0.0001     0.0001     0.0027     0.0028     0.0027     0.0027 
           Variation              
I/O                        0.0000     0.0003     0.0002     0.0002     0.0002     0.0002     0.0002     0.0003     0.0002     0.0002     0.0002     0.0002     0.0002     0.0003     0.0002     0.0003 
Reduction                  0.0000     0.0000     0.0000     0.0000     0.0000     0.0000     0.0000     0.0000     0.0000     0.0000     0.0000     0.0000     0.0000     0.0000     0.0000     0.0000 
Shadow                     0.0011     0.0011     0.0011     0.0011     0.0001     0.0002     0.0002     0.0002     0.0001     0.0001     0.0001     0.0001     0.0010     0.0011     0.0010     0.0011 
           Overlap                
Reduction                  0.0000     0.0000     0.0000     0.0000     0.0000     0.0000     0.0000     0.0000     0.0000     0.0000     0.0000     0.0000     0.0000     0.0000     0.0000     0.0000 
Shadow                     0.0000     0.0000     0.0000     0.0000     0.0000     0.0000     0.0000     0.0000     0.0000     0.0000     0.0000     0.0000     0.0000     0.0000     0.0000     0.0000 


-------------------------------------------------------------------------
Name (number) and performance time of processors
omp.keldysh.ru(1) 0.935359
omp.keldysh.ru(2) 0.935244
omp.keldysh.ru(3) 0.958318
omp.keldysh.ru(4) 0.958375
omp.keldysh.ru(5) 0.935375
omp.keldysh.ru(6) 0.935345
omp.keldysh.ru(7) 0.961560
omp.keldysh.ru(8) 0.961560
omp.keldysh.ru(9) 0.960706
omp.keldysh.ru(10) 0.961020
omp.keldysh.ru(11) 0.959509
omp.keldysh.ru(12) 0.959516
omp.keldysh.ru(13) 0.960097
omp.keldysh.ru(14) 0.960099
omp.keldysh.ru(15) 0.959832
omp.keldysh.ru(16) 0.959840
min - omp.keldysh.ru(2) 0.935244; max - omp.keldysh.ru(7) 0.961560; mid - 0.953860
