Processor system=2*2*1*4
Statistics has been accumulated on DVM-system version 5.0, platform DVM
Analyzer is executing on DVM-system version 5.0, platform DVM
-------------------------------------------------------------------------
INTERVAL ( NLINE=7 SOURCE=acr41.f ) LEVEL=0  EXE_COUNT=1
--- The main characteristics --- 
Parallelization efficiency      0.0835 
Execution time                  0.0203 
Processors                          16
Threads amount                      16
Total time                      0.3246
Productive time                 0.0271 ( CPU= 0.0245 Sys= 0.0026 I/O= 0.0000 )
Lost  time                      0.2975 
   Insufficient parallelism     0.2319 ( User= 0.1924 Sys= 0.0396 )
   Communication                0.0409 ( Real_sync= 0.0000 Starts= 0.0000 )
   Idle time                    0.0246
Load imbalance                  0.0034
Synchronization                 0.0533
Time variation                  0.0651
Overlap                         0.0037
                  Nop   Communic    Synchro  Variation    Overlap 
I/O                10     0.0000     0.0004     0.0031     0.0000 
Reduction           8     0.0026     0.0001     0.0001     0.0000 
Shadow             24     0.0372     0.0529     0.0620     0.0037 
--- The comparative characteristics --- 
                              Tmin N proc      Tmax N proc      Tmid
Lost time                   0.0184    10     0.0189    13     0.0186 
User insufficient par.      0.0107    15     0.0137    11     0.0120 
Sys.insufficient par.       0.0010    15     0.0039     1     0.0025 
Idle time                   0.0000    16     0.0023     7     0.0015 
Communication               0.0005     1     0.0064    15     0.0026 
Synchronization             0.0014    12     0.0077    13     0.0033 
Variation                   0.0018     8     0.0070    13     0.0041 
Overlap                     0.0000    15     0.0004     1     0.0002 
Load imbalance              0.0000    10     0.0005    13     0.0002 
Execution time              0.0180     7     0.0203    16     0.0187 
User CPU time               0.0011    13     0.0017    11     0.0015 
Sys. CPU time               0.0001    15     0.0002     1     0.0002 
I/O time                    0.0000     9     0.0000     1     0.0000 
Processors                      16     1         16    16         16 
                      Communic          Synchro        Variation          Overlap  
I/O             Tmin    0.0000     1     0.0000    14     0.0000     1     0.0000     1 
I/O             Tmax    0.0000    16     0.0001    13     0.0002    13     0.0000    16 
I/O             Tmid    0.0000           0.0000           0.0002           0.0000       
Reduction       Tmin    0.0001    12     0.0000    12     0.0000    14     0.0000     1 
Reduction       Tmax    0.0003    13     0.0000     2     0.0000    16     0.0000    16 
Reduction       Tmid    0.0002           0.0000           0.0000           0.0000       
Shadow          Tmin    0.0003     1     0.0014    12     0.0016     8     0.0000    15 
Shadow          Tmax    0.0057    16     0.0076    13     0.0068    13     0.0004     1 
Shadow          Tmid    0.0023           0.0033           0.0039           0.0002       
--- The execution characteristics --- 
                                1          2          3          4          5          6          7          8          9         10         11         12         13         14         15         16 
Lost time                  0.0187     0.0184     0.0185     0.0185     0.0187     0.0185     0.0185     0.0186     0.0187     0.0184     0.0184     0.0186     0.0189     0.0185     0.0189     0.0188 
User insufficient par.     0.0121     0.0126     0.0125     0.0128     0.0120     0.0119     0.0118     0.0118     0.0119     0.0135     0.0137     0.0120     0.0107     0.0109     0.0107     0.0116 
Sys.insufficient par.      0.0039     0.0032     0.0026     0.0021     0.0034     0.0027     0.0020     0.0016     0.0036     0.0027     0.0021     0.0017     0.0033     0.0024     0.0010     0.0012 
Idle time                  0.0023     0.0015     0.0016     0.0012     0.0022     0.0022     0.0023     0.0023     0.0022     0.0004     0.0004     0.0022     0.0008     0.0022     0.0008     0.0000 
Communication              0.0005     0.0010     0.0018     0.0024     0.0010     0.0016     0.0024     0.0030     0.0009     0.0018     0.0022     0.0027     0.0041     0.0031     0.0064     0.0060 
Synchronization            0.0033     0.0027     0.0022     0.0020     0.0034     0.0023     0.0018     0.0015     0.0036     0.0026     0.0016     0.0014     0.0077     0.0039     0.0070     0.0064 
Variation                  0.0058     0.0049     0.0037     0.0028     0.0056     0.0039     0.0027     0.0018     0.0059     0.0040     0.0027     0.0020     0.0070     0.0041     0.0046     0.0038 
Overlap                    0.0004     0.0004     0.0003     0.0003     0.0003     0.0002     0.0002     0.0002     0.0003     0.0002     0.0003     0.0002     0.0002     0.0002     0.0000     0.0000 
Load imbalance             0.0003     0.0000     0.0001     0.0001     0.0003     0.0001     0.0001     0.0002     0.0003     0.0000     0.0000     0.0002     0.0005     0.0002     0.0005     0.0004 
Execution time             0.0180     0.0187     0.0187     0.0191     0.0180     0.0181     0.0180     0.0180     0.0180     0.0199     0.0199     0.0180     0.0195     0.0180     0.0195     0.0203 
User CPU time              0.0013     0.0017     0.0016     0.0016     0.0014     0.0016     0.0016     0.0016     0.0014     0.0017     0.0017     0.0016     0.0011     0.0016     0.0014     0.0014 
Sys. CPU time              0.0002     0.0002     0.0002     0.0001     0.0002     0.0002     0.0001     0.0001     0.0002     0.0002     0.0001     0.0001     0.0002     0.0002     0.0001     0.0001 
I/O time                   0.0000     0.0000     0.0000     0.0000     0.0000     0.0000     0.0000     0.0000     0.0000     0.0000     0.0000     0.0000     0.0000     0.0000     0.0000     0.0000 
Processors                     16         16         16         16         16         16         16         16         16         16         16         16         16         16         16         16 
           Communication          
Reduction                  0.0002     0.0001     0.0001     0.0001     0.0002     0.0001     0.0001     0.0001     0.0001     0.0001     0.0001     0.0001     0.0003     0.0001     0.0003     0.0003 
Shadow                     0.0003     0.0009     0.0017     0.0022     0.0008     0.0015     0.0022     0.0028     0.0008     0.0016     0.0020     0.0026     0.0038     0.0029     0.0055     0.0057 
           Synchronization        
I/O                        0.0000     0.0000     0.0000     0.0000     0.0000     0.0000     0.0000     0.0000     0.0000     0.0000     0.0000     0.0000     0.0001     0.0000     0.0001     0.0001 
Reduction                  0.0000     0.0000     0.0000     0.0000     0.0000     0.0000     0.0000     0.0000     0.0000     0.0000     0.0000     0.0000     0.0000     0.0000     0.0000     0.0000 
Shadow                     0.0033     0.0026     0.0022     0.0019     0.0033     0.0023     0.0018     0.0015     0.0035     0.0025     0.0016     0.0014     0.0076     0.0039     0.0069     0.0064 
           Variation              
I/O                        0.0000     0.0002     0.0002     0.0002     0.0002     0.0002     0.0002     0.0002     0.0002     0.0002     0.0002     0.0002     0.0002     0.0002     0.0002     0.0002 
Reduction                  0.0000     0.0000     0.0000     0.0000     0.0000     0.0000     0.0000     0.0000     0.0000     0.0000     0.0000     0.0000     0.0000     0.0000     0.0000     0.0000 
Shadow                     0.0058     0.0047     0.0034     0.0026     0.0054     0.0037     0.0025     0.0016     0.0057     0.0038     0.0025     0.0018     0.0068     0.0039     0.0043     0.0035 
           Overlap                
Reduction                  0.0000     0.0000     0.0000     0.0000     0.0000     0.0000     0.0000     0.0000     0.0000     0.0000     0.0000     0.0000     0.0000     0.0000     0.0000     0.0000 
Shadow                     0.0004     0.0004     0.0003     0.0003     0.0003     0.0002     0.0002     0.0002     0.0003     0.0002     0.0003     0.0002     0.0002     0.0002     0.0000     0.0000 


-------------------------------------------------------------------------
Name (number) and performance time of processors
omp.keldysh.ru(1) 0.933776
omp.keldysh.ru(2) 0.933673
omp.keldysh.ru(3) 0.957653
omp.keldysh.ru(4) 0.957698
omp.keldysh.ru(5) 0.957710
omp.keldysh.ru(6) 0.957709
omp.keldysh.ru(7) 0.958499
omp.keldysh.ru(8) 0.958210
omp.keldysh.ru(9) 0.933943
omp.keldysh.ru(10) 0.933958
omp.keldysh.ru(11) 0.958286
omp.keldysh.ru(12) 0.958299
omp.keldysh.ru(13) 0.952285
omp.keldysh.ru(14) 0.952286
omp.keldysh.ru(15) 0.957580
omp.keldysh.ru(16) 0.957494
min - omp.keldysh.ru(2) 0.933673; max - omp.keldysh.ru(7) 0.958499; mid - 0.951191
