Processor system=2*2*4*1
Statistics has been accumulated on DVM-system version 5.0, platform DVM
Analyzer is executing on DVM-system version 5.0, platform DVM
-------------------------------------------------------------------------
INTERVAL ( NLINE=7 SOURCE=rem42.f ) LEVEL=0  EXE_COUNT=1
--- The main characteristics --- 
Parallelization efficiency      0.0535 
Execution time                  0.0354 
Processors                          16
Threads amount                      16
Total time                      0.5658
Productive time                 0.0303 ( CPU= 0.0109 Sys= 0.0194 I/O= 0.0000 )
Lost  time                      0.5356 
   Insufficient parallelism     0.4540 ( User= 0.1632 Sys= 0.2908 )
   Communication                0.0653 ( Real_sync= 0.0000 Starts= 0.0000 )
   Idle time                    0.0163
Load imbalance                  0.0044
Synchronization                45.6467
Time variation                 45.6494
Overlap                         0.0001
                  Nop   Communic    Synchro  Variation    Overlap 
I/O                16     0.0000     0.1877     0.1902     0.0000 
Reduction           7     0.0653     0.0086     0.0086     0.0000 
Remote access    4155     0.0000    45.4504    45.4506     0.0001 
--- The comparative characteristics --- 
                              Tmin N proc      Tmax N proc      Tmid
Lost time                   0.0332     3     0.0342    14     0.0335 
User insufficient par.      0.0066    13     0.0119     3     0.0102 
Sys.insufficient par.       0.0105    14     0.0210     6     0.0182 
Idle time                   0.0000     3     0.0022    14     0.0010 
Communication               0.0002     6     0.0148    14     0.0041 
Synchronization             0.0135     6    10.6694    14     2.8529 
Variation                   0.0137     6    10.6697    14     2.8531 
Overlap                     0.0000     2     0.0001     6     0.0000 
Load imbalance              0.0000     3     0.0010    14     0.0003 
Execution time              0.0331    14     0.0354     3     0.0343 
User CPU time               0.0004    13     0.0008     3     0.0007 
Sys. CPU time               0.0007    14     0.0014     6     0.0012 
I/O time                    0.0000    15     0.0000     1     0.0000 
Processors                      16     1         16    16         16 
                      Communic          Synchro        Variation          Overlap  
I/O             Tmin    0.0000     1     0.0002     6     0.0004     6     0.0000     1 
I/O             Tmax    0.0000    16     0.0437    14     0.0439    14     0.0000    16 
I/O             Tmid    0.0000           0.0117           0.0119           0.0000       
Reduction       Tmin    0.0002     6     0.0000     7     0.0000     7     0.0000     1 
Reduction       Tmax    0.0148    14     0.0021    14     0.0021    14     0.0000     7 
Reduction       Tmid    0.0041           0.0005           0.0005           0.0000       
Remote access   Tmin    0.0000     1     0.0133     6     0.0133     6     0.0000     2 
Remote access   Tmax    0.0000    16    10.6236    14    10.6237    14     0.0001     6 
Remote access   Tmid    0.0000           2.8406           2.8407           0.0000       
--- The execution characteristics --- 
                                1          2          3          4          5          6          7          8          9         10         11         12         13         14         15         16 
Lost time                  0.0332     0.0332     0.0332     0.0332     0.0332     0.0332     0.0332     0.0332     0.0332     0.0332     0.0332     0.0332     0.0342     0.0342     0.0342     0.0342 
User insufficient par.     0.0112     0.0113     0.0119     0.0113     0.0114     0.0113     0.0113     0.0114     0.0113     0.0113     0.0112     0.0113     0.0066     0.0067     0.0068     0.0067 
Sys.insufficient par.      0.0208     0.0205     0.0206     0.0205     0.0209     0.0210     0.0209     0.0208     0.0207     0.0206     0.0207     0.0206     0.0106     0.0105     0.0105     0.0106 
Idle time                  0.0006     0.0007     0.0000     0.0007     0.0006     0.0007     0.0007     0.0007     0.0006     0.0007     0.0007     0.0007     0.0022     0.0022     0.0022     0.0022 
Communication              0.0006     0.0007     0.0007     0.0007     0.0002     0.0002     0.0004     0.0004     0.0006     0.0006     0.0007     0.0007     0.0148     0.0148     0.0147     0.0146 
Synchronization            0.2959     0.4297     0.4258     0.4392     0.0629     0.0135     0.1209     0.1163     0.2906     0.2721     0.4015     0.4064    10.6197    10.6694    10.5732    10.5098 
Variation                  0.2957     0.4298     0.4260     0.4394     0.0630     0.0137     0.1210     0.1164     0.2907     0.2722     0.4016     0.4065    10.6200    10.6697    10.5736    10.5101 
Overlap                    0.0000     0.0000     0.0000     0.0000     0.0000     0.0001     0.0000     0.0000     0.0000     0.0000     0.0000     0.0000     0.0000     0.0000     0.0000     0.0000 
Load imbalance             0.0001     0.0000     0.0000     0.0000     0.0000     0.0000     0.0000     0.0000     0.0000     0.0000     0.0000     0.0000     0.0010     0.0010     0.0010     0.0010 
Execution time             0.0347     0.0347     0.0354     0.0346     0.0347     0.0346     0.0347     0.0347     0.0347     0.0347     0.0347     0.0347     0.0331     0.0331     0.0331     0.0331 
User CPU time              0.0007     0.0008     0.0008     0.0008     0.0008     0.0008     0.0008     0.0008     0.0008     0.0008     0.0007     0.0008     0.0004     0.0004     0.0005     0.0004 
Sys. CPU time              0.0014     0.0014     0.0014     0.0014     0.0014     0.0014     0.0014     0.0014     0.0014     0.0014     0.0014     0.0014     0.0007     0.0007     0.0007     0.0007 
I/O time                   0.0000     0.0000     0.0000     0.0000     0.0000     0.0000     0.0000     0.0000     0.0000     0.0000     0.0000     0.0000     0.0000     0.0000     0.0000     0.0000 
Processors                     16         16         16         16         16         16         16         16         16         16         16         16         16         16         16         16 
           Communication          
Reduction                  0.0006     0.0007     0.0007     0.0007     0.0002     0.0002     0.0004     0.0004     0.0006     0.0006     0.0007     0.0007     0.0148     0.0148     0.0147     0.0146 
           Synchronization        
I/O                        0.0013     0.0020     0.0018     0.0019     0.0004     0.0002     0.0006     0.0005     0.0013     0.0012     0.0017     0.0018     0.0432     0.0437     0.0433     0.0427 
Reduction                  0.0001     0.0001     0.0001     0.0001     0.0000     0.0001     0.0000     0.0000     0.0001     0.0001     0.0001     0.0001     0.0019     0.0021     0.0021     0.0018 
Remote access              0.2945     0.4276     0.4239     0.4373     0.0624     0.0133     0.1203     0.1158     0.2892     0.2708     0.3996     0.4045    10.5746    10.6236    10.5278    10.4653 
           Variation              
I/O                        0.0012     0.0022     0.0020     0.0020     0.0006     0.0004     0.0007     0.0007     0.0014     0.0014     0.0019     0.0020     0.0434     0.0439     0.0435     0.0429 
Reduction                  0.0001     0.0001     0.0001     0.0001     0.0001     0.0001     0.0000     0.0000     0.0001     0.0001     0.0001     0.0001     0.0019     0.0021     0.0021     0.0018 
Remote access              0.2944     0.4276     0.4239     0.4372     0.0624     0.0133     0.1202     0.1157     0.2892     0.2708     0.3996     0.4045    10.5747    10.6237    10.5280    10.4654 
           Overlap                
Reduction                  0.0000     0.0000     0.0000     0.0000     0.0000     0.0000     0.0000     0.0000     0.0000     0.0000     0.0000     0.0000     0.0000     0.0000     0.0000     0.0000 
Remote access              0.0000     0.0000     0.0000     0.0000     0.0000     0.0001     0.0000     0.0000     0.0000     0.0000     0.0000     0.0000     0.0000     0.0000     0.0000     0.0000 


-------------------------------------------------------------------------
Name (number) and performance time of processors
omp.keldysh.ru(1) 0.935366
omp.keldysh.ru(2) 0.935275
omp.keldysh.ru(3) 0.955104
omp.keldysh.ru(4) 0.955101
omp.keldysh.ru(5) 0.957546
omp.keldysh.ru(6) 0.957536
omp.keldysh.ru(7) 0.956498
omp.keldysh.ru(8) 0.956500
omp.keldysh.ru(9) 0.956840
omp.keldysh.ru(10) 0.956845
omp.keldysh.ru(11) 0.956881
omp.keldysh.ru(12) 0.956894
omp.keldysh.ru(13) 0.955058
omp.keldysh.ru(14) 0.955063
omp.keldysh.ru(15) 0.957357
omp.keldysh.ru(16) 0.957124
min - omp.keldysh.ru(2) 0.935275; max - omp.keldysh.ru(5) 0.957546; mid - 0.953812
