Processor system=2*2*1*4
Statistics has been accumulated on DVM-system version 5.0, platform DVM
Analyzer is executing on DVM-system version 5.0, platform DVM
-------------------------------------------------------------------------
INTERVAL ( NLINE=7 SOURCE=acr41.f ) LEVEL=0  EXE_COUNT=1
--- The main characteristics --- 
Parallelization efficiency      0.0811 
Execution time                  0.0202 
Processors                          16
Threads amount                      16
Total time                      0.3233
Productive time                 0.0262 ( CPU= 0.0236 Sys= 0.0026 I/O= 0.0000 )
Lost  time                      0.2971 
   Insufficient parallelism     0.2232 ( User= 0.1840 Sys= 0.0392 )
   Communication                0.0439 ( Real_sync= 0.0000 Starts= 0.0000 )
   Idle time                    0.0299
Load imbalance                  0.0045
Synchronization                 0.0591
Time variation                  0.0697
Overlap                         0.0038
                  Nop   Communic    Synchro  Variation    Overlap 
I/O                10     0.0000     0.0004     0.0031     0.0000 
Reduction           8     0.0029     0.0001     0.0001     0.0000 
Shadow             24     0.0396     0.0586     0.0666     0.0038 
--- The comparative characteristics --- 
                              Tmin N proc      Tmax N proc      Tmid
Lost time                   0.0183     6     0.0189    13     0.0186 
User insufficient par.      0.0090    14     0.0138     6     0.0115 
Sys.insufficient par.       0.0010    15     0.0039     1     0.0025 
Idle time                   0.0000     6     0.0027     2     0.0019 
Communication               0.0005     1     0.0064    15     0.0027 
Synchronization             0.0014     8     0.0087    13     0.0037 
Variation                   0.0017     8     0.0082    13     0.0044 
Overlap                     0.0000    13     0.0005     1     0.0002 
Load imbalance              0.0000     6     0.0006    13     0.0003 
Execution time              0.0175     2     0.0202     6     0.0183 
User CPU time               0.0011    13     0.0017     6     0.0015 
Sys. CPU time               0.0001    15     0.0002     1     0.0002 
I/O time                    0.0000    12     0.0000     1     0.0000 
Processors                      16     1         16    16         16 
                      Communic          Synchro        Variation          Overlap  
I/O             Tmin    0.0000     1     0.0000     9     0.0000     1     0.0000     1 
I/O             Tmax    0.0000    16     0.0001    13     0.0002    13     0.0000    16 
I/O             Tmid    0.0000           0.0000           0.0002           0.0000       
Reduction       Tmin    0.0001     8     0.0000    10     0.0000     6     0.0000     1 
Reduction       Tmax    0.0003    13     0.0000    16     0.0000    14     0.0000    16 
Reduction       Tmid    0.0002           0.0000           0.0000           0.0000       
Shadow          Tmin    0.0003     1     0.0014     8     0.0015     8     0.0000    13 
Shadow          Tmax    0.0057    16     0.0087    13     0.0080    13     0.0005     1 
Shadow          Tmid    0.0025           0.0037           0.0042           0.0002       
--- The execution characteristics --- 
                                1          2          3          4          5          6          7          8          9         10         11         12         13         14         15         16 
Lost time                  0.0186     0.0184     0.0185     0.0185     0.0186     0.0183     0.0185     0.0184     0.0186     0.0184     0.0185     0.0186     0.0189     0.0188     0.0188     0.0188 
User insufficient par.     0.0122     0.0115     0.0113     0.0113     0.0114     0.0138     0.0113     0.0134     0.0125     0.0123     0.0112     0.0113     0.0104     0.0090     0.0103     0.0106 
Sys.insufficient par.      0.0039     0.0032     0.0026     0.0021     0.0034     0.0026     0.0020     0.0016     0.0035     0.0027     0.0021     0.0015     0.0033     0.0023     0.0010     0.0013 
Idle time                  0.0020     0.0027     0.0027     0.0027     0.0027     0.0000     0.0027     0.0004     0.0016     0.0016     0.0027     0.0027     0.0012     0.0027     0.0012     0.0008 
Communication              0.0005     0.0010     0.0019     0.0025     0.0011     0.0019     0.0025     0.0030     0.0011     0.0018     0.0025     0.0031     0.0041     0.0049     0.0064     0.0061 
Synchronization            0.0031     0.0025     0.0025     0.0022     0.0035     0.0025     0.0018     0.0014     0.0034     0.0025     0.0020     0.0016     0.0087     0.0076     0.0070     0.0066 
Variation                  0.0057     0.0049     0.0040     0.0030     0.0057     0.0040     0.0027     0.0017     0.0057     0.0042     0.0029     0.0019     0.0082     0.0062     0.0049     0.0040 
Overlap                    0.0005     0.0004     0.0003     0.0003     0.0004     0.0003     0.0003     0.0002     0.0004     0.0003     0.0003     0.0002     0.0000     0.0000     0.0000     0.0000 
Load imbalance             0.0003     0.0001     0.0002     0.0002     0.0003     0.0000     0.0002     0.0001     0.0003     0.0001     0.0002     0.0003     0.0006     0.0005     0.0005     0.0005 
Execution time             0.0182     0.0175     0.0175     0.0176     0.0175     0.0202     0.0176     0.0198     0.0186     0.0186     0.0175     0.0175     0.0190     0.0175     0.0190     0.0194 
User CPU time              0.0013     0.0016     0.0015     0.0015     0.0014     0.0017     0.0016     0.0017     0.0014     0.0016     0.0016     0.0015     0.0011     0.0012     0.0013     0.0013 
Sys. CPU time              0.0002     0.0002     0.0002     0.0001     0.0002     0.0002     0.0001     0.0001     0.0002     0.0002     0.0001     0.0001     0.0002     0.0002     0.0001     0.0001 
I/O time                   0.0000     0.0000     0.0000     0.0000     0.0000     0.0000     0.0000     0.0000     0.0000     0.0000     0.0000     0.0000     0.0000     0.0000     0.0000     0.0000 
Processors                     16         16         16         16         16         16         16         16         16         16         16         16         16         16         16         16 
           Communication          
Reduction                  0.0002     0.0001     0.0001     0.0001     0.0001     0.0001     0.0001     0.0001     0.0002     0.0001     0.0001     0.0002     0.0003     0.0003     0.0003     0.0003 
Shadow                     0.0003     0.0008     0.0017     0.0023     0.0009     0.0017     0.0023     0.0028     0.0008     0.0016     0.0023     0.0029     0.0037     0.0045     0.0052     0.0057 
           Synchronization        
I/O                        0.0000     0.0000     0.0000     0.0000     0.0000     0.0000     0.0000     0.0000     0.0000     0.0000     0.0000     0.0000     0.0001     0.0000     0.0001     0.0000 
Reduction                  0.0000     0.0000     0.0000     0.0000     0.0000     0.0000     0.0000     0.0000     0.0000     0.0000     0.0000     0.0000     0.0000     0.0000     0.0000     0.0000 
Shadow                     0.0031     0.0025     0.0025     0.0021     0.0035     0.0025     0.0018     0.0014     0.0034     0.0025     0.0020     0.0016     0.0087     0.0075     0.0069     0.0066 
           Variation              
I/O                        0.0000     0.0002     0.0002     0.0002     0.0002     0.0002     0.0002     0.0002     0.0002     0.0002     0.0002     0.0002     0.0002     0.0002     0.0002     0.0002 
Reduction                  0.0000     0.0000     0.0000     0.0000     0.0000     0.0000     0.0000     0.0000     0.0000     0.0000     0.0000     0.0000     0.0000     0.0000     0.0000     0.0000 
Shadow                     0.0057     0.0046     0.0038     0.0028     0.0055     0.0038     0.0025     0.0015     0.0055     0.0040     0.0027     0.0017     0.0080     0.0060     0.0047     0.0038 
           Overlap                
Shadow                     0.0005     0.0004     0.0003     0.0003     0.0004     0.0003     0.0003     0.0002     0.0004     0.0003     0.0003     0.0002     0.0000     0.0000     0.0000     0.0000 


-------------------------------------------------------------------------
Name (number) and performance time of processors
omp.keldysh.ru(1) 0.933959
omp.keldysh.ru(2) 0.933882
omp.keldysh.ru(3) 0.950535
omp.keldysh.ru(4) 0.950553
omp.keldysh.ru(5) 0.954485
omp.keldysh.ru(6) 0.954473
omp.keldysh.ru(7) 0.933895
omp.keldysh.ru(8) 0.933593
omp.keldysh.ru(9) 0.950237
omp.keldysh.ru(10) 0.950227
omp.keldysh.ru(11) 0.954514
omp.keldysh.ru(12) 0.954510
omp.keldysh.ru(13) 0.949575
omp.keldysh.ru(14) 0.949555
omp.keldysh.ru(15) 0.954435
omp.keldysh.ru(16) 0.954414
min - omp.keldysh.ru(8) 0.933593; max - omp.keldysh.ru(11) 0.954514; mid - 0.947678
