Processor system=2*4*2
Statistics has been accumulated on DVM-system version 5.0, platform DVM
Analyzer is executing on DVM-system version 5.0, platform DVM
-------------------------------------------------------------------------
INTERVAL ( NLINE=5 SOURCE=prf31.f ) LEVEL=0  EXE_COUNT=1
--- The main characteristics --- 
Parallelization efficiency      0.0416 
Execution time                  0.0128 
Processors                          16
Threads amount                      16
Total time                      0.2046
Productive time                 0.0085 ( CPU= 0.0062 Sys= 0.0022 I/O= 0.0000 )
Lost  time                      0.1961 
   Insufficient parallelism     0.1214 ( User= 0.0873 Sys= 0.0341 )
   Communication                0.0436 ( Real_sync= 0.0000 Starts= 0.0000 )
   Idle time                    0.0311
Load imbalance                  0.0020
Synchronization                 0.0395
Time variation                  0.0285
Overlap                         0.0104
                  Nop   Communic    Synchro  Variation    Overlap 
I/O                11     0.0000     0.0038     0.0060     0.0000 
Reduction          21     0.0095     0.0005     0.0005     0.0000 
Remote access     172     0.0341     0.0353     0.0220     0.0104 
--- The comparative characteristics --- 
                              Tmin N proc      Tmax N proc      Tmid
Lost time                   0.0121    11     0.0124    14     0.0123 
User insufficient par.      0.0044    14     0.0073    11     0.0055 
Sys.insufficient par.       0.0015    13     0.0025     1     0.0021 
Idle time                   0.0000    11     0.0031    10     0.0019 
Communication               0.0024     8     0.0035    13     0.0027 
Synchronization             0.0008     8     0.0038    13     0.0025 
Variation                   0.0007     8     0.0024     3     0.0018 
Overlap                     0.0004    13     0.0012     8     0.0007 
Load imbalance              0.0000    11     0.0002    14     0.0001 
Execution time              0.0097    10     0.0128    11     0.0108 
User CPU time               0.0003    14     0.0005    11     0.0004 
Sys. CPU time               0.0001    13     0.0002     8     0.0001 
I/O time                    0.0000     3     0.0000     1     0.0000 
Processors                      16     1         16    16         16 
                      Communic          Synchro        Variation          Overlap  
I/O             Tmin    0.0000     1     0.0001     8     0.0002     8     0.0000     1 
I/O             Tmax    0.0000    16     0.0003     3     0.0005     3     0.0000    16 
I/O             Tmid    0.0000           0.0002           0.0004           0.0000       
Reduction       Tmin    0.0003     8     0.0000    12     0.0000    12     0.0000     1 
Reduction       Tmax    0.0009    13     0.0000     1     0.0000     2     0.0000     7 
Reduction       Tmid    0.0006           0.0000           0.0000           0.0000       
Remote access   Tmin    0.0018     1     0.0007     8     0.0004     8     0.0004    13 
Remote access   Tmax    0.0027    15     0.0034    13     0.0018     3     0.0012     8 
Remote access   Tmid    0.0021           0.0022           0.0014           0.0006       
--- The execution characteristics --- 
                                1          2          3          4          5          6          7          8          9         10         11         12         13         14         15         16 
Lost time                  0.0122     0.0123     0.0122     0.0123     0.0122     0.0122     0.0123     0.0121     0.0123     0.0123     0.0121     0.0122     0.0123     0.0124     0.0123     0.0124 
User insufficient par.     0.0058     0.0044     0.0058     0.0044     0.0062     0.0062     0.0045     0.0069     0.0051     0.0044     0.0073     0.0065     0.0054     0.0044     0.0054     0.0044 
Sys.insufficient par.      0.0025     0.0023     0.0023     0.0023     0.0023     0.0023     0.0024     0.0024     0.0022     0.0022     0.0022     0.0022     0.0015     0.0015     0.0015     0.0017 
Idle time                  0.0016     0.0031     0.0015     0.0030     0.0012     0.0012     0.0030     0.0004     0.0023     0.0031     0.0000     0.0008     0.0019     0.0031     0.0019     0.0030 
Communication              0.0024     0.0025     0.0025     0.0025     0.0025     0.0025     0.0024     0.0024     0.0026     0.0026     0.0026     0.0026     0.0035     0.0034     0.0034     0.0032 
Synchronization            0.0024     0.0022     0.0028     0.0019     0.0026     0.0017     0.0018     0.0008     0.0029     0.0020     0.0030     0.0021     0.0038     0.0035     0.0034     0.0029 
Variation                  0.0019     0.0019     0.0024     0.0016     0.0021     0.0014     0.0015     0.0007     0.0021     0.0014     0.0020     0.0015     0.0023     0.0022     0.0020     0.0018 
Overlap                    0.0008     0.0008     0.0005     0.0008     0.0005     0.0009     0.0009     0.0012     0.0005     0.0007     0.0005     0.0007     0.0004     0.0004     0.0004     0.0005 
Load imbalance             0.0001     0.0002     0.0001     0.0002     0.0001     0.0001     0.0002     0.0000     0.0001     0.0002     0.0000     0.0000     0.0002     0.0002     0.0002     0.0002 
Execution time             0.0112     0.0097     0.0112     0.0097     0.0116     0.0116     0.0097     0.0124     0.0105     0.0097     0.0128     0.0120     0.0108     0.0097     0.0109     0.0097 
User CPU time              0.0004     0.0003     0.0004     0.0003     0.0004     0.0004     0.0003     0.0005     0.0004     0.0003     0.0005     0.0005     0.0004     0.0003     0.0004     0.0003 
Sys. CPU time              0.0001     0.0002     0.0002     0.0002     0.0002     0.0002     0.0002     0.0002     0.0001     0.0001     0.0001     0.0001     0.0001     0.0001     0.0001     0.0001 
I/O time                   0.0000     0.0000     0.0000     0.0000     0.0000     0.0000     0.0000     0.0000     0.0000     0.0000     0.0000     0.0000     0.0000     0.0000     0.0000     0.0000 
Processors                     16         16         16         16         16         16         16         16         16         16         16         16         16         16         16         16 
           Communication          
Reduction                  0.0007     0.0006     0.0007     0.0004     0.0006     0.0005     0.0005     0.0003     0.0007     0.0006     0.0006     0.0005     0.0009     0.0008     0.0007     0.0006 
Remote access              0.0018     0.0019     0.0018     0.0021     0.0018     0.0020     0.0019     0.0021     0.0019     0.0021     0.0020     0.0021     0.0026     0.0026     0.0027     0.0026 
           Synchronization        
I/O                        0.0003     0.0002     0.0003     0.0002     0.0003     0.0002     0.0002     0.0001     0.0003     0.0002     0.0003     0.0002     0.0003     0.0003     0.0003     0.0003 
Reduction                  0.0000     0.0000     0.0000     0.0000     0.0000     0.0000     0.0000     0.0000     0.0000     0.0000     0.0000     0.0000     0.0000     0.0000     0.0000     0.0000 
Remote access              0.0020     0.0019     0.0025     0.0016     0.0022     0.0015     0.0016     0.0007     0.0026     0.0018     0.0027     0.0019     0.0034     0.0032     0.0031     0.0026 
           Variation              
I/O                        0.0002     0.0004     0.0005     0.0004     0.0004     0.0003     0.0003     0.0002     0.0004     0.0003     0.0004     0.0004     0.0005     0.0004     0.0004     0.0004 
Reduction                  0.0000     0.0000     0.0000     0.0000     0.0000     0.0000     0.0000     0.0000     0.0000     0.0000     0.0000     0.0000     0.0000     0.0000     0.0000     0.0000 
Remote access              0.0016     0.0014     0.0018     0.0012     0.0016     0.0010     0.0011     0.0004     0.0016     0.0011     0.0015     0.0011     0.0018     0.0017     0.0015     0.0013 
           Overlap                
Reduction                  0.0000     0.0000     0.0000     0.0000     0.0000     0.0000     0.0000     0.0000     0.0000     0.0000     0.0000     0.0000     0.0000     0.0000     0.0000     0.0000 
Remote access              0.0008     0.0008     0.0005     0.0008     0.0005     0.0009     0.0009     0.0012     0.0005     0.0007     0.0005     0.0007     0.0004     0.0004     0.0004     0.0005 


-------------------------------------------------------------------------
Name (number) and performance time of processors
omp.keldysh.ru(1) 0.933919
omp.keldysh.ru(2) 0.933870
omp.keldysh.ru(3) 0.955558
omp.keldysh.ru(4) 0.955871
omp.keldysh.ru(5) 0.950384
omp.keldysh.ru(6) 0.950396
omp.keldysh.ru(7) 0.933935
omp.keldysh.ru(8) 0.933942
omp.keldysh.ru(9) 0.954117
omp.keldysh.ru(10) 0.954085
omp.keldysh.ru(11) 0.952869
omp.keldysh.ru(12) 0.952882
omp.keldysh.ru(13) 0.950342
omp.keldysh.ru(14) 0.950338
omp.keldysh.ru(15) 0.933915
omp.keldysh.ru(16) 0.933896
min - omp.keldysh.ru(2) 0.933870; max - omp.keldysh.ru(4) 0.955871; mid - 0.945645
