Processor system=1*4*2*2
Statistics has been accumulated on DVM-system version 5.0, platform DVM
Analyzer is executing on DVM-system version 5.0, platform DVM
-------------------------------------------------------------------------
INTERVAL ( NLINE=7 SOURCE=rem43.f ) LEVEL=0  EXE_COUNT=1
--- The main characteristics --- 
Parallelization efficiency      0.0512 
Execution time                  0.3401 
Processors                          16
Threads amount                      16
Total time                      5.4418
Productive time                 0.2787 ( CPU= 0.0150 Sys= 0.2636 I/O= 0.0000 )
Lost  time                      5.1631 
   Insufficient parallelism     4.1342 ( User= 0.1794 Sys= 3.9547 )
   Communication                1.0049 ( Real_sync= 0.0000 Starts= 0.0000 )
   Idle time                    0.0240
Load imbalance                  0.0349
Synchronization                 1.9304
Time variation                  1.5989
Overlap                         0.0004
                  Nop   Communic    Synchro  Variation    Overlap 
I/O                16     0.0000     0.0072     0.0104     0.0000 
Reduction           7     0.0100     0.0001     0.0001     0.0000 
Remote access    4155     0.9949     1.9230     1.5885     0.0004 
--- The comparative characteristics --- 
                              Tmin N proc      Tmax N proc      Tmid
Lost time                   0.3205     4     0.3285    14     0.3227 
User insufficient par.      0.0089    15     0.0140     4     0.0112 
Sys.insufficient par.       0.1630    14     0.2784    11     0.2472 
Idle time                   0.0000     4     0.0023    11     0.0015 
Communication               0.0281    11     0.1551    14     0.0628 
Synchronization             0.0092    12     0.2602    13     0.1206 
Variation                   0.0096    12     0.2141    15     0.0999 
Overlap                     0.0000    13     0.0001    11     0.0000 
Load imbalance              0.0000     4     0.0079    14     0.0022 
Execution time              0.3378    11     0.3401     4     0.3386 
User CPU time               0.0007    15     0.0011     4     0.0009 
Sys. CPU time               0.0109    14     0.0186    11     0.0165 
I/O time                    0.0000     6     0.0000     1     0.0000 
Processors                      16     1         16    16         16 
                      Communic          Synchro        Variation          Overlap  
I/O             Tmin    0.0000     1     0.0001    12     0.0002     1     0.0000     1 
I/O             Tmax    0.0000    16     0.0008    15     0.0010    15     0.0000    16 
I/O             Tmid    0.0000           0.0005           0.0006           0.0000       
Reduction       Tmin    0.0004    10     0.0000     3     0.0000     9     0.0000     1 
Reduction       Tmax    0.0012    15     0.0000    10     0.0000    16     0.0000    12 
Reduction       Tmid    0.0006           0.0000           0.0000           0.0000       
Remote access   Tmin    0.0276    11     0.0091    12     0.0093    12     0.0000    13 
Remote access   Tmax    0.1540    14     0.2595    13     0.2131    15     0.0001    11 
Remote access   Tmid    0.0622           0.1202           0.0993           0.0000       
--- The execution characteristics --- 
                                1          2          3          4          5          6          7          8          9         10         11         12         13         14         15         16 
Lost time                  0.3212     0.3213     0.3205     0.3205     0.3212     0.3213     0.3206     0.3206     0.3213     0.3214     0.3206     0.3206     0.3284     0.3285     0.3279     0.3272 
User insufficient par.     0.0114     0.0104     0.0130     0.0140     0.0122     0.0121     0.0120     0.0120     0.0111     0.0104     0.0118     0.0116     0.0097     0.0096     0.0089     0.0092 
Sys.insufficient par.      0.2695     0.2689     0.2775     0.2769     0.2682     0.2676     0.2776     0.2770     0.2675     0.2670     0.2784     0.2784     0.1637     0.1630     0.1720     0.1816 
Idle time                  0.0012     0.0022     0.0012     0.0000     0.0004     0.0004     0.0022     0.0022     0.0016     0.0022     0.0023     0.0023     0.0008     0.0008     0.0022     0.0022 
Communication              0.0391     0.0397     0.0289     0.0296     0.0404     0.0412     0.0288     0.0294     0.0412     0.0418     0.0281     0.0283     0.1542     0.1551     0.1449     0.1342 
Synchronization            0.0798     0.0801     0.0860     0.0851     0.1230     0.1229     0.0616     0.0616     0.1027     0.1030     0.0094     0.0092     0.2602     0.2594     0.2527     0.2336 
Variation                  0.0535     0.0537     0.0874     0.0864     0.0973     0.0970     0.0629     0.0625     0.0766     0.0765     0.0104     0.0096     0.2056     0.2047     0.2141     0.2008 
Overlap                    0.0001     0.0001     0.0000     0.0000     0.0000     0.0000     0.0000     0.0000     0.0000     0.0000     0.0001     0.0001     0.0000     0.0000     0.0000     0.0000 
Load imbalance             0.0007     0.0008     0.0000     0.0000     0.0007     0.0007     0.0001     0.0001     0.0008     0.0009     0.0001     0.0001     0.0079     0.0079     0.0074     0.0067 
Execution time             0.3389     0.3379     0.3389     0.3401     0.3397     0.3397     0.3379     0.3379     0.3386     0.3379     0.3378     0.3379     0.3393     0.3393     0.3379     0.3379 
User CPU time              0.0010     0.0009     0.0011     0.0011     0.0010     0.0010     0.0010     0.0010     0.0009     0.0009     0.0010     0.0010     0.0008     0.0008     0.0007     0.0008 
Sys. CPU time              0.0180     0.0179     0.0185     0.0185     0.0179     0.0178     0.0185     0.0185     0.0178     0.0178     0.0186     0.0186     0.0109     0.0109     0.0115     0.0121 
I/O time                   0.0000     0.0000     0.0000     0.0000     0.0000     0.0000     0.0000     0.0000     0.0000     0.0000     0.0000     0.0000     0.0000     0.0000     0.0000     0.0000 
Processors                     16         16         16         16         16         16         16         16         16         16         16         16         16         16         16         16 
           Communication          
Reduction                  0.0004     0.0004     0.0005     0.0005     0.0004     0.0004     0.0005     0.0005     0.0004     0.0004     0.0005     0.0005     0.0011     0.0011     0.0012     0.0011 
Remote access              0.0387     0.0393     0.0283     0.0291     0.0400     0.0408     0.0283     0.0290     0.0407     0.0414     0.0276     0.0278     0.1531     0.1540     0.1437     0.1331 
           Synchronization        
I/O                        0.0003     0.0003     0.0005     0.0005     0.0005     0.0005     0.0003     0.0003     0.0004     0.0004     0.0001     0.0001     0.0007     0.0007     0.0008     0.0007 
Reduction                  0.0000     0.0000     0.0000     0.0000     0.0000     0.0000     0.0000     0.0000     0.0000     0.0000     0.0000     0.0000     0.0000     0.0000     0.0000     0.0000 
Remote access              0.0795     0.0797     0.0855     0.0846     0.1225     0.1225     0.0612     0.0612     0.1023     0.1025     0.0093     0.0091     0.2595     0.2587     0.2519     0.2329 
           Variation              
I/O                        0.0002     0.0005     0.0007     0.0007     0.0007     0.0007     0.0006     0.0005     0.0006     0.0006     0.0003     0.0003     0.0010     0.0010     0.0010     0.0009 
Reduction                  0.0000     0.0000     0.0000     0.0000     0.0000     0.0000     0.0000     0.0000     0.0000     0.0000     0.0000     0.0000     0.0000     0.0000     0.0000     0.0000 
Remote access              0.0533     0.0531     0.0867     0.0857     0.0966     0.0963     0.0623     0.0619     0.0759     0.0758     0.0101     0.0093     0.2047     0.2038     0.2131     0.1999 
           Overlap                
Reduction                  0.0000     0.0000     0.0000     0.0000     0.0000     0.0000     0.0000     0.0000     0.0000     0.0000     0.0000     0.0000     0.0000     0.0000     0.0000     0.0000 
Remote access              0.0001     0.0001     0.0000     0.0000     0.0000     0.0000     0.0000     0.0000     0.0000     0.0000     0.0001     0.0001     0.0000     0.0000     0.0000     0.0000 


-------------------------------------------------------------------------
Name (number) and performance time of processors
omp.keldysh.ru(1) 0.935473
omp.keldysh.ru(2) 0.935390
omp.keldysh.ru(3) 0.958110
omp.keldysh.ru(4) 0.958120
omp.keldysh.ru(5) 0.954216
omp.keldysh.ru(6) 0.954527
omp.keldysh.ru(7) 0.955193
omp.keldysh.ru(8) 0.955191
omp.keldysh.ru(9) 0.952650
omp.keldysh.ru(10) 0.952638
omp.keldysh.ru(11) 0.956062
omp.keldysh.ru(12) 0.956059
omp.keldysh.ru(13) 0.951820
omp.keldysh.ru(14) 0.951838
omp.keldysh.ru(15) 0.953869
omp.keldysh.ru(16) 0.953851
min - omp.keldysh.ru(2) 0.935390; max - omp.keldysh.ru(4) 0.958120; mid - 0.952188
