Processor system=7*2
Statistics has been accumulated on DVM-system version 5.0, platform DVM
Analyzer is executing on DVM-system version 5.0, platform DVM
-------------------------------------------------------------------------
INTERVAL ( NLINE=20 SOURCE=module21.f ) LEVEL=0  EXE_COUNT=1
--- The main characteristics --- 
Parallelization efficiency      0.0607 
Execution time                  0.0065 
Processors                          14
Threads amount                      14
Total time                      0.0913
Productive time                 0.0055 ( CPU= 0.0049 Sys= 0.0006 I/O= 0.0000 )
Lost  time                      0.0857 
   Insufficient parallelism     0.0666 ( User= 0.0588 Sys= 0.0078 )
   Communication                0.0158 ( Real_sync= 0.0000 Starts= 0.0000 )
   Idle time                    0.0033
Load imbalance                  0.0007
Synchronization                 0.0060
Time variation                  0.0082
Overlap                         0.0047
                  Nop   Communic    Synchro  Variation    Overlap 
I/O                 3     0.0000     0.0005     0.0019     0.0000 
Reduction          41     0.0104     0.0018     0.0018     0.0021 
Shadow             41     0.0054     0.0037     0.0045     0.0026 
--- The comparative characteristics --- 
                              Tmin N proc      Tmax N proc      Tmid
Lost time                   0.0061     6     0.0062    14     0.0061 
User insufficient par.      0.0030    14     0.0044     2     0.0042 
Sys.insufficient par.       0.0004    13     0.0007     1     0.0006 
Idle time                   0.0000     9     0.0015    14     0.0002 
Communication               0.0009     5     0.0014    13     0.0011 
Synchronization             0.0002     6     0.0007    13     0.0004 
Variation                   0.0003     7     0.0009    14     0.0006 
Overlap                     0.0002    13     0.0004     6     0.0003 
Load imbalance              0.0000     6     0.0002    14     0.0000 
Execution time              0.0050    14     0.0065     9     0.0063 
User CPU time               0.0002    14     0.0004     6     0.0004 
Sys. CPU time               0.0000    13     0.0001     4     0.0000 
I/O time                    0.0000     4     0.0000     1     0.0000 
Processors                      14     1         14    14         14 
                      Communic          Synchro        Variation          Overlap  
I/O             Tmin    0.0000     1     0.0000     3     0.0000     1     0.0000     1 
I/O             Tmax    0.0000    14     0.0001    14     0.0002    14     0.0000    14 
I/O             Tmid    0.0000           0.0000           0.0001           0.0000       
Reduction       Tmin    0.0004     6     0.0000     6     0.0000     6     0.0001    13 
Reduction       Tmax    0.0012    13     0.0002    13     0.0002    13     0.0002     6 
Reduction       Tmid    0.0007           0.0001           0.0001           0.0001       
Shadow          Tmin    0.0002    13     0.0001     6     0.0001     7     0.0002    13 
Shadow          Tmax    0.0006     6     0.0004    13     0.0005    14     0.0002     5 
Shadow          Tmid    0.0004           0.0003           0.0003           0.0002       
--- The execution characteristics --- 
                                1          2          3          4          5          6          7          8          9         10         11         12         13         14 
Lost time                  0.0061     0.0061     0.0061     0.0061     0.0062     0.0061     0.0061     0.0061     0.0061     0.0061     0.0061     0.0061     0.0061     0.0062 
User insufficient par.     0.0044     0.0044     0.0044     0.0044     0.0030     0.0044     0.0044     0.0044     0.0044     0.0044     0.0044     0.0044     0.0044     0.0030 
Sys.insufficient par.      0.0007     0.0006     0.0007     0.0007     0.0007     0.0007     0.0007     0.0007     0.0004     0.0004     0.0004     0.0004     0.0004     0.0004 
Idle time                  0.0000     0.0000     0.0000     0.0000     0.0015     0.0000     0.0000     0.0000     0.0000     0.0000     0.0000     0.0000     0.0000     0.0015 
Communication              0.0010     0.0011     0.0010     0.0010     0.0009     0.0010     0.0010     0.0010     0.0013     0.0013     0.0013     0.0013     0.0014     0.0013 
Synchronization            0.0004     0.0004     0.0002     0.0003     0.0003     0.0002     0.0002     0.0003     0.0006     0.0006     0.0006     0.0006     0.0007     0.0006 
Variation                  0.0005     0.0006     0.0004     0.0004     0.0004     0.0003     0.0003     0.0003     0.0008     0.0008     0.0008     0.0008     0.0009     0.0009 
Overlap                    0.0003     0.0003     0.0004     0.0004     0.0004     0.0004     0.0004     0.0004     0.0003     0.0003     0.0003     0.0003     0.0002     0.0002 
Load imbalance             0.0001     0.0001     0.0000     0.0000     0.0001     0.0000     0.0000     0.0000     0.0000     0.0001     0.0001     0.0000     0.0001     0.0002 
Execution time             0.0065     0.0065     0.0065     0.0065     0.0050     0.0065     0.0065     0.0065     0.0065     0.0065     0.0065     0.0065     0.0065     0.0050 
User CPU time              0.0003     0.0003     0.0004     0.0004     0.0003     0.0004     0.0004     0.0004     0.0004     0.0004     0.0004     0.0004     0.0004     0.0002 
Sys. CPU time              0.0000     0.0000     0.0001     0.0001     0.0001     0.0001     0.0001     0.0001     0.0000     0.0000     0.0000     0.0000     0.0000     0.0000 
I/O time                   0.0000     0.0000     0.0000     0.0000     0.0000     0.0000     0.0000     0.0000     0.0000     0.0000     0.0000     0.0000     0.0000     0.0000 
Processors                     14         14         14         14         14         14         14         14         14         14         14         14         14         14 
           Communication          
Reduction                  0.0007     0.0008     0.0004     0.0005     0.0004     0.0004     0.0004     0.0004     0.0010     0.0010     0.0010     0.0010     0.0012     0.0011 
Shadow                     0.0003     0.0003     0.0005     0.0005     0.0005     0.0006     0.0005     0.0005     0.0003     0.0004     0.0003     0.0003     0.0002     0.0002 
           Synchronization        
I/O                        0.0000     0.0000     0.0000     0.0000     0.0000     0.0000     0.0000     0.0000     0.0000     0.0001     0.0001     0.0001     0.0001     0.0001 
Reduction                  0.0002     0.0001     0.0001     0.0001     0.0001     0.0000     0.0001     0.0001     0.0002     0.0002     0.0002     0.0002     0.0002     0.0002 
Shadow                     0.0002     0.0002     0.0002     0.0002     0.0002     0.0001     0.0002     0.0002     0.0004     0.0004     0.0004     0.0004     0.0004     0.0004 
           Variation              
I/O                        0.0000     0.0001     0.0001     0.0001     0.0001     0.0001     0.0001     0.0001     0.0002     0.0002     0.0002     0.0002     0.0002     0.0002 
Reduction                  0.0001     0.0001     0.0001     0.0001     0.0001     0.0000     0.0001     0.0001     0.0002     0.0002     0.0002     0.0002     0.0002     0.0002 
Shadow                     0.0003     0.0003     0.0002     0.0002     0.0002     0.0001     0.0001     0.0002     0.0004     0.0004     0.0005     0.0005     0.0005     0.0005 
           Overlap                
Reduction                  0.0001     0.0001     0.0002     0.0002     0.0002     0.0002     0.0002     0.0002     0.0001     0.0001     0.0001     0.0001     0.0001     0.0001 
Shadow                     0.0002     0.0002     0.0002     0.0002     0.0002     0.0002     0.0002     0.0002     0.0002     0.0002     0.0002     0.0002     0.0002     0.0002 


-------------------------------------------------------------------------
Name (number) and performance time of processors
omp.keldysh.ru(1) 0.935372
omp.keldysh.ru(2) 0.935258
omp.keldysh.ru(3) 0.959026
omp.keldysh.ru(4) 0.959006
omp.keldysh.ru(5) 0.949470
omp.keldysh.ru(6) 0.949480
omp.keldysh.ru(7) 0.935545
omp.keldysh.ru(8) 0.935533
omp.keldysh.ru(9) 0.958449
omp.keldysh.ru(10) 0.958427
omp.keldysh.ru(11) 0.957194
omp.keldysh.ru(12) 0.957656
omp.keldysh.ru(13) 0.957207
omp.keldysh.ru(14) 0.957173
min - omp.keldysh.ru(2) 0.935258; max - omp.keldysh.ru(3) 0.959026; mid - 0.950342
