Processor system=2*2*2*2
Statistics has been accumulated on DVM-system version 5.0, platform DVM
Analyzer is executing on DVM-system version 5.0, platform DVM
-------------------------------------------------------------------------
INTERVAL ( NLINE=7 SOURCE=rem43.f ) LEVEL=0  EXE_COUNT=1
--- The main characteristics --- 
Parallelization efficiency      0.0501 
Execution time                  0.3670 
Processors                          16
Threads amount                      16
Total time                      5.8726
Productive time                 0.2942 ( CPU= 0.0135 Sys= 0.2806 I/O= 0.0000 )
Lost  time                      5.5784 
   Insufficient parallelism     4.3702 ( User= 0.1606 Sys= 4.2096 )
   Communication                1.2081 ( Real_sync= 0.0000 Starts= 0.0000 )
   Idle time                    0.0002
Load imbalance                  0.0447
Synchronization                 1.1557
Time variation                  0.6373
Overlap                         0.0004
                  Nop   Communic    Synchro  Variation    Overlap 
I/O                16     0.0000     0.0036     0.0069     0.0000 
Reduction           7     0.0099     0.0001     0.0001     0.0000 
Remote access    4155     1.1981     1.1520     0.6303     0.0004 
--- The comparative characteristics --- 
                              Tmin N proc      Tmax N proc      Tmid
Lost time                   0.3459     7     0.3551    13     0.3487 
User insufficient par.      0.0074    13     0.0124     7     0.0100 
Sys.insufficient par.       0.1689    13     0.3024     7     0.2631 
Idle time                   0.0000     2     0.0000    14     0.0000 
Communication               0.0311     7     0.1788    13     0.0755 
Synchronization             0.0132     8     0.1834    13     0.0722 
Variation                   0.0083     2     0.1103    15     0.0398 
Overlap                     0.0000    13     0.0001     7     0.0000 
Load imbalance              0.0000     7     0.0093    13     0.0028 
Execution time              0.3670    14     0.3670    12     0.3670 
User CPU time               0.0006    13     0.0010     7     0.0008 
Sys. CPU time               0.0113    13     0.0202     7     0.0175 
I/O time                    0.0000     7     0.0000     1     0.0000 
Processors                      16     1         16    16         16 
                      Communic          Synchro        Variation          Overlap  
I/O             Tmin    0.0000     1     0.0001     1     0.0000     1     0.0000     1 
I/O             Tmax    0.0000    16     0.0005    15     0.0007    15     0.0000    16 
I/O             Tmid    0.0000           0.0002           0.0004           0.0000       
Reduction       Tmin    0.0004     9     0.0000     8     0.0000     8     0.0000     1 
Reduction       Tmax    0.0010    15     0.0000     1     0.0000    13     0.0000     8 
Reduction       Tmid    0.0006           0.0000           0.0000           0.0000       
Remote access   Tmin    0.0306     7     0.0131     8     0.0080     2     0.0000    13 
Remote access   Tmax    0.1777    13     0.1829    13     0.1096    15     0.0001     7 
Remote access   Tmid    0.0749           0.0720           0.0394           0.0000       
--- The execution characteristics --- 
                                1          2          3          4          5          6          7          8          9         10         11         12         13         14         15         16 
Lost time                  0.3470     0.3471     0.3464     0.3465     0.3466     0.3466     0.3459     0.3459     0.3471     0.3472     0.3464     0.3465     0.3551     0.3551     0.3546     0.3545 
User insufficient par.     0.0096     0.0096     0.0113     0.0111     0.0108     0.0107     0.0124     0.0123     0.0096     0.0094     0.0112     0.0110     0.0074     0.0075     0.0081     0.0087 
Sys.insufficient par.      0.2878     0.2870     0.2953     0.2946     0.2927     0.2924     0.3024     0.3021     0.2864     0.2856     0.2956     0.2950     0.1689     0.1695     0.1767     0.1775 
Idle time                  0.0000     0.0000     0.0000     0.0000     0.0000     0.0000     0.0000     0.0000     0.0000     0.0000     0.0000     0.0000     0.0000     0.0000     0.0000     0.0000 
Communication              0.0496     0.0505     0.0398     0.0408     0.0431     0.0435     0.0311     0.0315     0.0512     0.0521     0.0397     0.0405     0.1788     0.1781     0.1698     0.1682 
Synchronization            0.0483     0.0484     0.0372     0.0372     0.0408     0.0406     0.0136     0.0132     0.0518     0.0515     0.0347     0.0347     0.1834     0.1816     0.1708     0.1676 
Variation                  0.0087     0.0083     0.0247     0.0242     0.0182     0.0179     0.0185     0.0181     0.0121     0.0113     0.0226     0.0222     0.1054     0.1045     0.1103     0.1103 
Overlap                    0.0001     0.0001     0.0000     0.0000     0.0000     0.0000     0.0001     0.0001     0.0000     0.0000     0.0000     0.0000     0.0000     0.0000     0.0000     0.0000 
Load imbalance             0.0012     0.0012     0.0006     0.0006     0.0008     0.0008     0.0000     0.0000     0.0013     0.0013     0.0005     0.0006     0.0093     0.0092     0.0087     0.0086 
Execution time             0.3670     0.3670     0.3670     0.3670     0.3670     0.3670     0.3670     0.3670     0.3670     0.3670     0.3670     0.3670     0.3670     0.3670     0.3670     0.3670 
User CPU time              0.0008     0.0008     0.0009     0.0009     0.0009     0.0009     0.0010     0.0010     0.0008     0.0008     0.0009     0.0009     0.0006     0.0006     0.0007     0.0007 
Sys. CPU time              0.0192     0.0191     0.0197     0.0196     0.0195     0.0195     0.0202     0.0201     0.0191     0.0190     0.0197     0.0197     0.0113     0.0113     0.0118     0.0118 
I/O time                   0.0000     0.0000     0.0000     0.0000     0.0000     0.0000     0.0000     0.0000     0.0000     0.0000     0.0000     0.0000     0.0000     0.0000     0.0000     0.0000 
Processors                     16         16         16         16         16         16         16         16         16         16         16         16         16         16         16         16 
           Communication          
Reduction                  0.0005     0.0005     0.0005     0.0005     0.0005     0.0005     0.0005     0.0005     0.0004     0.0004     0.0005     0.0005     0.0010     0.0010     0.0010     0.0010 
Remote access              0.0492     0.0500     0.0393     0.0403     0.0426     0.0430     0.0306     0.0310     0.0508     0.0517     0.0392     0.0400     0.1777     0.1770     0.1687     0.1672 
           Synchronization        
I/O                        0.0001     0.0001     0.0002     0.0002     0.0002     0.0002     0.0001     0.0001     0.0001     0.0001     0.0001     0.0001     0.0005     0.0005     0.0005     0.0005 
Reduction                  0.0000     0.0000     0.0000     0.0000     0.0000     0.0000     0.0000     0.0000     0.0000     0.0000     0.0000     0.0000     0.0000     0.0000     0.0000     0.0000 
Remote access              0.0483     0.0482     0.0370     0.0370     0.0406     0.0405     0.0135     0.0131     0.0517     0.0514     0.0346     0.0346     0.1829     0.1812     0.1703     0.1671 
           Variation              
I/O                        0.0000     0.0004     0.0004     0.0004     0.0004     0.0004     0.0004     0.0004     0.0004     0.0003     0.0004     0.0003     0.0007     0.0007     0.0007     0.0007 
Reduction                  0.0000     0.0000     0.0000     0.0000     0.0000     0.0000     0.0000     0.0000     0.0000     0.0000     0.0000     0.0000     0.0000     0.0000     0.0000     0.0000 
Remote access              0.0087     0.0080     0.0242     0.0239     0.0178     0.0175     0.0182     0.0177     0.0118     0.0110     0.0222     0.0218     0.1047     0.1038     0.1096     0.1096 
           Overlap                
Reduction                  0.0000     0.0000     0.0000     0.0000     0.0000     0.0000     0.0000     0.0000     0.0000     0.0000     0.0000     0.0000     0.0000     0.0000     0.0000     0.0000 
Remote access              0.0001     0.0001     0.0000     0.0000     0.0000     0.0000     0.0001     0.0001     0.0000     0.0000     0.0000     0.0000     0.0000     0.0000     0.0000     0.0000 


-------------------------------------------------------------------------
Name (number) and performance time of processors
omp.keldysh.ru(1) 0.935395
omp.keldysh.ru(2) 0.935317
omp.keldysh.ru(3) 0.957734
omp.keldysh.ru(4) 0.958061
omp.keldysh.ru(5) 0.935390
omp.keldysh.ru(6) 0.935374
omp.keldysh.ru(7) 0.958241
omp.keldysh.ru(8) 0.958223
omp.keldysh.ru(9) 0.959820
omp.keldysh.ru(10) 0.959797
omp.keldysh.ru(11) 0.961097
omp.keldysh.ru(12) 0.961091
omp.keldysh.ru(13) 0.959486
omp.keldysh.ru(14) 0.959480
omp.keldysh.ru(15) 0.959035
omp.keldysh.ru(16) 0.959010
min - omp.keldysh.ru(2) 0.935317; max - omp.keldysh.ru(11) 0.961097; mid - 0.953285
