Processor system=4*1*4
Statistics has been accumulated on DVM-system version 5.0, platform DVM
Analyzer is executing on DVM-system version 5.0, platform DVM
-------------------------------------------------------------------------
INTERVAL ( NLINE=7 SOURCE=d_sor3d.f ) LEVEL=0  EXE_COUNT=1
--- The main characteristics --- 
Parallelization efficiency      0.5066 
Execution time                  7.7422 
Processors                          16
Threads amount                      16
Total time                    123.8758
Productive time                62.7514 ( CPU= 61.9921 Sys= 0.7587 I/O= 0.0006 )
Lost  time                     61.1244 
   Insufficient parallelism    11.7633 ( User= 0.3742 Sys= 11.3891 )
   Communication               49.3214 ( Real_sync= 0.0025 Starts= 0.0000 )
   Idle time                    0.0398
Load imbalance                  4.1242
Synchronization                 4.1321
Time variation                  5.1607
Overlap                         0.0010
                  Nop   Communic  Real_sync    Synchro  Variation    Overlap 
I/O               107     0.0000     0.0000     0.0169     0.1160     0.0000 
Reduction         100    21.5814     0.0000     0.0062     0.0063     0.0006 
Shadow            102    27.6524     0.0000     4.1089     5.0385     0.0004 
--- The comparative characteristics --- 
                              Tmin N proc      Tmax N proc      Tmid
Lost time                   3.5625    10     4.2621    13     3.8203 
User insufficient par.      0.0154    15     0.0296     4     0.0234 
Sys.insufficient par.       0.3767    16     1.0061     6     0.7118 
Idle time                   0.0000     6     0.0047    13     0.0025 
Communication               2.5656     6     3.8501    16     3.0826 
Real synchronization        0.0000    10     0.0006    14     0.0002 
Synchronization             0.0777    11     0.6502     1     0.2583 
Variation                   0.1433    11     0.6193    13     0.3225 
Overlap                     0.0000     4     0.0002     7     0.0001 
Load imbalance              0.0000    10     0.6996    13     0.2578 
Execution time              7.7375    13     7.7422     6     7.7398 
User CPU time               3.4498    13     4.1152    10     3.8745 
Sys. CPU time               0.0251    16     0.0671     6     0.0474 
I/O time                    0.0000    13     0.0005     1     0.0000 
Processors                      16     1         16    16         16 
                      Communic        Real_sync          Synchro        Variation          Overlap  
I/O             Tmin    0.0000     1     0.0000     1     0.0002     5     0.0000     1     0.0000     1 
I/O             Tmax    0.0000    16     0.0000    16     0.0018    15     0.0083    15     0.0000    16 
I/O             Tmid    0.0000           0.0000           0.0011           0.0072           0.0000       
Reduction       Tmin    0.0014    16     0.0000     1     0.0000     5     0.0000     5     0.0000    16 
Reduction       Tmax    2.7178     1     0.0000    16     0.0007    15     0.0006    15     0.0002     5 
Reduction       Tmid    1.3488           0.0000           0.0004           0.0004           0.0000       
Shadow          Tmin    0.4551     5     0.0000     1     0.0756    11     0.1345    11     0.0000     1 
Shadow          Tmax    3.8402    16     0.0000    16     0.6496     1     0.6107    13     0.0002     7 
Shadow          Tmid    1.7283           0.0000           0.2568           0.3149           0.0000       
--- The execution characteristics --- 
                                1          2          3          4          5          6          7          8          9         10         11         12         13         14         15         16 
Lost time                  3.8355     3.7877     3.7875     3.8113     3.7172     3.5975     3.5831     3.6328     3.7141     3.5625     3.5834     3.6157     4.2621     4.1894     4.1960     4.2488 
User insufficient par.     0.0249     0.0243     0.0254     0.0296     0.0274     0.0258     0.0257     0.0221     0.0245     0.0253     0.0252     0.0276     0.0164     0.0170     0.0154     0.0173 
Sys.insufficient par.      0.5737     0.5586     0.5302     0.4821     0.9835     1.0061     0.9741     0.9237     0.9486     0.9680     0.8696     0.8646     0.4547     0.4566     0.4183     0.3767 
Idle time                  0.0007     0.0042     0.0035     0.0031     0.0007     0.0000     0.0000     0.0041     0.0041     0.0007     0.0007     0.0007     0.0047     0.0032     0.0046     0.0046 
Communication              3.2361     3.2006     3.2283     3.2965     2.7056     2.5656     2.5832     2.6829     2.7368     2.5686     2.6878     2.7227     3.7862     3.7125     3.7577     3.8501 
Real synchronization       0.0000     0.0000     0.0000     0.0000     0.0000     0.0000     0.0000     0.0000     0.0000     0.0000     0.0000     0.0000     0.0006     0.0006     0.0005     0.0006 
Synchronization            0.6502     0.5732     0.5427     0.5241     0.1796     0.1233     0.0896     0.0883     0.1497     0.0964     0.0777     0.0814     0.2896     0.2381     0.2209     0.2072 
Variation                  0.3976     0.3588     0.3049     0.2846     0.3207     0.2298     0.1791     0.1703     0.2666     0.1778     0.1433     0.1498     0.6193     0.5612     0.5155     0.4812 
Overlap                    0.0001     0.0000     0.0001     0.0000     0.0002     0.0001     0.0002     0.0000     0.0001     0.0001     0.0001     0.0000     0.0000     0.0000     0.0000     0.0000 
Load imbalance             0.2734     0.2252     0.2249     0.2488     0.1546     0.0349     0.0205     0.0703     0.1515     0.0000     0.0208     0.0532     0.6996     0.6268     0.6334     0.6862 
Execution time             7.7415     7.7381     7.7388     7.7392     7.7415     7.7422     7.7422     7.7381     7.7381     7.7415     7.7415     7.7415     7.7375     7.7390     7.7377     7.7376 
User CPU time              3.8685     3.9173     3.9194     3.8988     3.9595     4.0777     4.0942     4.0478     3.9649     4.1152     4.1009     4.0689     3.4498     3.5224     3.5184     3.4684 
Sys. CPU time              0.0378     0.0372     0.0353     0.0321     0.0656     0.0671     0.0649     0.0616     0.0632     0.0645     0.0580     0.0576     0.0303     0.0304     0.0279     0.0251 
I/O time                   0.0005     0.0000     0.0000     0.0000     0.0000     0.0000     0.0000     0.0000     0.0000     0.0000     0.0000     0.0000     0.0000     0.0000     0.0000     0.0000 
Processors                     16         16         16         16         16         16         16         16         16         16         16         16         16         16         16         16 
           Communication          
Reduction                  2.7178     2.2702     1.8202     1.3765     2.2503     1.8021     1.3410     0.8973     1.7840     1.3297     0.8698     0.4283     1.3571     0.8966     0.4388     0.0014 
Shadow                     0.5177     0.9299     1.4074     1.9194     0.4551     0.7633     1.2417     1.7852     0.9527     1.2388     1.7671     2.2944     2.4205     2.8072     3.3118     3.8402 
           Real synchronization   
           Synchronization        
I/O                        0.0004     0.0008     0.0004     0.0009     0.0002     0.0007     0.0007     0.0015     0.0002     0.0009     0.0016     0.0018     0.0014     0.0017     0.0018     0.0018 
Reduction                  0.0002     0.0004     0.0001     0.0004     0.0000     0.0003     0.0002     0.0006     0.0001     0.0003     0.0006     0.0006     0.0005     0.0007     0.0007     0.0006 
Shadow                     0.6496     0.5720     0.5422     0.5227     0.1794     0.1223     0.0887     0.0861     0.1494     0.0951     0.0756     0.0790     0.2877     0.2358     0.2184     0.2049 
           Variation              
I/O                        0.0000     0.0075     0.0070     0.0076     0.0068     0.0074     0.0074     0.0082     0.0068     0.0076     0.0083     0.0083     0.0081     0.0083     0.0083     0.0083 
Reduction                  0.0002     0.0004     0.0001     0.0004     0.0000     0.0003     0.0002     0.0006     0.0001     0.0004     0.0006     0.0006     0.0005     0.0006     0.0006     0.0006 
Shadow                     0.3975     0.3510     0.2978     0.2767     0.3138     0.2221     0.1715     0.1615     0.2596     0.1699     0.1345     0.1408     0.6107     0.5522     0.5066     0.4723 
           Overlap                
Reduction                  0.0001     0.0000     0.0001     0.0000     0.0002     0.0000     0.0000     0.0000     0.0001     0.0000     0.0000     0.0000     0.0000     0.0000     0.0000     0.0000 
Shadow                     0.0000     0.0000     0.0000     0.0000     0.0000     0.0001     0.0002     0.0000     0.0000     0.0001     0.0001     0.0000     0.0000     0.0000     0.0000     0.0000 


-------------------------------------------------------------------------
Name (number) and performance time of processors
omp.keldysh.ru(1) 0.933630
omp.keldysh.ru(2) 0.933585
omp.keldysh.ru(3) 0.956681
omp.keldysh.ru(4) 0.956671
omp.keldysh.ru(5) 0.957502
omp.keldysh.ru(6) 0.957496
omp.keldysh.ru(7) 0.957949
omp.keldysh.ru(8) 0.957913
omp.keldysh.ru(9) 0.957342
omp.keldysh.ru(10) 0.957350
omp.keldysh.ru(11) 0.956853
omp.keldysh.ru(12) 0.956849
omp.keldysh.ru(13) 0.956096
omp.keldysh.ru(14) 0.956403
omp.keldysh.ru(15) 0.957279
omp.keldysh.ru(16) 0.957276
min - omp.keldysh.ru(2) 0.933585; max - omp.keldysh.ru(7) 0.957949; mid - 0.954180
