Processor system=4*2*1*2
Statistics has been accumulated on DVM-system version 5.0, platform DVM
Analyzer is executing on DVM-system version 5.0, platform DVM
-------------------------------------------------------------------------
INTERVAL ( NLINE=7 SOURCE=reda43.f ) LEVEL=0  EXE_COUNT=1
--- The main characteristics --- 
Parallelization efficiency      0.0553 
Execution time                  0.0051 
Processors                          16
Threads amount                      16
Total time                      0.0813
Productive time                 0.0045 ( CPU= 0.0040 Sys= 0.0004 I/O= 0.0000 )
Lost  time                      0.0768 
   Insufficient parallelism     0.0616 ( User= 0.0547 Sys= 0.0069 )
   Communication                0.0134 ( Real_sync= 0.0000 Starts= 0.0000 )
   Idle time                    0.0018
Load imbalance                  0.0003
Synchronization                 0.0065
Time variation                  0.0046
Overlap                         0.0001
                  Nop   Communic    Synchro  Variation    Overlap 
I/O                 6     0.0000     0.0007     0.0029     0.0000 
Reduction           4     0.0087     0.0008     0.0003     0.0001 
Remote access      21     0.0047     0.0051     0.0014     0.0000 
--- The comparative characteristics --- 
                              Tmin N proc      Tmax N proc      Tmid
Lost time                   0.0048    11     0.0049    13     0.0048 
User insufficient par.      0.0020    13     0.0036     3     0.0034 
Sys.insufficient par.       0.0003    15     0.0006     1     0.0004 
Idle time                   0.0000     3     0.0014    13     0.0001 
Communication               0.0007     1     0.0011    14     0.0008 
Synchronization             0.0002     1     0.0007    14     0.0004 
Variation                   0.0001     1     0.0004     3     0.0003 
Overlap                     0.0000    13     0.0000     1     0.0000 
Load imbalance              0.0000    11     0.0001    13     0.0000 
Execution time              0.0037    13     0.0051     3     0.0050 
User CPU time               0.0001    13     0.0003    11     0.0003 
Sys. CPU time               0.0000    15     0.0000     2     0.0000 
I/O time                    0.0000     6     0.0000     1     0.0000 
Processors                      16     1         16    16         16 
                      Communic          Synchro        Variation          Overlap  
I/O             Tmin    0.0000     1     0.0000    12     0.0000     1     0.0000     1 
I/O             Tmax    0.0000    16     0.0001     3     0.0002     3     0.0000    16 
I/O             Tmid    0.0000           0.0000           0.0002           0.0000       
Reduction       Tmin    0.0005     1     0.0000    10     0.0000    12     0.0000    13 
Reduction       Tmax    0.0006    14     0.0001    13     0.0000     1     0.0000    12 
Reduction       Tmid    0.0005           0.0000           0.0000           0.0000       
Remote access   Tmin    0.0002     1     0.0001     1     0.0000    16     0.0000     2 
Remote access   Tmax    0.0005    14     0.0006    14     0.0001     3     0.0000     1 
Remote access   Tmid    0.0003           0.0003           0.0001           0.0000       
--- The execution characteristics --- 
                                1          2          3          4          5          6          7          8          9         10         11         12         13         14         15         16 
Lost time                  0.0048     0.0048     0.0048     0.0048     0.0048     0.0048     0.0048     0.0048     0.0048     0.0048     0.0048     0.0048     0.0049     0.0048     0.0048     0.0048 
User insufficient par.     0.0035     0.0035     0.0036     0.0036     0.0035     0.0035     0.0036     0.0035     0.0036     0.0036     0.0036     0.0036     0.0020     0.0033     0.0034     0.0034 
Sys.insufficient par.      0.0006     0.0005     0.0004     0.0004     0.0005     0.0004     0.0004     0.0004     0.0004     0.0004     0.0004     0.0004     0.0004     0.0004     0.0003     0.0004 
Idle time                  0.0000     0.0000     0.0000     0.0000     0.0000     0.0000     0.0000     0.0000     0.0000     0.0000     0.0000     0.0000     0.0014     0.0000     0.0000     0.0000 
Communication              0.0007     0.0008     0.0008     0.0008     0.0008     0.0008     0.0007     0.0007     0.0007     0.0007     0.0007     0.0007     0.0011     0.0011     0.0011     0.0011 
Synchronization            0.0002     0.0002     0.0005     0.0005     0.0004     0.0004     0.0003     0.0003     0.0003     0.0003     0.0003     0.0003     0.0007     0.0007     0.0007     0.0006 
Variation                  0.0001     0.0003     0.0004     0.0004     0.0003     0.0003     0.0003     0.0003     0.0003     0.0003     0.0002     0.0002     0.0003     0.0003     0.0003     0.0002 
Overlap                    0.0000     0.0000     0.0000     0.0000     0.0000     0.0000     0.0000     0.0000     0.0000     0.0000     0.0000     0.0000     0.0000     0.0000     0.0000     0.0000 
Load imbalance             0.0000     0.0000     0.0000     0.0000     0.0000     0.0000     0.0000     0.0000     0.0000     0.0000     0.0000     0.0000     0.0001     0.0000     0.0000     0.0000 
Execution time             0.0051     0.0051     0.0051     0.0051     0.0050     0.0050     0.0050     0.0050     0.0050     0.0051     0.0050     0.0051     0.0037     0.0050     0.0051     0.0051 
User CPU time              0.0003     0.0003     0.0003     0.0003     0.0003     0.0003     0.0003     0.0003     0.0003     0.0003     0.0003     0.0003     0.0001     0.0002     0.0002     0.0002 
Sys. CPU time              0.0000     0.0000     0.0000     0.0000     0.0000     0.0000     0.0000     0.0000     0.0000     0.0000     0.0000     0.0000     0.0000     0.0000     0.0000     0.0000 
I/O time                   0.0000     0.0000     0.0000     0.0000     0.0000     0.0000     0.0000     0.0000     0.0000     0.0000     0.0000     0.0000     0.0000     0.0000     0.0000     0.0000 
Processors                     16         16         16         16         16         16         16         16         16         16         16         16         16         16         16         16 
           Communication          
Reduction                  0.0005     0.0005     0.0005     0.0006     0.0005     0.0005     0.0005     0.0005     0.0005     0.0005     0.0005     0.0005     0.0006     0.0006     0.0006     0.0006 
Remote access              0.0002     0.0003     0.0002     0.0002     0.0002     0.0002     0.0002     0.0002     0.0002     0.0002     0.0002     0.0002     0.0005     0.0005     0.0005     0.0005 
           Synchronization        
I/O                        0.0001     0.0001     0.0001     0.0001     0.0000     0.0000     0.0000     0.0000     0.0000     0.0000     0.0000     0.0000     0.0001     0.0000     0.0001     0.0000 
Reduction                  0.0000     0.0000     0.0001     0.0001     0.0000     0.0000     0.0000     0.0000     0.0000     0.0000     0.0001     0.0001     0.0001     0.0001     0.0001     0.0000 
Remote access              0.0001     0.0001     0.0003     0.0003     0.0003     0.0003     0.0003     0.0003     0.0002     0.0002     0.0002     0.0002     0.0005     0.0006     0.0005     0.0005 
           Variation              
I/O                        0.0000     0.0002     0.0002     0.0002     0.0002     0.0002     0.0002     0.0002     0.0002     0.0002     0.0002     0.0002     0.0002     0.0002     0.0002     0.0002 
Reduction                  0.0000     0.0000     0.0000     0.0000     0.0000     0.0000     0.0000     0.0000     0.0000     0.0000     0.0000     0.0000     0.0000     0.0000     0.0000     0.0000 
Remote access              0.0001     0.0001     0.0001     0.0001     0.0001     0.0001     0.0001     0.0001     0.0001     0.0001     0.0001     0.0001     0.0001     0.0001     0.0001     0.0000 
           Overlap                
Reduction                  0.0000     0.0000     0.0000     0.0000     0.0000     0.0000     0.0000     0.0000     0.0000     0.0000     0.0000     0.0000     0.0000     0.0000     0.0000     0.0000 
Remote access              0.0000     0.0000     0.0000     0.0000     0.0000     0.0000     0.0000     0.0000     0.0000     0.0000     0.0000     0.0000     0.0000     0.0000     0.0000     0.0000 


-------------------------------------------------------------------------
Name (number) and performance time of processors
omp.keldysh.ru(1) 0.935385
omp.keldysh.ru(2) 0.935297
omp.keldysh.ru(3) 0.958731
omp.keldysh.ru(4) 0.958803
omp.keldysh.ru(5) 0.958715
omp.keldysh.ru(6) 0.958691
omp.keldysh.ru(7) 0.961382
omp.keldysh.ru(8) 0.961137
omp.keldysh.ru(9) 0.959103
omp.keldysh.ru(10) 0.959095
omp.keldysh.ru(11) 0.962000
omp.keldysh.ru(12) 0.961988
omp.keldysh.ru(13) 0.958596
omp.keldysh.ru(14) 0.958589
omp.keldysh.ru(15) 0.959939
omp.keldysh.ru(16) 0.959941
min - omp.keldysh.ru(2) 0.935297; max - omp.keldysh.ru(11) 0.962000; mid - 0.956712
