Processor system=4*1*1*4
Statistics has been accumulated on DVM-system version 5.0, platform DVM
Analyzer is executing on DVM-system version 5.0, platform DVM
-------------------------------------------------------------------------
INTERVAL ( NLINE=8 SOURCE=red41.f ) LEVEL=0  EXE_COUNT=1
--- The main characteristics --- 
Parallelization efficiency      0.0999 
Execution time                  0.0075 
Processors                          16
Threads amount                      16
Total time                      0.1203
Productive time                 0.0120 ( CPU= 0.0111 Sys= 0.0009 I/O= 0.0000 )
Lost  time                      0.1083 
   Insufficient parallelism     0.0927 ( User= 0.0783 Sys= 0.0145 )
   Communication                0.0137 ( Real_sync= 0.0000 Starts= 0.0000 )
   Idle time                    0.0019
Load imbalance                  0.0011
Synchronization                 0.0091
Time variation                  0.0071
Overlap                         0.0000
                  Nop   Communic    Synchro  Variation    Overlap 
I/O                16     0.0000     0.0011     0.0043     0.0000 
Reduction          14     0.0079     0.0014     0.0005     0.0000 
Remote access      36     0.0058     0.0066     0.0023     0.0000 
--- The comparative characteristics --- 
                              Tmin N proc      Tmax N proc      Tmid
Lost time                   0.0067     9     0.0070    14     0.0068 
User insufficient par.      0.0031    14     0.0052    12     0.0049 
Sys.insufficient par.       0.0006    13     0.0012     1     0.0009 
Idle time                   0.0000    12     0.0016    14     0.0001 
Communication               0.0005     1     0.0017    13     0.0009 
Synchronization             0.0001     1     0.0012    13     0.0006 
Variation                   0.0001     1     0.0006     4     0.0004 
Overlap                     0.0000     3     0.0000    11     0.0000 
Load imbalance              0.0000     9     0.0003    14     0.0001 
Execution time              0.0059    14     0.0075    12     0.0074 
User CPU time               0.0005    14     0.0008     9     0.0007 
Sys. CPU time               0.0000    13     0.0001     3     0.0001 
I/O time                    0.0000    13     0.0000     1     0.0000 
Processors                      16     1         16    16         16 
                      Communic          Synchro        Variation          Overlap  
I/O             Tmin    0.0000     1     0.0000    11     0.0000     1     0.0000     1 
I/O             Tmax    0.0000    16     0.0001     4     0.0003    13     0.0000    16 
I/O             Tmid    0.0000           0.0001           0.0003           0.0000       
Reduction       Tmin    0.0003     1     0.0000     9     0.0000    11     0.0000     1 
Reduction       Tmax    0.0009    13     0.0002    13     0.0001     1     0.0000    16 
Reduction       Tmid    0.0005           0.0001           0.0000           0.0000       
Remote access   Tmin    0.0002     3     0.0000     1     0.0000     1     0.0000     2 
Remote access   Tmax    0.0009    13     0.0009    13     0.0002     3     0.0000    11 
Remote access   Tmid    0.0004           0.0004           0.0001           0.0000       
--- The execution characteristics --- 
                                1          2          3          4          5          6          7          8          9         10         11         12         13         14         15         16 
Lost time                  0.0068     0.0067     0.0067     0.0067     0.0067     0.0067     0.0067     0.0067     0.0067     0.0067     0.0067     0.0067     0.0069     0.0070     0.0069     0.0068 
User insufficient par.     0.0050     0.0052     0.0051     0.0052     0.0052     0.0051     0.0052     0.0051     0.0051     0.0051     0.0051     0.0052     0.0044     0.0031     0.0045     0.0046 
Sys.insufficient par.      0.0012     0.0010     0.0010     0.0009     0.0009     0.0010     0.0010     0.0009     0.0009     0.0010     0.0010     0.0009     0.0006     0.0008     0.0007     0.0008 
Idle time                  0.0000     0.0000     0.0000     0.0000     0.0000     0.0000     0.0000     0.0000     0.0000     0.0000     0.0000     0.0000     0.0001     0.0016     0.0000     0.0000 
Communication              0.0005     0.0006     0.0006     0.0007     0.0006     0.0006     0.0006     0.0006     0.0006     0.0006     0.0006     0.0007     0.0017     0.0015     0.0017     0.0015 
Synchronization            0.0001     0.0004     0.0005     0.0005     0.0005     0.0004     0.0004     0.0004     0.0004     0.0004     0.0004     0.0004     0.0012     0.0010     0.0011     0.0009 
Variation                  0.0001     0.0005     0.0006     0.0006     0.0005     0.0005     0.0005     0.0005     0.0004     0.0004     0.0004     0.0004     0.0005     0.0004     0.0004     0.0004 
Overlap                    0.0000     0.0000     0.0000     0.0000     0.0000     0.0000     0.0000     0.0000     0.0000     0.0000     0.0000     0.0000     0.0000     0.0000     0.0000     0.0000 
Load imbalance             0.0001     0.0000     0.0000     0.0000     0.0000     0.0000     0.0000     0.0000     0.0000     0.0001     0.0000     0.0000     0.0002     0.0003     0.0002     0.0001 
Execution time             0.0075     0.0075     0.0075     0.0075     0.0075     0.0075     0.0075     0.0075     0.0075     0.0075     0.0075     0.0075     0.0074     0.0059     0.0075     0.0075 
User CPU time              0.0007     0.0007     0.0007     0.0007     0.0007     0.0007     0.0007     0.0007     0.0008     0.0007     0.0007     0.0007     0.0006     0.0005     0.0006     0.0006 
Sys. CPU time              0.0001     0.0001     0.0001     0.0001     0.0001     0.0001     0.0001     0.0001     0.0001     0.0001     0.0001     0.0001     0.0000     0.0000     0.0000     0.0001 
I/O time                   0.0000     0.0000     0.0000     0.0000     0.0000     0.0000     0.0000     0.0000     0.0000     0.0000     0.0000     0.0000     0.0000     0.0000     0.0000     0.0000 
Processors                     16         16         16         16         16         16         16         16         16         16         16         16         16         16         16         16 
           Communication          
Reduction                  0.0003     0.0004     0.0004     0.0004     0.0004     0.0004     0.0004     0.0004     0.0004     0.0004     0.0004     0.0004     0.0009     0.0008     0.0009     0.0008 
Remote access              0.0002     0.0002     0.0002     0.0002     0.0002     0.0002     0.0002     0.0002     0.0002     0.0002     0.0003     0.0003     0.0009     0.0007     0.0008     0.0007 
           Synchronization        
I/O                        0.0001     0.0001     0.0001     0.0001     0.0001     0.0001     0.0001     0.0001     0.0001     0.0001     0.0000     0.0001     0.0001     0.0001     0.0001     0.0001 
Reduction                  0.0000     0.0000     0.0001     0.0001     0.0001     0.0001     0.0000     0.0000     0.0000     0.0001     0.0001     0.0001     0.0002     0.0002     0.0002     0.0002 
Remote access              0.0000     0.0003     0.0003     0.0004     0.0003     0.0003     0.0003     0.0003     0.0003     0.0003     0.0003     0.0003     0.0009     0.0007     0.0008     0.0007 
           Variation              
I/O                        0.0000     0.0003     0.0003     0.0003     0.0003     0.0003     0.0003     0.0003     0.0003     0.0003     0.0003     0.0003     0.0003     0.0003     0.0003     0.0003 
Reduction                  0.0001     0.0001     0.0001     0.0000     0.0000     0.0000     0.0000     0.0000     0.0000     0.0000     0.0000     0.0000     0.0000     0.0000     0.0000     0.0000 
Remote access              0.0000     0.0002     0.0002     0.0002     0.0002     0.0002     0.0002     0.0002     0.0001     0.0001     0.0001     0.0001     0.0001     0.0001     0.0001     0.0001 
           Overlap                
Reduction                  0.0000     0.0000     0.0000     0.0000     0.0000     0.0000     0.0000     0.0000     0.0000     0.0000     0.0000     0.0000     0.0000     0.0000     0.0000     0.0000 
Remote access              0.0000     0.0000     0.0000     0.0000     0.0000     0.0000     0.0000     0.0000     0.0000     0.0000     0.0000     0.0000     0.0000     0.0000     0.0000     0.0000 


-------------------------------------------------------------------------
Name (number) and performance time of processors
omp.keldysh.ru(1) 0.933823
omp.keldysh.ru(2) 0.933758
omp.keldysh.ru(3) 0.954523
omp.keldysh.ru(4) 0.954524
omp.keldysh.ru(5) 0.954301
omp.keldysh.ru(6) 0.954268
omp.keldysh.ru(7) 0.951487
omp.keldysh.ru(8) 0.951458
omp.keldysh.ru(9) 0.954948
omp.keldysh.ru(10) 0.954932
omp.keldysh.ru(11) 0.952853
omp.keldysh.ru(12) 0.952831
omp.keldysh.ru(13) 0.934012
omp.keldysh.ru(14) 0.933996
omp.keldysh.ru(15) 0.954810
omp.keldysh.ru(16) 0.955137
min - omp.keldysh.ru(2) 0.933758; max - omp.keldysh.ru(16) 0.955137; mid - 0.948854
