Processor system=1*3*3*2
Statistics has been accumulated on DVM-system version 5.0, platform DVM
Analyzer is executing on DVM-system version 5.0, platform DVM
-------------------------------------------------------------------------
INTERVAL ( NLINE=5 SOURCE=prf43.f ) LEVEL=0  EXE_COUNT=2
--- The main characteristics --- 
Parallelization efficiency      0.0431 
Execution time                  0.0496 
Processors                          18
Threads amount                      18
Total time                      0.8920
Productive time                 0.0384 ( CPU= 0.0091 Sys= 0.0293 I/O= 0.0000 )
Lost  time                      0.8536 
   Insufficient parallelism     0.6168 ( User= 0.1182 Sys= 0.4986 )
   Communication                0.2010 ( Real_sync= 0.0000 Starts= 0.0000 )
   Idle time                    0.0358
Load imbalance                  0.0044
Synchronization                 0.1668
Time variation                  0.1254
Overlap                         0.2239
                  Nop   Communic    Synchro  Variation    Overlap 
I/O                12     0.0000     0.0129     0.0153     0.0000 
Reduction          22     0.0633     0.0024     0.0025     0.0000 
Remote access     180     0.1377     0.1515     0.1077     0.2239 
--- The comparative characteristics --- 
                              Tmin N proc      Tmax N proc      Tmid
Lost time                   0.0472    16     0.0480    18     0.0474 
User insufficient par.      0.0058    18     0.0085    16     0.0066 
Sys.insufficient par.       0.0187    17     0.0298    15     0.0277 
Idle time                   0.0000    16     0.0027     8     0.0020 
Communication               0.0087    15     0.0209    17     0.0112 
Synchronization             0.0032    16     0.0167    17     0.0093 
Variation                   0.0018    12     0.0181    17     0.0070 
Overlap                     0.0095     3     0.0152    16     0.0124 
Load imbalance              0.0000    16     0.0008    18     0.0002 
Execution time              0.0469     8     0.0496    16     0.0476 
User CPU time               0.0004    18     0.0006    16     0.0005 
Sys. CPU time               0.0011    17     0.0018    15     0.0016 
I/O time                    0.0000    16     0.0000     1     0.0000 
Processors                      18     1         18    18         18 
                      Communic          Synchro        Variation          Overlap  
I/O             Tmin    0.0000     1     0.0001    16     0.0003    16     0.0000     1 
I/O             Tmax    0.0000    18     0.0019    17     0.0021    17     0.0000    18 
I/O             Tmid    0.0000           0.0007           0.0009           0.0000       
Reduction       Tmin    0.0009    12     0.0001     4     0.0001     4     0.0000     1 
Reduction       Tmax    0.0097    17     0.0001     6     0.0001     2     0.0000    15 
Reduction       Tmid    0.0035           0.0001           0.0001           0.0000       
Remote access   Tmin    0.0056     3     0.0030    16     0.0013    12     0.0095     3 
Remote access   Tmax    0.0111    17     0.0147    17     0.0159    17     0.0152    16 
Remote access   Tmid    0.0076           0.0084           0.0060           0.0124       
--- The execution characteristics --- 
                                1          2          3          4          5          6          7          8          9         10         11         12         13         14         15         16         17         18 
Lost time                  0.0475     0.0474     0.0474     0.0475     0.0473     0.0474     0.0474     0.0474     0.0474     0.0473     0.0473     0.0473     0.0474     0.0473     0.0473     0.0472     0.0479     0.0480 
User insufficient par.     0.0059     0.0070     0.0070     0.0060     0.0078     0.0060     0.0059     0.0059     0.0059     0.0073     0.0060     0.0060     0.0059     0.0066     0.0067     0.0085     0.0079     0.0058 
Sys.insufficient par.      0.0282     0.0282     0.0279     0.0279     0.0285     0.0286     0.0284     0.0285     0.0284     0.0285     0.0294     0.0294     0.0296     0.0297     0.0298     0.0295     0.0187     0.0194 
Idle time                  0.0027     0.0016     0.0015     0.0026     0.0008     0.0026     0.0027     0.0027     0.0027     0.0012     0.0026     0.0026     0.0027     0.0019     0.0019     0.0000     0.0004     0.0026 
Communication              0.0108     0.0107     0.0109     0.0109     0.0102     0.0102     0.0104     0.0104     0.0104     0.0103     0.0093     0.0093     0.0092     0.0091     0.0087     0.0091     0.0209     0.0202 
Synchronization            0.0109     0.0112     0.0141     0.0140     0.0075     0.0073     0.0119     0.0124     0.0118     0.0119     0.0041     0.0041     0.0037     0.0039     0.0034     0.0032     0.0167     0.0148 
Variation                  0.0070     0.0072     0.0102     0.0099     0.0051     0.0048     0.0085     0.0087     0.0081     0.0080     0.0019     0.0018     0.0027     0.0026     0.0020     0.0021     0.0181     0.0166 
Overlap                    0.0124     0.0122     0.0095     0.0095     0.0137     0.0137     0.0100     0.0097     0.0101     0.0101     0.0149     0.0149     0.0151     0.0152     0.0151     0.0152     0.0110     0.0117 
Load imbalance             0.0003     0.0002     0.0002     0.0003     0.0001     0.0002     0.0002     0.0002     0.0002     0.0001     0.0001     0.0001     0.0002     0.0001     0.0001     0.0000     0.0007     0.0008 
Execution time             0.0469     0.0480     0.0480     0.0469     0.0488     0.0469     0.0469     0.0469     0.0469     0.0484     0.0469     0.0469     0.0469     0.0476     0.0476     0.0496     0.0492     0.0469 
User CPU time              0.0004     0.0005     0.0005     0.0005     0.0006     0.0005     0.0005     0.0005     0.0005     0.0006     0.0005     0.0005     0.0005     0.0005     0.0005     0.0006     0.0006     0.0004 
Sys. CPU time              0.0016     0.0017     0.0016     0.0016     0.0017     0.0017     0.0017     0.0017     0.0017     0.0017     0.0017     0.0017     0.0017     0.0017     0.0018     0.0017     0.0011     0.0011 
I/O time                   0.0000     0.0000     0.0000     0.0000     0.0000     0.0000     0.0000     0.0000     0.0000     0.0000     0.0000     0.0000     0.0000     0.0000     0.0000     0.0000     0.0000     0.0000 
Processors                     18         18         18         18         18         18         18         18         18         18         18         18         18         18         18         18         18         18 
           Communication          
Reduction                  0.0024     0.0023     0.0053     0.0051     0.0019     0.0018     0.0047     0.0046     0.0046     0.0044     0.0010     0.0009     0.0014     0.0014     0.0010     0.0011     0.0097     0.0097 
Remote access              0.0084     0.0084     0.0056     0.0058     0.0083     0.0084     0.0057     0.0058     0.0058     0.0059     0.0083     0.0084     0.0078     0.0077     0.0077     0.0080     0.0111     0.0105 
           Synchronization        
I/O                        0.0009     0.0009     0.0009     0.0009     0.0007     0.0006     0.0008     0.0009     0.0007     0.0007     0.0002     0.0002     0.0002     0.0002     0.0002     0.0001     0.0019     0.0017 
Reduction                  0.0001     0.0001     0.0001     0.0001     0.0001     0.0001     0.0001     0.0001     0.0001     0.0001     0.0001     0.0001     0.0001     0.0001     0.0001     0.0001     0.0001     0.0001 
Remote access              0.0098     0.0101     0.0130     0.0129     0.0067     0.0065     0.0109     0.0113     0.0109     0.0111     0.0037     0.0038     0.0034     0.0036     0.0031     0.0030     0.0147     0.0130 
           Variation              
I/O                        0.0009     0.0011     0.0011     0.0011     0.0008     0.0008     0.0010     0.0010     0.0009     0.0009     0.0004     0.0003     0.0004     0.0003     0.0003     0.0003     0.0021     0.0018 
Reduction                  0.0001     0.0001     0.0001     0.0001     0.0001     0.0001     0.0001     0.0001     0.0001     0.0001     0.0001     0.0001     0.0001     0.0001     0.0001     0.0001     0.0001     0.0001 
Remote access              0.0060     0.0060     0.0089     0.0087     0.0042     0.0038     0.0074     0.0075     0.0071     0.0070     0.0014     0.0013     0.0022     0.0022     0.0015     0.0017     0.0159     0.0147 
           Overlap                
Reduction                  0.0000     0.0000     0.0000     0.0000     0.0000     0.0000     0.0000     0.0000     0.0000     0.0000     0.0000     0.0000     0.0000     0.0000     0.0000     0.0000     0.0000     0.0000 
Remote access              0.0124     0.0122     0.0095     0.0095     0.0137     0.0137     0.0100     0.0097     0.0101     0.0101     0.0149     0.0149     0.0151     0.0152     0.0151     0.0152     0.0110     0.0117 


-------------------------------------------------------------------------
Name (number) and performance time of processors
omp.keldysh.ru(1) 0.933637
omp.keldysh.ru(2) 0.933658
omp.keldysh.ru(3) 0.957827
omp.keldysh.ru(4) 0.957813
omp.keldysh.ru(5) 0.954030
omp.keldysh.ru(6) 0.953907
omp.keldysh.ru(7) 0.954312
omp.keldysh.ru(8) 0.954583
omp.keldysh.ru(9) 0.933826
omp.keldysh.ru(10) 0.933826
omp.keldysh.ru(11) 0.955965
omp.keldysh.ru(12) 0.955990
omp.keldysh.ru(13) 0.955573
omp.keldysh.ru(14) 0.955545
omp.keldysh.ru(15) 0.954081
omp.keldysh.ru(16) 0.954069
omp.keldysh.ru(17) 0.953254
omp.keldysh.ru(18) 0.953227
min - omp.keldysh.ru(1) 0.933637; max - omp.keldysh.ru(3) 0.957827; mid - 0.950285
