Processor system=3*2*3
Statistics has been accumulated on DVM-system version 5.0, platform DVM
Analyzer is executing on DVM-system version 5.0, platform DVM
-------------------------------------------------------------------------
INTERVAL ( NLINE=6 SOURCE=paralplus34.f ) LEVEL=0  EXE_COUNT=2
--- The main characteristics --- 
Parallelization efficiency      0.0473 
Execution time                  0.0102 
Processors                          18
Threads amount                      18
Total time                      0.1842
Productive time                 0.0087 ( CPU= 0.0084 Sys= 0.0003 I/O= 0.0000 )
Lost  time                      0.1755 
   Insufficient parallelism     0.1102 ( User= 0.1049 Sys= 0.0052 )
   Communication                0.0166 ( Real_sync= 0.0000 Starts= 0.0000 )
   Idle time                    0.0487
Load imbalance                  0.0028
Synchronization                 0.0016
Time variation                  0.0042
Overlap                         0.0000
                  Nop   Communic    Synchro  Variation    Overlap 
I/O                 8     0.0000     0.0011     0.0038     0.0000 
Reduction           5     0.0166     0.0004     0.0004     0.0000 
--- The comparative characteristics --- 
                              Tmin N proc      Tmax N proc      Tmid
Lost time                   0.0096    15     0.0099    10     0.0097 
User insufficient par.      0.0040    18     0.0084    15     0.0058 
Sys.insufficient par.       0.0002    17     0.0005     1     0.0003 
Idle time                   0.0000    15     0.0046     2     0.0027 
Communication               0.0008     1     0.0011    17     0.0009 
Synchronization             0.0000    11     0.0001     7     0.0001 
Variation                   0.0001     1     0.0003     7     0.0002 
Overlap                     0.0000     1     0.0000    17     0.0000 
Load imbalance              0.0000    15     0.0003    10     0.0002 
Execution time              0.0056     2     0.0102    15     0.0075 
User CPU time               0.0003    10     0.0006    15     0.0005 
Sys. CPU time               0.0000    17     0.0000     7     0.0000 
I/O time                    0.0000     9     0.0000     1     0.0000 
Processors                      18     1         18    18         18 
                      Communic          Synchro        Variation          Overlap  
I/O             Tmin    0.0000     1     0.0000    11     0.0000     1     0.0000     1 
I/O             Tmax    0.0000    18     0.0001    15     0.0003    15     0.0000    18 
I/O             Tmid    0.0000           0.0001           0.0002           0.0000       
Reduction       Tmin    0.0008     1     0.0000    17     0.0000    17     0.0000     1 
Reduction       Tmax    0.0011    17     0.0000     7     0.0000    13     0.0000    17 
Reduction       Tmid    0.0009           0.0000           0.0000           0.0000       
--- The execution characteristics --- 
                                1          2          3          4          5          6          7          8          9         10         11         12         13         14         15         16         17         18 
Lost time                  0.0096     0.0098     0.0098     0.0097     0.0097     0.0097     0.0098     0.0098     0.0097     0.0099     0.0097     0.0098     0.0099     0.0098     0.0096     0.0096     0.0097     0.0099 
User insufficient par.     0.0076     0.0041     0.0051     0.0073     0.0065     0.0065     0.0041     0.0047     0.0062     0.0041     0.0062     0.0054     0.0040     0.0058     0.0084     0.0080     0.0069     0.0040 
Sys.insufficient par.      0.0005     0.0003     0.0003     0.0003     0.0003     0.0003     0.0003     0.0003     0.0003     0.0003     0.0003     0.0003     0.0003     0.0003     0.0003     0.0003     0.0002     0.0003 
Idle time                  0.0008     0.0046     0.0035     0.0012     0.0020     0.0019     0.0046     0.0039     0.0023     0.0046     0.0023     0.0031     0.0046     0.0027     0.0000     0.0004     0.0016     0.0046 
Communication              0.0008     0.0008     0.0009     0.0010     0.0009     0.0009     0.0009     0.0009     0.0009     0.0010     0.0009     0.0009     0.0009     0.0009     0.0009     0.0010     0.0011     0.0010 
Synchronization            0.0001     0.0001     0.0001     0.0001     0.0000     0.0001     0.0001     0.0001     0.0001     0.0001     0.0000     0.0001     0.0001     0.0001     0.0001     0.0001     0.0000     0.0001 
Variation                  0.0001     0.0002     0.0003     0.0002     0.0002     0.0002     0.0003     0.0002     0.0003     0.0003     0.0002     0.0002     0.0003     0.0002     0.0003     0.0002     0.0002     0.0002 
Overlap                    0.0000     0.0000     0.0000     0.0000     0.0000     0.0000     0.0000     0.0000     0.0000     0.0000     0.0000     0.0000     0.0000     0.0000     0.0000     0.0000     0.0000     0.0000 
Load imbalance             0.0001     0.0002     0.0002     0.0001     0.0001     0.0001     0.0003     0.0002     0.0001     0.0003     0.0001     0.0002     0.0003     0.0002     0.0000     0.0001     0.0001     0.0003 
Execution time             0.0094     0.0056     0.0067     0.0091     0.0083     0.0083     0.0057     0.0063     0.0079     0.0056     0.0079     0.0071     0.0056     0.0075     0.0102     0.0098     0.0087     0.0057 
User CPU time              0.0006     0.0004     0.0004     0.0005     0.0005     0.0005     0.0004     0.0004     0.0005     0.0003     0.0005     0.0004     0.0004     0.0005     0.0006     0.0006     0.0005     0.0004 
Sys. CPU time              0.0000     0.0000     0.0000     0.0000     0.0000     0.0000     0.0000     0.0000     0.0000     0.0000     0.0000     0.0000     0.0000     0.0000     0.0000     0.0000     0.0000     0.0000 
I/O time                   0.0000     0.0000     0.0000     0.0000     0.0000     0.0000     0.0000     0.0000     0.0000     0.0000     0.0000     0.0000     0.0000     0.0000     0.0000     0.0000     0.0000     0.0000 
Processors                     18         18         18         18         18         18         18         18         18         18         18         18         18         18         18         18         18         18 
           Communication          
Reduction                  0.0008     0.0008     0.0009     0.0010     0.0009     0.0009     0.0009     0.0009     0.0009     0.0010     0.0009     0.0009     0.0009     0.0009     0.0009     0.0010     0.0011     0.0010 
           Synchronization        
I/O                        0.0001     0.0000     0.0001     0.0001     0.0000     0.0001     0.0001     0.0001     0.0001     0.0001     0.0000     0.0001     0.0001     0.0001     0.0001     0.0000     0.0000     0.0001 
Reduction                  0.0000     0.0000     0.0000     0.0000     0.0000     0.0000     0.0000     0.0000     0.0000     0.0000     0.0000     0.0000     0.0000     0.0000     0.0000     0.0000     0.0000     0.0000 
           Variation              
I/O                        0.0000     0.0002     0.0002     0.0002     0.0002     0.0002     0.0003     0.0002     0.0003     0.0002     0.0002     0.0002     0.0002     0.0002     0.0003     0.0002     0.0002     0.0002 
Reduction                  0.0000     0.0000     0.0000     0.0000     0.0000     0.0000     0.0000     0.0000     0.0000     0.0000     0.0000     0.0000     0.0000     0.0000     0.0000     0.0000     0.0000     0.0000 
           Overlap                
Reduction                  0.0000     0.0000     0.0000     0.0000     0.0000     0.0000     0.0000     0.0000     0.0000     0.0000     0.0000     0.0000     0.0000     0.0000     0.0000     0.0000     0.0000     0.0000 


-------------------------------------------------------------------------
Name (number) and performance time of processors
omp.keldysh.ru(1) 0.933947
omp.keldysh.ru(2) 0.933871
omp.keldysh.ru(3) 0.956980
omp.keldysh.ru(4) 0.957076
omp.keldysh.ru(5) 0.957116
omp.keldysh.ru(6) 0.957093
omp.keldysh.ru(7) 0.956412
omp.keldysh.ru(8) 0.956418
omp.keldysh.ru(9) 0.955868
omp.keldysh.ru(10) 0.956199
omp.keldysh.ru(11) 0.955893
omp.keldysh.ru(12) 0.955899
omp.keldysh.ru(13) 0.959718
omp.keldysh.ru(14) 0.959718
omp.keldysh.ru(15) 0.956513
omp.keldysh.ru(16) 0.956534
omp.keldysh.ru(17) 0.950324
omp.keldysh.ru(18) 0.950330
min - omp.keldysh.ru(2) 0.933871; max - omp.keldysh.ru(13) 0.959718; mid - 0.953662
