Processor system=1*1*4*4
Statistics has been accumulated on DVM-system version 5.0, platform DVM
Analyzer is executing on DVM-system version 5.0, platform DVM
-------------------------------------------------------------------------
INTERVAL ( NLINE=7 SOURCE=sc41.f ) LEVEL=0  EXE_COUNT=1
--- The main characteristics --- 
Parallelization efficiency      0.1366 
Execution time                  1.8290 
Processors                          16
Threads amount                      16
Total time                     29.2646
Productive time                 3.9985 ( CPU= 3.9914 Sys= 0.0071 I/O= 0.0000 )
Lost  time                     25.2661 
   Insufficient parallelism    20.8794 ( User= 20.7723 Sys= 0.1070 )
   Communication                4.3528 ( Real_sync= 0.0000 Starts= 0.0000 )
   Idle time                    0.0339
Load imbalance                  2.5019
Synchronization                 0.0266
Time variation                  0.0301
Overlap                         0.0000
                  Nop   Communic    Synchro  Variation    Overlap 
I/O                11     0.0000     0.0265     0.0300     0.0000 
Reduction           9     4.3528     0.0001     0.0001     0.0000 
--- The comparative characteristics --- 
                              Tmin N proc      Tmax N proc      Tmid
Lost time                   1.4228     7     1.7193    13     1.5791 
User insufficient par.      0.9504    13     1.4149     9     1.2983 
Sys.insufficient par.       0.0038    16     0.0094     7     0.0067 
Idle time                   0.0000    10     0.0062    16     0.0021 
Communication               0.0002     7     0.7588    13     0.2720 
Synchronization             0.0000    10     0.0049    13     0.0017 
Variation                   0.0002    10     0.0051    13     0.0019 
Overlap                     0.0000     1     0.0000    12     0.0000 
Load imbalance              0.0000     7     0.2966    13     0.1564 
Execution time              1.8228    16     1.8290    10     1.8269 
User CPU time               0.1094    13     0.4056     7     0.2495 
Sys. CPU time               0.0003    16     0.0006     7     0.0004 
I/O time                    0.0000     4     0.0000     1     0.0000 
Processors                      16     1         16    16         16 
                      Communic          Synchro        Variation          Overlap  
I/O             Tmin    0.0000     1     0.0000    10     0.0002    10     0.0000     1 
I/O             Tmax    0.0000    16     0.0049    13     0.0051    13     0.0000    16 
I/O             Tmid    0.0000           0.0017           0.0019           0.0000       
Reduction       Tmin    0.0002     7     0.0000     9     0.0000     6     0.0000     1 
Reduction       Tmax    0.7588    13     0.0000     2     0.0000     2     0.0000    12 
Reduction       Tmid    0.2720           0.0000           0.0000           0.0000       
--- The execution characteristics --- 
                                1          2          3          4          5          6          7          8          9         10         11         12         13         14         15         16 
Lost time                  1.6798     1.6466     1.6540     1.6833     1.5267     1.4376     1.4228     1.5230     1.5238     1.4333     1.4284     1.5287     1.7193     1.6690     1.6710     1.7188 
User insufficient par.     1.4136     1.4115     1.4139     1.4101     1.4146     1.4109     1.4129     1.4128     1.4149     1.4108     1.4132     1.4129     0.9504     0.9544     0.9591     0.9563 
Sys.insufficient par.      0.0049     0.0069     0.0068     0.0046     0.0067     0.0092     0.0094     0.0066     0.0067     0.0094     0.0093     0.0066     0.0039     0.0064     0.0057     0.0038 
Idle time                  0.0030     0.0006     0.0017     0.0049     0.0014     0.0003     0.0003     0.0023     0.0012     0.0000     0.0000     0.0020     0.0062     0.0030     0.0009     0.0062 
Communication              0.2583     0.2276     0.2315     0.2637     0.1040     0.0172     0.0002     0.1012     0.1011     0.0131     0.0058     0.1071     0.7588     0.7052     0.7054     0.7525 
Synchronization            0.0031     0.0011     0.0009     0.0032     0.0009     0.0001     0.0000     0.0011     0.0009     0.0000     0.0001     0.0011     0.0049     0.0021     0.0026     0.0046 
Variation                  0.0030     0.0013     0.0012     0.0034     0.0012     0.0003     0.0003     0.0013     0.0011     0.0002     0.0003     0.0013     0.0051     0.0023     0.0028     0.0049 
Overlap                    0.0000     0.0000     0.0000     0.0000     0.0000     0.0000     0.0000     0.0000     0.0000     0.0000     0.0000     0.0000     0.0000     0.0000     0.0000     0.0000 
Load imbalance             0.2571     0.2238     0.2312     0.2605     0.1040     0.0149     0.0000     0.1003     0.1010     0.0105     0.0056     0.1059     0.2966     0.2462     0.2483     0.2961 
Execution time             1.8261     1.8285     1.8273     1.8241     1.8276     1.8287     1.8287     1.8267     1.8279     1.8290     1.8290     1.8270     1.8228     1.8261     1.8282     1.8228 
User CPU time              0.1489     0.1820     0.1746     0.1455     0.3019     0.3908     0.4056     0.3056     0.3048     0.3951     0.4000     0.2999     0.1094     0.1597     0.1576     0.1099 
Sys. CPU time              0.0003     0.0005     0.0005     0.0003     0.0004     0.0006     0.0006     0.0004     0.0004     0.0006     0.0006     0.0004     0.0003     0.0004     0.0004     0.0003 
I/O time                   0.0000     0.0000     0.0000     0.0000     0.0000     0.0000     0.0000     0.0000     0.0000     0.0000     0.0000     0.0000     0.0000     0.0000     0.0000     0.0000 
Processors                     16         16         16         16         16         16         16         16         16         16         16         16         16         16         16         16 
           Communication          
Reduction                  0.2583     0.2276     0.2315     0.2637     0.1040     0.0172     0.0002     0.1012     0.1011     0.0131     0.0058     0.1071     0.7588     0.7052     0.7054     0.7525 
           Synchronization        
I/O                        0.0031     0.0011     0.0009     0.0031     0.0009     0.0001     0.0000     0.0011     0.0009     0.0000     0.0001     0.0011     0.0049     0.0021     0.0026     0.0046 
Reduction                  0.0000     0.0000     0.0000     0.0000     0.0000     0.0000     0.0000     0.0000     0.0000     0.0000     0.0000     0.0000     0.0000     0.0000     0.0000     0.0000 
           Variation              
I/O                        0.0030     0.0013     0.0011     0.0034     0.0012     0.0003     0.0003     0.0013     0.0011     0.0002     0.0003     0.0013     0.0051     0.0023     0.0028     0.0049 
Reduction                  0.0000     0.0000     0.0000     0.0000     0.0000     0.0000     0.0000     0.0000     0.0000     0.0000     0.0000     0.0000     0.0000     0.0000     0.0000     0.0000 
           Overlap                
Reduction                  0.0000     0.0000     0.0000     0.0000     0.0000     0.0000     0.0000     0.0000     0.0000     0.0000     0.0000     0.0000     0.0000     0.0000     0.0000     0.0000 


-------------------------------------------------------------------------
Name (number) and performance time of processors
omp.keldysh.ru(1) 0.935354
omp.keldysh.ru(2) 0.935290
omp.keldysh.ru(3) 0.958649
omp.keldysh.ru(4) 0.958668
omp.keldysh.ru(5) 0.961701
omp.keldysh.ru(6) 0.961684
omp.keldysh.ru(7) 0.958555
omp.keldysh.ru(8) 0.958525
omp.keldysh.ru(9) 0.961088
omp.keldysh.ru(10) 0.961084
omp.keldysh.ru(11) 0.958712
omp.keldysh.ru(12) 0.958678
omp.keldysh.ru(13) 0.957907
omp.keldysh.ru(14) 0.957912
omp.keldysh.ru(15) 0.960819
omp.keldysh.ru(16) 0.961064
min - omp.keldysh.ru(2) 0.935290; max - omp.keldysh.ru(5) 0.961701; mid - 0.956606
