Processor system=1*3*6
Statistics has been accumulated on DVM-system version 5.0, platform DVM
Analyzer is executing on DVM-system version 5.0, platform DVM
-------------------------------------------------------------------------
INTERVAL ( NLINE=7 SOURCE=rem31.f ) LEVEL=0  EXE_COUNT=2
--- The main characteristics --- 
Parallelization efficiency      0.0376 
Execution time                  0.0634 
Processors                          18
Threads amount                      18
Total time                      1.1409
Productive time                 0.0429 ( CPU= 0.0139 Sys= 0.0290 I/O= 0.0000 )
Lost  time                      1.0980 
   Insufficient parallelism     0.6339 ( User= 0.1407 Sys= 0.4932 )
   Communication                0.4185 ( Real_sync= 0.0000 Starts= 0.0000 )
   Idle time                    0.0456
Load imbalance                  0.0058
Synchronization                 0.3749
Time variation                  0.2122
Overlap                         0.0001
                  Nop   Communic    Synchro  Variation    Overlap 
I/O                16     0.0000     0.0023     0.0052     0.0000 
Reduction           6     0.0019     0.0000     0.0000     0.0000 
Remote access    1864     0.4166     0.3725     0.2070     0.0001 
--- The comparative characteristics --- 
                              Tmin N proc      Tmax N proc      Tmid
Lost time                   0.0607    12     0.0616    17     0.0610 
User insufficient par.      0.0051     2     0.0103     3     0.0078 
Sys.insufficient par.       0.0165    17     0.0306    12     0.0274 
Idle time                   0.0000     3     0.0054     4     0.0025 
Communication               0.0196    12     0.0359    17     0.0232 
Synchronization             0.0105    15     0.0337    17     0.0208 
Variation                   0.0053    15     0.0163     1     0.0118 
Overlap                     0.0000     7     0.0000    15     0.0000 
Load imbalance              0.0000    12     0.0010    17     0.0003 
Execution time              0.0580     4     0.0634     3     0.0609 
User CPU time               0.0006     4     0.0009     3     0.0008 
Sys. CPU time               0.0010    17     0.0018    12     0.0016 
I/O time                    0.0000    17     0.0000     1     0.0000 
Processors                      18     1         18    18         18 
                      Communic          Synchro        Variation          Overlap  
I/O             Tmin    0.0000     1     0.0001    15     0.0000     1     0.0000     1 
I/O             Tmax    0.0000    18     0.0002    17     0.0004    17     0.0000    18 
I/O             Tmid    0.0000           0.0001           0.0003           0.0000       
Reduction       Tmin    0.0000    15     0.0000    15     0.0000    11     0.0000     1 
Reduction       Tmax    0.0003    18     0.0000    18     0.0000    18     0.0000    15 
Reduction       Tmid    0.0001           0.0000           0.0000           0.0000       
Remote access   Tmin    0.0195    12     0.0104    15     0.0051    15     0.0000     7 
Remote access   Tmax    0.0356    17     0.0335    17     0.0163     1     0.0000    15 
Remote access   Tmid    0.0231           0.0207           0.0115           0.0000       
--- The execution characteristics --- 
                                1          2          3          4          5          6          7          8          9         10         11         12         13         14         15         16         17         18 
Lost time                  0.0611     0.0611     0.0608     0.0611     0.0609     0.0608     0.0610     0.0610     0.0610     0.0609     0.0609     0.0607     0.0608     0.0608     0.0609     0.0608     0.0616     0.0616 
User insufficient par.     0.0062     0.0051     0.0103     0.0052     0.0092     0.0094     0.0069     0.0075     0.0065     0.0087     0.0088     0.0101     0.0087     0.0086     0.0062     0.0085     0.0085     0.0066 
Sys.insufficient par.      0.0281     0.0275     0.0283     0.0276     0.0278     0.0297     0.0279     0.0277     0.0281     0.0276     0.0279     0.0306     0.0295     0.0292     0.0302     0.0296     0.0165     0.0191 
Idle time                  0.0043     0.0054     0.0000     0.0054     0.0011     0.0011     0.0035     0.0027     0.0039     0.0015     0.0015     0.0004     0.0019     0.0020     0.0047     0.0023     0.0007     0.0031 
Communication              0.0225     0.0231     0.0222     0.0229     0.0228     0.0205     0.0228     0.0230     0.0225     0.0231     0.0227     0.0196     0.0207     0.0211     0.0198     0.0204     0.0359     0.0329 
Synchronization            0.0263     0.0257     0.0239     0.0244     0.0232     0.0190     0.0225     0.0225     0.0182     0.0180     0.0200     0.0138     0.0162     0.0159     0.0105     0.0115     0.0337     0.0294 
Variation                  0.0163     0.0158     0.0148     0.0150     0.0137     0.0132     0.0132     0.0129     0.0092     0.0088     0.0111     0.0092     0.0100     0.0096     0.0053     0.0058     0.0142     0.0140 
Overlap                    0.0000     0.0000     0.0000     0.0000     0.0000     0.0000     0.0000     0.0000     0.0000     0.0000     0.0000     0.0000     0.0000     0.0000     0.0000     0.0000     0.0000     0.0000 
Load imbalance             0.0004     0.0005     0.0001     0.0004     0.0002     0.0001     0.0003     0.0003     0.0004     0.0003     0.0002     0.0000     0.0001     0.0002     0.0002     0.0001     0.0010     0.0009 
Execution time             0.0591     0.0580     0.0634     0.0580     0.0622     0.0622     0.0599     0.0607     0.0595     0.0618     0.0619     0.0630     0.0614     0.0614     0.0587     0.0611     0.0626     0.0603 
User CPU time              0.0007     0.0006     0.0009     0.0006     0.0009     0.0009     0.0007     0.0008     0.0007     0.0008     0.0008     0.0009     0.0008     0.0008     0.0007     0.0008     0.0008     0.0006 
Sys. CPU time              0.0016     0.0016     0.0017     0.0016     0.0016     0.0017     0.0016     0.0016     0.0017     0.0016     0.0016     0.0018     0.0017     0.0017     0.0018     0.0017     0.0010     0.0011 
I/O time                   0.0000     0.0000     0.0000     0.0000     0.0000     0.0000     0.0000     0.0000     0.0000     0.0000     0.0000     0.0000     0.0000     0.0000     0.0000     0.0000     0.0000     0.0000 
Processors                     18         18         18         18         18         18         18         18         18         18         18         18         18         18         18         18         18         18 
           Communication          
Reduction                  0.0001     0.0001     0.0001     0.0001     0.0001     0.0001     0.0001     0.0001     0.0001     0.0001     0.0001     0.0001     0.0001     0.0001     0.0000     0.0000     0.0003     0.0003 
Remote access              0.0225     0.0230     0.0220     0.0228     0.0227     0.0204     0.0227     0.0229     0.0224     0.0230     0.0226     0.0195     0.0206     0.0210     0.0198     0.0203     0.0356     0.0326 
           Synchronization        
I/O                        0.0001     0.0001     0.0001     0.0001     0.0002     0.0002     0.0001     0.0001     0.0001     0.0001     0.0001     0.0001     0.0001     0.0001     0.0001     0.0001     0.0002     0.0002 
Reduction                  0.0000     0.0000     0.0000     0.0000     0.0000     0.0000     0.0000     0.0000     0.0000     0.0000     0.0000     0.0000     0.0000     0.0000     0.0000     0.0000     0.0000     0.0000 
Remote access              0.0262     0.0256     0.0238     0.0243     0.0230     0.0188     0.0224     0.0224     0.0181     0.0179     0.0199     0.0137     0.0161     0.0158     0.0104     0.0114     0.0335     0.0292 
           Variation              
I/O                        0.0000     0.0003     0.0003     0.0003     0.0003     0.0003     0.0003     0.0003     0.0003     0.0003     0.0003     0.0003     0.0003     0.0003     0.0003     0.0003     0.0004     0.0004 
Reduction                  0.0000     0.0000     0.0000     0.0000     0.0000     0.0000     0.0000     0.0000     0.0000     0.0000     0.0000     0.0000     0.0000     0.0000     0.0000     0.0000     0.0000     0.0000 
Remote access              0.0163     0.0155     0.0145     0.0146     0.0134     0.0129     0.0129     0.0126     0.0089     0.0085     0.0108     0.0089     0.0098     0.0093     0.0051     0.0055     0.0138     0.0136 
           Overlap                
Reduction                  0.0000     0.0000     0.0000     0.0000     0.0000     0.0000     0.0000     0.0000     0.0000     0.0000     0.0000     0.0000     0.0000     0.0000     0.0000     0.0000     0.0000     0.0000 
Remote access              0.0000     0.0000     0.0000     0.0000     0.0000     0.0000     0.0000     0.0000     0.0000     0.0000     0.0000     0.0000     0.0000     0.0000     0.0000     0.0000     0.0000     0.0000 


-------------------------------------------------------------------------
Name (number) and performance time of processors
omp.keldysh.ru(1) 0.935441
omp.keldysh.ru(2) 0.935380
omp.keldysh.ru(3) 0.955672
omp.keldysh.ru(4) 0.955774
omp.keldysh.ru(5) 0.935426
omp.keldysh.ru(6) 0.935418
omp.keldysh.ru(7) 0.953013
omp.keldysh.ru(8) 0.953065
omp.keldysh.ru(9) 0.956976
omp.keldysh.ru(10) 0.956970
omp.keldysh.ru(11) 0.959470
omp.keldysh.ru(12) 0.959138
omp.keldysh.ru(13) 0.955514
omp.keldysh.ru(14) 0.955481
omp.keldysh.ru(15) 0.956390
omp.keldysh.ru(16) 0.956378
omp.keldysh.ru(17) 0.956636
omp.keldysh.ru(18) 0.956632
min - omp.keldysh.ru(2) 0.935380; max - omp.keldysh.ru(11) 0.959470; mid - 0.951599
