Processor system=4*4*1
Statistics has been accumulated on DVM-system version 5.0, platform DVM
Analyzer is executing on DVM-system version 5.0, platform DVM
-------------------------------------------------------------------------
INTERVAL ( NLINE=5 SOURCE=inoutlocal32.f ) LEVEL=0  EXE_COUNT=1
--- The main characteristics --- 
Parallelization efficiency      0.0990 
Execution time                  0.0075 
Processors                          16
Threads amount                      16
Total time                      0.1200
Productive time                 0.0119 ( CPU= 0.0110 Sys= 0.0009 I/O= 0.0000 )
Lost  time                      0.1082 
   Insufficient parallelism     0.0955 ( User= 0.0822 Sys= 0.0133 )
   Communication                0.0106 ( Real_sync= 0.0000 Starts= 0.0000 )
   Idle time                    0.0021
Load imbalance                  0.0011
Synchronization                 0.0007
Time variation                  0.0044
Overlap                         0.0000
                  Nop   Communic    Synchro  Variation    Overlap 
I/O                18     0.0000     0.0006     0.0043     0.0000 
Reduction          16     0.0106     0.0001     0.0001     0.0000 
--- The comparative characteristics --- 
                              Tmin N proc      Tmax N proc      Tmid
Lost time                   0.0067    16     0.0069    14     0.0068 
User insufficient par.      0.0038     8     0.0054    16     0.0051 
Sys.insufficient par.       0.0006    14     0.0011     1     0.0008 
Idle time                   0.0000     9     0.0016     8     0.0001 
Communication               0.0002    16     0.0016    14     0.0007 
Synchronization             0.0000     5     0.0001    14     0.0000 
Variation                   0.0000     1     0.0003    14     0.0003 
Overlap                     0.0000     1     0.0000    16     0.0000 
Load imbalance              0.0000    16     0.0002    14     0.0001 
Execution time              0.0059     8     0.0075     9     0.0074 
User CPU time               0.0006    14     0.0007    16     0.0007 
Sys. CPU time               0.0000    14     0.0001    16     0.0001 
I/O time                    0.0000    13     0.0000     1     0.0000 
Processors                      16     1         16    16         16 
                      Communic          Synchro        Variation          Overlap  
I/O             Tmin    0.0000     1     0.0000     1     0.0000     1     0.0000     1 
I/O             Tmax    0.0000    16     0.0001    14     0.0003    14     0.0000    16 
I/O             Tmid    0.0000           0.0000           0.0003           0.0000       
Reduction       Tmin    0.0002    16     0.0000    16     0.0000    16     0.0000     1 
Reduction       Tmax    0.0016    14     0.0000     2     0.0000     2     0.0000    16 
Reduction       Tmid    0.0007           0.0000           0.0000           0.0000       
--- The execution characteristics --- 
                                1          2          3          4          5          6          7          8          9         10         11         12         13         14         15         16 
Lost time                  0.0067     0.0067     0.0067     0.0067     0.0067     0.0067     0.0067     0.0068     0.0067     0.0067     0.0067     0.0067     0.0069     0.0069     0.0069     0.0067 
User insufficient par.     0.0052     0.0054     0.0054     0.0054     0.0053     0.0053     0.0053     0.0038     0.0053     0.0053     0.0053     0.0053     0.0049     0.0047     0.0048     0.0054 
Sys.insufficient par.      0.0011     0.0009     0.0008     0.0008     0.0009     0.0009     0.0009     0.0009     0.0009     0.0008     0.0008     0.0008     0.0006     0.0006     0.0006     0.0010 
Idle time                  0.0001     0.0001     0.0000     0.0000     0.0001     0.0000     0.0000     0.0016     0.0000     0.0000     0.0000     0.0000     0.0000     0.0000     0.0000     0.0000 
Communication              0.0004     0.0004     0.0005     0.0004     0.0005     0.0005     0.0005     0.0005     0.0006     0.0006     0.0006     0.0005     0.0014     0.0016     0.0014     0.0002 
Synchronization            0.0000     0.0000     0.0001     0.0000     0.0000     0.0000     0.0000     0.0000     0.0000     0.0000     0.0000     0.0000     0.0001     0.0001     0.0001     0.0000 
Variation                  0.0000     0.0003     0.0003     0.0003     0.0003     0.0003     0.0003     0.0003     0.0003     0.0003     0.0003     0.0003     0.0003     0.0003     0.0003     0.0003 
Overlap                    0.0000     0.0000     0.0000     0.0000     0.0000     0.0000     0.0000     0.0000     0.0000     0.0000     0.0000     0.0000     0.0000     0.0000     0.0000     0.0000 
Load imbalance             0.0001     0.0000     0.0000     0.0000     0.0000     0.0000     0.0000     0.0001     0.0000     0.0000     0.0000     0.0000     0.0002     0.0002     0.0002     0.0000 
Execution time             0.0075     0.0075     0.0075     0.0075     0.0074     0.0075     0.0075     0.0059     0.0075     0.0075     0.0075     0.0075     0.0075     0.0075     0.0075     0.0075 
User CPU time              0.0007     0.0007     0.0007     0.0007     0.0007     0.0007     0.0007     0.0006     0.0007     0.0007     0.0007     0.0007     0.0006     0.0006     0.0006     0.0007 
Sys. CPU time              0.0001     0.0001     0.0001     0.0001     0.0001     0.0001     0.0001     0.0001     0.0001     0.0001     0.0001     0.0001     0.0000     0.0000     0.0000     0.0001 
I/O time                   0.0000     0.0000     0.0000     0.0000     0.0000     0.0000     0.0000     0.0000     0.0000     0.0000     0.0000     0.0000     0.0000     0.0000     0.0000     0.0000 
Processors                     16         16         16         16         16         16         16         16         16         16         16         16         16         16         16         16 
           Communication          
Reduction                  0.0004     0.0004     0.0005     0.0004     0.0005     0.0005     0.0005     0.0005     0.0006     0.0006     0.0006     0.0005     0.0014     0.0016     0.0014     0.0002 
           Synchronization        
I/O                        0.0000     0.0000     0.0000     0.0000     0.0000     0.0000     0.0000     0.0000     0.0000     0.0000     0.0000     0.0000     0.0001     0.0001     0.0001     0.0000 
Reduction                  0.0000     0.0000     0.0000     0.0000     0.0000     0.0000     0.0000     0.0000     0.0000     0.0000     0.0000     0.0000     0.0000     0.0000     0.0000     0.0000 
           Variation              
I/O                        0.0000     0.0003     0.0003     0.0003     0.0003     0.0003     0.0003     0.0003     0.0003     0.0003     0.0003     0.0003     0.0003     0.0003     0.0003     0.0003 
Reduction                  0.0000     0.0000     0.0000     0.0000     0.0000     0.0000     0.0000     0.0000     0.0000     0.0000     0.0000     0.0000     0.0000     0.0000     0.0000     0.0000 
           Overlap                
Reduction                  0.0000     0.0000     0.0000     0.0000     0.0000     0.0000     0.0000     0.0000     0.0000     0.0000     0.0000     0.0000     0.0000     0.0000     0.0000     0.0000 


-------------------------------------------------------------------------
Name (number) and performance time of processors
omp.keldysh.ru(1) 0.933638
omp.keldysh.ru(2) 0.933560
omp.keldysh.ru(3) 0.952179
omp.keldysh.ru(4) 0.952513
omp.keldysh.ru(5) 0.953495
omp.keldysh.ru(6) 0.953454
omp.keldysh.ru(7) 0.933876
omp.keldysh.ru(8) 0.933848
omp.keldysh.ru(9) 0.954173
omp.keldysh.ru(10) 0.954171
omp.keldysh.ru(11) 0.952645
omp.keldysh.ru(12) 0.952645
omp.keldysh.ru(13) 0.933974
omp.keldysh.ru(14) 0.933984
omp.keldysh.ru(15) 0.952250
omp.keldysh.ru(16) 0.952247
min - omp.keldysh.ru(2) 0.933560; max - omp.keldysh.ru(9) 0.954173; mid - 0.945791
