Processor system=1*6*1*3
Statistics has been accumulated on DVM-system version 5.0, platform DVM
Analyzer is executing on DVM-system version 5.0, platform DVM
-------------------------------------------------------------------------
INTERVAL ( NLINE=8 SOURCE=red41.f ) LEVEL=0  EXE_COUNT=2
--- The main characteristics --- 
Parallelization efficiency      0.0731 
Execution time                  0.0122 
Processors                          18
Threads amount                      18
Total time                      0.2193
Productive time                 0.0160 ( CPU= 0.0150 Sys= 0.0010 I/O= 0.0000 )
Lost  time                      0.2033 
   Insufficient parallelism     0.1591 ( User= 0.1416 Sys= 0.0175 )
   Communication                0.0114 ( Real_sync= 0.0000 Starts= 0.0000 )
   Idle time                    0.0328
Load imbalance                  0.0018
Synchronization                 0.0082
Time variation                  0.0082
Overlap                         0.0000
                  Nop   Communic    Synchro  Variation    Overlap 
I/O                17     0.0000     0.0012     0.0044     0.0000 
Reduction          15     0.0076     0.0014     0.0007     0.0000 
Remote access      37     0.0038     0.0056     0.0031     0.0000 
--- The comparative characteristics --- 
                              Tmin N proc      Tmax N proc      Tmid
Lost time                   0.0112     2     0.0114    17     0.0113 
User insufficient par.      0.0066    17     0.0096     4     0.0079 
Sys.insufficient par.       0.0008    17     0.0012     1     0.0010 
Idle time                   0.0000     4     0.0027     6     0.0018 
Communication               0.0005     5     0.0014    17     0.0006 
Synchronization             0.0002     1     0.0009    17     0.0005 
Variation                   0.0002     1     0.0006     2     0.0005 
Overlap                     0.0000     2     0.0000    11     0.0000 
Load imbalance              0.0000     2     0.0002    17     0.0001 
Execution time              0.0095     6     0.0122     4     0.0104 
User CPU time               0.0007    17     0.0009     2     0.0008 
Sys. CPU time               0.0000    17     0.0001     2     0.0001 
I/O time                    0.0000    14     0.0000     1     0.0000 
Processors                      18     1         18    18         18 
                      Communic          Synchro        Variation          Overlap  
I/O             Tmin    0.0000     1     0.0000    16     0.0000     1     0.0000     1 
I/O             Tmax    0.0000    18     0.0001     2     0.0003     2     0.0000    18 
I/O             Tmid    0.0000           0.0001           0.0002           0.0000       
Reduction       Tmin    0.0003     1     0.0000    15     0.0000    11     0.0000     1 
Reduction       Tmax    0.0008    17     0.0002    17     0.0001     1     0.0000    11 
Reduction       Tmid    0.0004           0.0001           0.0000           0.0000       
Remote access   Tmin    0.0001     2     0.0001     1     0.0001     1     0.0000     2 
Remote access   Tmax    0.0006    17     0.0007    17     0.0003     3     0.0000     1 
Remote access   Tmid    0.0002           0.0003           0.0002           0.0000       
--- The execution characteristics --- 
                                1          2          3          4          5          6          7          8          9         10         11         12         13         14         15         16         17         18 
Lost time                  0.0114     0.0112     0.0112     0.0112     0.0113     0.0113     0.0113     0.0113     0.0112     0.0113     0.0112     0.0113     0.0113     0.0113     0.0113     0.0113     0.0114     0.0113 
User insufficient par.     0.0070     0.0093     0.0093     0.0096     0.0072     0.0072     0.0072     0.0072     0.0085     0.0071     0.0086     0.0078     0.0082     0.0082     0.0072     0.0072     0.0066     0.0084 
Sys.insufficient par.      0.0012     0.0010     0.0010     0.0010     0.0010     0.0009     0.0010     0.0010     0.0010     0.0010     0.0010     0.0010     0.0010     0.0010     0.0010     0.0010     0.0008     0.0008 
Idle time                  0.0026     0.0004     0.0004     0.0000     0.0026     0.0027     0.0026     0.0026     0.0012     0.0027     0.0012     0.0020     0.0016     0.0016     0.0027     0.0027     0.0027     0.0008 
Communication              0.0006     0.0005     0.0006     0.0006     0.0005     0.0005     0.0005     0.0005     0.0005     0.0006     0.0006     0.0006     0.0005     0.0006     0.0005     0.0005     0.0014     0.0013 
Synchronization            0.0002     0.0005     0.0005     0.0005     0.0004     0.0004     0.0004     0.0004     0.0004     0.0005     0.0004     0.0004     0.0004     0.0004     0.0003     0.0003     0.0009     0.0009 
Variation                  0.0002     0.0006     0.0006     0.0006     0.0005     0.0005     0.0005     0.0004     0.0005     0.0005     0.0004     0.0004     0.0004     0.0004     0.0004     0.0003     0.0004     0.0004 
Overlap                    0.0000     0.0000     0.0000     0.0000     0.0000     0.0000     0.0000     0.0000     0.0000     0.0000     0.0000     0.0000     0.0000     0.0000     0.0000     0.0000     0.0000     0.0000 
Load imbalance             0.0002     0.0000     0.0000     0.0000     0.0001     0.0001     0.0001     0.0001     0.0000     0.0002     0.0000     0.0001     0.0001     0.0001     0.0002     0.0001     0.0002     0.0001 
Execution time             0.0095     0.0118     0.0118     0.0122     0.0095     0.0095     0.0096     0.0095     0.0110     0.0095     0.0110     0.0102     0.0106     0.0106     0.0095     0.0095     0.0095     0.0114 
User CPU time              0.0007     0.0009     0.0009     0.0009     0.0008     0.0008     0.0008     0.0009     0.0009     0.0008     0.0009     0.0008     0.0008     0.0008     0.0008     0.0008     0.0007     0.0008 
Sys. CPU time              0.0001     0.0001     0.0001     0.0001     0.0001     0.0001     0.0001     0.0001     0.0001     0.0001     0.0001     0.0001     0.0001     0.0001     0.0001     0.0001     0.0000     0.0000 
I/O time                   0.0000     0.0000     0.0000     0.0000     0.0000     0.0000     0.0000     0.0000     0.0000     0.0000     0.0000     0.0000     0.0000     0.0000     0.0000     0.0000     0.0000     0.0000 
Processors                     18         18         18         18         18         18         18         18         18         18         18         18         18         18         18         18         18         18 
           Communication          
Reduction                  0.0003     0.0004     0.0005     0.0005     0.0004     0.0004     0.0004     0.0003     0.0004     0.0004     0.0004     0.0004     0.0004     0.0004     0.0003     0.0003     0.0008     0.0008 
Remote access              0.0003     0.0001     0.0001     0.0001     0.0001     0.0001     0.0001     0.0002     0.0002     0.0002     0.0002     0.0002     0.0002     0.0002     0.0002     0.0002     0.0006     0.0006 
           Synchronization        
I/O                        0.0001     0.0001     0.0001     0.0001     0.0001     0.0001     0.0000     0.0000     0.0001     0.0001     0.0000     0.0001     0.0001     0.0001     0.0001     0.0000     0.0001     0.0001 
Reduction                  0.0001     0.0001     0.0001     0.0001     0.0000     0.0000     0.0001     0.0001     0.0001     0.0001     0.0001     0.0001     0.0000     0.0001     0.0000     0.0000     0.0002     0.0002 
Remote access              0.0001     0.0003     0.0003     0.0003     0.0003     0.0003     0.0003     0.0003     0.0003     0.0003     0.0003     0.0003     0.0003     0.0003     0.0002     0.0002     0.0007     0.0006 
           Variation              
I/O                        0.0000     0.0003     0.0003     0.0003     0.0003     0.0003     0.0002     0.0002     0.0003     0.0003     0.0002     0.0002     0.0002     0.0003     0.0002     0.0002     0.0003     0.0003 
Reduction                  0.0001     0.0001     0.0001     0.0001     0.0001     0.0001     0.0000     0.0000     0.0000     0.0000     0.0000     0.0000     0.0000     0.0000     0.0000     0.0000     0.0000     0.0000 
Remote access              0.0001     0.0003     0.0003     0.0003     0.0002     0.0002     0.0002     0.0002     0.0002     0.0002     0.0002     0.0002     0.0001     0.0001     0.0001     0.0001     0.0001     0.0001 
           Overlap                
Reduction                  0.0000     0.0000     0.0000     0.0000     0.0000     0.0000     0.0000     0.0000     0.0000     0.0000     0.0000     0.0000     0.0000     0.0000     0.0000     0.0000     0.0000     0.0000 
Remote access              0.0000     0.0000     0.0000     0.0000     0.0000     0.0000     0.0000     0.0000     0.0000     0.0000     0.0000     0.0000     0.0000     0.0000     0.0000     0.0000     0.0000     0.0000 


-------------------------------------------------------------------------
Name (number) and performance time of processors
omp.keldysh.ru(1) 0.933787
omp.keldysh.ru(2) 0.933723
omp.keldysh.ru(3) 0.955436
omp.keldysh.ru(4) 0.955508
omp.keldysh.ru(5) 0.958362
omp.keldysh.ru(6) 0.958664
omp.keldysh.ru(7) 0.958073
omp.keldysh.ru(8) 0.958050
omp.keldysh.ru(9) 0.933875
omp.keldysh.ru(10) 0.933876
omp.keldysh.ru(11) 0.955953
omp.keldysh.ru(12) 0.955940
omp.keldysh.ru(13) 0.958322
omp.keldysh.ru(14) 0.958294
omp.keldysh.ru(15) 0.958925
omp.keldysh.ru(16) 0.958927
omp.keldysh.ru(17) 0.955039
omp.keldysh.ru(18) 0.955058
min - omp.keldysh.ru(2) 0.933723; max - omp.keldysh.ru(16) 0.958927; mid - 0.951989
