Processor system=1*3*6
Statistics has been accumulated on DVM-system version 5.0, platform DVM
Analyzer is executing on DVM-system version 5.0, platform DVM
-------------------------------------------------------------------------
INTERVAL ( NLINE=5 SOURCE=alignplus33.f ) LEVEL=0  EXE_COUNT=2
--- The main characteristics --- 
Parallelization efficiency      0.0538 
Execution time                  0.0050 
Processors                          18
Threads amount                      18
Total time                      0.0895
Productive time                 0.0048 ( CPU= 0.0046 Sys= 0.0002 I/O= 0.0000 )
Lost  time                      0.0847 
   Insufficient parallelism     0.0774 ( User= 0.0729 Sys= 0.0045 )
   Communication                0.0066 ( Real_sync= 0.0000 Starts= 0.0000 )
   Idle time                    0.0008
Load imbalance                  0.0001
Synchronization                 0.0041
Time variation                  0.0065
Overlap                         0.0000
                  Nop   Communic    Synchro  Variation    Overlap 
I/O                 6     0.0000     0.0026     0.0050     0.0000 
Reduction           5     0.0066     0.0014     0.0014     0.0000 
--- The comparative characteristics --- 
                              Tmin N proc      Tmax N proc      Tmid
Lost time                   0.0047     3     0.0047    17     0.0047 
User insufficient par.      0.0039     1     0.0041     3     0.0040 
Sys.insufficient par.       0.0002    17     0.0004     1     0.0002 
Idle time                   0.0000    18     0.0001     2     0.0000 
Communication               0.0003     1     0.0005    17     0.0004 
Synchronization             0.0000     1     0.0004     5     0.0002 
Variation                   0.0000     1     0.0005     5     0.0004 
Overlap                     0.0000     1     0.0000    13     0.0000 
Load imbalance              0.0000     3     0.0000    17     0.0000 
Execution time              0.0049     2     0.0050    18     0.0049 
User CPU time               0.0002     1     0.0003     3     0.0003 
Sys. CPU time               0.0000    17     0.0000    11     0.0000 
I/O time                    0.0000     6     0.0000     1     0.0000 
Processors                      18     1         18    18         18 
                      Communic          Synchro        Variation          Overlap  
I/O             Tmin    0.0000     1     0.0000     1     0.0000     1     0.0000     1 
I/O             Tmax    0.0000    18     0.0003     5     0.0004     5     0.0000    18 
I/O             Tmid    0.0000           0.0001           0.0003           0.0000       
Reduction       Tmin    0.0003     1     0.0000     7     0.0000     1     0.0000     1 
Reduction       Tmax    0.0005    17     0.0001     5     0.0001    17     0.0000    13 
Reduction       Tmid    0.0004           0.0001           0.0001           0.0000       
--- The execution characteristics --- 
                                1          2          3          4          5          6          7          8          9         10         11         12         13         14         15         16         17         18 
Lost time                  0.0047     0.0047     0.0047     0.0047     0.0047     0.0047     0.0047     0.0047     0.0047     0.0047     0.0047     0.0047     0.0047     0.0047     0.0047     0.0047     0.0047     0.0047 
User insufficient par.     0.0039     0.0040     0.0041     0.0041     0.0041     0.0040     0.0041     0.0041     0.0041     0.0041     0.0041     0.0041     0.0040     0.0041     0.0041     0.0040     0.0040     0.0041 
Sys.insufficient par.      0.0004     0.0003     0.0002     0.0002     0.0003     0.0002     0.0003     0.0003     0.0002     0.0002     0.0003     0.0002     0.0002     0.0002     0.0003     0.0002     0.0002     0.0002 
Idle time                  0.0001     0.0001     0.0000     0.0000     0.0001     0.0001     0.0000     0.0000     0.0000     0.0000     0.0000     0.0000     0.0000     0.0000     0.0000     0.0001     0.0000     0.0000 
Communication              0.0003     0.0003     0.0004     0.0004     0.0003     0.0003     0.0004     0.0004     0.0004     0.0004     0.0003     0.0003     0.0004     0.0004     0.0004     0.0004     0.0005     0.0004 
Synchronization            0.0000     0.0002     0.0002     0.0002     0.0004     0.0004     0.0001     0.0002     0.0002     0.0002     0.0004     0.0003     0.0000     0.0002     0.0002     0.0002     0.0004     0.0004 
Variation                  0.0000     0.0003     0.0004     0.0003     0.0005     0.0005     0.0002     0.0003     0.0003     0.0003     0.0005     0.0005     0.0002     0.0003     0.0004     0.0003     0.0005     0.0005 
Overlap                    0.0000     0.0000     0.0000     0.0000     0.0000     0.0000     0.0000     0.0000     0.0000     0.0000     0.0000     0.0000     0.0000     0.0000     0.0000     0.0000     0.0000     0.0000 
Load imbalance             0.0000     0.0000     0.0000     0.0000     0.0000     0.0000     0.0000     0.0000     0.0000     0.0000     0.0000     0.0000     0.0000     0.0000     0.0000     0.0000     0.0000     0.0000 
Execution time             0.0049     0.0049     0.0050     0.0050     0.0049     0.0049     0.0050     0.0050     0.0049     0.0050     0.0049     0.0049     0.0049     0.0049     0.0050     0.0049     0.0049     0.0050 
User CPU time              0.0002     0.0003     0.0003     0.0003     0.0003     0.0003     0.0003     0.0003     0.0003     0.0003     0.0003     0.0003     0.0002     0.0003     0.0003     0.0002     0.0002     0.0003 
Sys. CPU time              0.0000     0.0000     0.0000     0.0000     0.0000     0.0000     0.0000     0.0000     0.0000     0.0000     0.0000     0.0000     0.0000     0.0000     0.0000     0.0000     0.0000     0.0000 
I/O time                   0.0000     0.0000     0.0000     0.0000     0.0000     0.0000     0.0000     0.0000     0.0000     0.0000     0.0000     0.0000     0.0000     0.0000     0.0000     0.0000     0.0000     0.0000 
Processors                     18         18         18         18         18         18         18         18         18         18         18         18         18         18         18         18         18         18 
           Communication          
Reduction                  0.0003     0.0003     0.0004     0.0004     0.0003     0.0003     0.0004     0.0004     0.0004     0.0004     0.0003     0.0003     0.0004     0.0004     0.0004     0.0004     0.0005     0.0004 
           Synchronization        
I/O                        0.0000     0.0001     0.0001     0.0001     0.0003     0.0002     0.0001     0.0001     0.0001     0.0001     0.0002     0.0002     0.0000     0.0001     0.0001     0.0001     0.0002     0.0003 
Reduction                  0.0000     0.0001     0.0001     0.0001     0.0001     0.0001     0.0000     0.0001     0.0001     0.0001     0.0001     0.0001     0.0000     0.0001     0.0001     0.0001     0.0001     0.0001 
           Variation              
I/O                        0.0000     0.0003     0.0003     0.0003     0.0004     0.0004     0.0002     0.0003     0.0002     0.0003     0.0004     0.0003     0.0002     0.0002     0.0003     0.0002     0.0004     0.0004 
Reduction                  0.0000     0.0001     0.0001     0.0001     0.0001     0.0001     0.0000     0.0001     0.0001     0.0001     0.0001     0.0001     0.0000     0.0001     0.0001     0.0001     0.0001     0.0001 
           Overlap                
Reduction                  0.0000     0.0000     0.0000     0.0000     0.0000     0.0000     0.0000     0.0000     0.0000     0.0000     0.0000     0.0000     0.0000     0.0000     0.0000     0.0000     0.0000     0.0000 


-------------------------------------------------------------------------
Name (number) and performance time of processors
omp.keldysh.ru(1) 0.935377
omp.keldysh.ru(2) 0.935302
omp.keldysh.ru(3) 0.935458
omp.keldysh.ru(4) 0.935474
omp.keldysh.ru(5) 0.956668
omp.keldysh.ru(6) 0.956655
omp.keldysh.ru(7) 0.952944
omp.keldysh.ru(8) 0.952664
omp.keldysh.ru(9) 0.955488
omp.keldysh.ru(10) 0.955494
omp.keldysh.ru(11) 0.954454
omp.keldysh.ru(12) 0.954458
omp.keldysh.ru(13) 0.953195
omp.keldysh.ru(14) 0.953196
omp.keldysh.ru(15) 0.952887
omp.keldysh.ru(16) 0.952915
omp.keldysh.ru(17) 0.953174
omp.keldysh.ru(18) 0.953236
min - omp.keldysh.ru(2) 0.935302; max - omp.keldysh.ru(5) 0.956668; mid - 0.949947
