Processor system=6*1*3
Statistics has been accumulated on DVM-system version 5.0, platform DVM
Analyzer is executing on DVM-system version 5.0, platform DVM
-------------------------------------------------------------------------
INTERVAL ( NLINE=5 SOURCE=realign33.f ) LEVEL=0  EXE_COUNT=2
--- The main characteristics --- 
Parallelization efficiency      0.0755 
Execution time                  0.0056 
Processors                          18
Threads amount                      18
Total time                      0.1005
Productive time                 0.0076 ( CPU= 0.0071 Sys= 0.0005 I/O= 0.0000 )
Lost  time                      0.0929 
   Insufficient parallelism     0.0811 ( User= 0.0724 Sys= 0.0087 )
   Communication                0.0078 ( Real_sync= 0.0000 Starts= 0.0000 )
   Idle time                    0.0040
Load imbalance                  0.0007
Synchronization                 0.0049
Time variation                  0.0088
Overlap                         0.0000
                  Nop   Communic    Synchro  Variation    Overlap 
I/O                 9     0.0000     0.0008     0.0035     0.0000 
Reduction           6     0.0066     0.0001     0.0001     0.0000 
Remote access      10     0.0000     0.0010     0.0010     0.0000 
Redistribution      6     0.0012     0.0030     0.0043     0.0000 
--- The comparative characteristics --- 
                              Tmin N proc      Tmax N proc      Tmid
Lost time                   0.0051     1     0.0052     5     0.0052 
User insufficient par.      0.0027     5     0.0043     2     0.0040 
Sys.insufficient par.       0.0004    18     0.0007     1     0.0005 
Idle time                   0.0000     4     0.0017     5     0.0002 
Communication               0.0002     1     0.0008    17     0.0004 
Synchronization             0.0001     1     0.0006    17     0.0003 
Variation                   0.0001     1     0.0009    17     0.0005 
Overlap                     0.0000     4     0.0000    11     0.0000 
Load imbalance              0.0000     2     0.0001     5     0.0000 
Execution time              0.0039     5     0.0056    16     0.0054 
User CPU time               0.0003     5     0.0004    11     0.0004 
Sys. CPU time               0.0000    18     0.0000     5     0.0000 
I/O time                    0.0000    18     0.0000     1     0.0000 
Processors                      18     1         18    18         18 
                      Communic          Synchro        Variation          Overlap  
I/O             Tmin    0.0000     1     0.0000     6     0.0000     1     0.0000     1 
I/O             Tmax    0.0000    18     0.0001    17     0.0002    18     0.0000    18 
I/O             Tmid    0.0000           0.0000           0.0002           0.0000       
Reduction       Tmin    0.0002     5     0.0000    11     0.0000    11     0.0000     4 
Reduction       Tmax    0.0008    17     0.0000    10     0.0000    18     0.0000    11 
Reduction       Tmid    0.0004           0.0000           0.0000           0.0000       
Remote access   Tmin    0.0000     1     0.0000     6     0.0000     6     0.0000     1 
Remote access   Tmax    0.0000    18     0.0001    17     0.0001    17     0.0000    18 
Remote access   Tmid    0.0000           0.0001           0.0001           0.0000       
Redistribution  Tmin    0.0000    16     0.0000     1     0.0001     5     0.0000     1 
Redistribution  Tmax    0.0001     5     0.0004    17     0.0005    17     0.0000    18 
Redistribution  Tmid    0.0001           0.0002           0.0002           0.0000       
--- The execution characteristics --- 
                                1          2          3          4          5          6          7          8          9         10         11         12         13         14         15         16         17         18 
Lost time                  0.0051     0.0051     0.0052     0.0051     0.0052     0.0052     0.0052     0.0051     0.0052     0.0051     0.0051     0.0052     0.0052     0.0051     0.0052     0.0052     0.0052     0.0052 
User insufficient par.     0.0042     0.0043     0.0042     0.0043     0.0027     0.0041     0.0027     0.0042     0.0042     0.0042     0.0042     0.0042     0.0042     0.0042     0.0042     0.0042     0.0039     0.0040 
Sys.insufficient par.      0.0007     0.0005     0.0005     0.0005     0.0005     0.0005     0.0005     0.0005     0.0005     0.0005     0.0005     0.0004     0.0005     0.0005     0.0004     0.0004     0.0004     0.0004 
Idle time                  0.0000     0.0000     0.0000     0.0000     0.0017     0.0001     0.0017     0.0001     0.0000     0.0000     0.0000     0.0000     0.0000     0.0000     0.0000     0.0000     0.0001     0.0001 
Communication              0.0002     0.0003     0.0004     0.0003     0.0003     0.0004     0.0003     0.0003     0.0004     0.0004     0.0004     0.0005     0.0004     0.0004     0.0005     0.0005     0.0008     0.0007 
Synchronization            0.0001     0.0002     0.0003     0.0003     0.0002     0.0002     0.0002     0.0002     0.0003     0.0003     0.0003     0.0003     0.0003     0.0003     0.0003     0.0003     0.0006     0.0005 
Variation                  0.0001     0.0004     0.0005     0.0004     0.0003     0.0004     0.0004     0.0004     0.0005     0.0004     0.0005     0.0005     0.0005     0.0005     0.0006     0.0006     0.0009     0.0007 
Overlap                    0.0000     0.0000     0.0000     0.0000     0.0000     0.0000     0.0000     0.0000     0.0000     0.0000     0.0000     0.0000     0.0000     0.0000     0.0000     0.0000     0.0000     0.0000 
Load imbalance             0.0000     0.0000     0.0000     0.0000     0.0001     0.0000     0.0001     0.0000     0.0000     0.0000     0.0000     0.0000     0.0000     0.0000     0.0001     0.0001     0.0001     0.0001 
Execution time             0.0056     0.0056     0.0056     0.0056     0.0039     0.0055     0.0039     0.0055     0.0055     0.0056     0.0056     0.0056     0.0056     0.0056     0.0056     0.0056     0.0055     0.0055 
User CPU time              0.0004     0.0004     0.0004     0.0004     0.0003     0.0004     0.0003     0.0004     0.0004     0.0004     0.0004     0.0004     0.0004     0.0004     0.0004     0.0004     0.0004     0.0004 
Sys. CPU time              0.0000     0.0000     0.0000     0.0000     0.0000     0.0000     0.0000     0.0000     0.0000     0.0000     0.0000     0.0000     0.0000     0.0000     0.0000     0.0000     0.0000     0.0000 
I/O time                   0.0000     0.0000     0.0000     0.0000     0.0000     0.0000     0.0000     0.0000     0.0000     0.0000     0.0000     0.0000     0.0000     0.0000     0.0000     0.0000     0.0000     0.0000 
Processors                     18         18         18         18         18         18         18         18         18         18         18         18         18         18         18         18         18         18 
           Communication          
Reduction                  0.0002     0.0002     0.0004     0.0002     0.0002     0.0003     0.0002     0.0002     0.0003     0.0002     0.0003     0.0004     0.0004     0.0004     0.0005     0.0005     0.0008     0.0007 
Redistribution             0.0001     0.0000     0.0000     0.0001     0.0001     0.0001     0.0001     0.0001     0.0001     0.0001     0.0001     0.0001     0.0000     0.0000     0.0001     0.0000     0.0001     0.0001 
           Synchronization        
I/O                        0.0000     0.0000     0.0000     0.0001     0.0000     0.0000     0.0000     0.0001     0.0000     0.0001     0.0001     0.0000     0.0001     0.0000     0.0001     0.0001     0.0001     0.0001 
Reduction                  0.0000     0.0000     0.0000     0.0000     0.0000     0.0000     0.0000     0.0000     0.0000     0.0000     0.0000     0.0000     0.0000     0.0000     0.0000     0.0000     0.0000     0.0000 
Remote access              0.0000     0.0000     0.0000     0.0001     0.0000     0.0000     0.0000     0.0000     0.0001     0.0001     0.0001     0.0000     0.0001     0.0001     0.0001     0.0001     0.0001     0.0001 
Redistribution             0.0000     0.0001     0.0002     0.0001     0.0001     0.0001     0.0001     0.0001     0.0002     0.0002     0.0002     0.0002     0.0001     0.0001     0.0002     0.0002     0.0004     0.0003 
           Variation              
I/O                        0.0000     0.0002     0.0002     0.0002     0.0002     0.0002     0.0002     0.0002     0.0002     0.0002     0.0002     0.0002     0.0002     0.0002     0.0002     0.0002     0.0002     0.0002 
Reduction                  0.0000     0.0000     0.0000     0.0000     0.0000     0.0000     0.0000     0.0000     0.0000     0.0000     0.0000     0.0000     0.0000     0.0000     0.0000     0.0000     0.0000     0.0000 
Remote access              0.0000     0.0000     0.0000     0.0001     0.0000     0.0000     0.0000     0.0001     0.0001     0.0001     0.0001     0.0000     0.0001     0.0001     0.0001     0.0001     0.0001     0.0001 
Redistribution             0.0001     0.0002     0.0003     0.0001     0.0001     0.0002     0.0001     0.0002     0.0002     0.0001     0.0002     0.0003     0.0003     0.0003     0.0003     0.0004     0.0005     0.0004 
           Overlap                
Reduction                  0.0000     0.0000     0.0000     0.0000     0.0000     0.0000     0.0000     0.0000     0.0000     0.0000     0.0000     0.0000     0.0000     0.0000     0.0000     0.0000     0.0000     0.0000 


-------------------------------------------------------------------------
Name (number) and performance time of processors
omp.keldysh.ru(1) 0.935500
omp.keldysh.ru(2) 0.935411
omp.keldysh.ru(3) 0.957420
omp.keldysh.ru(4) 0.957466
omp.keldysh.ru(5) 0.960220
omp.keldysh.ru(6) 0.960211
omp.keldysh.ru(7) 0.935459
omp.keldysh.ru(8) 0.935463
omp.keldysh.ru(9) 0.957991
omp.keldysh.ru(10) 0.957985
omp.keldysh.ru(11) 0.956585
omp.keldysh.ru(12) 0.956590
omp.keldysh.ru(13) 0.955829
omp.keldysh.ru(14) 0.955826
omp.keldysh.ru(15) 0.953416
omp.keldysh.ru(16) 0.953364
omp.keldysh.ru(17) 0.957500
omp.keldysh.ru(18) 0.957163
min - omp.keldysh.ru(2) 0.935411; max - omp.keldysh.ru(5) 0.960220; mid - 0.952189
